5000 1290055
394 426 1
394 426 1
985 1065 1
1379 1491 1
688 744 1
197 213 1
774 837 1
516 558 1
774 837 1
86 93 1
394 426 1
394 426 1
1379 1491 1
344 372 1
688 744 1
688 744 1
1576 1704 1
86 93 0.843246
1970 2130 1
86 93 1
394 426 1
788 852 1
258 279 1
1576 1704 1
172 186 1
86 93 1
602 651 1
1379 1491 1
860 930 1
258 279 1
394 426 1
788 852 1
430 465 1
1773 1917 1
86 93 1
602 651 1
344 372 1
860 930 1
774 837 0.921189
172 186 1
258 279 1
86 93 1
258 279 1
1970 2130 1
1576 1704 1
1773 1917 1
86 93 0.741981
197 213 1
172 186 1
172 186 1
258 279 1
1970 2130 1
1773 1917 1
1576 1704 1
788 852 1
602 651 1
860 930 1
860 930 1
860 930 1
1182 1278 1
1379 1491 1
344 372 1
1182 1278 1
860 930 1
172 186 1
602 651 1
774 837 1
1970 2130 1
258 279 0.830426
774 837 1
860 930 1
774 837 1
1773 1917 1
1773 1917 1
591 639 1
1970 2130 1
591 639 1
258 279 1
985 1065 1
860 930 1
516 558 1
591 639 1
1576 1704 1
602 651 1
591 639 0.809917
86 93 1
774 837 1
860 930 1
430 465 1
86 93 1
985 1065 1
1182 1278 1
688 744 1
197 213 1
1773 1917 1
344 372 1
1773 1917 1
172 186 1
1970 2130 1
688 744 0.715107
602 651 1
602 651 1
172 186 1
591 639 1
1773 1917 1
774 837 1
86 93 1
1379 1491 1
172 186 1
394 426 0.825527
1182 1278 1
197 213 1
788 852 1
860 930 1
172 186 1
344 372 1
591 639 1
344 372 1
1970 2130 0.832253
788 852 1
430 465 1
1182 1278 0.75693
258 279 1
258 279 1
591 639 1
860 930 1
602 651 1
172 186 1
1970 2130 1
430 465 1
172 186 1
258 279 1
172 186 1
172 186 1
688 744 1
860 930 1
591 639 1
602 651 1
258 279 1
1379 1491 1
430 465 1
197 213 1
344 372 1
591 639 1
430 465 1
197 213 1
1182 1278 1
602 651 1
1182 1278 1
430 465 1
591 639 1
172 186 0.963913
344 372 1
516 558 1
197 213 1
86 93 1
1182 1278 1
788 852 0.79688
788 852 1
197 213 1
1576 1704 1
1576 1704 1
1182 1278 1
591 639 1
774 837 1
688 744 1
774 837 0.82203
774 837 1
860 930 1
788 852 1
1576 1704 1
688 744 1
1379 1491 1
1182 1278 1
591 639 1
430 465 1
591 639 1
788 852 1
197 213 0.63291
774 837 1
516 558 1
1379 1491 1
602 651 1
344 372 1
430 465 1
394 426 0.970055
1379 1491 1
1182 1278 1
516 558 1
86 93 1
860 930 1
172 186 1
1576 1704 1
788 852 1
86 93 1
172 186 1
688 744 1
985 1065 1
774 837 1
1970 2130 1
1970 2130 1
591 639 1
591 639 1
774 837 1
394 426 1
774 837 0.943197
86 93 1
985 1065 1
516 558 1
788 852 1
344 372 1
1182 1278 1
172 186 1
197 213 1
1182 1278 1
430 465 1
430 465 1
1773 1917 1
197 213 1
1773 1917 1
344 372 1
86 93 1
258 279 0.690092
172 186 1
788 852 1
985 1065 1
1576 1704 1
1182 1278 1
688 744 1
591 639 1
1773 1917 1
258 279 1
430 465 1
788 852 0.941578
86 93 1
344 372 1
985 1065 1
394 426 1
788 852 1
344 372 1
602 651 1
1379 1491 1
344 372 1
1182 1278 1
688 744 1
86 93 0.632636
197 213 1
1182 1278 1
1182 1278 1
788 852 1
1576 1704 1
344 372 1
1773 1917 1
688 744 1
1576 1704 1
774 837 0.716245
516 558 1
86 93 1
258 279 1
197 213 1
172 186 1
394 426 1
1773 1917 1
197 213 1
1576 1704 1
516 558 1
788 852 1
602 651 0.890892
774 837 0.790017
591 639 0.921957
258 279 1
688 744 1
1773 1917 1
172 186 1
1379 1491 1
860 930 1
258 279 1
1576 1704 1
788 852 1
516 558 1
1182 1278 1
1182 1278 1
172 186 1
602 651 1
985 1065 1
688 744 1
1773 1917 1
1970 2130 1
430 465 1
86 93 1
1773 1917 1
172 186 1
688 744 1
1379 1491 1
1182 1278 1
774 837 1
860 930 1
1576 1704 1
172 186 1
774 837 1
1182 1278 1
860 930 1
860 930 1
788 852 1
394 426 1
86 93 1
1576 1704 1
860 930 1
1182 1278 1
1970 2130 1
344 372 1
774 837 0.915282
172 186 1
788 852 1
1379 1491 1
591 639 1
860 930 0.737306
344 372 1
197 213 1
688 744 1
985 1065 1
197 213 1
344 372 1
860 930 1
774 837 1
788 852 1
516 558 1
602 651 1
602 651 1
86 93 0.777068
344 372 1
516 558 1
688 744 1
602 651 1
1576 1704 1
1773 1917 1
344 372 1
788 852 1
591 639 1
860 930 1
430 465 1
516 558 1
602 651 1
1773 1917 1
1970 2130 1
516 558 1
172 186 1
1576 1704 1
602 651 1
344 372 1
860 930 0.676799
602 651 1
688 744 1
688 744 1
86 93 1
1379 1491 1
516 558 1
602 651 1
394 426 1
1970 2130 1
197 213 0.841297
1182 1278 1
860 930 1
516 558 1
172 186 1
197 213 1
258 279 1
394 426 0.790013
394 426 1
430 465 1
985 1065 1
688 744 1
1970 2130 1
516 558 1
86 93 1
516 558 1
602 651 1
591 639 1
591 639 0.890326
172 186 1
1970 2130 1
788 852 1
430 465 1
516 558 0.901702
1773 1917 1
172 186 1
197 213 0.923186
985 1065 0.869268
86 93 1
1576 1704 1
394 426 1
1773 1917 0.937632
197 213 1
591 639 0.83017
1970 2130 1
430 465 1
430 465 1
1182 1278 1
516 558 1
1970 2130 1
394 426 0.916581
688 744 1
1970 2130 1
591 639 1
788 852 1
1970 2130 1
1970 2130 1
197 213 1
430 465 1
688 744 1
86 93 1
516 558 1
1576 1704 1
860 930 1
1182 1278 1
516 558 1
774 837 0.872709
1970 2130 1
1970 2130 1
86 93 1
516 558 1
86 93 1
172 186 1
1773 1917 1
985 1065 1
1379 1491 1
344 372 1
1773 1917 1
1773 1917 1
860 930 1
774 837 1
591 639 1
788 852 1
774 837 1
1773 1917 1
985 1065 1
1576 1704 1
774 837 1
1182 1278 1
1970 2130 1
1576 1704 1
344 372 1
1576 1704 1
1182 1278 1
860 930 0.889492
1576 1704 1
1182 1278 1
1773 1917 1
344 372 1
197 213 1
516 558 1
688 744 1
788 852 1
591 639 1
394 426 1
774 837 1
1576 1704 1
1379 1491 1
394 426 1
985 1065 1
1379 1491 1
516 558 1
258 279 1
430 465 0.845034
788 852 1
602 651 1
788 852 1
1182 1278 1
172 186 1
774 837 1
591 639 1
430 465 1
985 1065 1
860 930 0.819797
1773 1917 1
860 930 0.797425
344 372 1
860 930 1
1576 1704 1
1576 1704 0.863123
788 852 1
197 213 1
688 744 1
1970 2130 1
394 426 1
394 426 1
788 852 1
591 639 1
591 639 1
788 852 1
1379 1491 1
788 852 1
688 744 1
258 279 0.879153
197 213 1
197 213 1
516 558 1
258 279 1
688 744 1
591 639 1
774 837 0.992114
394 426 0.785115
1773 1917 1
197 213 1
985 1065 1
516 558 0.893609
688 744 1
430 465 1
591 639 1
1576 1704 1
860 930 1
1576 1704 1
788 852 1
86 93 1
516 558 1
1576 1704 1
344 372 1
860 930 1
394 426 1
591 639 0.957445
788 852 1
86 93 1
258 279 1
1970 2130 1
516 558 1
602 651 1
985 1065 1
430 465 1
394 426 1
1773 1917 1
86 93 1
344 372 1
172 186 1
1970 2130 1
860 930 1
86 93 1
788 852 1
258 279 1
516 558 1
1773 1917 1
258 279 1
591 639 1
516 558 1
1379 1491 1
1576 1704 1
1970 2130 1
688 744 1
774 837 1
788 852 1
197 213 1
172 186 1
344 372 1
774 837 1
591 639 1
516 558 1
985 1065 1
1773 1917 1
774 837 1
258 279 1
1773 1917 1
344 372 1
258 279 1
788 852 0.605471
602 651 0.75996
985 1065 1
1773 1917 1
860 930 1
344 372 1
788 852 0.938724
1576 1704 1
1182 1278 1
688 744 1
430 465 1
591 639 1
1182 1278 1
344 372 1
394 426 1
430 465 1
430 465 1
172 186 1
1773 1917 1
86 93 1
344 372 1
602 651 1
1182 1278 1
172 186 1
1379 1491 1
258 279 1
344 372 1
197 213 1
1379 1491 1
591 639 1
1182 1278 1
172 186 1
1970 2130 1
985 1065 1
1182 1278 1
1379 1491 1
1379 1491 1
1379 1491 1
788 852 1
344 372 0.917818
197 213 1
1970 2130 1
1576 1704 1
394 426 1
516 558 1
1576 1704 1
591 639 1
985 1065 1
774 837 1
1379 1491 1
394 426 1
1182 1278 0.873824
86 93 1
258 279 1
1576 1704 1
774 837 1
688 744 1
344 372 1
172 186 1
788 852 1
1773 1917 1
516 558 1
688 744 1
1970 2130 1
688 744 1
1970 2130 1
788 852 1
788 852 1
430 465 1
688 744 1
1182 1278 1
1970 2130 1
1576 1704 1
688 744 1
344 372 1
258 279 1
394 426 1
1182 1278 1
172 186 0.723872
394 426 1
430 465 1
172 186 1
591 639 1
591 639 1
591 639 1
430 465 1
86 93 1
258 279 1
1182 1278 1
774 837 0.946951
985 1065 1
860 930 1
258 279 1
430 465 1
394 426 1
788 852 1
591 639 1
688 744 1
172 186 1
1379 1491 1
985 1065 1
860 930 1
688 744 1
860 930 1
788 852 1
516 558 1
1379 1491 1
344 372 1
516 558 1
394 426 0.791146
591 639 0.776326
1379 1491 0.746151
197 213 1
197 213 1
774 837 1
344 372 1
430 465 1
774 837 1
258 279 1
602 651 1
430 465 1
1773 1917 1
344 372 1
688 744 1
591 639 1
774 837 1
788 852 1
591 639 0.817446
1576 1704 1
788 852 1
516 558 1
1970 2130 1
591 639 1
602 651 1
197 213 1
774 837 1
1970 2130 1
1970 2130 1
788 852 1
1970 2130 1
516 558 1
602 651 1
788 852 0.937745
344 372 1
788 852 0.847476
197 213 1
1379 1491 1
985 1065 1
258 279 1
394 426 1
1970 2130 1
1182 1278 1
1576 1704 1
197 213 1
1576 1704 1
591 639 1
1970 2130 1
344 372 1
985 1065 1
197 213 0.674555
172 186 1
860 930 1
602 651 1
1379 1491 1
344 372 1
1576 1704 1
860 930 1
860 930 1
591 639 1
602 651 1
788 852 0.887673
774 837 1
1182 1278 1
1182 1278 1
1576 1704 1
430 465 1
860 930 1
1576 1704 1
430 465 1
1970 2130 1
591 639 1
1576 1704 1
172 186 1
1970 2130 0.899197
86 93 1
774 837 1
591 639 1
591 639 1
1773 1917 1
1379 1491 1
591 639 1
430 465 1
430 465 1
172 186 1
788 852 1
591 639 1
1182 1278 1
344 372 1
1379 1491 1
1970 2130 1
788 852 1
985 1065 1
774 837 0.916878
1773 1917 1
86 93 1
985 1065 1
430 465 1
1576 1704 1
516 558 1
1182 1278 1
172 186 1
430 465 1
860 930 1
1576 1704 1
258 279 1
860 930 1
774 837 1
602 651 1
1773 1917 1
394 426 1
688 744 1
197 213 1
1182 1278 1
1379 1491 1
1379 1491 1
344 372 1
1379 1491 1
197 213 1
1576 1704 1
86 93 1
516 558 1
1182 1278 1
602 651 0.633618
344 372 1
1576 1704 0.837996
1182 1278 1
1970 2130 1
1379 1491 1
1182 1278 1
1379 1491 1
197 213 1
860 930 1
344 372 1
774 837 0.821032
688 744 1
1773 1917 1
172 186 0.767186
602 651 1
774 837 1
1379 1491 1
774 837 1
591 639 1
788 852 1
394 426 0.914055
1773 1917 1
86 93 1
602 651 1
774 837 1
788 852 1
197 213 0.897964
172 186 1
516 558 1
1970 2130 1
688 744 1
774 837 1
1773 1917 1
258 279 1
985 1065 1
197 213 1
860 930 1
197 213 1
197 213 1
860 930 1
1576 1704 1
1773 1917 1
1576 1704 1
516 558 1
1773 1917 1
430 465 1
1970 2130 0.89207
688 744 1
788 852 1
1970 2130 1
591 639 1
688 744 1
985 1065 1
788 852 1
774 837 1
591 639 1
86 93 1
172 186 1
1182 1278 1
1576 1704 1
1182 1278 1
1773 1917 1
197 213 1
1576 1704 1
516 558 1
1970 2130 1
788 852 1
1379 1491 1
985 1065 1
516 558 1
860 930 1
1576 1704 1
860 930 1
1773 1917 1
344 372 1
985 1065 1
344 372 1
172 186 1
1970 2130 1
197 213 1
86 93 1
860 930 1
516 558 1
172 186 1
86 93 1
430 465 1
591 639 1
591 639 1
172 186 1
516 558 1
394 426 1
1182 1278 1
788 852 1
602 651 1
788 852 1
197 213 1
985 1065 1
985 1065 1
394 426 1
394 426 1
430 465 1
688 744 1
1773 1917 1
688 744 1
197 213 1
172 186 1
197 213 1
591 639 1
172 186 1
516 558 0.729308
1182 1278 1
774 837 0.965265
258 279 1
1970 2130 1
602 651 1
430 465 1
394 426 1
172 186 1
172 186 1
344 372 1
602 651 0.913634
860 930 0.862669
172 186 1
788 852 0.527196
1576 1704 1
86 93 1
788 852 1
172 186 1
197 213 1
1773 1917 1
1773 1917 1
516 558 1
602 651 1
1576 1704 1
985 1065 1
1379 1491 1
258 279 0.89082
788 852 1
1773 1917 1
1970 2130 1
1773 1917 1
602 651 1
1182 1278 1
197 213 1
394 426 1
591 639 1
1773 1917 0.80839
1773 1917 1
1773 1917 1
1773 1917 1
788 852 1
688 744 1
172 186 1
1576 1704 1
344 372 1
860 930 1
1773 1917 1
860 930 1
1182 1278 1
344 372 1
516 558 1
430 465 1
86 93 1
172 186 1
1182 1278 1
788 852 1
602 651 1
516 558 1
394 426 1
788 852 1
1970 2130 1
172 186 1
516 558 0.725142
1773 1917 1
602 651 1
1182 1278 1
172 186 1
591 639 1
516 558 1
860 930 1
1379 1491 1
172 186 1
1970 2130 1
860 930 1
774 837 1
197 213 1
591 639 1
344 372 1
516 558 1
688 744 1
1970 2130 0.775445
86 93 1
1182 1278 1
1970 2130 1
258 279 1
788 852 1
516 558 1
1182 1278 1
344 372 1
1576 1704 1
774 837 1
985 1065 1
602 651 1
591 639 0.742697
688 744 1
1182 1278 1
1182 1278 0.940553
1773 1917 0.659046
86 93 1
516 558 1
602 651 1
1970 2130 1
860 930 1
516 558 0.900544
591 639 1
591 639 1
86 93 1
1970 2130 1
860 930 1
516 558 1
258 279 1
774 837 1
774 837 1
258 279 1
430 465 1
430 465 1
197 213 0.755363
197 213 1
1970 2130 1
258 279 1
788 852 1
1182 1278 1
788 852 1
602 651 0.79512
1182 1278 1
985 1065 1
1576 1704 1
172 186 1
344 372 1
197 213 1
394 426 1
1773 1917 1
1182 1278 1
1773 1917 1
985 1065 1
602 651 1
394 426 1
394 426 1
516 558 1
688 744 1
430 465 1
860 930 1
774 837 0.786718
1970 2130 1
1773 1917 1
258 279 1
1576 1704 1
1182 1278 1
1379 1491 1
602 651 1
1576 1704 1
1379 1491 0.775512
344 372 1
430 465 1
774 837 1
172 186 1
985 1065 1
1576 1704 1
1773 1917 1
591 639 1
344 372 1
1379 1491 1
774 837 1
774 837 1
1182 1278 1
985 1065 1
985 1065 1
774 837 1
172 186 1
1182 1278 1
688 744 1
197 213 1
1182 1278 0.90542
344 372 1
591 639 1
1576 1704 1
516 558 1
602 651 1
1773 1917 1
788 852 1
258 279 0.981048
1576 1704 1
774 837 1
86 93 1
86 93 1
774 837 1
788 852 1
688 744 1
86 93 1
86 93 1
1773 1917 1
591 639 1
688 744 1
1379 1491 1
1970 2130 1
172 186 1
1182 1278 1
172 186 1
394 426 1
197 213 1
86 93 1
394 426 1
516 558 1
86 93 0.660497
1576 1704 1
688 744 1
258 279 1
86 93 1
788 852 1
430 465 1
172 186 1
430 465 1
430 465 1
172 186 1
860 930 1
985 1065 1
602 651 1
1773 1917 1
1182 1278 0.769367
1773 1917 1
774 837 1
430 465 1
1182 1278 1
602 651 1
86 93 0.963382
394 426 1
172 186 1
688 744 1
774 837 0.964257
1970 2130 0.946743
1379 1491 1
258 279 1
172 186 1
86 93 1
394 426 1
430 465 1
688 744 1
688 744 1
788 852 1
1773 1917 1
197 213 1
1576 1704 1
394 426 0.93518
516 558 1
430 465 1
258 279 1
86 93 1
602 651 1
197 213 1
1773 1917 1
430 465 1
1773 1917 1
258 279 1
860 930 1
1970 2130 1
1182 1278 1
516 558 1
172 186 1
258 279 1
344 372 1
602 651 0.773129
774 837 1
258 279 1
197 213 1
516 558 1
860 930 1
788 852 1
688 744 1
1182 1278 1
1970 2130 0.845254
430 465 1
86 93 1
788 852 1
591 639 1
197 213 1
394 426 1
430 465 1
86 93 1
197 213 1
516 558 1
86 93 1
1182 1278 1
591 639 1
1773 1917 1
394 426 1
1379 1491 1
430 465 1
985 1065 1
1182 1278 1
172 186 1
1773 1917 1
1379 1491 0.928357
197 213 1
258 279 1
86 93 0.825986
602 651 1
688 744 1
688 744 1
1379 1491 1
688 744 1
985 1065 1
1182 1278 1
430 465 1
197 213 0.898749
1379 1491 1
172 186 1
860 930 0.69957
985 1065 1
688 744 1
1576 1704 1
258 279 1
430 465 1
516 558 1
394 426 1
258 279 1
774 837 1
1970 2130 1
197 213 1
774 837 0.849219
591 639 0.631751
860 930 1
1182 1278 1
344 372 1
516 558 1
602 651 0.828802
688 744 1
602 651 1
591 639 1
430 465 1
1182 1278 1
1773 1917 1
1576 1704 1
258 279 1
1379 1491 1
688 744 1
1379 1491 1
774 837 1
602 651 1
1773 1917 1
172 186 1
394 426 1
258 279 1
172 186 1
1970 2130 1
688 744 1
1576 1704 1
430 465 1
860 930 0.896364
430 465 1
1970 2130 1
516 558 1
591 639 1
394 426 1
197 213 1
985 1065 0.921851
985 1065 1
197 213 1
394 426 1
172 186 1
86 93 1
258 279 1
197 213 1
860 930 1
430 465 1
430 465 0.96347
430 465 1
394 426 1
344 372 1
1773 1917 1
591 639 1
394 426 1
602 651 1
985 1065 1
1970 2130 1
516 558 1
591 639 1
774 837 1
1379 1491 1
197 213 1
86 93 1
172 186 1
1773 1917 0.832694
430 465 1
1379 1491 1
591 639 1
1576 1704 1
430 465 1
788 852 1
774 837 1
258 279 1
591 639 1
774 837 1
602 651 1
344 372 1
86 93 1
172 186 1
258 279 1
197 213 1
602 651 1
344 372 1
516 558 1
516 558 1
430 465 1
172 186 1
860 930 0.830952
1576 1704 1
394 426 1
430 465 1
1182 1278 1
1182 1278 1
788 852 1
1576 1704 1
430 465 0.569503
788 852 1
1970 2130 1
1182 1278 1
860 930 1
1182 1278 1
1379 1491 1
1970 2130 1
602 651 1
86 93 1
788 852 1
591 639 1
688 744 1
1182 1278 1
394 426 1
394 426 1
1576 1704 1
788 852 1
1182 1278 0.824572
86 93 1
394 426 0.932166
788 852 1
688 744 1
591 639 1
394 426 1
985 1065 0.733822
197 213 1
688 744 1
430 465 1
591 639 1
688 744 1
1970 2130 1
591 639 1
602 651 1
985 1065 1
688 744 1
688 744 1
344 372 1
258 279 1
788 852 1
688 744 1
774 837 0.713264
172 186 1
774 837 1
86 93 1
86 93 1
1379 1491 1
1576 1704 1
985 1065 1
344 372 1
602 651 0.956325
430 465 1
1970 2130 1
1970 2130 1
788 852 1
516 558 1
591 639 1
1182 1278 1
258 279 1
1970 2130 1
591 639 1
516 558 1
1773 1917 1
1182 1278 1
197 213 1
1576 1704 1
1773 1917 1
602 651 1
788 852 0.905504
1379 1491 0.899074
394 426 1
688 744 1
344 372 1
86 93 1
1773 1917 1
985 1065 1
86 93 1
788 852 1
172 186 1
1773 1917 1
172 186 1
1773 1917 1
344 372 1
172 186 1
1182 1278 1
1970 2130 1
197 213 1
1773 1917 1
1970 2130 1
86 93 0.984486
985 1065 1
860 930 1
688 744 1
688 744 1
860 930 1
516 558 1
344 372 0.919409
258 279 1
430 465 1
1970 2130 1
1970 2130 1
172 186 1
774 837 1
1576 1704 1
602 651 1
1970 2130 1
172 186 1
430 465 1
788 852 1
86 93 1
860 930 1
516 558 1
86 93 1
591 639 1
860 930 1
172 186 1
1970 2130 1
774 837 1
1970 2130 1
591 639 1
258 279 1
258 279 1
788 852 1
602 651 1
430 465 1
394 426 1
774 837 1
394 426 1
197 213 1
774 837 1
1970 2130 1
774 837 1
86 93 0.738923
394 426 1
516 558 1
860 930 1
602 651 1
86 93 1
197 213 1
860 930 1
1379 1491 1
591 639 1
985 1065 1
1379 1491 1
258 279 1
86 93 0.82998
788 852 1
591 639 1
172 186 1
430 465 1
258 279 1
197 213 1
344 372 1
430 465 0.930004
1182 1278 1
1379 1491 1
602 651 0.852591
344 372 1
1970 2130 0.933978
86 93 0.906611
1970 2130 1
172 186 1
1576 1704 1
197 213 1
1379 1491 1
788 852 1
197 213 1
688 744 1
788 852 1
1182 1278 1
394 426 1
1970 2130 1
1379 1491 1
516 558 1
985 1065 1
1970 2130 1
394 426 1
1182 1278 1
985 1065 0.690225
788 852 1
1379 1491 0.705761
86 93 1
344 372 1
860 930 0.894884
788 852 1
86 93 1
1182 1278 1
1182 1278 1
788 852 1
172 186 1
86 93 1
1576 1704 1
688 744 1
1773 1917 1
1970 2130 0.784977
688 744 1
788 852 1
430 465 0.78104
86 93 1
516 558 1
258 279 1
1182 1278 1
1379 1491 1
1379 1491 1
430 465 1
591 639 1
258 279 1
430 465 0.877554
394 426 1
774 837 1
394 426 0.909737
688 744 1
602 651 1
430 465 1
172 186 1
344 372 1
985 1065 1
688 744 1
602 651 0.690058
86 93 1
591 639 1
1379 1491 1
591 639 1
430 465 1
774 837 1
430 465 1
602 651 1
1182 1278 1
394 426 1
344 372 0.947879
985 1065 1
602 651 1
788 852 1
788 852 1
985 1065 1
344 372 1
688 744 1
1379 1491 1
774 837 1
591 639 1
430 465 1
602 651 1
430 465 1
788 852 1
1970 2130 1
394 426 1
430 465 0.902286
1773 1917 1
430 465 1
197 213 1
1576 1704 1
344 372 1
774 837 1
172 186 1
197 213 1
172 186 1
1379 1491 0.588147
860 930 1
985 1065 1
1379 1491 1
985 1065 1
591 639 1
344 372 1
1970 2130 1
258 279 1
172 186 1
1379 1491 1
860 930 1
516 558 1
774 837 1
1379 1491 1
985 1065 1
1379 1491 1
394 426 1
1970 2130 1
774 837 0.932704
1379 1491 1
430 465 1
1773 1917 1
1576 1704 1
788 852 0.936126
1576 1704 1
1773 1917 1
258 279 1
985 1065 0.777039
1182 1278 1
688 744 1
394 426 1
172 186 1
985 1065 1
985 1065 1
985 1065 1
788 852 0.837621
1773 1917 1
430 465 1
516 558 1
344 372 1
788 852 1
860 930 1
774 837 1
344 372 0.841842
172 186 1
1970 2130 1
344 372 1
1576 1704 1
788 852 1
172 186 1
1576 1704 1
197 213 1
1379 1491 1
394 426 1
1773 1917 1
688 744 0.772284
985 1065 1
860 930 1
430 465 1
172 186 1
258 279 1
172 186 0.875153
394 426 1
774 837 1
860 930 1
688 744 1
86 93 1
602 651 1
788 852 1
197 213 1
1379 1491 1
86 93 0.949541
788 852 1
344 372 1
1379 1491 1
258 279 1
1379 1491 1
688 744 1
1773 1917 0.615213
1970 2130 1
197 213 1
1576 1704 1
197 213 1
1182 1278 1
1379 1491 1
985 1065 0.939837
1182 1278 1
591 639 1
394 426 1
774 837 1
430 465 1
860 930 0.90198
688 744 1
788 852 1
1379 1491 1
1182 1278 1
602 651 1
1773 1917 1
860 930 1
1773 1917 1
1773 1917 1
774 837 1
197 213 1
860 930 1
1182 1278 1
985 1065 1
591 639 1
172 186 1
985 1065 1
985 1065 1
1182 1278 1
344 372 1
1970 2130 0.689468
985 1065 1
86 93 1
344 372 1
394 426 1
788 852 1
1379 1491 1
1379 1491 0.887883
258 279 1
430 465 1
985 1065 0.755252
516 558 1
1379 1491 1
86 93 0.723942
86 93 1
1970 2130 1
688 744 1
688 744 1
774 837 0.936116
430 465 1
860 930 1
602 651 1
1576 1704 1
86 93 1
1379 1491 1
860 930 1
774 837 1
516 558 1
1379 1491 1
344 372 1
258 279 1
1576 1704 1
688 744 1
344 372 1
860 930 1
860 930 1
985 1065 1
985 1065 1
258 279 0.856308
197 213 1
1379 1491 1
394 426 1
1379 1491 0.935617
172 186 1
774 837 1
197 213 1
1576 1704 1
860 930 1
1576 1704 1
774 837 1
1970 2130 1
1379 1491 1
1576 1704 1
197 213 1
602 651 1
774 837 1
688 744 1
1773 1917 0.881513
430 465 1
516 558 1
1970 2130 1
774 837 1
1970 2130 1
516 558 1
258 279 1
602 651 1
344 372 1
788 852 1
1379 1491 1
1379 1491 1
1182 1278 1
197 213 1
86 93 1
172 186 1
394 426 1
788 852 1
344 372 1
394 426 1
985 1065 1
985 1065 1
602 651 1
985 1065 1
1970 2130 1
1182 1278 1
985 1065 1
1970 2130 1
197 213 1
1576 1704 0.687324
591 639 1
1182 1278 1
394 426 1
985 1065 1
197 213 0.922123
172 186 1
1576 1704 1
197 213 1
1970 2130 1
197 213 0.934942
172 186 1
788 852 1
985 1065 1
1182 1278 1
1576 1704 1
1773 1917 1
602 651 1
860 930 0.895738
1576 1704 1
1576 1704 1
258 279 0.669505
197 213 1
86 93 1
1182 1278 1
394 426 1
344 372 1
860 930 1
1182 1278 1
197 213 1
172 186 1
774 837 1
172 186 1
591 639 1
430 465 1
430 465 1
602 651 1
591 639 1
430 465 0.907106
172 186 1
1182 1278 1
985 1065 1
985 1065 1
516 558 0.649001
86 93 0.829412
591 639 1
1576 1704 1
602 651 1
774 837 1
688 744 1
86 93 1
394 426 1
1182 1278 1
591 639 1
197 213 1
860 930 1
430 465 1
197 213 1
1576 1704 0.800435
1379 1491 1
1379 1491 1
1379 1491 1
344 372 0.641925
1773 1917 1
1970 2130 1
1773 1917 1
788 852 1
394 426 1
86 93 0.919834
860 930 1
1379 1491 1
1773 1917 0.902327
1379 1491 1
1970 2130 1
591 639 1
591 639 1
430 465 0.836569
344 372 1
1970 2130 1
1576 1704 1
516 558 1
985 1065 1
394 426 1
1970 2130 1
258 279 1
1379 1491 1
516 558 1
860 930 1
591 639 1
591 639 0.915002
1773 1917 1
172 186 1
86 93 1
172 186 1
1182 1278 1
197 213 0.754599
172 186 1
1773 1917 1
430 465 1
430 465 1
394 426 1
258 279 1
688 744 1
985 1065 1
430 465 1
197 213 0.942227
788 852 1
1576 1704 1
1773 1917 1
688 744 1
1182 1278 1
394 426 1
788 852 1
688 744 1
985 1065 1
788 852 1
774 837 1
1970 2130 1
394 426 1
1773 1917 1
172 186 1
1970 2130 1
172 186 1
1970 2130 1
1970 2130 1
602 651 1
1576 1704 1
1379 1491 1
860 930 1
860 930 1
516 558 1
258 279 1
788 852 1
516 558 1
394 426 1
860 930 1
394 426 1
86 93 0.886826
1182 1278 1
602 651 1
1773 1917 1
788 852 1
1182 1278 1
344 372 1
774 837 1
394 426 1
774 837 1
430 465 1
591 639 1
197 213 1
774 837 1
258 279 1
1970 2130 0.825654
1970 2130 1
1182 1278 1
516 558 1
86 93 1
197 213 1
86 93 1
430 465 1
860 930 1
1970 2130 1
430 465 1
1182 1278 1
344 372 1
1182 1278 1
688 744 1
591 639 1
197 213 1
1576 1704 1
688 744 0.926027
788 852 1
344 372 1
394 426 1
591 639 1
1576 1704 1
430 465 1
197 213 1
1773 1917 1
788 852 1
516 558 0.828014
1773 1917 1
591 639 1
688 744 1
394 426 1
86 93 1
1182 1278 1
985 1065 1
1576 1704 1
258 279 1
86 93 1
197 213 1
172 186 1
430 465 1
1182 1278 0.913552
430 465 1
1182 1278 1
602 651 1
788 852 1
1773 1917 1
516 558 1
985 1065 1
86 93 1
1773 1917 1
1773 1917 1
1379 1491 1
1379 1491 1
1576 1704 1
1576 1704 1
774 837 1
602 651 1
258 279 1
774 837 1
197 213 1
172 186 0.860456
1773 1917 1
344 372 1
258 279 1
1970 2130 0.734047
788 852 1
394 426 1
788 852 1
344 372 1
344 372 1
344 372 1
344 372 1
602 651 1
1576 1704 1
1576 1704 1
860 930 1
172 186 1
774 837 1
344 372 1
860 930 1
774 837 1
1773 1917 0.979979
860 930 1
197 213 1
1970 2130 1
1576 1704 0.941168
985 1065 1
258 279 1
860 930 1
394 426 1
1182 1278 1
394 426 1
1970 2130 1
258 279 1
591 639 1
516 558 1
258 279 1
774 837 1
1182 1278 1
1182 1278 1
1576 1704 1
1970 2130 1
516 558 1
197 213 1
860 930 1
430 465 1
788 852 1
1576 1704 1
1773 1917 1
1379 1491 1
172 186 1
1773 1917 1
172 186 1
774 837 1
172 186 1
1182 1278 1
394 426 1
1576 1704 1
985 1065 1
258 279 1
985 1065 1
344 372 1
688 744 0.720492
172 186 1
172 186 1
860 930 1
688 744 1
1970 2130 1
1970 2130 1
258 279 1
985 1065 1
197 213 1
985 1065 1
1970 2130 1
985 1065 1
774 837 1
86 93 1
774 837 1
516 558 1
344 372 1
430 465 1
985 1065 1
788 852 1
430 465 1
1576 1704 0.890734
985 1065 1
860 930 1
1773 1917 0.762872
860 930 0.764873
1970 2130 1
1576 1704 1
394 426 1
430 465 1
1379 1491 1
774 837 0.890137
602 651 1
1182 1278 1
788 852 1
1379 1491 1
197 213 1
1773 1917 1
172 186 1
688 744 1
860 930 1
788 852 1
430 465 1
602 651 1
788 852 1
197 213 1
602 651 1
86 93 1
1576 1704 0.531898
344 372 1
1970 2130 0.897685
1970 2130 1
1970 2130 1
1379 1491 1
197 213 1
258 279 1
394 426 0.863583
86 93 0.897336
86 93 1
86 93 1
788 852 1
788 852 1
788 852 1
1379 1491 1
1576 1704 1
1773 1917 1
774 837 1
344 372 0.871114
1773 1917 1
602 651 0.932469
1970 2130 1
774 837 1
1576 1704 1
1970 2130 1
258 279 1
1970 2130 1
394 426 1
86 93 1
1773 1917 0.982624
197 213 1
344 372 1
86 93 0.96502
86 93 1
258 279 1
86 93 1
985 1065 1
1773 1917 1
516 558 1
602 651 1
688 744 1
86 93 1
86 93 1
985 1065 1
1576 1704 1
86 93 1
394 426 1
591 639 1
591 639 1
258 279 1
1182 1278 1
430 465 1
774 837 1
394 426 1
1773 1917 1
516 558 1
602 651 1
1773 1917 1
172 186 1
985 1065 1
197 213 1
602 651 1
591 639 1
1379 1491 1
860 930 1
172 186 1
344 372 1
1182 1278 1
86 93 1
1970 2130 1
394 426 1
591 639 0.830689
1379 1491 1
985 1065 1
394 426 1
602 651 0.949362
1970 2130 1
1970 2130 1
591 639 1
516 558 1
1970 2130 1
394 426 1
985 1065 1
1576 1704 1
860 930 1
591 639 1
1773 1917 1
344 372 1
602 651 1
602 651 0.900887
1773 1917 1
1379 1491 1
1576 1704 1
344 372 1
394 426 1
1182 1278 1
985 1065 1
591 639 0.631691
774 837 0.75618
591 639 1
591 639 1
1773 1917 1
516 558 1
774 837 1
1379 1491 1
1182 1278 1
774 837 1
788 852 1
344 372 1
516 558 1
860 930 1
1576 1704 1
688 744 1
985 1065 0.814256
1773 1917 1
1576 1704 0.961909
688 744 1
602 651 1
344 372 1
985 1065 1
344 372 1
516 558 1
394 426 1
860 930 0.981223
344 372 1
172 186 1
86 93 1
344 372 1
86 93 1
774 837 1
1773 1917 1
860 930 1
197 213 1
1576 1704 1
788 852 1
602 651 1
1379 1491 1
1970 2130 1
688 744 1
985 1065 1
394 426 1
1576 1704 1
344 372 1
602 651 1
430 465 1
1773 1917 1
516 558 1
394 426 1
258 279 1
394 426 1
430 465 1
788 852 1
860 930 1
86 93 1
1773 1917 1
197 213 1
1576 1704 1
258 279 1
1773 1917 1
788 852 1
1182 1278 1
430 465 1
1970 2130 1
1182 1278 1
788 852 1
197 213 1
1379 1491 1
1379 1491 1
430 465 1
688 744 1
1576 1704 1
1182 1278 1
1970 2130 1
1182 1278 1
258 279 1
1182 1278 1
197 213 0.89448
788 852 1
344 372 1
344 372 1
197 213 1
86 93 1
394 426 1
344 372 0.957639
860 930 1
258 279 1
788 852 1
788 852 1
602 651 1
516 558 1
344 372 1
1576 1704 1
1576 1704 1
602 651 1
774 837 1
985 1065 1
602 651 1
602 651 0.819569
1182 1278 1
860 930 1
86 93 1
1182 1278 1
1576 1704 1
1182 1278 1
985 1065 1
1970 2130 1
258 279 1
860 930 1
172 186 1
516 558 1
258 279 1
602 651 1
197 213 1
1182 1278 1
1970 2130 1
258 279 0.846356
516 558 1
1773 1917 1
430 465 1
1182 1278 1
344 372 1
1576 1704 1
1379 1491 1
394 426 1
688 744 1
788 852 1
1970 2130 0.820131
1182 1278 1
788 852 1
602 651 1
197 213 1
1970 2130 1
1182 1278 1
516 558 1
1773 1917 1
258 279 0.778114
172 186 1
602 651 1
258 279 1
788 852 0.717476
591 639 1
516 558 1
1773 1917 0.874361
774 837 1
985 1065 1
430 465 1
860 930 1
86 93 1
860 930 1
86 93 1
688 744 1
1773 1917 1
197 213 0.769466
602 651 1
1379 1491 1
86 93 1
172 186 1
985 1065 1
394 426 1
1970 2130 1
1182 1278 1
591 639 1
197 213 1
591 639 0.728055
1773 1917 1
172 186 1
591 639 1
1379 1491 1
394 426 1
591 639 0.736737
86 93 1
1773 1917 1
1773 1917 1
591 639 0.895175
86 93 1
1773 1917 1
774 837 0.87305
430 465 1
591 639 1
602 651 1
258 279 1
1773 1917 1
1182 1278 1
86 93 0.933547
1773 1917 1
985 1065 1
1379 1491 1
86 93 0.708757
394 426 1
688 744 1
344 372 1
258 279 1
394 426 1
86 93 1
172 186 1
1970 2130 1
860 930 1
344 372 1
774 837 1
591 639 1
1773 1917 1
394 426 1
688 744 1
344 372 1
344 372 0.770168
172 186 1
1773 1917 1
86 93 1
394 426 1
1379 1491 1
688 744 1
516 558 1
602 651 0.781016
1379 1491 1
430 465 1
258 279 1
1773 1917 1
1379 1491 1
172 186 1
602 651 1
394 426 1
1970 2130 1
172 186 1
860 930 1
602 651 0.81939
1379 1491 1
788 852 1
1379 1491 1
430 465 1
516 558 1
86 93 1
1773 1917 1
1970 2130 1
985 1065 1
516 558 1
860 930 1
344 372 1
258 279 1
602 651 1
591 639 1
197 213 1
1379 1491 1
516 558 1
258 279 1
688 744 1
1576 1704 1
1773 1917 1
197 213 1
1773 1917 1
788 852 1
172 186 1
86 93 1
258 279 0.927534
86 93 1
1970 2130 0.849918
394 426 1
602 651 1
788 852 0.968345
774 837 1
1379 1491 1
788 852 1
1773 1917 1
197 213 0.810398
1576 1704 1
1970 2130 1
602 651 1
774 837 1
394 426 1
394 426 1
1970 2130 1
394 426 1
1773 1917 1
1576 1704 1
1773 1917 0.767202
430 465 1
430 465 1
258 279 1
1970 2130 1
1970 2130 1
394 426 0.668264
394 426 0.950308
774 837 1
1970 2130 1
516 558 0.849382
602 651 1
591 639 1
430 465 1
1773 1917 1
602 651 1
86 93 1
86 93 1
688 744 1
602 651 1
860 930 1
430 465 1
774 837 1
774 837 1
788 852 1
344 372 1
985 1065 1
1773 1917 1
688 744 1
516 558 1
258 279 1
688 744 1
1182 1278 1
860 930 1
197 213 1
197 213 1
860 930 1
516 558 1
602 651 1
602 651 1
774 837 1
172 186 1
394 426 1
1182 1278 1
688 744 1
430 465 0.894719
1379 1491 1
688 744 1
688 744 1
258 279 1
430 465 1
516 558 1
774 837 1
602 651 1
1576 1704 1
688 744 1
344 372 1
86 93 1
394 426 1
258 279 0.908021
688 744 1
344 372 1
258 279 1
394 426 0.955971
788 852 0.93159
1576 1704 1
1182 1278 1
985 1065 1
197 213 1
344 372 1
1970 2130 1
985 1065 1
1773 1917 1
516 558 1
1970 2130 1
1773 1917 1
516 558 1
1970 2130 1
394 426 1
1576 1704 1
430 465 1
86 93 1
394 426 1
591 639 1
788 852 1
394 426 1
1182 1278 1
788 852 1
788 852 1
1773 1917 1
172 186 1
258 279 1
394 426 1
1182 1278 1
1379 1491 1
985 1065 0.723012
591 639 1
1379 1491 0.865889
860 930 1
985 1065 1
258 279 1
860 930 1
602 651 1
172 186 1
591 639 0.827124
788 852 1
197 213 1
688 744 1
430 465 1
788 852 1
1970 2130 1
1576 1704 1
258 279 1
860 930 1
788 852 1
430 465 1
1379 1491 1
394 426 0.93486
788 852 1
172 186 1
516 558 1
1970 2130 0.966247
430 465 1
788 852 1
344 372 1
344 372 0.874554
774 837 1
1970 2130 1
344 372 1
430 465 1
430 465 1
1970 2130 1
516 558 0.953706
1970 2130 1
688 744 1
1576 1704 1
1773 1917 1
1576 1704 1
860 930 1
86 93 1
1576 1704 1
197 213 1
344 372 1
591 639 1
860 930 1
1379 1491 1
688 744 1
1970 2130 1
860 930 0.911337
1379 1491 1
788 852 1
1970 2130 1
1970 2130 1
1379 1491 1
516 558 1
602 651 1
86 93 1
1182 1278 1
1773 1917 1
774 837 1
1970 2130 1
86 93 1
1970 2130 1
860 930 1
602 651 1
1576 1704 1
774 837 1
394 426 1
1773 1917 1
197 213 1
258 279 1
1773 1917 1
591 639 1
258 279 1
591 639 1
860 930 1
860 930 1
86 93 1
86 93 1
591 639 1
86 93 1
1379 1491 1
688 744 1
516 558 1
774 837 1
86 93 1
1379 1491 1
1970 2130 0.892203
344 372 1
258 279 1
1379 1491 1
197 213 0.927069
591 639 1
1379 1491 0.891159
430 465 1
172 186 1
1379 1491 1
344 372 1
172 186 1
688 744 1
197 213 1
774 837 1
1576 1704 1
172 186 1
197 213 1
344 372 1
602 651 1
1773 1917 1
86 93 1
1379 1491 1
516 558 1
860 930 1
86 93 0.857148
1182 1278 1
1576 1704 1
172 186 1
1182 1278 0.570055
688 744 1
591 639 1
985 1065 1
788 852 1
86 93 1
860 930 1
1970 2130 1
430 465 1
788 852 1
1773 1917 1
172 186 1
688 744 1
1182 1278 0.709991
591 639 1
516 558 1
602 651 1
1773 1917 1
258 279 1
394 426 1
602 651 1
197 213 1
197 213 1
860 930 1
197 213 1
197 213 1
688 744 0.922194
985 1065 1
591 639 1
86 93 1
1970 2130 1
774 837 1
197 213 1
1773 1917 1
394 426 1
516 558 1
1379 1491 0.917174
985 1065 0.451374
516 558 1
86 93 1
1773 1917 1
1773 1917 1
1576 1704 1
1970 2130 1
985 1065 1
86 93 1
1182 1278 0.832552
688 744 1
430 465 1
688 744 1
1576 1704 1
1970 2130 1
258 279 1
1970 2130 1
1970 2130 1
1182 1278 1
172 186 1
688 744 1
344 372 1
860 930 1
197 213 1
1576 1704 1
1773 1917 0.954591
1773 1917 1
172 186 0.920898
258 279 1
86 93 1
788 852 1
602 651 1
430 465 1
860 930 1
591 639 0.854916
197 213 1
172 186 1
1379 1491 1
591 639 1
774 837 1
774 837 1
1379 1491 1
430 465 1
394 426 1
394 426 1
860 930 0.859307
344 372 1
344 372 1
1379 1491 1
172 186 1
172 186 1
172 186 1
1773 1917 1
774 837 1
1379 1491 1
197 213 1
86 93 1
1576 1704 1
344 372 0.869687
688 744 1
430 465 1
344 372 1
86 93 1
197 213 1
774 837 1
172 186 1
344 372 1
516 558 1
344 372 1
860 930 0.74549
258 279 1
172 186 0.850782
1182 1278 1
985 1065 0.946519
788 852 1
788 852 1
788 852 1
1576 1704 1
788 852 1
591 639 1
258 279 0.856378
344 372 1
197 213 1
258 279 1
1773 1917 0.885575
344 372 1
86 93 1
985 1065 1
788 852 1
774 837 1
430 465 1
774 837 1
172 186 1
1576 1704 1
774 837 0.917868
394 426 1
1182 1278 1
1379 1491 1
774 837 1
344 372 0.923447
197 213 1
788 852 1
516 558 1
688 744 1
394 426 1
591 639 1
788 852 0.767195
197 213 1
197 213 1
602 651 1
860 930 1
1182 1278 1
258 279 1
172 186 1
1576 1704 1
1773 1917 1
774 837 1
197 213 1
591 639 1
258 279 1
86 93 0.754771
1773 1917 1
774 837 1
688 744 1
86 93 1
197 213 1
602 651 1
1182 1278 1
1970 2130 1
1773 1917 1
1379 1491 1
258 279 1
197 213 1
688 744 1
788 852 1
788 852 1
591 639 1
774 837 1
197 213 1
516 558 1
1182 1278 1
1576 1704 1
86 93 1
197 213 1
591 639 1
860 930 1
197 213 1
860 930 1
516 558 1
1379 1491 1
774 837 1
591 639 1
344 372 1
985 1065 1
985 1065 1
516 558 1
258 279 1
344 372 1
774 837 1
86 93 1
774 837 0.876759
1773 1917 1
602 651 1
516 558 0.933893
86 93 1
86 93 1
788 852 0.77067
591 639 1
516 558 1
860 930 1
1182 1278 0.668597
172 186 1
394 426 1
788 852 1
774 837 0.980009
774 837 0.639504
788 852 1
1773 1917 1
602 651 0.827379
172 186 1
172 186 1
172 186 1
197 213 1
1182 1278 1
172 186 1
1379 1491 0.765948
602 651 1
1182 1278 0.85133
1970 2130 1
1970 2130 1
985 1065 1
86 93 1
591 639 1
516 558 1
258 279 1
516 558 1
172 186 1
788 852 1
430 465 1
985 1065 1
774 837 1
591 639 1
344 372 1
86 93 0.82781
1182 1278 1
86 93 1
172 186 1
602 651 1
394 426 0.806744
1773 1917 1
985 1065 1
788 852 1
1576 1704 1
258 279 1
774 837 1
197 213 1
86 93 1
172 186 1
394 426 1
985 1065 1
258 279 1
860 930 1
344 372 1
688 744 1
1970 2130 1
688 744 1
516 558 1
602 651 1
860 930 1
1970 2130 1
516 558 1
688 744 1
1970 2130 1
172 186 1
591 639 1
1773 1917 1
1773 1917 1
516 558 0.898591
430 465 1
258 279 0.87455
602 651 0.632323
197 213 1
591 639 0.876001
1576 1704 1
985 1065 1
394 426 1
197 213 1
394 426 1
1379 1491 0.899181
1970 2130 1
1379 1491 1
860 930 1
1379 1491 1
1773 1917 1
1576 1704 1
344 372 1
860 930 1
430 465 1
1379 1491 1
86 93 1
1773 1917 1
1576 1704 1
1379 1491 1
774 837 1
86 93 1
516 558 1
1182 1278 1
344 372 1
591 639 1
394 426 1
860 930 1
788 852 1
860 930 1
774 837 1
516 558 1
1970 2130 1
1379 1491 1
1970 2130 1
860 930 0.920657
258 279 1
197 213 1
774 837 1
344 372 0.856588
1970 2130 1
860 930 1
774 837 1
258 279 0.749801
1576 1704 1
258 279 0.864822
1379 1491 1
688 744 1
1379 1491 1
197 213 1
1773 1917 1
774 837 1
602 651 1
1576 1704 1
591 639 1
1970 2130 1
774 837 1
774 837 1
1182 1278 1
430 465 1
172 186 1
1379 1491 1
602 651 1
1773 1917 1
985 1065 1
394 426 1
197 213 1
688 744 1
602 651 1
688 744 1
86 93 1
1576 1704 1
344 372 1
591 639 1
688 744 1
516 558 1
430 465 1
1182 1278 1
172 186 1
516 558 1
197 213 0.795256
688 744 1
172 186 1
430 465 1
591 639 1
430 465 1
1379 1491 1
258 279 1
430 465 1
1182 1278 1
1970 2130 1
258 279 1
197 213 1
860 930 1
86 93 1
172 186 1
1182 1278 1
774 837 1
197 213 1
394 426 1
258 279 0.839755
1970 2130 1
688 744 1
688 744 1
591 639 1
344 372 1
985 1065 1
602 651 1
1576 1704 1
258 279 0.860726
688 744 1
516 558 1
344 372 1
860 930 1
591 639 1
197 213 1
774 837 1
86 93 1
172 186 1
1182 1278 1
394 426 1
344 372 1
985 1065 0.985947
344 372 1
258 279 1
430 465 1
1773 1917 1
860 930 1
774 837 1
1182 1278 1
197 213 1
516 558 1
1970 2130 1
172 186 1
344 372 1
774 837 1
197 213 1
1970 2130 1
688 744 1
516 558 1
860 930 1
344 372 0.764303
774 837 1
394 426 1
1576 1704 0.837146
1576 1704 1
394 426 1
430 465 1
197 213 1
172 186 1
394 426 1
1576 1704 1
1182 1278 1
1182 1278 0.656265
591 639 1
1970 2130 1
1182 1278 1
1970 2130 1
172 186 1
1576 1704 1
860 930 1
516 558 1
985 1065 1
1182 1278 0.547161
1182 1278 0.895727
688 744 1
1182 1278 1
197 213 1
774 837 1
1773 1917 1
602 651 1
774 837 1
1970 2130 1
1379 1491 1
1773 1917 1
602 651 1
197 213 1
788 852 1
394 426 1
197 213 1
1773 1917 1
688 744 1
591 639 1
394 426 1
860 930 1
172 186 1
1773 1917 1
172 186 1
788 852 1
197 213 1
172 186 1
860 930 1
788 852 1
394 426 1
985 1065 0.877721
591 639 1
1773 1917 1
1182 1278 1
602 651 1
591 639 1
86 93 1
430 465 1
258 279 1
430 465 1
86 93 1
1182 1278 1
1576 1704 1
688 744 1
516 558 1
197 213 1
197 213 1
985 1065 1
602 651 1
172 186 1
602 651 1
788 852 1
516 558 1
591 639 1
788 852 1
1182 1278 1
860 930 1
1970 2130 1
860 930 1
430 465 1
258 279 1
1576 1704 1
688 744 1
774 837 1
860 930 1
1576 1704 1
344 372 1
591 639 1
1773 1917 1
197 213 1
788 852 1
394 426 1
86 93 1
788 852 0.890007
1773 1917 1
1379 1491 1
1773 1917 1
788 852 0.849335
430 465 1
344 372 1
1379 1491 1
197 213 1
172 186 1
860 930 1
1576 1704 1
430 465 1
591 639 1
788 852 1
258 279 1
394 426 1
788 852 1
688 744 1
1379 1491 1
197 213 1
602 651 1
1970 2130 1
1970 2130 1
591 639 1
172 186 1
172 186 1
688 744 1
197 213 1
591 639 1
1576 1704 1
774 837 1
602 651 1
430 465 1
602 651 1
1379 1491 1
344 372 1
172 186 1
1182 1278 1
394 426 1
591 639 1
688 744 1
172 186 1
516 558 1
172 186 1
430 465 1
86 93 1
688 744 1
197 213 1
1182 1278 1
1773 1917 1
430 465 0.7854
1379 1491 0.813542
1970 2130 1
788 852 1
258 279 1
774 837 1
1773 1917 1
1379 1491 1
1773 1917 1
774 837 1
1970 2130 1
788 852 1
788 852 0.765727
86 93 1
860 930 1
1773 1917 1
1379 1491 1
1576 1704 1
591 639 1
688 744 1
172 186 1
86 93 1
602 651 1
258 279 1
516 558 1
197 213 1
344 372 1
1379 1491 1
1379 1491 1
86 93 1
1379 1491 1
86 93 1
516 558 1
344 372 1
591 639 1
258 279 1
86 93 1
860 930 1
602 651 0.992433
1182 1278 1
344 372 1
394 426 1
394 426 1
1182 1278 1
1970 2130 1
788 852 1
430 465 1
1182 1278 1
985 1065 1
774 837 1
394 426 1
1182 1278 1
688 744 1
1379 1491 1
197 213 1
774 837 1
788 852 1
172 186 1
1576 1704 1
688 744 1
688 744 1
591 639 0.897121
86 93 0.70863
86 93 1
1576 1704 1
1576 1704 1
430 465 1
172 186 1
86 93 0.691025
1970 2130 1
788 852 1
985 1065 1
602 651 1
591 639 1
1773 1917 1
516 558 0.791001
1379 1491 1
591 639 1
788 852 1
688 744 1
985 1065 1
430 465 1
430 465 0.832184
344 372 1
591 639 1
985 1065 0.87409
86 93 1
1576 1704 1
1182 1278 0.851196
688 744 1
1970 2130 0.907438
430 465 1
688 744 1
774 837 1
430 465 1
172 186 0.903166
1379 1491 1
774 837 0.867124
172 186 1
1970 2130 1
172 186 1
258 279 1
1182 1278 1
516 558 1
985 1065 1
344 372 1
344 372 1
774 837 1
430 465 1
1970 2130 0.842068
258 279 1
1970 2130 1
591 639 1
1773 1917 1
985 1065 1
197 213 1
1773 1917 1
344 372 1
197 213 1
985 1065 1
774 837 1
1773 1917 1
516 558 1
788 852 1
985 1065 1
1970 2130 1
688 744 1
1182 1278 0.871725
1970 2130 1
394 426 1
516 558 1
1773 1917 1
394 426 1
1576 1704 1
1576 1704 1
430 465 1
860 930 1
774 837 0.715938
860 930 1
197 213 1
394 426 1
344 372 1
774 837 1
197 213 1
688 744 1
344 372 1
774 837 1
430 465 1
172 186 1
344 372 0.641635
1970 2130 1
258 279 1
172 186 1
430 465 1
788 852 1
1773 1917 1
860 930 1
1379 1491 1
344 372 1
1970 2130 1
1379 1491 1
197 213 1
688 744 1
86 93 1
172 186 1
602 651 1
688 744 1
788 852 1
1970 2130 1
86 93 1
344 372 1
788 852 1
344 372 1
688 744 1
688 744 0.853191
197 213 1
774 837 1
172 186 1
788 852 1
1576 1704 1
430 465 1
344 372 1
1182 1278 0.738102
1773 1917 1
516 558 1
430 465 0.742536
430 465 1
172 186 1
1576 1704 1
516 558 1
1970 2130 1
430 465 0.889634
985 1065 1
197 213 1
688 744 1
344 372 1
1773 1917 1
344 372 1
1379 1491 1
86 93 1
172 186 1
1182 1278 1
591 639 1
602 651 0.877407
394 426 1
1970 2130 1
985 1065 1
591 639 1
1182 1278 1
985 1065 1
258 279 1
344 372 1
1379 1491 1
985 1065 1
172 186 1
1182 1278 1
860 930 1
591 639 1
197 213 1
344 372 1
1773 1917 1
774 837 1
197 213 1
985 1065 1
394 426 1
591 639 1
197 213 1
860 930 1
985 1065 1
602 651 1
430 465 0.83182
172 186 1
591 639 1
1182 1278 1
1576 1704 1
344 372 1
860 930 1
172 186 1
394 426 1
197 213 1
774 837 0.709672
788 852 1
985 1065 1
394 426 1
1182 1278 1
1576 1704 1
1576 1704 1
788 852 1
86 93 1
1970 2130 1
258 279 1
1773 1917 1
394 426 1
258 279 1
430 465 1
430 465 1
344 372 1
172 186 0.915988
258 279 1
1970 2130 1
1379 1491 1
860 930 1
258 279 1
430 465 1
602 651 1
688 744 1
516 558 1
197 213 1
86 93 1
86 93 1
197 213 1
172 186 1
394 426 1
591 639 1
1773 1917 1
860 930 1
258 279 1
688 744 1
1773 1917 1
602 651 1
197 213 1
1576 1704 1
1970 2130 1
591 639 1
197 213 0.910213
1182 1278 1
394 426 1
1773 1917 1
516 558 0.858162
591 639 1
591 639 1
1970 2130 1
1773 1917 1
774 837 1
774 837 1
688 744 1
172 186 0.717858
1182 1278 1
197 213 1
788 852 1
394 426 1
1773 1917 1
172 186 1
1379 1491 1
516 558 1
86 93 1
516 558 1
172 186 1
258 279 1
1773 1917 1
860 930 1
1576 1704 1
1379 1491 1
516 558 1
1379 1491 1
602 651 0.904881
86 93 0.622315
394 426 1
172 186 1
344 372 1
1576 1704 1
860 930 1
1379 1491 1
394 426 1
430 465 1
1970 2130 1
197 213 0.848757
197 213 0.874753
985 1065 1
1379 1491 0.405914
602 651 1
172 186 1
197 213 0.916458
788 852 1
591 639 1
591 639 1
1182 1278 1
430 465 1
258 279 1
197 213 0.596498
1576 1704 1
344 372 1
197 213 1
1970 2130 1
602 651 1
86 93 1
344 372 1
602 651 1
591 639 1
258 279 1
1773 1917 1
688 744 1
774 837 1
1182 1278 1
516 558 1
86 93 1
591 639 1
860 930 1
602 651 1
516 558 1
688 744 1
591 639 0.9164
1773 1917 1
688 744 1
985 1065 1
344 372 0.916704
394 426 1
985 1065 1
1576 1704 0.62484
602 651 1
1970 2130 1
602 651 1
172 186 1
1379 1491 1
788 852 1
1576 1704 1
591 639 1
1773 1917 1
258 279 1
1379 1491 1
591 639 1
1773 1917 1
1970 2130 1
1379 1491 1
1182 1278 1
394 426 1
430 465 0.801611
430 465 1
197 213 1
197 213 1
591 639 1
516 558 1
197 213 1
197 213 1
258 279 1
1773 1917 1
860 930 0.639458
1773 1917 1
860 930 1
1379 1491 1
788 852 1
516 558 1
788 852 1
1182 1278 1
1182 1278 1
1182 1278 1
1379 1491 1
430 465 1
688 744 1
86 93 1
1773 1917 1
1576 1704 1
258 279 1
1182 1278 0.767641
1576 1704 1
985 1065 0.924072
430 465 1
591 639 1
430 465 1
774 837 1
774 837 1
774 837 1
197 213 1
1379 1491 0.611607
774 837 0.897116
1182 1278 1
1379 1491 1
197 213 1
860 930 1
1379 1491 1
985 1065 1
197 213 1
602 651 1
1379 1491 1
430 465 1
1379 1491 0.858156
602 651 1
430 465 1
172 186 1
86 93 1
788 852 1
860 930 1
1773 1917 1
788 852 1
1576 1704 1
860 930 1
1773 1917 1
1773 1917 1
860 930 1
788 852 1
774 837 1
86 93 1
516 558 1
591 639 1
1379 1491 1
591 639 1
602 651 1
688 744 1
344 372 1
591 639 1
258 279 1
430 465 1
394 426 1
344 372 1
860 930 0.701481
86 93 1
788 852 0.886107
516 558 1
602 651 0.861764
860 930 1
774 837 1
197 213 1
788 852 1
591 639 0.853557
1182 1278 1
1379 1491 0.72329
1773 1917 1
516 558 1
1182 1278 1
516 558 0.939306
591 639 1
602 651 1
1970 2130 1
86 93 1
985 1065 0.528155
197 213 1
774 837 1
591 639 1
1773 1917 1
788 852 1
1576 1704 1
1576 1704 1
985 1065 0.932256
258 279 1
1379 1491 0.932401
344 372 1
86 93 1
1379 1491 1
86 93 1
602 651 1
86 93 1
1576 1704 1
516 558 1
172 186 1
344 372 1
86 93 1
591 639 1
688 744 1
860 930 1
1182 1278 1
788 852 1
591 639 1
197 213 1
985 1065 1
430 465 1
344 372 1
688 744 1
86 93 1
197 213 1
172 186 1
197 213 1
197 213 1
394 426 1
172 186 1
860 930 1
602 651 1
172 186 1
258 279 1
1970 2130 0.897528
688 744 1
1379 1491 0.869743
591 639 1
1970 2130 1
985 1065 1
1576 1704 1
1182 1278 1
860 930 1
602 651 1
591 639 1
86 93 1
197 213 1
344 372 0.870285
774 837 1
394 426 1
1773 1917 1
86 93 1
602 651 1
1576 1704 1
197 213 1
985 1065 1
774 837 1
1182 1278 1
688 744 1
172 186 1
774 837 1
1379 1491 1
430 465 1
172 186 1
344 372 0.984912
602 651 1
985 1065 1
86 93 1
788 852 1
860 930 1
788 852 0.935153
774 837 0.908141
516 558 1
788 852 1
774 837 1
1379 1491 1
197 213 1
688 744 1
591 639 1
430 465 1
788 852 1
591 639 1
591 639 1
788 852 1
258 279 0.744708
1379 1491 0.722625
172 186 1
197 213 1
86 93 1
1182 1278 1
1182 1278 1
172 186 1
344 372 1
172 186 1
1379 1491 1
430 465 0.94486
602 651 1
591 639 1
258 279 0.785808
172 186 1
1970 2130 1
860 930 1
774 837 1
1576 1704 1
172 186 1
258 279 0.958014
688 744 1
860 930 1
591 639 1
774 837 1
774 837 1
788 852 1
430 465 1
774 837 1
1379 1491 1
591 639 1
258 279 1
591 639 1
258 279 1
197 213 1
1576 1704 1
86 93 1
516 558 1
394 426 1
430 465 0.952917
344 372 1
430 465 1
394 426 1
1970 2130 1
788 852 1
985 1065 1
688 744 1
1970 2130 1
1379 1491 1
860 930 1
860 930 1
774 837 1
591 639 1
258 279 1
788 852 1
1379 1491 1
86 93 1
1970 2130 1
1773 1917 1
1773 1917 1
788 852 1
688 744 1
788 852 1
1182 1278 1
788 852 1
172 186 1
430 465 1
788 852 1
516 558 1
197 213 1
430 465 0.823956
1970 2130 0.403066
602 651 1
591 639 1
172 186 1
688 744 0.878985
1379 1491 1
774 837 1
788 852 1
86 93 0.716207
1182 1278 1
860 930 1
788 852 1
172 186 1
774 837 1
788 852 1
86 93 1
1182 1278 1
172 186 1
788 852 1
774 837 0.82337
1182 1278 1
1576 1704 1
344 372 1
1576 1704 0.899474
1970 2130 1
591 639 1
394 426 1
1970 2130 1
344 372 0.655025
688 744 1
788 852 1
86 93 1
1576 1704 0.715742
774 837 1
197 213 1
591 639 1
774 837 1
344 372 1
591 639 1
860 930 1
344 372 1
985 1065 1
602 651 0.962833
860 930 0.989284
1379 1491 1
172 186 1
394 426 1
591 639 1
688 744 1
1970 2130 1
774 837 1
788 852 1
258 279 0.806693
602 651 0.816521
197 213 1
788 852 1
344 372 1
86 93 1
86 93 1
516 558 1
688 744 0.703751
985 1065 0.726038
688 744 1
774 837 1
1970 2130 1
172 186 0.906363
197 213 1
86 93 1
774 837 1
788 852 1
516 558 1
591 639 1
394 426 1
516 558 1
1970 2130 1
344 372 1
86 93 1
172 186 1
86 93 1
430 465 1
516 558 0.950312
172 186 0.874799
591 639 1
1970 2130 1
788 852 1
1773 1917 1
516 558 1
774 837 1
516 558 1
258 279 1
788 852 1
591 639 1
774 837 1
86 93 1
688 744 1
1576 1704 1
1379 1491 1
860 930 1
1576 1704 1
172 186 1
1576 1704 1
788 852 0.788007
591 639 1
602 651 0.70133
172 186 1
688 744 1
1970 2130 1
172 186 1
860 930 1
788 852 1
172 186 1
394 426 1
1576 1704 1
1970 2130 1
1182 1278 1
172 186 1
197 213 0.992539
860 930 1
688 744 1
394 426 1
258 279 1
602 651 0.831599
860 930 1
1379 1491 1
774 837 1
1773 1917 1
774 837 1
1182 1278 1
344 372 1
430 465 1
258 279 1
197 213 1
1379 1491 1
788 852 1
1970 2130 1
860 930 1
591 639 1
1379 1491 1
591 639 1
516 558 1
172 186 1
602 651 1
430 465 1
1773 1917 0.868373
86 93 1
172 186 1
1970 2130 1
516 558 1
516 558 1
688 744 1
430 465 1
516 558 1
516 558 1
86 93 1
774 837 1
1970 2130 1
1970 2130 1
1576 1704 1
344 372 1
172 186 1
258 279 1
86 93 1
591 639 1
172 186 1
258 279 1
774 837 1
258 279 1
430 465 1
1773 1917 1
591 639 1
86 93 1
1773 1917 1
430 465 1
430 465 1
516 558 1
985 1065 1
591 639 1
602 651 1
344 372 0.945991
688 744 1
1773 1917 1
1379 1491 1
1773 1917 1
86 93 1
394 426 1
774 837 1
1576 1704 1
1379 1491 0.902057
688 744 1
258 279 1
860 930 1
516 558 1
860 930 1
86 93 1
197 213 1
602 651 1
86 93 1
394 426 0.976151
516 558 0.905042
430 465 1
788 852 1
1773 1917 1
602 651 1
591 639 1
197 213 0.945307
258 279 1
344 372 1
985 1065 0.799851
1773 1917 1
602 651 1
172 186 1
1970 2130 1
1576 1704 1
774 837 1
258 279 1
688 744 1
430 465 1
1576 1704 0.973496
1970 2130 1
1970 2130 1
591 639 1
591 639 1
1379 1491 1
516 558 1
1576 1704 1
86 93 1
774 837 1
172 186 1
172 186 1
985 1065 1
516 558 1
1182 1278 0.84751
197 213 1
985 1065 0.912021
516 558 1
516 558 1
688 744 1
516 558 1
394 426 0.913703
1576 1704 1
344 372 1
344 372 1
1773 1917 1
1182 1278 1
1379 1491 1
1970 2130 1
258 279 1
860 930 1
774 837 1
1379 1491 1
430 465 1
1773 1917 1
1379 1491 1
344 372 1
788 852 1
985 1065 0.662209
788 852 1
344 372 1
1773 1917 0.932388
985 1065 1
344 372 1
985 1065 1
1182 1278 1
688 744 1
197 213 1
258 279 1
394 426 1
1576 1704 1
516 558 1
688 744 1
394 426 1
688 744 1
258 279 1
1379 1491 1
344 372 1
344 372 1
430 465 1
860 930 1
344 372 1
1379 1491 1
602 651 1
1379 1491 1
197 213 1
344 372 0.754552
344 372 1
86 93 1
258 279 1
172 186 1
430 465 1
1576 1704 1
197 213 1
774 837 1
591 639 1
602 651 1
788 852 0.94848
591 639 1
258 279 1
688 744 1
602 651 0.630285
86 93 1
258 279 1
1576 1704 1
344 372 1
1970 2130 1
1379 1491 1
172 186 1
86 93 1
1970 2130 1
394 426 1
430 465 1
774 837 1
591 639 1
516 558 1
1182 1278 0.889086
1379 1491 1
985 1065 1
688 744 1
602 651 1
688 744 0.957979
602 651 1
591 639 1
774 837 1
516 558 1
172 186 1
774 837 1
1773 1917 1
394 426 1
688 744 0.646524
258 279 1
344 372 1
394 426 1
344 372 1
602 651 0.940714
1379 1491 1
591 639 1
1773 1917 0.852394
774 837 1
1773 1917 1
344 372 1
86 93 1
1773 1917 1
1379 1491 1
602 651 1
430 465 1
985 1065 1
860 930 0.832023
1970 2130 1
344 372 1
430 465 1
394 426 1
344 372 1
516 558 1
197 213 1
1773 1917 1
1379 1491 1
172 186 1
258 279 1
1576 1704 1
774 837 1
516 558 0.71907
1576 1704 1
258 279 1
788 852 0.942196
516 558 1
394 426 1
258 279 1
602 651 0.715031
688 744 1
1182 1278 1
197 213 1
688 744 1
1773 1917 1
344 372 1
394 426 1
774 837 1
258 279 1
1773 1917 1
258 279 1
788 852 1
1576 1704 1
591 639 1
344 372 1
688 744 1
985 1065 1
516 558 1
1182 1278 0.757492
1773 1917 1
985 1065 1
602 651 1
86 93 1
1773 1917 1
258 279 1
985 1065 1
344 372 1
1576 1704 1
774 837 1
1970 2130 1
1773 1917 1
1773 1917 0.764574
860 930 1
197 213 1
172 186 1
788 852 1
1576 1704 1
591 639 1
1773 1917 1
860 930 1
394 426 1
688 744 1
1182 1278 1
430 465 0.703875
591 639 1
1970 2130 1
172 186 1
172 186 1
774 837 1
1773 1917 1
86 93 1
860 930 1
197 213 1
1182 1278 0.740796
197 213 1
344 372 0.733246
86 93 1
774 837 1
86 93 1
394 426 1
344 372 1
602 651 1
516 558 1
985 1065 1
602 651 1
258 279 1
1182 1278 1
430 465 1
394 426 1
1773 1917 1
344 372 1
985 1065 1
985 1065 1
394 426 0.724378
591 639 0.959826
1970 2130 1
1379 1491 1
394 426 1
688 744 1
1970 2130 1
197 213 1
394 426 1
86 93 1
1576 1704 1
788 852 1
1970 2130 1
1576 1704 1
788 852 1
774 837 1
516 558 1
344 372 1
344 372 1
860 930 1
774 837 1
86 93 1
602 651 1
1576 1704 1
688 744 1
516 558 1
1773 1917 1
1182 1278 1
172 186 1
774 837 1
197 213 1
985 1065 1
172 186 1
860 930 1
688 744 1
197 213 1
430 465 1
788 852 1
1379 1491 1
985 1065 1
430 465 1
1576 1704 1
591 639 1
344 372 1
788 852 1
1970 2130 1
258 279 1
197 213 1
516 558 1
172 186 1
197 213 1
1773 1917 1
788 852 1
774 837 1
516 558 1
394 426 1
774 837 0.705611
516 558 1
1182 1278 1
394 426 1
1379 1491 1
1773 1917 1
430 465 1
774 837 1
86 93 1
516 558 1
430 465 1
394 426 1
1182 1278 1
516 558 0.887045
774 837 0.880472
985 1065 1
985 1065 1
860 930 1
258 279 1
788 852 1
172 186 0.955985
985 1065 1
430 465 1
86 93 1
688 744 1
258 279 1
688 744 1
344 372 1
430 465 1
1576 1704 1
788 852 1
1182 1278 1
516 558 1
1970 2130 1
1379 1491 1
860 930 1
258 279 1
258 279 1
591 639 1
258 279 1
172 186 1
197 213 0.882089
516 558 1
1576 1704 1
1773 1917 1
1576 1704 1
1970 2130 1
197 213 1
430 465 1
1379 1491 1
1182 1278 1
788 852 0.598409
688 744 1
516 558 1
1576 1704 1
1970 2130 1
430 465 1
774 837 1
86 93 1
394 426 1
394 426 1
1576 1704 1
516 558 1
197 213 1
860 930 1
1970 2130 1
602 651 0.836333
860 930 1
1970 2130 1
985 1065 0.655555
344 372 1
788 852 1
430 465 1
1773 1917 1
172 186 1
344 372 1
1379 1491 0.739699
344 372 1
86 93 1
1576 1704 0.906524
516 558 1
1379 1491 1
591 639 1
1970 2130 1
860 930 1
774 837 1
394 426 1
1576 1704 1
344 372 1
172 186 1
688 744 0.816362
602 651 1
1970 2130 1
860 930 1
258 279 1
430 465 1
86 93 1
602 651 1
344 372 1
1970 2130 0.845821
394 426 1
860 930 1
860 930 1
1773 1917 0.9083
774 837 1
430 465 1
1379 1491 0.925928
394 426 1
1379 1491 1
172 186 1
591 639 1
258 279 1
985 1065 1
602 651 1
172 186 1
602 651 1
516 558 1
516 558 1
985 1065 1
1576 1704 1
688 744 1
860 930 1
774 837 0.905704
197 213 1
394 426 1
591 639 1
774 837 1
591 639 1
344 372 1
430 465 1
394 426 1
774 837 1
197 213 1
258 279 1
1379 1491 1
516 558 1
1182 1278 1
197 213 1
430 465 1
774 837 1
430 465 1
1576 1704 1
394 426 1
1182 1278 1
985 1065 0.736455
172 186 1
1970 2130 0.798011
394 426 1
394 426 1
788 852 1
985 1065 1
1182 1278 1
1379 1491 1
172 186 1
788 852 1
1576 1704 1
1576 1704 1
1576 1704 1
516 558 1
172 186 1
602 651 1
788 852 1
86 93 1
430 465 1
197 213 1
591 639 0.840716
788 852 1
344 372 1
1182 1278 1
197 213 1
591 639 1
1379 1491 1
1970 2130 1
788 852 0.931476
172 186 1
985 1065 1
197 213 1
172 186 1
394 426 1
1773 1917 0.957402
788 852 1
516 558 0.925909
1576 1704 1
430 465 0.971902
197 213 1
1773 1917 1
258 279 1
788 852 1
774 837 1
788 852 1
1970 2130 1
591 639 1
602 651 1
1379 1491 1
591 639 0.717568
1379 1491 1
788 852 1
602 651 1
394 426 1
774 837 0.860494
688 744 0.927007
344 372 1
1182 1278 1
1379 1491 1
1379 1491 1
602 651 1
688 744 1
258 279 1
1773 1917 1
860 930 1
1182 1278 1
430 465 1
344 372 1
774 837 1
197 213 1
344 372 1
430 465 1
1773 1917 1
197 213 1
788 852 1
1970 2130 1
258 279 1
860 930 1
1379 1491 1
394 426 1
688 744 0.849311
516 558 1
394 426 1
1182 1278 1
1773 1917 1
1773 1917 1
860 930 1
688 744 1
394 426 1
788 852 1
344 372 1
1182 1278 1
1970 2130 1
788 852 1
688 744 1
985 1065 1
1379 1491 1
1773 1917 1
1970 2130 1
1182 1278 1
1182 1278 1
688 744 0.974483
1379 1491 0.874605
344 372 1
1970 2130 1
591 639 1
394 426 0.636762
1773 1917 1
172 186 1
1970 2130 1
1379 1491 1
1379 1491 1
430 465 1
197 213 1
985 1065 1
430 465 1
258 279 1
197 213 1
985 1065 0.90782
394 426 1
1773 1917 1
1182 1278 1
344 372 1
1379 1491 0.657968
258 279 1
344 372 1
86 93 1
1182 1278 1
1182 1278 1
86 93 1
430 465 1
172 186 1
430 465 1
1379 1491 1
985 1065 1
985 1065 1
1970 2130 1
1970 2130 0.805017
860 930 1
1182 1278 1
1970 2130 1
430 465 1
197 213 0.892855
602 651 1
774 837 1
197 213 1
430 465 1
1379 1491 1
172 186 1
591 639 1
860 930 1
1379 1491 1
430 465 1
430 465 1
602 651 1
516 558 1
591 639 1
774 837 1
430 465 1
1970 2130 1
602 651 1
394 426 1
394 426 1
1576 1704 1
1182 1278 1
1773 1917 1
516 558 1
1576 1704 0.680772
86 93 1
516 558 1
394 426 1
774 837 1
258 279 1
1970 2130 1
172 186 1
1379 1491 1
172 186 1
1182 1278 1
172 186 1
430 465 1
1182 1278 1
591 639 1
394 426 1
860 930 1
1182 1278 1
197 213 1
1970 2130 1
985 1065 1
1182 1278 1
860 930 1
788 852 1
394 426 1
688 744 1
172 186 1
1182 1278 1
1970 2130 1
1970 2130 1
430 465 1
516 558 1
1970 2130 1
860 930 1
774 837 1
774 837 1
1576 1704 1
86 93 1
344 372 1
258 279 1
394 426 1
1182 1278 1
172 186 1
1773 1917 1
1576 1704 1
197 213 1
172 186 1
591 639 1
1182 1278 1
602 651 1
1576 1704 1
1182 1278 0.819069
1576 1704 1
197 213 1
430 465 1
430 465 1
172 186 1
602 651 1
258 279 1
1182 1278 1
591 639 1
1970 2130 1
591 639 1
602 651 1
591 639 0.968391
860 930 1
591 639 1
1773 1917 1
516 558 1
258 279 0.66831
172 186 1
86 93 1
774 837 1
394 426 1
774 837 1
1970 2130 1
688 744 0.750767
1773 1917 1
788 852 1
1576 1704 1
860 930 0.707466
1379 1491 1
985 1065 1
774 837 1
1773 1917 1
86 93 1
688 744 1
1379 1491 1
602 651 1
602 651 1
430 465 1
1970 2130 1
985 1065 1
774 837 1
591 639 1
591 639 1
1970 2130 0.63091
1182 1278 1
1379 1491 1
774 837 1
860 930 1
774 837 1
430 465 1
985 1065 1
591 639 1
1576 1704 1
430 465 0.853378
1773 1917 1
516 558 0.968725
258 279 1
197 213 1
197 213 1
1576 1704 1
516 558 1
1773 1917 1
1182 1278 1
774 837 1
1576 1704 1
516 558 1
591 639 1
86 93 1
1576 1704 1
258 279 1
1576 1704 1
197 213 1
516 558 1
602 651 1
430 465 1
258 279 0.961016
394 426 1
788 852 1
516 558 0.832
516 558 1
1379 1491 1
602 651 1
1379 1491 1
344 372 1
1182 1278 1
394 426 1
860 930 1
860 930 1
1576 1704 1
1182 1278 1
788 852 1
1970 2130 1
1182 1278 0.897833
788 852 1
197 213 1
197 213 1
197 213 1
985 1065 1
344 372 1
985 1065 1
860 930 1
394 426 0.961288
774 837 1
86 93 1
86 93 1
860 930 0.851338
1773 1917 1
1773 1917 1
860 930 0.810087
591 639 1
258 279 1
1773 1917 0.73952
985 1065 1
1576 1704 1
516 558 1
197 213 1
172 186 1
1773 1917 0.899858
430 465 1
344 372 1
1379 1491 1
774 837 1
516 558 1
86 93 1
86 93 0.85799
602 651 1
258 279 1
602 651 1
985 1065 0.8492
688 744 1
197 213 1
344 372 1
788 852 0.947677
602 651 1
774 837 1
860 930 1
985 1065 1
430 465 1
688 744 0.842276
258 279 1
172 186 1
1970 2130 1
86 93 0.736499
172 186 1
430 465 0.84038
430 465 1
197 213 1
1182 1278 1
985 1065 1
394 426 1
985 1065 1
774 837 0.82816
688 744 1
1773 1917 1
985 1065 1
258 279 1
1182 1278 1
197 213 1
860 930 1
1576 1704 1
258 279 1
688 744 1
197 213 1
1773 1917 0.837667
1576 1704 1
1182 1278 1
1379 1491 1
688 744 1
86 93 1
860 930 0.590389
591 639 1
172 186 1
1773 1917 1
86 93 1
860 930 1
197 213 1
985 1065 1
602 651 1
591 639 1
516 558 1
602 651 1
860 930 1
1576 1704 1
985 1065 1
172 186 1
197 213 1
516 558 1
394 426 1
258 279 1
788 852 1
258 279 1
688 744 1
394 426 1
1576 1704 1
516 558 1
774 837 1
1182 1278 1
1773 1917 0.721338
516 558 1
1182 1278 1
1773 1917 1
258 279 1
197 213 1
1773 1917 1
394 426 1
1970 2130 0.953549
985 1065 1
1773 1917 1
258 279 1
788 852 0.870706
86 93 1
344 372 0.997991
1970 2130 1
788 852 1
1970 2130 1
591 639 1
516 558 1
688 744 0.82458
591 639 0.957231
1379 1491 1
1576 1704 1
1182 1278 0.863135
602 651 1
344 372 1
516 558 0.850675
1773 1917 1
602 651 1
985 1065 1
985 1065 0.707487
197 213 1
774 837 0.945061
1379 1491 1
516 558 1
