5000 583924
144 304 1
90 190 1
770 870 0.843246
770 870 0.921189
154 174 0.741981
180 380 1
462 522 0.830426
1540 1740 1
144 304 0.809917
180 380 0.715107
72 152 0.825527
54 114 0.832253
1386 1566 1
1386 1566 1
72 152 1
924 1044 1
36 76 0.75693
154 174 1
1540 1740 0.963913
1078 1218 0.79688
924 1044 1
154 174 0.82203
462 522 1
924 1044 0.63291
126 266 1
616 696 1
924 1044 1
1232 1392 1
154 174 1
308 348 0.970055
924 1044 0.943197
54 114 0.690092
126 266 1
36 76 1
18 38 1
144 304 1
924 1044 0.941578
36 76 0.632636
144 304 0.716245
180 380 0.890892
924 1044 1
924 1044 1
144 304 1
924 1044 0.790017
54 114 0.921957
1078 1218 1
154 174 0.915282
1540 1740 0.737306
770 870 1
72 152 0.777068
1540 1740 1
144 304 1
770 870 1
162 342 0.676799
462 522 0.841297
462 522 0.790013
1232 1392 1
924 1044 0.890326
1232 1392 0.901702
72 152 1
126 266 1
54 114 0.923186
308 348 0.869268
1078 1218 0.937632
144 304 1
108 228 1
108 228 0.83017
180 380 1
462 522 0.916581
308 348 1
108 228 1
72 152 1
72 152 0.872709
162 342 1
770 870 1
54 114 0.889492
1078 1218 0.845034
154 174 0.819797
36 76 0.797425
1386 1566 0.863123
1540 1740 0.879153
616 696 1
54 114 1
18 38 1
144 304 0.992114
90 190 0.785115
1232 1392 1
72 152 1
144 304 1
924 1044 0.893609
72 152 0.957445
770 870 1
1078 1218 1
180 380 0.605471
462 522 1
162 342 0.75996
144 304 1
1078 1218 0.938724
72 152 1
126 266 1
616 696 0.917818
308 348 0.873824
180 380 0.723872
1232 1392 1
1386 1566 1
462 522 1
180 380 1
144 304 0.946951
462 522 1
1232 1392 0.791146
154 174 0.776326
90 190 0.746151
54 114 0.817446
18 38 1
308 348 0.937745
1232 1392 0.847476
144 304 0.674555
90 190 1
616 696 0.887673
462 522 1
90 190 1
924 1044 1
1386 1566 0.899197
1540 1740 0.916878
1540 1740 1
154 174 1
72 152 1
1232 1392 0.633618
1540 1740 1
462 522 1
1232 1392 1
180 380 0.837996
144 304 1
1540 1740 0.821032
36 76 1
72 152 0.767186
36 76 0.914055
462 522 1
1540 1740 0.897964
1232 1392 0.89207
162 342 1
1540 1740 1
1078 1218 1
616 696 0.729308
770 870 0.965265
1540 1740 0.913634
126 266 1
1078 1218 1
924 1044 1
1078 1218 1
308 348 0.862669
54 114 0.527196
924 1044 1
924 1044 0.89082
144 304 0.80839
462 522 0.725142
924 1044 0.775445
162 342 0.742697
126 266 1
154 174 1
462 522 0.940553
162 342 1
126 266 0.659046
54 114 0.900544
90 190 0.755363
308 348 0.79512
72 152 1
36 76 0.786718
1540 1740 0.775512
924 1044 1
126 266 0.90542
18 38 0.981048
1232 1392 1
90 190 0.660497
126 266 0.769367
18 38 0.963382
72 152 1
18 38 0.964257
462 522 1
1386 1566 1
924 1044 1
144 304 0.946743
54 114 1
144 304 1
144 304 1
36 76 0.93518
126 266 0.773129
1386 1566 0.845254
90 190 1
72 152 1
108 228 0.928357
924 1044 0.825986
108 228 0.898749
770 870 1
1078 1218 1
1232 1392 0.69957
144 304 0.849219
36 76 1
1078 1218 1
308 348 1
462 522 1
1386 1566 1
1386 1566 0.631751
162 342 1
924 1044 0.828802
770 870 0.896364
144 304 0.921851
144 304 1
770 870 1
924 1044 0.96347
770 870 1
616 696 1
54 114 0.832694
1232 1392 0.830952
90 190 0.569503
90 190 1
1232 1392 0.824572
308 348 1
126 266 1
1078 1218 1
54 114 1
180 380 1
924 1044 1
1232 1392 1
108 228 0.932166
154 174 1
162 342 1
154 174 1
90 190 1
616 696 0.733822
462 522 0.713264
126 266 0.956325
108 228 1
1540 1740 0.905504
126 266 0.899074
72 152 1
308 348 0.984486
462 522 1
162 342 0.919409
770 870 1
180 380 0.738923
36 76 0.82998
462 522 0.930004
924 1044 1
770 870 0.852591
616 696 1
1232 1392 1
162 342 1
90 190 0.933978
90 190 0.906611
154 174 0.690225
162 342 0.705761
72 152 0.894884
1078 1218 1
308 348 1
1078 1218 1
1232 1392 0.784977
72 152 1
36 76 1
36 76 1
126 266 0.78104
924 1044 0.877554
1078 1218 1
90 190 0.909737
90 190 1
1386 1566 0.690058
924 1044 0.947879
770 870 0.902286
72 152 1
36 76 1
54 114 0.588147
1232 1392 0.932704
144 304 0.936126
462 522 1
108 228 0.777039
126 266 0.837621
108 228 0.841842
108 228 1
462 522 1
1078 1218 0.772284
924 1044 1
1386 1566 1
154 174 0.875153
72 152 1
144 304 1
18 38 1
1540 1740 1
126 266 0.949541
90 190 1
144 304 1
1232 1392 1
126 266 1
1232 1392 1
616 696 0.615213
154 174 0.939837
154 174 1
144 304 1
308 348 1
18 38 1
72 152 1
72 152 1
154 174 0.90198
144 304 1
144 304 0.689468
1078 1218 1
462 522 0.887883
616 696 1
770 870 0.755252
180 380 1
154 174 0.723942
1386 1566 0.936116
924 1044 1
108 228 0.856308
108 228 1
770 870 0.935617
90 190 1
162 342 1
144 304 0.881513
180 380 1
1078 1218 1
1540 1740 1
1078 1218 1
1078 1218 1
308 348 0.687324
1232 1392 0.922123
108 228 0.934942
770 870 1
308 348 1
72 152 1
1540 1740 1
108 228 0.895738
616 696 1
72 152 1
36 76 1
108 228 0.669505
18 38 1
162 342 1
36 76 0.907106
162 342 0.649001
126 266 1
108 228 1
36 76 0.829412
108 228 1
1540 1740 0.800435
54 114 1
1386 1566 0.641925
108 228 0.919834
308 348 0.902327
18 38 0.836569
144 304 0.915002
1232 1392 0.754599
108 228 1
36 76 1
108 228 0.942227
144 304 1
1540 1740 1
462 522 0.886826
616 696 0.825654
1540 1740 0.926027
462 522 0.828014
90 190 0.913552
462 522 0.860456
1078 1218 0.734047
108 228 0.979979
108 228 1
108 228 0.941168
1386 1566 0.720492
924 1044 0.890734
1386 1566 0.762872
462 522 1
144 304 1
1386 1566 1
144 304 0.764873
54 114 0.890137
144 304 0.531898
308 348 0.897685
308 348 1
1232 1392 1
54 114 0.863583
90 190 0.897336
144 304 0.871114
1386 1566 1
162 342 0.932469
36 76 0.982624
924 1044 1
1078 1218 0.96502
924 1044 1
162 342 1
462 522 0.830689
308 348 1
154 174 1
162 342 0.949362
54 114 1
162 342 1
462 522 0.900887
770 870 1
180 380 0.631691
1540 1740 0.75618
770 870 0.814256
144 304 1
162 342 0.961909
90 190 1
924 1044 0.981223
90 190 0.89448
154 174 1
1386 1566 1
1386 1566 1
126 266 1
1078 1218 1
1232 1392 0.957639
616 696 0.819569
180 380 1
616 696 0.846356
54 114 0.820131
308 348 1
462 522 1
180 380 0.778114
924 1044 0.717476
1078 1218 0.874361
54 114 1
1232 1392 0.769466
1540 1740 0.728055
616 696 0.736737
108 228 1
126 266 1
1078 1218 1
462 522 1
108 228 1
162 342 1
18 38 0.895175
108 228 1
144 304 1
90 190 1
90 190 1
108 228 0.87305
90 190 0.933547
770 870 1
1386 1566 1
1540 1740 0.708757
1386 1566 1
126 266 0.770168
1078 1218 0.781016
36 76 1
162 342 1
770 870 0.81939
108 228 1
154 174 1
1078 1218 0.927534
90 190 1
180 380 0.849918
1386 1566 0.968345
1540 1740 1
108 228 1
1078 1218 0.810398
770 870 0.767202
90 190 1
108 228 1
90 190 0.668264
162 342 0.950308
770 870 1
162 342 0.849382
90 190 1
308 348 0.894719
144 304 0.908021
1540 1740 0.955971
770 870 0.93159
108 228 0.723012
54 114 1
90 190 1
1232 1392 0.865889
72 152 0.827124
18 38 1
36 76 0.93486
126 266 0.966247
1232 1392 0.874554
126 266 0.953706
924 1044 0.911337
308 348 1
72 152 0.892203
18 38 1
1078 1218 1
770 870 1
1078 1218 0.927069
616 696 1
126 266 0.891159
126 266 0.857148
126 266 1
162 342 0.570055
126 266 0.709991
126 266 0.922194
154 174 0.917174
90 190 1
1386 1566 0.451374
36 76 0.832552
108 228 0.954591
18 38 0.920898
462 522 0.854916
36 76 1
924 1044 1
72 152 1
154 174 1
924 1044 0.859307
1386 1566 1
90 190 1
162 342 1
126 266 0.869687
108 228 0.74549
108 228 0.850782
108 228 0.946519
162 342 1
18 38 0.856378
180 380 0.885575
462 522 1
18 38 0.917868
144 304 1
72 152 1
90 190 0.923447
180 380 1
616 696 1
770 870 1
770 870 0.767195
1078 1218 0.754771
616 696 1
180 380 1
1386 1566 0.876759
308 348 1
924 1044 1
18 38 0.933893
36 76 1
126 266 1
154 174 1
144 304 0.77067
1232 1392 1
1540 1740 0.668597
54 114 1
308 348 1
144 304 1
162 342 0.980009
616 696 1
144 304 1
18 38 0.639504
1232 1392 0.827379
1386 1566 0.765948
616 696 0.85133
54 114 0.82781
1078 1218 0.806744
1078 1218 0.898591
924 1044 1
144 304 0.87455
18 38 0.632323
18 38 1
180 380 1
1232 1392 1
144 304 0.876001
18 38 1
616 696 1
154 174 0.899181
162 342 1
180 380 0.920657
616 696 1
54 114 0.856588
924 1044 0.749801
72 152 0.864822
154 174 1
108 228 1
1078 1218 1
770 870 0.795256
1540 1740 1
72 152 1
18 38 1
126 266 0.839755
126 266 0.860726
180 380 1
1540 1740 0.985947
154 174 1
1386 1566 0.764303
108 228 0.837146
90 190 0.656265
72 152 1
108 228 0.547161
1232 1392 0.895727
126 266 1
1232 1392 0.877721
924 1044 0.890007
144 304 1
1078 1218 1
108 228 1
154 174 1
108 228 1
108 228 0.849335
54 114 1
1078 1218 1
154 174 1
462 522 1
72 152 0.7854
154 174 1
154 174 1
1386 1566 0.813542
1386 1566 0.765727
1078 1218 1
54 114 1
770 870 1
924 1044 1
126 266 0.992433
54 114 0.897121
162 342 0.70863
54 114 1
72 152 0.691025
770 870 1
1386 1566 1
54 114 1
616 696 0.791001
18 38 0.832184
154 174 0.87409
770 870 1
1540 1740 0.851196
108 228 0.907438
1386 1566 0.903166
72 152 0.867124
924 1044 0.842068
616 696 1
180 380 1
126 266 1
770 870 1
308 348 0.871725
108 228 0.715938
462 522 0.641635
180 380 0.853191
154 174 0.738102
162 342 1
18 38 1
36 76 1
108 228 0.742536
770 870 1
154 174 1
90 190 1
180 380 1
308 348 0.889634
180 380 0.877407
126 266 0.83182
126 266 1
108 228 0.709672
54 114 0.915988
1232 1392 0.910213
1232 1392 1
1386 1566 0.858162
126 266 0.717858
18 38 1
1540 1740 0.904881
180 380 0.622315
308 348 1
462 522 0.848757
308 348 0.874753
770 870 0.405914
616 696 1
108 228 1
1540 1740 1
54 114 1
462 522 1
126 266 1
1232 1392 0.916458
72 152 1
90 190 1
154 174 1
308 348 0.596498
36 76 0.9164
616 696 1
18 38 1
1232 1392 0.916704
18 38 0.62484
72 152 0.801611
36 76 0.639458
770 870 1
1078 1218 0.767641
126 266 1
770 870 0.924072
770 870 0.611607
72 152 0.897116
1232 1392 1
108 228 1
108 228 1
180 380 1
180 380 0.858156
924 1044 1
162 342 0.701481
144 304 0.886107
924 1044 0.861764
90 190 1
1540 1740 1
1386 1566 1
90 190 0.853557
1078 1218 0.72329
126 266 1
616 696 0.939306
126 266 1
90 190 0.528155
924 1044 0.932256
18 38 1
924 1044 1
770 870 1
90 190 0.932401
1386 1566 1
1078 1218 1
144 304 0.897528
72 152 0.869743
162 342 0.870285
308 348 0.984912
154 174 1
770 870 0.935153
462 522 0.908141
54 114 1
108 228 1
1078 1218 0.744708
462 522 0.722625
126 266 0.94486
462 522 0.785808
154 174 1
90 190 1
54 114 0.958014
54 114 1
924 1044 1
770 870 0.952917
18 38 0.823956
308 348 1
1232 1392 1
180 380 1
162 342 0.403066
924 1044 0.878985
90 190 1
308 348 0.716207
108 228 1
54 114 1
616 696 0.82337
1386 1566 1
144 304 0.899474
1078 1218 1
1386 1566 0.655025
1386 1566 0.715742
180 380 1
1540 1740 0.962833
90 190 0.989284
144 304 0.806693
1386 1566 0.816521
1386 1566 0.703751
162 342 1
616 696 1
1386 1566 1
308 348 0.726038
1232 1392 0.906363
770 870 1
54 114 0.950312
54 114 1
770 870 0.874799
54 114 1
924 1044 1
1232 1392 0.788007
144 304 1
162 342 0.70133
126 266 1
1078 1218 0.992539
180 380 0.831599
1078 1218 1
162 342 0.868373
18 38 1
154 174 1
924 1044 0.945991
18 38 0.902057
144 304 1
90 190 1
144 304 1
154 174 0.976151
144 304 1
770 870 1
1540 1740 0.905042
308 348 1
924 1044 1
770 870 1
144 304 1
72 152 0.945307
616 696 1
108 228 1
18 38 0.799851
126 266 1
180 380 0.973496
770 870 0.84751
126 266 1
1078 1218 1
770 870 1
108 228 1
126 266 0.912021
1078 1218 0.913703
1078 1218 1
308 348 0.662209
108 228 0.932388
90 190 0.754552
36 76 1
616 696 1
18 38 0.94848
154 174 0.630285
770 870 1
162 342 0.889086
154 174 0.957979
770 870 1
126 266 0.646524
924 1044 1
924 1044 1
180 380 1
1540 1740 0.940714
126 266 0.852394
180 380 1
616 696 1
144 304 0.832023
154 174 0.71907
308 348 0.942196
1386 1566 1
462 522 1
18 38 1
18 38 0.715031
180 380 0.757492
1540 1740 0.764574
36 76 1
90 190 1
462 522 1
180 380 1
108 228 1
54 114 0.703875
1540 1740 0.740796
1232 1392 1
54 114 1
616 696 0.733246
770 870 1
462 522 1
308 348 0.724378
1386 1566 0.959826
770 870 0.705611
616 696 1
154 174 1
1078 1218 0.887045
18 38 1
108 228 1
462 522 1
1540 1740 0.880472
154 174 1
144 304 0.955985
90 190 1
1386 1566 0.882089
90 190 0.598409
108 228 0.836333
18 38 1
1386 1566 0.655555
144 304 0.739699
154 174 1
616 696 1
1540 1740 0.906524
54 114 0.816362
90 190 1
90 190 0.845821
462 522 0.9083
770 870 1
1386 1566 1
308 348 1
462 522 1
54 114 1
54 114 0.925928
770 870 1
180 380 1
308 348 0.905704
126 266 0.736455
616 696 1
462 522 0.798011
308 348 1
90 190 1
616 696 1
1540 1740 0.840716
154 174 0.931476
462 522 0.957402
108 228 0.925909
72 152 1
1232 1392 1
36 76 1
308 348 1
616 696 0.971902
54 114 1
126 266 1
72 152 0.717568
144 304 0.860494
126 266 1
462 522 0.927007
154 174 1
1540 1740 1
1078 1218 0.849311
1078 1218 0.974483
1386 1566 0.874605
1386 1566 0.636762
162 342 0.90782
162 342 0.657968
180 380 0.805017
308 348 0.892855
54 114 0.680772
36 76 0.819069
126 266 1
924 1044 0.968391
54 114 1
126 266 0.66831
180 380 1
108 228 1
1078 1218 0.750767
308 348 1
308 348 1
1386 1566 0.707466
144 304 1
1540 1740 1
770 870 1
924 1044 0.63091
308 348 1
308 348 1
1540 1740 0.853378
180 380 0.968725
72 152 1
162 342 1
90 190 1
180 380 1
126 266 0.961016
308 348 1
90 190 0.832
1078 1218 0.897833
1386 1566 1
924 1044 0.961288
144 304 1
90 190 0.851338
154 174 0.810087
462 522 1
616 696 0.73952
54 114 0.899858
462 522 0.85799
18 38 1
162 342 0.8492
72 152 1
770 870 1
1078 1218 0.947677
1386 1566 0.842276
770 870 0.736499
770 870 1
462 522 0.84038
154 174 0.82816
462 522 0.837667
1078 1218 1
72 152 1
616 696 0.590389
770 870 0.721338
1540 1740 0.953549
144 304 1
54 114 0.870706
108 228 0.997991
1386 1566 1
924 1044 1
616 696 0.82458
924 1044 0.957231
1540 1740 1
1232 1392 1
154 174 0.863135
54 114 0.850675
108 228 0.707487
1540 1740 1
18 38 1
126 266 1
90 190 0.945061
924 1044 0.853452
108 228 1
90 190 1
1232 1392 1
126 266 0.919235
308 348 0.989259
1386 1566 1
1232 1392 1
180 380 0.979844
1386 1566 1
924 1044 1
1078 1218 1
36 76 0.898563
924 1044 1
770 870 0.890611
90 190 1
616 696 1
1232 1392 0.75701
36 76 0.821839
1386 1566 1
144 304 1
1078 1218 0.730324
54 114 1
308 348 0.795894
162 342 1
108 228 1
462 522 1
144 304 1
770 870 1
108 228 0.789858
770 870 1
180 380 0.928153
126 266 1
308 348 0.5964
54 114 0.860131
154 174 1
54 114 1
1540 1740 1
108 228 1
72 152 0.979624
54 114 0.764653
36 76 1
1232 1392 0.912526
1386 1566 1
1078 1218 1
72 152 0.864457
1386 1566 0.822956
924 1044 1
616 696 1
108 228 1
180 380 1
144 304 1
308 348 1
1232 1392 1
72 152 1
154 174 1
1078 1218 0.758226
1078 1218 0.559385
180 380 1
54 114 1
1078 1218 1
770 870 0.909259
108 228 1
1386 1566 0.946294
126 266 1
1386 1566 1
616 696 0.637787
1232 1392 1
54 114 1
54 114 1
770 870 0.955499
162 342 1
462 522 0.914833
1078 1218 1
180 380 1
54 114 1
154 174 0.903735
616 696 0.92072
924 1044 1
108 228 0.713363
1540 1740 1
144 304 0.952183
770 870 0.627836
54 114 1
180 380 0.849192
90 190 0.806286
54 114 0.903867
770 870 1
1540 1740 1
162 342 1
90 190 0.936532
924 1044 1
180 380 0.971156
616 696 1
308 348 1
462 522 1
90 190 0.837942
1078 1218 0.758284
462 522 1
1540 1740 1
126 266 0.516502
72 152 1
1540 1740 1
18 38 0.9118
162 342 0.946639
54 114 1
36 76 1
1540 1740 1
462 522 0.789448
616 696 0.865473
770 870 0.820461
1078 1218 0.765132
180 380 1
154 174 1
1078 1218 0.855184
144 304 1
308 348 0.866528
1386 1566 1
162 342 1
36 76 1
54 114 0.942196
924 1044 0.884101
1232 1392 0.581595
72 152 1
180 380 1
770 870 0.940017
308 348 1
108 228 1
36 76 0.93868
1386 1566 0.903963
1078 1218 0.849601
1232 1392 1
54 114 1
54 114 1
308 348 1
18 38 1
308 348 0.734928
770 870 1
18 38 1
308 348 0.896515
154 174 0.606511
308 348 0.919243
1232 1392 0.714478
1386 1566 0.859169
36 76 1
1540 1740 0.9504
308 348 1
462 522 0.924065
1232 1392 1
144 304 1
924 1044 1
616 696 0.723215
72 152 1
72 152 1
770 870 0.847687
1232 1392 0.948032
154 174 0.809089
162 342 1
162 342 1
616 696 1
144 304 1
90 190 0.87593
616 696 1
924 1044 0.816256
1078 1218 0.869936
308 348 0.874878
72 152 0.918086
108 228 0.889227
1078 1218 0.714112
154 174 0.928874
180 380 1
180 380 1
144 304 1
1078 1218 0.865334
1540 1740 0.73402
616 696 0.818372
72 152 1
126 266 0.918438
1078 1218 0.921678
162 342 0.851402
54 114 0.625843
126 266 0.776848
308 348 0.838013
1540 1740 1
924 1044 1
180 380 0.81093
72 152 1
18 38 0.837539
162 342 1
180 380 1
1386 1566 0.810772
308 348 1
108 228 0.873268
18 38 1
1386 1566 1
308 348 0.808398
308 348 0.809743
924 1044 0.882362
308 348 1
144 304 1
616 696 1
180 380 0.993578
54 114 1
1232 1392 0.916246
616 696 1
1078 1218 1
180 380 0.702166
162 342 1
1386 1566 0.901611
108 228 0.925949
616 696 0.78471
90 190 1
162 342 1
18 38 1
462 522 0.757306
108 228 0.72053
616 696 0.936711
1078 1218 0.860157
108 228 1
108 228 0.85261
770 870 0.884584
90 190 0.742729
18 38 1
154 174 0.3891
770 870 1
72 152 1
1386 1566 0.767326
154 174 0.686488
1232 1392 0.660368
770 870 0.616363
1386 1566 0.968519
1386 1566 1
1540 1740 0.945682
72 152 0.893967
108 228 0.916957
616 696 0.901857
1232 1392 1
1386 1566 1
72 152 1
54 114 0.958821
462 522 0.800976
72 152 0.879579
1078 1218 1
1078 1218 1
72 152 0.950158
144 304 1
126 266 1
1540 1740 1
126 266 0.830432
616 696 0.929027
1232 1392 1
36 76 0.96075
154 174 0.922545
1232 1392 0.826281
180 380 1
462 522 0.837225
154 174 1
924 1044 1
126 266 1
924 1044 0.937115
18 38 1
36 76 1
72 152 0.901434
1232 1392 0.86827
108 228 1
308 348 1
1078 1218 1
108 228 0.691792
462 522 1
126 266 1
1386 1566 1
924 1044 1
90 190 0.950814
108 228 0.802133
1078 1218 0.914444
72 152 1
308 348 0.911841
90 190 1
924 1044 0.927274
1386 1566 0.68272
1540 1740 1
108 228 1
770 870 1
1540 1740 0.904263
462 522 0.749108
108 228 1
108 228 1
1232 1392 1
1078 1218 1
1232 1392 1
154 174 0.560606
90 190 1
162 342 0.878438
1386 1566 1
462 522 1
54 114 1
18 38 0.863771
308 348 0.724469
308 348 1
1540 1740 1
54 114 0.773027
180 380 0.88155
108 228 0.891737
1540 1740 0.761171
924 1044 0.931826
18 38 0.912915
1232 1392 1
770 870 1
770 870 0.903341
462 522 0.923908
72 152 1
126 266 1
462 522 1
144 304 1
1078 1218 0.755111
72 152 1
1078 1218 0.945472
90 190 0.825559
616 696 1
1540 1740 1
462 522 1
108 228 0.877513
90 190 1
90 190 0.813095
462 522 0.799008
1540 1740 1
18 38 1
924 1044 1
308 348 1
162 342 1
924 1044 1
924 1044 0.95252
1232 1392 1
180 380 0.669128
616 696 1
108 228 0.880172
154 174 1
36 76 0.815008
616 696 0.78187
308 348 1
180 380 1
1232 1392 1
1540 1740 0.981162
308 348 1
54 114 1
90 190 0.747138
36 76 0.97919
1386 1566 0.840757
1386 1566 0.928092
54 114 1
90 190 1
36 76 1
126 266 0.890316
154 174 1
1386 1566 1
308 348 1
154 174 0.85558
162 342 1
162 342 0.744756
180 380 1
616 696 1
154 174 0.695152
154 174 0.875973
924 1044 1
462 522 1
154 174 1
770 870 0.97318
462 522 0.903511
54 114 0.776631
462 522 1
616 696 1
1386 1566 0.947229
162 342 1
924 1044 1
54 114 0.952208
1386 1566 1
162 342 1
126 266 0.595105
180 380 0.863782
144 304 1
462 522 0.685016
36 76 1
126 266 1
154 174 1
1232 1392 0.834203
1078 1218 0.841369
924 1044 0.836974
36 76 0.97349
616 696 0.677599
924 1044 0.9519
462 522 1
72 152 0.703508
180 380 0.867335
36 76 1
616 696 1
1232 1392 0.924318
1540 1740 1
162 342 0.886689
18 38 1
90 190 1
1232 1392 0.90971
616 696 0.87565
616 696 1
1386 1566 1
54 114 1
126 266 1
924 1044 1
154 174 1
1078 1218 1
108 228 0.935078
54 114 0.974895
54 114 1
180 380 0.942189
154 174 1
54 114 1
462 522 1
162 342 0.760467
90 190 1
1540 1740 1
126 266 1
1386 1566 0.732302
54 114 0.705903
108 228 1
616 696 1
72 152 1
770 870 0.578773
770 870 0.759905
1232 1392 1
54 114 1
108 228 0.828207
1078 1218 1
1540 1740 1
770 870 0.645646
308 348 1
924 1044 0.94535
126 266 0.579012
770 870 0.571707
162 342 0.896583
462 522 1
154 174 0.98008
616 696 0.834291
162 342 1
36 76 1
308 348 0.723947
616 696 0.822815
36 76 1
616 696 0.866042
72 152 1
72 152 1
308 348 0.640042
462 522 1
1078 1218 1
924 1044 0.728702
1232 1392 0.922655
462 522 1
924 1044 0.538462
162 342 1
144 304 1
72 152 0.979353
90 190 1
144 304 0.859937
108 228 1
72 152 0.831013
616 696 0.750759
18 38 0.867852
36 76 1
308 348 1
154 174 0.766236
308 348 0.781938
162 342 0.957883
770 870 0.858534
308 348 1
36 76 1
90 190 1
924 1044 1
616 696 1
162 342 0.953367
36 76 1
54 114 1
18 38 0.913305
616 696 1
162 342 0.845098
1232 1392 1
108 228 0.910982
154 174 0.738663
180 380 1
1540 1740 1
180 380 0.875878
1540 1740 1
154 174 1
108 228 0.930028
54 114 1
1078 1218 0.880697
162 342 0.909507
126 266 1
108 228 1
108 228 0.804078
770 870 0.631564
90 190 0.765296
308 348 0.869834
72 152 0.986461
308 348 1
90 190 0.899403
36 76 0.796476
616 696 1
1386 1566 1
154 174 1
108 228 0.836439
1540 1740 0.787721
54 114 1
1232 1392 1
1386 1566 1
1540 1740 1
162 342 0.856155
462 522 0.772551
126 266 0.975312
1386 1566 1
1078 1218 0.782746
108 228 1
54 114 1
90 190 1
1386 1566 0.761932
126 266 1
1078 1218 0.770038
36 76 0.660292
770 870 1
18 38 1
154 174 1
54 114 0.688371
462 522 0.803239
462 522 0.958739
54 114 1
308 348 1
144 304 0.757125
1232 1392 0.677396
126 266 1
108 228 0.763618
1386 1566 1
770 870 0.800775
462 522 1
1540 1740 1
1540 1740 1
1078 1218 1
924 1044 0.897846
154 174 1
1386 1566 0.7632
144 304 0.828874
162 342 1
1232 1392 1
1232 1392 0.731898
924 1044 0.63691
72 152 0.920088
462 522 1
18 38 1
1386 1566 1
1232 1392 0.605934
770 870 1
108 228 0.87069
1540 1740 0.80633
18 38 0.932714
924 1044 0.764871
126 266 0.851005
144 304 0.913239
1540 1740 0.832102
924 1044 1
108 228 1
1232 1392 0.769306
154 174 0.669665
144 304 0.884517
108 228 1
308 348 1
462 522 1
18 38 1
1078 1218 0.831456
108 228 1
1232 1392 1
36 76 1
72 152 0.740969
126 266 1
1386 1566 1
36 76 1
162 342 1
616 696 0.982403
462 522 1
54 114 1
54 114 1
1232 1392 0.764489
308 348 1
90 190 1
308 348 1
18 38 1
1232 1392 0.847434
308 348 0.854965
1232 1392 0.874616
18 38 0.864979
1078 1218 1
54 114 0.880853
180 380 1
90 190 1
1232 1392 0.963241
90 190 1
126 266 0.895178
616 696 0.711137
1540 1740 0.887975
36 76 1
770 870 1
1540 1740 0.835228
18 38 0.796923
616 696 0.78154
54 114 1
18 38 1
1386 1566 1
90 190 1
1232 1392 1
154 174 0.777157
308 348 1
36 76 1
770 870 0.889098
108 228 1
180 380 1
1540 1740 0.811869
154 174 0.871507
54 114 0.744928
1386 1566 1
462 522 1
90 190 0.901466
1232 1392 1
54 114 0.814765
180 380 1
770 870 0.690899
462 522 1
126 266 1
18 38 0.89724
154 174 0.615207
1540 1740 0.892859
1078 1218 1
90 190 1
36 76 0.805704
126 266 1
108 228 1
90 190 1
462 522 1
162 342 0.761174
162 342 1
154 174 0.898578
616 696 0.941699
180 380 1
924 1044 1
1386 1566 1
308 348 1
144 304 1
1540 1740 1
1232 1392 0.953919
18 38 1
72 152 1
126 266 1
770 870 0.81937
616 696 1
154 174 1
1386 1566 1
90 190 0.912537
770 870 1
770 870 1
36 76 0.775206
1078 1218 0.94772
1540 1740 0.943814
1540 1740 0.923322
180 380 0.746268
924 1044 1
180 380 1
126 266 1
1540 1740 1
1540 1740 0.932321
1232 1392 0.954729
1232 1392 1
924 1044 1
54 114 0.779767
770 870 0.85723
18 38 0.929771
108 228 0.930387
54 114 1
1540 1740 0.84757
462 522 0.65546
108 228 0.99796
1386 1566 0.933461
180 380 0.725375
154 174 1
162 342 1
54 114 0.912565
1078 1218 0.668401
18 38 0.743871
462 522 1
18 38 1
1386 1566 1
770 870 1
154 174 0.700045
18 38 1
924 1044 1
1232 1392 0.824987
1540 1740 1
1232 1392 0.877165
1386 1566 1
1386 1566 0.487833
1078 1218 0.451945
180 380 1
1078 1218 1
924 1044 1
462 522 1
1386 1566 0.550034
36 76 1
154 174 1
924 1044 0.940389
90 190 1
462 522 1
462 522 0.872977
108 228 1
1078 1218 0.958383
18 38 1
162 342 1
1232 1392 0.843561
1078 1218 1
126 266 0.950591
924 1044 1
308 348 1
18 38 0.838573
162 342 1
154 174 1
54 114 1
1540 1740 1
1540 1740 1
770 870 0.834714
144 304 1
126 266 1
144 304 1
924 1044 1
54 114 0.939874
1540 1740 1
308 348 1
36 76 0.856137
1232 1392 0.801058
144 304 0.826068
36 76 0.982077
162 342 0.994697
180 380 1
1078 1218 1
924 1044 1
144 304 0.80917
180 380 0.898215
54 114 1
1232 1392 1
36 76 1
462 522 0.88801
72 152 1
1540 1740 1
108 228 1
1232 1392 1
770 870 1
1386 1566 0.959105
108 228 1
54 114 1
126 266 0.90134
154 174 0.816008
462 522 0.817487
180 380 0.87013
1540 1740 1
154 174 0.705136
1078 1218 1
308 348 1
18 38 0.810062
108 228 1
162 342 1
126 266 1
462 522 0.954888
18 38 0.955802
1232 1392 1
924 1044 1
72 152 0.787252
770 870 0.775873
180 380 0.821115
36 76 0.897466
162 342 1
1232 1392 0.868037
126 266 0.89636
1540 1740 1
36 76 1
1540 1740 1
144 304 0.864621
154 174 0.892229
1078 1218 0.71785
154 174 0.633174
18 38 0.790498
90 190 0.83098
36 76 1
308 348 1
770 870 1
162 342 1
36 76 0.943206
154 174 0.874738
154 174 1
126 266 0.876796
36 76 0.789308
1078 1218 1
1078 1218 1
90 190 0.963275
90 190 0.969276
462 522 1
126 266 0.901662
90 190 1
462 522 1
770 870 0.820431
1386 1566 1
770 870 1
154 174 0.600456
144 304 0.93648
90 190 1
90 190 1
770 870 0.808144
18 38 1
308 348 0.773757
1078 1218 0.751882
462 522 1
162 342 1
162 342 1
1386 1566 0.858683
308 348 1
1232 1392 1
1078 1218 1
90 190 1
108 228 0.935713
1386 1566 1
924 1044 0.859393
770 870 0.825951
1386 1566 0.641627
924 1044 1
616 696 1
90 190 0.718065
1078 1218 1
1232 1392 1
108 228 0.875847
36 76 1
462 522 1
144 304 0.874907
616 696 1
144 304 0.898755
162 342 0.975109
108 228 1
1540 1740 1
18 38 0.81749
1078 1218 1
162 342 0.896542
1540 1740 0.820841
1540 1740 1
54 114 1
154 174 1
308 348 0.841708
308 348 1
180 380 0.934003
36 76 1
1386 1566 1
1386 1566 0.819136
90 190 1
154 174 0.888818
144 304 0.795562
308 348 1
126 266 0.845214
770 870 1
18 38 0.938509
154 174 0.840575
154 174 0.608456
308 348 0.937818
1078 1218 1
162 342 1
18 38 1
18 38 0.931749
18 38 1
144 304 1
36 76 1
90 190 0.476118
1386 1566 0.946068
462 522 1
1078 1218 1
90 190 1
18 38 0.883987
180 380 1
144 304 0.967563
1078 1218 1
162 342 0.891999
72 152 1
90 190 1
126 266 1
54 114 1
180 380 1
154 174 0.540414
36 76 0.961554
924 1044 1
18 38 1
90 190 1
462 522 0.730943
108 228 0.604114
924 1044 0.937982
144 304 0.852275
1078 1218 1
162 342 1
924 1044 1
162 342 1
36 76 0.738287
308 348 0.767758
154 174 1
924 1044 1
1540 1740 1
462 522 0.696876
924 1044 0.824347
54 114 1
126 266 0.923466
1386 1566 0.981115
154 174 0.888167
308 348 0.772353
126 266 1
90 190 1
162 342 1
924 1044 1
770 870 1
90 190 1
180 380 0.850301
54 114 0.786669
126 266 0.605269
54 114 1
180 380 1
770 870 0.891153
108 228 0.899215
770 870 1
126 266 1
108 228 1
18 38 1
1078 1218 0.857873
1540 1740 0.832954
1540 1740 0.896196
308 348 0.736994
36 76 1
154 174 1
1540 1740 1
462 522 0.949065
924 1044 1
54 114 1
144 304 1
126 266 1
108 228 0.864801
18 38 0.746436
462 522 0.836664
154 174 1
924 1044 0.912919
924 1044 0.910878
162 342 1
1540 1740 0.813479
180 380 0.630841
1386 1566 1
54 114 0.921997
924 1044 1
924 1044 0.845343
54 114 0.724674
54 114 1
162 342 0.915801
616 696 0.89424
924 1044 0.959241
1386 1566 0.881751
36 76 1
924 1044 0.79678
1540 1740 0.778358
18 38 1
36 76 0.775687
18 38 0.725925
108 228 0.938334
154 174 1
108 228 1
54 114 0.906006
770 870 0.838405
126 266 0.748331
144 304 1
54 114 0.82429
144 304 1
154 174 0.852587
54 114 0.887165
154 174 1
616 696 1
770 870 0.840752
90 190 1
54 114 1
924 1044 0.688933
18 38 0.922898
1386 1566 1
1232 1392 1
162 342 0.904533
924 1044 0.917553
1386 1566 0.927742
770 870 1
162 342 0.607635
108 228 0.903136
1540 1740 1
90 190 0.930387
144 304 0.862874
144 304 1
162 342 1
924 1044 0.596377
1078 1218 1
1540 1740 0.831408
54 114 1
462 522 1
180 380 1
154 174 1
108 228 0.873885
1078 1218 0.789644
1078 1218 1
54 114 1
162 342 1
154 174 0.874716
126 266 0.910088
1232 1392 0.93059
108 228 1
1540 1740 0.84541
72 152 0.9422
770 870 0.886561
72 152 1
90 190 0.935807
180 380 0.848421
108 228 0.770374
770 870 1
770 870 1
462 522 0.733401
90 190 1
36 76 1
924 1044 1
108 228 1
108 228 0.786156
616 696 1
126 266 0.928057
90 190 1
1540 1740 1
144 304 1
924 1044 0.857206
924 1044 0.589893
1232 1392 0.960207
72 152 0.864711
154 174 0.622577
36 76 0.813511
126 266 0.890507
1078 1218 1
770 870 1
1386 1566 1
308 348 1
108 228 0.778283
1386 1566 1
1078 1218 1
18 38 1
154 174 1
108 228 1
770 870 1
308 348 0.913911
36 76 1
144 304 0.845876
90 190 1
462 522 1
1386 1566 0.778372
770 870 0.70707
616 696 1
1078 1218 0.925378
108 228 0.702862
1540 1740 1
154 174 1
18 38 0.910097
1386 1566 1
1386 1566 0.798858
924 1044 1
1386 1566 0.8817
36 76 1
1232 1392 0.926084
144 304 0.970944
462 522 0.882999
126 266 0.945622
770 870 1
54 114 0.721308
616 696 0.837483
54 114 0.768629
924 1044 0.907002
180 380 0.882849
308 348 0.806318
72 152 1
36 76 1
616 696 0.956549
54 114 0.949303
1078 1218 0.850329
108 228 1
1386 1566 0.809455
90 190 1
1386 1566 0.921617
770 870 1
770 870 0.869364
308 348 0.870425
1232 1392 0.754184
144 304 0.756798
308 348 1
1232 1392 0.835467
1540 1740 1
90 190 1
162 342 0.874337
924 1044 0.798982
1386 1566 0.783593
154 174 0.909969
144 304 0.924018
162 342 1
108 228 1
54 114 1
1386 1566 1
1386 1566 0.671291
108 228 0.868281
90 190 1
1540 1740 0.797711
1232 1392 1
54 114 0.960682
126 266 1
126 266 0.83156
1386 1566 0.894514
18 38 0.820465
144 304 0.985852
108 228 0.747518
1540 1740 0.722349
162 342 0.948761
108 228 1
180 380 1
1078 1218 1
90 190 1
1232 1392 1
924 1044 0.722497
54 114 1
72 152 1
462 522 1
1078 1218 0.866413
1078 1218 1
1078 1218 0.70404
162 342 1
1540 1740 1
1386 1566 1
1232 1392 1
180 380 0.948171
616 696 0.876787
18 38 1
90 190 1
126 266 0.784926
1078 1218 0.829503
126 266 1
162 342 1
616 696 0.790795
616 696 0.764034
462 522 1
308 348 0.739854
54 114 1
616 696 0.714225
90 190 0.832046
18 38 0.829218
308 348 0.912335
154 174 1
462 522 0.886986
144 304 1
90 190 1
54 114 1
308 348 0.661567
616 696 0.918038
1540 1740 0.884761
36 76 0.92604
308 348 1
90 190 1
54 114 0.987331
1232 1392 0.891427
144 304 0.83684
72 152 0.786949
108 228 0.885056
924 1044 0.780691
1078 1218 0.879326
54 114 0.749764
1540 1740 1
1078 1218 1
54 114 1
1078 1218 1
924 1044 1
162 342 0.752551
924 1044 0.962309
108 228 1
462 522 1
18 38 1
144 304 0.953912
924 1044 1
1078 1218 1
144 304 1
54 114 1
90 190 1
1232 1392 0.897141
126 266 0.830334
1078 1218 1
180 380 0.579266
308 348 1
1540 1740 0.962524
1386 1566 0.90565
1540 1740 0.809687
162 342 1
18 38 0.853271
54 114 1
162 342 0.825014
770 870 0.872377
18 38 0.739228
108 228 0.866643
1386 1566 0.711767
770 870 0.922234
18 38 0.785015
108 228 1
54 114 0.69547
462 522 0.901628
462 522 0.859344
126 266 1
36 76 0.579335
162 342 0.801779
462 522 1
308 348 0.958465
36 76 1
144 304 0.887964
162 342 1
770 870 0.837659
18 38 0.698963
72 152 1
126 266 1
18 38 1
90 190 0.90798
90 190 1
144 304 1
1078 1218 0.760061
462 522 0.598661
18 38 0.888496
616 696 1
72 152 0.81318
126 266 1
162 342 1
36 76 1
162 342 0.889191
1232 1392 1
36 76 1
72 152 1
1078 1218 1
1232 1392 1
1386 1566 0.746535
770 870 0.885463
126 266 1
616 696 0.857698
616 696 0.964318
308 348 1
126 266 0.853667
1232 1392 1
36 76 1
1386 1566 0.750315
180 380 1
1232 1392 1
924 1044 0.946073
616 696 1
108 228 0.778274
72 152 1
924 1044 0.553739
462 522 0.917724
72 152 1
162 342 1
18 38 0.856222
126 266 0.973712
72 152 1
154 174 0.814055
1386 1566 0.928366
180 380 1
162 342 1
126 266 1
18 38 0.918725
180 380 1
308 348 0.662645
924 1044 0.966988
54 114 1
144 304 0.939835
1386 1566 1
180 380 1
126 266 1
308 348 1
162 342 1
616 696 1
108 228 1
770 870 1
54 114 1
1386 1566 1
36 76 1
1386 1566 0.933056
54 114 0.812072
126 266 1
144 304 1
1386 1566 1
154 174 0.921681
1386 1566 0.956002
90 190 1
1386 1566 1
162 342 1
1232 1392 0.880334
180 380 1
770 870 0.876203
126 266 0.965291
18 38 0.678222
1078 1218 1
924 1044 1
18 38 1
770 870 0.869466
770 870 0.970867
108 228 1
1232 1392 1
126 266 1
1232 1392 1
154 174 1
1232 1392 1
616 696 1
144 304 0.978209
1078 1218 0.790233
54 114 0.790676
924 1044 1
924 1044 1
924 1044 0.817433
1386 1566 1
1078 1218 0.840572
144 304 0.319816
1232 1392 0.68497
54 114 0.854145
36 76 0.863445
144 304 1
162 342 0.944954
1540 1740 1
1232 1392 0.937153
90 190 1
1078 1218 1
18 38 0.592519
1078 1218 1
54 114 1
1540 1740 0.985089
1232 1392 1
180 380 0.841799
308 348 0.561363
1540 1740 0.879008
616 696 0.752954
154 174 1
18 38 0.773483
162 342 0.817648
616 696 0.908664
36 76 0.911607
126 266 0.722797
924 1044 0.761043
54 114 1
308 348 1
126 266 0.704021
162 342 0.78556
1078 1218 1
72 152 0.940174
1078 1218 1
1386 1566 0.878105
154 174 1
126 266 0.669146
108 228 1
18 38 1
154 174 0.834976
126 266 0.871539
308 348 1
154 174 1
924 1044 1
72 152 1
180 380 1
1540 1740 1
126 266 0.582054
462 522 1
1540 1740 1
18 38 1
144 304 0.815024
1386 1566 1
616 696 1
36 76 0.628643
144 304 0.853878
180 380 1
1232 1392 1
1540 1740 0.91949
18 38 0.688323
54 114 0.962793
924 1044 1
770 870 1
72 152 0.898253
180 380 0.717236
54 114 1
18 38 1
54 114 1
1078 1218 1
162 342 0.705707
18 38 0.860973
1386 1566 1
1386 1566 1
308 348 0.815213
54 114 1
54 114 1
462 522 0.84591
1078 1218 1
108 228 1
90 190 1
162 342 1
54 114 0.877568
1540 1740 1
462 522 0.774606
924 1044 1
180 380 0.827655
126 266 0.715074
1540 1740 1
144 304 1
1078 1218 0.915854
770 870 1
616 696 0.835522
1078 1218 1
1078 1218 0.610497
54 114 0.879426
308 348 1
54 114 1
308 348 0.979997
1232 1392 0.862668
308 348 0.675776
18 38 1
36 76 1
616 696 1
54 114 1
1540 1740 1
144 304 0.897352
1232 1392 0.943617
770 870 0.970104
54 114 0.920618
162 342 0.851366
308 348 1
616 696 1
180 380 1
924 1044 1
54 114 1
1232 1392 0.834921
462 522 0.87048
1386 1566 0.911788
1540 1740 1
180 380 1
144 304 1
462 522 1
36 76 1
308 348 1
18 38 1
90 190 1
616 696 0.974831
72 152 1
1386 1566 1
154 174 1
1540 1740 1
144 304 0.653033
72 152 1
126 266 1
154 174 1
162 342 0.886066
308 348 0.853824
180 380 0.944315
36 76 1
1386 1566 1
1078 1218 1
90 190 1
108 228 1
616 696 1
144 304 0.616408
308 348 0.939855
36 76 0.773135
154 174 0.695879
1386 1566 0.785233
54 114 1
180 380 0.659101
616 696 0.911875
108 228 0.910851
162 342 0.88019
54 114 1
1078 1218 0.520233
462 522 0.828863
462 522 0.547275
924 1044 0.670822
144 304 0.767258
180 380 1
180 380 1
162 342 0.667839
54 114 1
308 348 1
462 522 0.844614
308 348 0.890801
154 174 0.940967
54 114 0.959928
162 342 1
770 870 0.814488
1078 1218 1
18 38 1
924 1044 0.796593
72 152 0.883512
154 174 0.856793
1386 1566 0.866033
1078 1218 0.800634
154 174 0.949031
162 342 0.790349
462 522 0.838075
126 266 0.652173
1232 1392 0.78615
108 228 0.899595
108 228 0.82932
154 174 1
154 174 0.802209
54 114 1
1078 1218 1
108 228 0.867618
90 190 1
1540 1740 0.96568
1232 1392 1
18 38 1
108 228 0.881463
18 38 0.989126
308 348 1
180 380 1
108 228 1
1540 1740 0.836062
72 152 0.677365
144 304 0.974901
1540 1740 1
1232 1392 1
36 76 0.757714
18 38 0.918639
72 152 0.685382
154 174 1
126 266 1
1540 1740 0.686261
1232 1392 1
1540 1740 0.853104
1232 1392 1
126 266 0.834056
108 228 0.565819
154 174 1
18 38 0.772575
108 228 1
108 228 1
72 152 1
72 152 1
36 76 0.944719
180 380 0.946014
770 870 1
462 522 0.871228
72 152 0.724483
108 228 0.717885
126 266 1
1232 1392 1
616 696 1
108 228 0.634851
1232 1392 1
144 304 1
144 304 0.86422
36 76 0.657514
770 870 1
1540 1740 0.778984
1540 1740 0.908278
144 304 0.901672
162 342 1
308 348 0.944148
180 380 0.873911
924 1044 1
108 228 1
126 266 1
54 114 0.884251
1386 1566 1
54 114 0.956436
1386 1566 1
154 174 1
616 696 0.926487
162 342 1
462 522 0.869388
770 870 0.893025
1232 1392 0.877229
462 522 0.731118
154 174 0.848398
924 1044 1
18 38 0.881538
90 190 0.940203
18 38 1
1540 1740 1
180 380 1
770 870 1
154 174 0.696772
1078 1218 1
126 266 0.832458
90 190 0.660635
1386 1566 1
90 190 0.687348
18 38 0.971723
1232 1392 1
924 1044 0.839197
54 114 1
154 174 1
18 38 1
90 190 0.925058
770 870 1
154 174 1
144 304 1
1386 1566 1
924 1044 0.948006
180 380 1
72 152 0.964254
108 228 0.861678
462 522 0.912081
90 190 1
18 38 0.958896
616 696 0.952039
72 152 1
18 38 0.978231
770 870 0.982397
162 342 0.602566
144 304 0.921103
308 348 1
154 174 0.781747
1232 1392 1
154 174 1
1078 1218 1
1386 1566 1
144 304 0.827308
308 348 0.779
1386 1566 1
616 696 1
462 522 0.906014
180 380 0.897809
924 1044 0.942053
144 304 0.971085
54 114 0.597796
1232 1392 1
36 76 1
308 348 1
462 522 1
1540 1740 1
1078 1218 0.849674
1232 1392 1
1386 1566 1
162 342 1
54 114 1
72 152 0.944488
36 76 1
18 38 1
126 266 1
72 152 1
18 38 1
1232 1392 1
770 870 0.964857
1232 1392 0.804736
462 522 0.7871
1540 1740 0.938195
1078 1218 0.917625
54 114 1
54 114 0.849468
18 38 0.912648
1078 1218 1
1232 1392 0.90014
72 152 0.788678
108 228 0.951959
126 266 0.955048
162 342 0.832994
1232 1392 1
770 870 1
180 380 1
770 870 0.762496
36 76 1
180 380 0.84867
1078 1218 1
36 76 0.90537
18 38 0.636603
1386 1566 1
162 342 1
924 1044 1
54 114 1
54 114 1
180 380 1
162 342 1
924 1044 1
36 76 1
616 696 0.889858
308 348 0.952621
154 174 0.784168
1232 1392 1
90 190 0.955502
1232 1392 1
1232 1392 0.847157
1232 1392 0.863393
36 76 0.87982
90 190 1
770 870 0.888566
1540 1740 0.923974
108 228 1
126 266 0.965197
126 266 1
154 174 0.928376
90 190 0.747385
1540 1740 1
144 304 1
1078 1218 1
924 1044 1
1232 1392 0.781531
180 380 1
1078 1218 0.954488
180 380 1
18 38 0.834152
108 228 0.809767
462 522 0.75071
308 348 0.928686
616 696 1
770 870 0.981036
108 228 0.873888
18 38 0.911962
1540 1740 1
616 696 0.915314
72 152 0.801165
162 342 1
1078 1218 0.871301
616 696 1
126 266 0.80952
72 152 1
18 38 0.965587
1386 1566 0.805915
1386 1566 1
924 1044 1
308 348 0.794393
54 114 0.816148
180 380 1
54 114 0.970618
154 174 0.731671
144 304 0.879769
108 228 0.834028
18 38 0.759988
54 114 0.889811
36 76 1
180 380 0.960563
462 522 1
308 348 0.737137
162 342 0.598552
924 1044 1
90 190 0.856547
154 174 0.832759
308 348 1
154 174 1
126 266 0.844248
108 228 0.813979
770 870 1
18 38 0.921103
180 380 1
1386 1566 0.911281
616 696 1
154 174 1
154 174 1
770 870 0.958207
144 304 0.755054
162 342 1
462 522 1
180 380 0.681274
1232 1392 1
126 266 1
126 266 0.623376
1078 1218 0.890713
126 266 0.871151
1386 1566 0.692786
144 304 1
162 342 0.710086
36 76 0.852642
108 228 0.782845
144 304 0.668105
770 870 1
54 114 1
36 76 0.87706
770 870 0.860367
1386 1566 1
1078 1218 1
924 1044 1
180 380 0.956809
180 380 0.75583
308 348 0.755285
18 38 1
1078 1218 0.94318
18 38 0.909184
770 870 1
72 152 1
308 348 1
616 696 1
154 174 1
924 1044 0.759012
924 1044 1
180 380 0.822115
90 190 1
1386 1566 1
72 152 1
154 174 0.850285
770 870 0.947901
616 696 0.854309
308 348 0.769468
126 266 1
72 152 1
126 266 1
1078 1218 0.780695
36 76 0.691813
616 696 1
308 348 1
90 190 1
72 152 0.732103
144 304 0.916913
108 228 0.946068
1078 1218 1
616 696 0.817576
90 190 1
1078 1218 0.750189
72 152 1
18 38 0.723315
924 1044 1
1232 1392 1
72 152 0.66045
144 304 0.9108
308 348 1
18 38 1
308 348 0.898503
616 696 0.853641
308 348 0.940696
1232 1392 1
1232 1392 0.801211
1540 1740 1
616 696 1
1232 1392 0.967704
770 870 0.946702
18 38 0.870716
54 114 0.850322
154 174 1
1078 1218 0.879639
54 114 1
770 870 1
1386 1566 1
924 1044 1
108 228 0.88406
1386 1566 1
180 380 0.900759
462 522 1
36 76 0.863563
144 304 0.956552
90 190 1
162 342 1
308 348 1
72 152 1
144 304 0.753932
108 228 0.985381
18 38 0.935262
1540 1740 0.906564
770 870 0.884803
770 870 0.894721
1386 1566 0.921423
180 380 1
144 304 0.857072
18 38 1
154 174 1
144 304 0.711907
36 76 0.640085
154 174 1
1078 1218 0.835785
162 342 0.855409
1078 1218 0.648114
1386 1566 1
180 380 0.917545
616 696 0.933284
770 870 0.865796
72 152 0.753301
36 76 1
462 522 0.855126
770 870 0.910704
924 1044 0.735835
462 522 1
126 266 0.870991
144 304 1
924 1044 1
90 190 0.885632
144 304 1
1540 1740 0.866305
924 1044 1
770 870 0.743006
36 76 1
462 522 0.765148
126 266 0.478212
1386 1566 0.944467
126 266 1
144 304 1
90 190 0.9779
36 76 0.637665
770 870 1
126 266 1
162 342 1
924 1044 1
1078 1218 1
1232 1392 1
1386 1566 0.930644
18 38 1
308 348 1
770 870 0.615124
18 38 0.859747
36 76 0.882808
18 38 1
308 348 1
180 380 0.708111
126 266 1
924 1044 1
90 190 1
1232 1392 1
162 342 0.82642
770 870 0.749509
36 76 1
108 228 0.824855
108 228 0.742979
144 304 0.80784
924 1044 1
36 76 0.532403
126 266 0.974487
308 348 1
924 1044 0.64313
308 348 1
108 228 0.702162
162 342 0.909933
54 114 0.712694
616 696 1
616 696 1
770 870 1
72 152 1
54 114 1
1386 1566 0.767288
924 1044 0.948848
144 304 0.878643
126 266 0.947542
18 38 1
616 696 0.910375
144 304 0.751427
1232 1392 1
108 228 1
162 342 0.987304
1386 1566 1
72 152 0.929498
1078 1218 1
1540 1740 1
162 342 0.851094
90 190 1
462 522 1
54 114 1
924 1044 0.595091
90 190 1
144 304 1
108 228 0.879894
308 348 0.805355
108 228 0.903458
1078 1218 1
1540 1740 1
154 174 1
36 76 0.867177
18 38 1
72 152 0.983762
144 304 0.805726
1078 1218 1
36 76 0.957044
72 152 0.968879
924 1044 1
162 342 0.882024
126 266 1
54 114 1
90 190 1
54 114 0.954013
36 76 1
108 228 1
54 114 1
108 228 1
144 304 1
90 190 1
770 870 0.887332
616 696 0.93269
36 76 1
1540 1740 1
616 696 0.892123
18 38 0.965944
308 348 1
144 304 0.828775
1540 1740 1
180 380 0.904931
1386 1566 1
308 348 1
144 304 0.770579
1078 1218 1
180 380 1
18 38 0.929424
126 266 1
154 174 0.889695
924 1044 0.89276
108 228 0.854454
1540 1740 0.910246
308 348 1
162 342 1
462 522 1
154 174 0.880369
126 266 1
90 190 0.83757
770 870 0.927577
18 38 0.786741
770 870 0.714816
54 114 1
162 342 1
180 380 1
162 342 0.780845
162 342 0.829733
162 342 1
180 380 1
36 76 1
72 152 0.911358
154 174 1
924 1044 0.650699
1386 1566 1
1078 1218 1
1386 1566 0.943763
924 1044 0.94794
180 380 1
36 76 0.914954
154 174 1
144 304 0.878257
162 342 1
18 38 1
36 76 0.913347
126 266 0.869209
108 228 0.966322
72 152 0.831111
36 76 0.781252
162 342 0.898144
54 114 1
90 190 0.92376
144 304 0.529023
308 348 1
770 870 0.74508
108 228 0.870381
1232 1392 0.859977
18 38 0.762842
924 1044 1
1540 1740 0.911877
144 304 1
162 342 1
108 228 1
126 266 1
616 696 1
18 38 0.96726
18 38 0.556793
54 114 0.958809
1540 1740 1
72 152 0.969506
462 522 0.781788
162 342 0.893909
18 38 1
616 696 1
308 348 0.590791
1386 1566 1
72 152 0.681333
180 380 0.882433
90 190 1
308 348 1
1078 1218 0.692986
770 870 0.870117
162 342 0.956219
154 174 1
144 304 1
180 380 0.826026
1540 1740 1
308 348 1
54 114 0.802772
308 348 1
1078 1218 1
1232 1392 0.955884
108 228 1
308 348 1
90 190 1
180 380 0.845589
308 348 1
90 190 1
72 152 0.842545
108 228 0.821522
1232 1392 1
126 266 1
308 348 1
54 114 1
924 1044 0.909038
924 1044 1
1386 1566 0.72446
462 522 0.831397
924 1044 1
54 114 1
1232 1392 1
72 152 0.828461
616 696 1
154 174 0.839743
1540 1740 1
126 266 1
18 38 0.818279
1232 1392 1
770 870 0.533064
180 380 1
1540 1740 1
162 342 0.835843
616 696 0.829529
162 342 1
72 152 1
18 38 0.759899
616 696 0.863548
72 152 0.902525
924 1044 0.74183
308 348 1
1540 1740 1
126 266 1
18 38 0.895577
1540 1740 1
1232 1392 0.835046
616 696 1
126 266 1
1386 1566 0.885521
108 228 0.926431
1386 1566 0.77239
72 152 1
1232 1392 1
924 1044 1
126 266 1
180 380 1
180 380 0.932517
90 190 0.96795
462 522 1
1540 1740 1
1386 1566 1
616 696 1
72 152 1
72 152 0.802484
54 114 1
126 266 1
36 76 0.872269
924 1044 0.973391
924 1044 1
180 380 1
72 152 0.92692
154 174 1
162 342 0.824568
54 114 1
90 190 1
180 380 1
1386 1566 1
1232 1392 0.973308
162 342 1
462 522 1
770 870 1
154 174 1
770 870 1
1386 1566 1
54 114 1
18 38 0.827206
1232 1392 0.926286
90 190 0.924067
924 1044 1
924 1044 0.889999
54 114 1
462 522 1
90 190 1
180 380 0.731851
162 342 1
1386 1566 0.803264
616 696 0.84474
54 114 1
1540 1740 0.838825
72 152 1
462 522 1
462 522 1
154 174 1
308 348 1
1078 1218 1
162 342 1
162 342 1
1386 1566 0.958269
18 38 0.575311
308 348 0.836174
90 190 1
90 190 0.96629
1540 1740 0.831124
72 152 1
1386 1566 1
1232 1392 1
90 190 0.971604
462 522 1
616 696 0.82018
1232 1392 0.938558
90 190 1
154 174 0.946414
126 266 1
154 174 1
770 870 1
770 870 1
108 228 1
90 190 1
1540 1740 1
108 228 1
108 228 1
616 696 1
72 152 0.828712
462 522 0.707888
162 342 0.765952
308 348 1
1232 1392 1
770 870 0.81669
462 522 1
18 38 1
108 228 1
924 1044 0.885314
1232 1392 0.894283
18 38 0.854524
1540 1740 1
90 190 0.850169
1078 1218 0.931103
1078 1218 0.882251
36 76 1
162 342 1
1540 1740 0.661735
924 1044 0.880602
180 380 0.897549
770 870 1
1540 1740 1
616 696 1
72 152 0.732851
154 174 0.924216
108 228 0.959252
54 114 0.950422
162 342 0.681638
462 522 0.923932
1386 1566 0.914909
462 522 1
1232 1392 0.860009
1386 1566 1
154 174 0.674032
154 174 1
1078 1218 0.642727
90 190 1
108 228 1
616 696 1
18 38 1
154 174 1
308 348 1
1540 1740 1
462 522 0.937043
108 228 0.855702
162 342 0.935354
126 266 1
1540 1740 0.701448
1078 1218 1
1386 1566 1
1232 1392 0.733563
90 190 1
154 174 0.946039
1232 1392 1
770 870 1
54 114 1
90 190 1
144 304 1
616 696 0.9312
180 380 1
154 174 0.913264
90 190 1
90 190 1
72 152 1
108 228 0.55264
72 152 1
72 152 0.758597
1078 1218 0.879851
144 304 1
308 348 0.779632
154 174 1
54 114 1
162 342 1
1232 1392 1
924 1044 0.753229
616 696 0.819057
1232 1392 0.954405
924 1044 1
1232 1392 1
924 1044 0.798329
154 174 1
54 114 0.701222
1386 1566 1
144 304 1
162 342 0.783888
154 174 0.991785
1078 1218 0.827396
616 696 1
1540 1740 0.833594
1078 1218 1
462 522 1
770 870 1
1540 1740 0.959721
162 342 1
1386 1566 0.863033
126 266 1
108 228 1
1540 1740 1
126 266 0.916107
1386 1566 0.781334
462 522 1
54 114 1
72 152 0.991633
108 228 0.830615
180 380 0.808476
36 76 1
144 304 0.732103
616 696 1
126 266 1
72 152 1
162 342 1
162 342 1
108 228 0.712251
154 174 0.843708
924 1044 1
72 152 1
924 1044 1
126 266 1
308 348 0.68033
108 228 0.831632
924 1044 0.825621
72 152 1
90 190 0.775327
1540 1740 1
126 266 1
1078 1218 0.892434
18 38 1
54 114 0.887433
770 870 1
36 76 0.772436
770 870 0.642613
1078 1218 0.791226
108 228 0.921494
54 114 1
1078 1218 1
616 696 1
462 522 1
770 870 0.846011
72 152 0.929334
1386 1566 1
616 696 1
18 38 0.859094
72 152 1
616 696 1
162 342 1
72 152 0.928129
924 1044 1
18 38 1
154 174 1
180 380 1
180 380 1
180 380 0.75146
54 114 1
90 190 0.863517
18 38 1
308 348 1
162 342 1
1078 1218 0.879651
1232 1392 0.890848
1386 1566 1
1386 1566 1
770 870 0.770022
924 1044 1
154 174 1
144 304 1
924 1044 0.93737
1232 1392 1
154 174 0.794066
126 266 1
36 76 0.871298
770 870 0.745301
54 114 1
1540 1740 0.970907
770 870 1
308 348 0.909476
180 380 1
72 152 1
144 304 0.893252
616 696 0.863133
162 342 0.721217
72 152 0.928421
1540 1740 1
54 114 1
144 304 0.79212
924 1044 0.929716
162 342 0.625562
108 228 0.907801
126 266 0.820065
144 304 1
308 348 1
1232 1392 0.865961
144 304 0.874783
1386 1566 0.866264
1540 1740 1
54 114 0.787046
462 522 1
1078 1218 0.624438
154 174 0.822618
54 114 0.978783
154 174 0.784438
1232 1392 0.973912
1078 1218 0.775032
126 266 0.821245
36 76 0.77098
54 114 1
616 696 1
154 174 1
18 38 1
162 342 0.749855
308 348 0.809747
154 174 1
90 190 1
462 522 1
180 380 0.837372
18 38 1
1386 1566 1
1386 1566 1
90 190 1
144 304 1
36 76 1
616 696 1
180 380 0.82957
162 342 1
54 114 1
616 696 1
924 1044 0.790393
154 174 1
616 696 1
180 380 1
924 1044 1
616 696 1
308 348 1
616 696 1
1078 1218 0.942409
616 696 0.640039
180 380 0.811086
308 348 0.861053
154 174 0.851704
162 342 1
616 696 1
54 114 0.850324
180 380 1
1386 1566 0.782278
90 190 0.81669
126 266 0.688677
616 696 1
1540 1740 1
108 228 0.965459
308 348 1
36 76 0.627581
54 114 0.860318
126 266 0.64801
308 348 1
36 76 1
1386 1566 0.886624
72 152 1
308 348 0.757172
1232 1392 1
90 190 1
924 1044 0.883247
72 152 0.677266
1386 1566 0.922667
154 174 0.883435
72 152 0.915677
108 228 0.76906
162 342 1
126 266 0.789111
108 228 0.667353
1540 1740 1
1232 1392 1
108 228 0.863398
126 266 1
1232 1392 0.814827
770 870 1
108 228 0.615543
1386 1566 0.858023
90 190 1
108 228 0.633368
1232 1392 1
18 38 1
616 696 1
54 114 0.82647
144 304 1
924 1044 1
1386 1566 1
154 174 1
144 304 1
462 522 0.639558
126 266 0.976854
154 174 0.899279
154 174 0.894027
1386 1566 0.726587
90 190 1
108 228 1
1232 1392 1
162 342 1
18 38 0.774582
308 348 0.737292
154 174 1
924 1044 0.807463
54 114 0.750975
162 342 0.910199
144 304 1
154 174 0.964161
1232 1392 1
154 174 0.752179
126 266 0.920143
126 266 0.786518
162 342 1
54 114 1
1232 1392 0.761263
770 870 1
308 348 0.73164
308 348 0.662394
36 76 1
462 522 1
126 266 0.943484
54 114 1
1540 1740 0.723641
180 380 0.938661
108 228 1
462 522 0.676812
54 114 1
36 76 0.825895
126 266 1
154 174 1
54 114 1
54 114 0.99363
1078 1218 0.745583
462 522 0.806247
18 38 0.729035
308 348 1
1386 1566 0.771505
180 380 0.659723
162 342 1
462 522 1
36 76 1
924 1044 0.778525
1540 1740 0.788693
1232 1392 0.845729
144 304 0.953744
144 304 1
90 190 1
54 114 1
36 76 1
180 380 0.926769
616 696 0.933527
924 1044 1
1232 1392 1
144 304 1
90 190 0.861041
616 696 1
308 348 0.992201
770 870 0.962759
308 348 0.87919
462 522 1
154 174 0.863058
1078 1218 1
308 348 1
616 696 1
1540 1740 0.734854
90 190 0.638122
36 76 1
462 522 0.834283
462 522 0.89513
770 870 0.832797
1386 1566 0.84504
1386 1566 1
18 38 1
154 174 1
126 266 1
1540 1740 1
90 190 0.778152
126 266 1
770 870 0.828989
770 870 1
144 304 1
108 228 0.849957
924 1044 0.901412
924 1044 0.676254
126 266 1
154 174 1
54 114 0.692014
154 174 1
54 114 1
308 348 0.934011
162 342 1
36 76 1
144 304 0.970776
1540 1740 1
616 696 1
36 76 1
462 522 0.868223
924 1044 0.829255
1386 1566 1
90 190 0.545
924 1044 0.828087
126 266 1
72 152 1
36 76 0.863897
18 38 1
108 228 1
308 348 1
1386 1566 1
36 76 1
54 114 1
154 174 1
308 348 0.837214
1386 1566 1
1386 1566 0.810463
162 342 0.910147
462 522 1
18 38 1
308 348 1
1232 1392 0.845887
162 342 1
1386 1566 0.990664
54 114 1
54 114 0.879582
162 342 0.874209
1232 1392 1
36 76 0.992959
162 342 1
126 266 1
36 76 1
18 38 0.981041
154 174 1
108 228 1
1540 1740 0.869929
144 304 1
180 380 1
1386 1566 0.65218
72 152 1
90 190 0.959106
36 76 0.594868
616 696 1
90 190 1
308 348 0.592051
1232 1392 1
462 522 1
1232 1392 1
308 348 1
144 304 1
308 348 0.852025
126 266 1
154 174 0.727825
144 304 1
770 870 1
108 228 1
90 190 1
1078 1218 0.908291
154 174 0.89522
924 1044 0.88051
54 114 1
924 1044 0.780466
108 228 0.905591
18 38 1
90 190 1
90 190 1
90 190 0.973088
162 342 0.88413
1232 1392 1
54 114 0.905339
770 870 0.937566
162 342 0.950106
154 174 0.929816
1386 1566 1
90 190 0.691442
54 114 1
308 348 0.855573
72 152 1
18 38 0.784579
54 114 1
1078 1218 1
616 696 0.906587
154 174 1
126 266 1
924 1044 0.708891
90 190 1
144 304 0.739983
126 266 1
36 76 0.749798
770 870 1
462 522 0.952597
616 696 0.590152
1386 1566 1
770 870 1
462 522 1
126 266 1
54 114 0.900081
180 380 0.608251
1540 1740 1
308 348 0.8385
154 174 1
54 114 0.795138
1540 1740 1
770 870 0.834597
126 266 0.599646
90 190 1
72 152 0.947517
90 190 1
616 696 0.865498
72 152 1
72 152 1
72 152 0.693148
162 342 1
770 870 1
616 696 1
154 174 1
770 870 1
54 114 0.823438
108 228 1
154 174 0.752147
770 870 1
18 38 0.745733
308 348 0.946183
462 522 1
72 152 0.890834
54 114 1
144 304 1
924 1044 0.914455
180 380 1
180 380 1
462 522 0.868646
180 380 1
770 870 0.973188
1078 1218 0.935148
18 38 0.784127
308 348 1
18 38 0.850938
462 522 0.656786
1232 1392 1
18 38 0.795865
308 348 0.857864
108 228 0.753684
144 304 1
462 522 0.761031
462 522 0.846811
54 114 1
1232 1392 0.782809
72 152 1
108 228 0.919217
90 190 1
924 1044 1
1232 1392 0.850837
154 174 0.913403
180 380 1
308 348 1
36 76 0.927207
18 38 1
924 1044 0.832168
144 304 1
108 228 1
108 228 1
54 114 0.904189
18 38 1
126 266 0.898231
462 522 0.731506
18 38 1
1078 1218 1
72 152 1
54 114 1
72 152 0.872954
770 870 0.867347
72 152 1
770 870 0.916865
308 348 1
154 174 0.815801
18 38 1
108 228 0.78631
770 870 1
462 522 1
154 174 0.888422
1386 1566 1
462 522 1
1386 1566 0.97465
308 348 1
154 174 0.652833
72 152 0.854903
72 152 1
1386 1566 1
1232 1392 0.937564
144 304 0.648088
72 152 1
462 522 0.893924
924 1044 1
616 696 1
108 228 1
72 152 0.844103
462 522 0.87142
72 152 0.904603
72 152 1
154 174 1
162 342 1
54 114 0.458789
54 114 1
1386 1566 0.864439
72 152 1
308 348 0.788652
72 152 0.670883
36 76 0.863709
462 522 1
72 152 1
462 522 1
1386 1566 0.774591
90 190 0.889451
180 380 1
924 1044 1
1540 1740 1
180 380 0.872185
180 380 0.85973
90 190 1
72 152 1
770 870 0.769879
462 522 1
462 522 0.877612
54 114 1
90 190 1
18 38 0.845475
1232 1392 0.686793
72 152 0.771899
162 342 1
616 696 1
462 522 1
72 152 0.855803
144 304 0.938109
1078 1218 1
126 266 1
308 348 0.955582
924 1044 1
1078 1218 0.708632
90 190 0.662869
162 342 1
616 696 0.905837
770 870 1
1232 1392 0.964271
308 348 1
924 1044 1
54 114 1
144 304 1
308 348 0.609961
144 304 0.823591
108 228 1
1078 1218 0.87891
180 380 0.711526
126 266 0.685432
616 696 1
1078 1218 1
924 1044 1
616 696 1
126 266 1
108 228 0.72504
770 870 0.628328
154 174 1
36 76 1
770 870 0.966021
1232 1392 0.927695
770 870 1
462 522 1
1386 1566 0.706188
90 190 1
36 76 1
462 522 1
144 304 1
1078 1218 0.737008
1540 1740 0.886531
154 174 0.800155
1386 1566 1
616 696 1
108 228 1
72 152 1
462 522 0.585596
924 1044 0.984309
924 1044 1
162 342 0.784662
1232 1392 0.882822
108 228 1
1386 1566 1
924 1044 0.824408
924 1044 1
154 174 0.839905
308 348 1
616 696 0.894895
180 380 1
36 76 1
54 114 1
924 1044 0.882386
36 76 0.880514
462 522 0.765018
144 304 1
108 228 1
1078 1218 1
154 174 1
308 348 0.674459
54 114 1
308 348 1
1386 1566 0.844175
770 870 0.6093
108 228 0.973108
308 348 1
162 342 0.825083
108 228 0.986965
308 348 0.83462
616 696 1
462 522 0.907957
54 114 1
126 266 0.871268
54 114 0.829114
616 696 0.808609
1078 1218 1
462 522 0.945416
1540 1740 0.82477
616 696 1
308 348 1
126 266 1
308 348 1
770 870 0.823235
154 174 1
144 304 0.92527
126 266 0.925457
162 342 0.826689
54 114 0.943073
90 190 1
108 228 1
462 522 1
462 522 1
162 342 0.724076
144 304 1
144 304 0.872974
154 174 1
144 304 1
770 870 1
1540 1740 0.884162
126 266 0.738684
144 304 1
770 870 1
308 348 1
108 228 0.827634
462 522 1
108 228 0.925749
462 522 0.815275
72 152 1
462 522 1
72 152 1
126 266 1
1232 1392 0.966688
308 348 1
18 38 0.859371
924 1044 0.930134
462 522 1
180 380 1
462 522 1
144 304 1
1078 1218 1
162 342 1
108 228 1
126 266 1
126 266 1
770 870 1
90 190 0.895274
18 38 0.653927
36 76 1
924 1044 1
54 114 0.839665
144 304 1
126 266 0.522923
1232 1392 1
18 38 1
1078 1218 1
1540 1740 1
924 1044 1
18 38 0.702924
1540 1740 1
144 304 1
462 522 1
144 304 0.913235
108 228 1
1078 1218 0.799425
1540 1740 0.668221
162 342 0.867985
770 870 0.941848
36 76 1
18 38 1
108 228 0.960309
54 114 1
1540 1740 1
36 76 0.863317
1386 1566 1
154 174 0.819829
72 152 0.890642
144 304 0.812678
72 152 0.871923
1540 1740 1
1232 1392 1
462 522 0.81664
72 152 0.978154
144 304 0.871179
90 190 0.94493
1232 1392 0.772795
154 174 1
144 304 1
616 696 0.965866
770 870 1
108 228 0.895035
126 266 0.742367
90 190 0.635513
108 228 0.811281
162 342 0.892131
108 228 1
108 228 0.975213
924 1044 0.93792
1232 1392 1
180 380 1
72 152 1
108 228 0.789633
154 174 1
126 266 1
770 870 0.898376
126 266 0.887732
616 696 0.886006
1232 1392 0.792052
108 228 0.732024
1540 1740 0.885115
1386 1566 1
770 870 1
36 76 0.960076
36 76 1
108 228 0.783089
162 342 1
154 174 0.779378
1232 1392 1
1386 1566 1
616 696 0.563124
1078 1218 0.945774
126 266 0.551479
154 174 1
144 304 1
36 76 0.681223
308 348 1
1078 1218 0.919345
616 696 0.85402
616 696 0.880072
462 522 0.741936
144 304 0.890109
162 342 0.728935
1386 1566 1
462 522 0.903179
54 114 0.693495
108 228 0.904025
90 190 1
144 304 0.819718
72 152 1
462 522 0.849226
308 348 1
616 696 1
72 152 0.973208
90 190 1
36 76 0.877807
126 266 0.806106
72 152 1
770 870 0.852275
108 228 1
1232 1392 0.848036
108 228 1
462 522 1
90 190 1
1386 1566 1
462 522 1
72 152 0.913388
18 38 0.993484
54 114 0.82278
162 342 1
1540 1740 1
144 304 0.920601
180 380 1
1540 1740 0.963645
462 522 0.973113
308 348 0.918328
180 380 0.910789
54 114 1
616 696 0.635101
108 228 1
144 304 0.89151
1232 1392 1
616 696 1
1232 1392 1
144 304 1
36 76 1
154 174 1
90 190 0.813473
18 38 0.794091
616 696 0.813626
1540 1740 1
616 696 0.763225
72 152 1
162 342 1
924 1044 1
72 152 1
144 304 1
36 76 1
924 1044 1
770 870 1
1078 1218 1
108 228 1
126 266 1
616 696 0.891362
1232 1392 0.949955
72 152 0.587017
1078 1218 0.910321
54 114 0.808678
180 380 1
72 152 1
924 1044 1
770 870 1
154 174 0.977711
126 266 0.909892
108 228 1
162 342 1
144 304 0.898851
1078 1218 0.851349
90 190 1
72 152 1
144 304 0.725405
1232 1392 0.480154
180 380 1
72 152 1
108 228 0.940708
126 266 1
36 76 0.903523
36 76 1
126 266 0.800056
308 348 0.796092
308 348 0.898114
54 114 0.906509
162 342 1
180 380 1
162 342 0.820745
462 522 1
180 380 0.810961
1232 1392 1
1078 1218 0.862562
18 38 1
72 152 0.919171
616 696 1
90 190 1
126 266 1
616 696 1
180 380 1
616 696 1
308 348 0.724629
18 38 0.911476
90 190 1
462 522 0.762654
18 38 0.893474
54 114 0.909535
18 38 1
108 228 1
462 522 1
308 348 0.858371
108 228 1
308 348 0.882809
308 348 1
1386 1566 0.92969
180 380 0.902232
154 174 0.8877
1078 1218 0.673311
90 190 0.834679
1232 1392 1
1540 1740 0.985163
616 696 0.659453
1540 1740 1
126 266 1
1078 1218 0.956512
308 348 0.714676
144 304 0.988406
162 342 0.875545
162 342 1
18 38 1
162 342 0.890964
308 348 1
72 152 1
108 228 0.956104
162 342 0.853431
1232 1392 1
770 870 1
1078 1218 0.632787
108 228 1
162 342 0.894518
162 342 0.892206
1386 1566 1
36 76 1
462 522 1
770 870 1
308 348 1
162 342 1
162 342 1
144 304 1
18 38 0.96147
72 152 0.684523
54 114 1
18 38 1
36 76 1
180 380 1
1386 1566 1
616 696 0.831076
308 348 0.77931
1078 1218 1
36 76 1
308 348 1
308 348 1
72 152 0.803358
108 228 1
162 342 0.86646
308 348 0.88738
462 522 0.771945
770 870 0.913753
616 696 0.87149
36 76 0.778791
36 76 1
616 696 1
180 380 1
1232 1392 1
126 266 1
1078 1218 0.858258
924 1044 0.956437
54 114 0.947485
72 152 0.77164
54 114 0.905302
162 342 1
180 380 0.956946
144 304 0.736734
144 304 0.948523
616 696 1
108 228 1
770 870 0.928269
108 228 0.81858
18 38 0.693765
90 190 0.635549
72 152 1
108 228 1
126 266 1
90 190 1
308 348 1
924 1044 1
162 342 0.577635
72 152 0.770576
1078 1218 1
126 266 0.818185
54 114 0.91146
1232 1392 0.942294
616 696 0.772556
1540 1740 1
108 228 1
1386 1566 0.871224
308 348 1
144 304 0.934527
308 348 1
616 696 0.824238
1078 1218 0.919652
126 266 0.760353
180 380 1
108 228 0.802262
180 380 0.61449
126 266 1
1540 1740 1
924 1044 1
770 870 0.958994
770 870 1
462 522 1
144 304 0.8318
126 266 0.802049
1540 1740 1
72 152 0.934695
126 266 1
162 342 1
144 304 1
308 348 1
462 522 1
1540 1740 1
770 870 0.915207
72 152 0.716315
1232 1392 0.771479
1078 1218 0.774318
72 152 1
308 348 1
1078 1218 0.911912
162 342 1
1078 1218 1
1540 1740 1
1232 1392 1
90 190 1
1232 1392 1
616 696 1
54 114 1
1232 1392 1
1386 1566 0.980912
144 304 1
18 38 0.836685
72 152 1
72 152 0.847985
308 348 0.962641
54 114 0.820148
126 266 0.778361
36 76 1
154 174 0.749151
1232 1392 1
154 174 0.905062
1232 1392 0.968237
308 348 1
1386 1566 0.961676
108 228 0.906664
770 870 1
162 342 1
462 522 1
144 304 1
72 152 0.677341
126 266 0.826148
144 304 1
54 114 0.88859
54 114 1
162 342 0.847453
144 304 1
108 228 1
126 266 1
616 696 0.866308
54 114 1
924 1044 1
162 342 1
36 76 1
54 114 1
54 114 0.887346
1386 1566 1
308 348 1
18 38 0.919006
1232 1392 0.963706
462 522 1
1078 1218 1
770 870 1
18 38 0.89111
1232 1392 1
162 342 0.624605
924 1044 1
54 114 0.682469
1232 1392 0.845452
1078 1218 1
462 522 1
108 228 0.919503
924 1044 0.937722
108 228 1
1078 1218 0.91284
36 76 0.640595
308 348 0.870335
18 38 0.677769
462 522 1
1078 1218 0.896937
1540 1740 0.927003
924 1044 1
1540 1740 0.918877
924 1044 0.751027
126 266 0.887565
144 304 0.90837
108 228 1
1232 1392 1
162 342 0.850809
924 1044 1
72 152 1
1386 1566 1
616 696 0.854875
162 342 1
1078 1218 1
1232 1392 0.879721
462 522 0.647742
462 522 1
90 190 0.844962
54 114 1
126 266 1
1078 1218 1
1386 1566 1
616 696 0.867354
1078 1218 0.961301
54 114 0.893666
126 266 0.901604
1232 1392 1
1078 1218 1
162 342 1
154 174 1
154 174 0.922669
18 38 0.788225
144 304 0.685329
308 348 1
144 304 1
308 348 0.990457
144 304 0.808117
36 76 1
36 76 1
924 1044 0.94493
154 174 0.928986
1232 1392 1
308 348 1
126 266 1
126 266 0.858955
180 380 0.866921
144 304 1
154 174 0.908291
90 190 0.977322
616 696 1
616 696 0.787054
1540 1740 0.922855
1386 1566 1
36 76 1
162 342 0.87327
18 38 0.817785
126 266 1
1540 1740 0.920109
18 38 0.795106
770 870 1
144 304 0.757726
54 114 1
462 522 0.766332
924 1044 1
54 114 1
108 228 1
144 304 0.911774
162 342 0.932425
18 38 1
54 114 0.70712
616 696 0.984096
72 152 0.926295
162 342 0.802141
180 380 1
144 304 1
1386 1566 1
90 190 0.909931
126 266 1
154 174 1
1232 1392 1
1232 1392 0.885462
72 152 0.902075
144 304 0.884561
924 1044 1
54 114 0.954276
1386 1566 1
1232 1392 1
616 696 1
1386 1566 1
162 342 0.864274
924 1044 1
36 76 0.696012
18 38 0.976214
36 76 0.775977
126 266 1
36 76 1
72 152 1
924 1044 0.89692
180 380 0.918497
616 696 0.640838
108 228 0.905829
308 348 0.803606
90 190 1
770 870 0.618369
126 266 0.78728
308 348 1
154 174 1
90 190 1
308 348 1
36 76 0.816842
924 1044 0.920626
18 38 0.959906
108 228 1
616 696 0.736869
162 342 0.917305
1540 1740 0.832436
1078 1218 1
90 190 0.889789
54 114 0.897401
18 38 1
126 266 0.771756
108 228 0.859425
1078 1218 0.828233
462 522 0.82304
162 342 0.859838
144 304 1
72 152 1
126 266 0.903282
1078 1218 1
1232 1392 0.58702
308 348 0.726592
144 304 1
126 266 0.86745
90 190 0.861323
462 522 1
308 348 1
462 522 0.923258
36 76 1
154 174 1
180 380 0.74383
924 1044 0.767941
154 174 0.729559
162 342 0.968536
1540 1740 0.654522
162 342 0.906013
924 1044 0.840446
54 114 1
36 76 1
72 152 0.918025
162 342 0.875391
1540 1740 0.951614
108 228 1
1078 1218 1
72 152 1
162 342 0.819815
90 190 0.882939
54 114 1
616 696 1
108 228 1
90 190 1
54 114 0.856308
36 76 0.890638
36 76 0.935557
144 304 0.929994
924 1044 0.875661
462 522 0.902225
180 380 0.763942
72 152 0.723416
924 1044 0.746853
924 1044 0.934539
36 76 1
108 228 1
90 190 1
770 870 1
108 228 1
180 380 1
126 266 0.979937
72 152 1
36 76 0.699455
154 174 1
154 174 1
54 114 0.967618
180 380 0.695551
154 174 0.795542
180 380 1
126 266 1
108 228 1
924 1044 1
1232 1392 1
1232 1392 1
180 380 0.845584
90 190 1
54 114 1
36 76 0.629231
180 380 0.826291
1540 1740 1
126 266 1
18 38 1
162 342 0.799251
308 348 1
770 870 0.70069
1540 1740 1
1232 1392 1
462 522 1
180 380 1
162 342 1
1540 1740 1
126 266 0.614284
308 348 1
162 342 1
154 174 1
308 348 0.862461
616 696 1
180 380 0.875119
54 114 0.764456
126 266 0.925214
126 266 1
126 266 0.838934
924 1044 1
154 174 1
54 114 0.896011
1386 1566 1
1386 1566 0.946842
154 174 1
154 174 0.874456
770 870 1
108 228 1
154 174 0.674539
1386 1566 0.81409
90 190 0.969836
90 190 1
616 696 0.95961
36 76 1
308 348 1
462 522 0.652571
1540 1740 1
308 348 1
1078 1218 0.875773
1386 1566 1
18 38 1
308 348 1
90 190 1
54 114 1
90 190 0.934683
54 114 1
54 114 1
126 266 0.801039
924 1044 0.820836
462 522 1
162 342 1
1232 1392 0.80756
54 114 0.841421
154 174 1
126 266 1
1232 1392 1
54 114 1
1540 1740 1
18 38 1
770 870 0.882581
308 348 0.837905
162 342 1
180 380 0.823228
162 342 1
18 38 0.936245
770 870 0.906861
308 348 0.768702
154 174 1
18 38 0.845748
770 870 0.797165
154 174 0.896718
924 1044 0.875746
54 114 1
1540 1740 0.937853
180 380 0.679156
180 380 0.716818
1386 1566 0.794926
90 190 0.596194
462 522 1
72 152 1
180 380 1
1540 1740 1
154 174 1
108 228 1
90 190 1
108 228 0.652688
144 304 1
308 348 0.755138
462 522 0.757753
308 348 0.937855
108 228 1
1078 1218 0.763071
90 190 0.838783
770 870 0.787968
18 38 0.689082
1232 1392 0.917807
616 696 0.763247
18 38 1
462 522 1
72 152 0.955473
616 696 0.83265
462 522 1
126 266 1
1386 1566 1
462 522 1
72 152 0.791932
180 380 0.932974
18 38 1
126 266 1
924 1044 1
162 342 0.872115
162 342 0.810113
770 870 1
180 380 1
18 38 0.890809
1386 1566 1
162 342 1
154 174 1
1078 1218 1
18 38 1
924 1044 0.867668
162 342 0.81381
924 1044 1
462 522 0.870096
1078 1218 1
90 190 1
1386 1566 0.899347
36 76 1
770 870 1
162 342 1
126 266 1
924 1044 0.925471
154 174 0.911607
18 38 0.548406
1232 1392 1
1540 1740 0.569589
462 522 1
162 342 0.879607
90 190 1
54 114 0.876925
90 190 0.86569
616 696 1
154 174 0.942607
36 76 0.880155
1540 1740 1
1232 1392 1
770 870 1
462 522 1
72 152 1
72 152 1
72 152 1
72 152 0.717715
90 190 0.609729
154 174 0.833641
1386 1566 1
126 266 1
154 174 1
36 76 1
54 114 1
154 174 0.830281
144 304 0.736759
126 266 1
616 696 0.95662
144 304 0.859293
1078 1218 0.975112
36 76 0.908536
162 342 1
616 696 0.797989
126 266 1
180 380 1
18 38 0.936189
308 348 1
308 348 1
616 696 0.958255
144 304 0.854471
1386 1566 1
180 380 0.821038
616 696 0.921538
1078 1218 0.643671
36 76 1
462 522 0.945097
126 266 0.952981
126 266 1
1078 1218 1
54 114 0.781327
924 1044 1
770 870 1
180 380 1
616 696 0.828408
162 342 0.786895
924 1044 0.66345
924 1044 0.895655
126 266 1
36 76 1
90 190 1
72 152 1
126 266 1
924 1044 1
180 380 0.808825
770 870 0.813803
1386 1566 0.826436
1386 1566 1
72 152 0.74926
162 342 1
90 190 0.92694
54 114 0.911826
18 38 0.710462
462 522 1
1232 1392 0.644401
1078 1218 0.665079
54 114 0.989557
180 380 0.949318
144 304 1
1078 1218 1
462 522 0.911106
54 114 1
1540 1740 1
144 304 0.93737
162 342 1
144 304 0.848421
108 228 0.802304
1540 1740 1
90 190 0.761951
72 152 0.893412
1232 1392 1
1540 1740 0.914575
154 174 1
162 342 0.880601
180 380 1
462 522 1
18 38 0.66954
462 522 1
36 76 0.786631
1078 1218 0.844386
154 174 1
36 76 1
18 38 1
54 114 1
54 114 1
1078 1218 1
308 348 1
616 696 0.918491
108 228 0.882488
36 76 1
180 380 1
18 38 0.520131
90 190 1
1386 1566 1
54 114 1
144 304 0.833743
54 114 1
144 304 1
54 114 0.938728
770 870 1
72 152 1
1232 1392 0.962421
616 696 0.920554
108 228 1
108 228 0.943229
1078 1218 0.878045
308 348 0.942974
1078 1218 0.739073
144 304 1
18 38 0.920435
18 38 1
1078 1218 1
1232 1392 1
126 266 0.898478
90 190 0.945577
616 696 0.816263
770 870 1
1232 1392 0.984622
180 380 1
90 190 1
108 228 0.96059
36 76 1
924 1044 0.952228
154 174 1
1078 1218 1
144 304 0.867042
154 174 1
126 266 0.859671
462 522 1
126 266 0.897334
126 266 1
36 76 0.554013
36 76 0.887051
616 696 1
72 152 0.927112
462 522 0.94246
162 342 1
126 266 0.942986
36 76 0.59246
462 522 0.880251
616 696 0.770402
36 76 0.737877
1386 1566 1
126 266 0.791279
162 342 1
1232 1392 1
126 266 0.87404
462 522 0.757387
924 1044 0.817554
154 174 0.899501
308 348 1
462 522 0.81191
36 76 1
1386 1566 1
924 1044 1
90 190 1
54 114 1
308 348 1
616 696 0.832156
36 76 1
924 1044 1
462 522 0.933162
162 342 1
108 228 1
72 152 1
1078 1218 1
180 380 0.942244
770 870 1
72 152 0.94121
1078 1218 0.837403
90 190 1
1232 1392 0.885167
1540 1740 1
154 174 1
770 870 1
154 174 0.933078
1386 1566 1
1386 1566 1
90 190 0.875867
54 114 1
18 38 1
162 342 0.736943
90 190 1
1540 1740 0.948113
1078 1218 0.775298
36 76 0.951806
1078 1218 1
36 76 1
616 696 0.91642
36 76 1
144 304 0.909208
90 190 0.643789
462 522 1
36 76 1
770 870 1
72 152 0.839282
1078 1218 1
770 870 1
90 190 0.952345
308 348 0.730699
126 266 0.605858
308 348 1
54 114 1
36 76 0.799214
144 304 1
54 114 1
144 304 1
144 304 1
36 76 1
308 348 1
924 1044 0.745966
616 696 0.932455
1232 1392 1
126 266 0.849409
924 1044 1
162 342 1
1540 1740 1
462 522 0.713114
144 304 1
1540 1740 0.703177
72 152 0.846354
770 870 0.743098
180 380 1
36 76 0.766731
144 304 1
1232 1392 0.855151
90 190 0.918692
1540 1740 1
144 304 0.815577
108 228 1
308 348 1
770 870 0.903146
126 266 1
1386 1566 0.970275
126 266 0.903357
162 342 0.77271
616 696 0.899364
180 380 0.773686
162 342 1
770 870 1
308 348 0.824589
162 342 1
90 190 0.766275
1232 1392 1
1078 1218 1
36 76 1
108 228 1
18 38 0.730648
162 342 0.771253
154 174 1
1386 1566 0.920393
1078 1218 0.729646
616 696 1
180 380 1
108 228 0.921596
1078 1218 0.898832
180 380 0.851534
18 38 1
924 1044 1
72 152 0.819513
770 870 0.928834
54 114 1
1540 1740 1
90 190 1
308 348 1
72 152 1
616 696 1
1078 1218 0.881145
462 522 1
1232 1392 0.619895
462 522 0.882855
36 76 1
18 38 1
1540 1740 1
1386 1566 1
144 304 1
924 1044 1
90 190 0.90973
1386 1566 0.665136
924 1044 0.844341
924 1044 0.569672
18 38 0.837119
770 870 1
36 76 1
54 114 0.863757
54 114 1
144 304 1
90 190 0.786323
1078 1218 0.833283
770 870 0.722469
770 870 1
1386 1566 0.802604
126 266 0.899894
308 348 0.891164
770 870 1
924 1044 0.839916
616 696 0.869518
1078 1218 0.656615
18 38 1
1386 1566 1
18 38 0.905116
180 380 1
72 152 1
126 266 0.652197
154 174 0.695106
1078 1218 1
90 190 0.801003
72 152 0.972317
308 348 0.930049
36 76 0.819638
462 522 0.831702
1232 1392 1
770 870 0.622846
162 342 0.746251
54 114 1
1232 1392 0.961031
154 174 0.828873
