5000 1188433
1830 2030 1
1281 1421 1
371 511 1
371 511 1
159 219 1
1098 1218 1
477 657 0.843246
530 730 1
1830 2030 1
366 406 1
1464 1624 1
183 203 1
371 511 1
159 219 1
1098 1218 1
318 438 1
366 406 1
159 219 1
424 584 1
53 73 0.921189
106 146 1
53 73 1
265 365 1
106 146 1
183 203 1
318 438 1
424 584 1
106 146 1
53 73 1
424 584 1
530 730 1
1647 1827 1
915 1015 1
1098 1218 1
549 609 1
366 406 0.741981
212 292 1
1098 1218 1
732 812 1
1830 2030 1
106 146 1
212 292 1
1830 2030 1
212 292 1
183 203 1
265 365 1
371 511 1
318 438 1
53 73 0.830426
1830 2030 1
318 438 1
732 812 1
53 73 1
1281 1421 1
53 73 1
53 73 1
212 292 1
318 438 1
212 292 1
732 812 1
183 203 1
1647 1827 1
318 438 1
53 73 1
366 406 1
1830 2030 0.809917
732 812 1
732 812 1
265 365 1
212 292 1
732 812 1
732 812 1
366 406 1
1647 1827 1
265 365 1
549 609 1
53 73 1
265 365 1
366 406 1
265 365 1
530 730 1
424 584 1
1281 1421 1
549 609 1
1464 1624 1
915 1015 1
106 146 1
366 406 1
1464 1624 1
212 292 1
1098 1218 1
159 219 1
53 73 1
1830 2030 1
159 219 1
549 609 0.715107
366 406 1
265 365 1
1098 1218 1
1281 1421 1
424 584 1
106 146 1
732 812 1
106 146 1
53 73 1
159 219 1
366 406 1
1464 1624 1
477 657 1
318 438 1
53 73 1
183 203 1
915 1015 1
1647 1827 1
106 146 1
424 584 1
1098 1218 1
1647 1827 1
212 292 1
53 73 1
915 1015 1
424 584 1
477 657 1
318 438 1
106 146 1
477 657 1
1830 2030 1
212 292 0.825527
424 584 1
371 511 1
106 146 1
732 812 1
732 812 1
424 584 1
732 812 1
732 812 1
366 406 1
265 365 1
530 730 1
318 438 1
915 1015 1
212 292 1
477 657 1
530 730 1
265 365 1
530 730 1
549 609 1
265 365 1
106 146 1
371 511 1
530 730 1
1281 1421 1
106 146 1
424 584 1
1464 1624 1
371 511 1
424 584 1
1647 1827 1
1647 1827 1
159 219 1
265 365 1
183 203 1
183 203 1
1647 1827 1
183 203 1
212 292 1
732 812 1
1830 2030 1
530 730 1
106 146 1
1281 1421 1
549 609 1
106 146 1
915 1015 1
915 1015 1
1281 1421 1
1464 1624 1
1281 1421 1
159 219 1
53 73 1
106 146 1
366 406 1
1647 1827 1
366 406 1
1098 1218 1
1098 1218 1
1281 1421 1
477 657 0.832253
183 203 0.75693
1464 1624 1
732 812 1
318 438 1
366 406 1
477 657 1
159 219 1
212 292 1
1830 2030 1
1098 1218 1
53 73 1
424 584 1
265 365 1
265 365 1
53 73 1
915 1015 1
106 146 1
265 365 1
1830 2030 1
1464 1624 1
265 365 1
530 730 1
265 365 1
530 730 0.963913
183 203 1
212 292 1
1647 1827 1
1281 1421 1
212 292 1
530 730 1
549 609 1
265 365 1
915 1015 1
732 812 1
530 730 1
318 438 1
1830 2030 1
477 657 1
1281 1421 1
159 219 1
915 1015 1
106 146 1
53 73 0.79688
549 609 1
366 406 1
212 292 1
915 1015 1
1098 1218 1
424 584 1
53 73 1
183 203 1
53 73 0.82203
732 812 1
1098 1218 1
371 511 1
106 146 1
53 73 1
530 730 1
318 438 1
1281 1421 1
1281 1421 1
1647 1827 1
371 511 1
915 1015 1
1098 1218 1
265 365 1
212 292 1
477 657 1
424 584 1
1830 2030 1
366 406 1
1464 1624 1
1281 1421 1
318 438 1
371 511 1
549 609 1
915 1015 1
53 73 1
212 292 1
53 73 1
366 406 1
1098 1218 1
915 1015 1
106 146 1
1830 2030 1
477 657 1
1098 1218 1
1281 1421 1
1098 1218 1
1098 1218 1
53 73 1
371 511 1
106 146 1
159 219 1
477 657 1
1098 1218 1
732 812 1
549 609 1
424 584 1
1647 1827 1
1281 1421 1
1098 1218 1
530 730 1
1281 1421 1
106 146 1
530 730 1
477 657 1
477 657 1
1098 1218 1
530 730 1
549 609 1
732 812 1
366 406 1
371 511 1
366 406 1
366 406 1
371 511 1
371 511 1
530 730 1
53 73 1
1098 1218 0.63291
371 511 1
265 365 1
106 146 1
1098 1218 1
366 406 1
265 365 1
1647 1827 1
915 1015 1
732 812 1
1098 1218 1
159 219 1
424 584 1
53 73 1
159 219 1
212 292 1
212 292 1
732 812 1
53 73 1
212 292 1
732 812 1
106 146 1
732 812 1
424 584 1
1464 1624 0.970055
732 812 1
1464 1624 1
549 609 1
915 1015 1
366 406 1
915 1015 1
915 1015 1
366 406 1
1464 1624 1
732 812 1
318 438 1
1647 1827 1
265 365 1
366 406 1
424 584 0.943197
549 609 1
1464 1624 1
318 438 1
1830 2030 1
1098 1218 1
732 812 1
366 406 1
424 584 1
477 657 1
530 730 1
212 292 1
159 219 1
549 609 1
371 511 1
53 73 1
1464 1624 1
1464 1624 1
1098 1218 1
265 365 1
212 292 1
477 657 1
265 365 1
1464 1624 1
477 657 1
1098 1218 1
183 203 1
366 406 1
318 438 1
530 730 0.690092
212 292 1
915 1015 1
549 609 1
1098 1218 1
477 657 1
549 609 1
1830 2030 1
530 730 1
159 219 1
424 584 1
549 609 1
159 219 1
424 584 1
159 219 1
549 609 1
1647 1827 1
549 609 1
159 219 1
159 219 1
366 406 1
212 292 1
159 219 1
1464 1624 1
183 203 1
1281 1421 1
318 438 1
1281 1421 1
265 365 1
477 657 1
477 657 1
549 609 1
159 219 1
424 584 1
212 292 1
1830 2030 1
318 438 1
549 609 1
106 146 1
265 365 1
732 812 1
106 146 1
159 219 1
549 609 1
106 146 0.941578
106 146 1
106 146 1
1098 1218 0.632636
1647 1827 1
53 73 1
371 511 1
1098 1218 1
1647 1827 1
549 609 1
732 812 1
1830 2030 0.716245
1281 1421 1
183 203 0.890892
1098 1218 1
1281 1421 1
477 657 1
371 511 1
106 146 1
53 73 1
1281 1421 1
477 657 0.790017
1830 2030 1
1647 1827 1
159 219 1
366 406 1
371 511 1
265 365 1
183 203 1
366 406 1
159 219 1
212 292 1
1098 1218 1
159 219 1
265 365 1
1647 1827 1
366 406 1
1647 1827 1
183 203 1
477 657 1
1281 1421 1
549 609 1
424 584 1
732 812 1
106 146 1
265 365 1
1464 1624 1
183 203 1
1647 1827 1
106 146 1
1464 1624 1
183 203 1
1464 1624 1
183 203 1
424 584 1
1281 1421 1
530 730 1
106 146 1
1830 2030 1
1281 1421 1
477 657 0.921957
265 365 1
265 365 1
318 438 1
549 609 1
1281 1421 1
1281 1421 1
549 609 1
915 1015 1
1281 1421 1
53 73 1
549 609 1
265 365 1
1098 1218 1
366 406 0.915282
549 609 1
265 365 1
366 406 1
424 584 1
1464 1624 1
477 657 1
106 146 1
159 219 1
183 203 0.737306
915 1015 1
1647 1827 1
732 812 1
366 406 1
366 406 1
915 1015 0.777068
1281 1421 1
732 812 1
477 657 1
1281 1421 1
1830 2030 1
366 406 1
1647 1827 1
1830 2030 1
530 730 1
159 219 1
53 73 1
371 511 1
530 730 1
732 812 1
477 657 1
424 584 1
530 730 1
183 203 1
1464 1624 1
915 1015 1
371 511 1
366 406 1
212 292 1
106 146 1
915 1015 1
318 438 1
1464 1624 1
1647 1827 1
424 584 1
366 406 1
1647 1827 1
530 730 1
371 511 1
530 730 1
183 203 1
477 657 1
53 73 1
530 730 0.676799
366 406 1
1281 1421 1
549 609 1
1098 1218 1
530 730 1
732 812 1
549 609 1
530 730 1
265 365 1
549 609 1
1830 2030 1
318 438 1
549 609 1
424 584 1
366 406 1
371 511 1
1830 2030 1
371 511 1
265 365 1
212 292 1
1830 2030 1
1647 1827 1
183 203 1
183 203 1
1098 1218 1
212 292 1
53 73 1
371 511 1
1830 2030 1
549 609 1
1830 2030 1
1098 1218 1
424 584 1
915 1015 1
318 438 1
106 146 1
1098 1218 1
265 365 1
1464 1624 1
265 365 1
1098 1218 1
1464 1624 1
549 609 1
159 219 1
371 511 1
371 511 1
732 812 1
159 219 1
265 365 1
371 511 1
371 511 1
159 219 1
1281 1421 1
265 365 1
106 146 1
183 203 1
1281 1421 1
1281 1421 1
1281 1421 1
732 812 1
371 511 1
159 219 1
915 1015 1
212 292 1
549 609 1
477 657 1
159 219 1
424 584 1
732 812 1
159 219 1
732 812 1
106 146 1
530 730 1
1098 1218 1
1647 1827 1
53 73 1
106 146 1
366 406 1
477 657 1
1830 2030 1
265 365 1
1281 1421 1
1281 1421 1
1098 1218 1
1098 1218 1
265 365 1
265 365 1
183 203 1
1464 1624 1
318 438 1
366 406 1
915 1015 1
183 203 1
1464 1624 1
1281 1421 1
318 438 1
318 438 1
159 219 1
915 1015 1
549 609 1
106 146 1
366 406 1
424 584 0.841297
477 657 1
106 146 1
265 365 1
212 292 1
1098 1218 1
106 146 1
1647 1827 1
371 511 1
915 1015 1
318 438 1
366 406 1
915 1015 1
371 511 1
212 292 1
1830 2030 1
106 146 1
1647 1827 0.790013
318 438 1
549 609 1
1464 1624 1
1830 2030 1
159 219 1
159 219 1
549 609 1
53 73 1
265 365 1
1830 2030 1
318 438 1
366 406 1
1464 1624 0.890326
1464 1624 1
366 406 1
530 730 1
915 1015 1
1464 1624 0.901702
424 584 1
183 203 1
106 146 1
53 73 1
549 609 0.923186
53 73 1
183 203 1
318 438 1
1281 1421 1
183 203 1
530 730 1
549 609 1
106 146 1
159 219 1
549 609 1
477 657 1
477 657 1
1830 2030 1
1464 1624 1
1281 1421 1
530 730 1
159 219 1
477 657 1
265 365 1
549 609 1
732 812 1
53 73 1
159 219 1
1281 1421 1
265 365 1
371 511 1
1647 1827 1
183 203 1
1647 1827 0.869268
530 730 1
53 73 1
1281 1421 1
424 584 1
424 584 1
366 406 1
549 609 1
106 146 1
1281 1421 1
106 146 1
1830 2030 1
915 1015 0.937632
212 292 1
477 657 1
366 406 1
477 657 1
53 73 1
53 73 1
1464 1624 1
212 292 1
183 203 1
1098 1218 1
265 365 1
53 73 1
1281 1421 1
318 438 1
477 657 1
318 438 1
318 438 1
371 511 1
1647 1827 1
915 1015 1
477 657 1
915 1015 1
318 438 1
318 438 1
366 406 1
1281 1421 1
183 203 1
477 657 1
1830 2030 1
53 73 1
549 609 1
1281 1421 1
477 657 1
106 146 1
183 203 1
366 406 1
1281 1421 1
366 406 1
371 511 1
732 812 1
159 219 1
530 730 1
318 438 1
212 292 1
53 73 1
1464 1624 1
1464 1624 1
318 438 1
1098 1218 1
1647 1827 1
549 609 1
1098 1218 1
371 511 1
915 1015 1
371 511 1
477 657 1
1464 1624 1
915 1015 1
265 365 1
371 511 1
106 146 1
1464 1624 1
1647 1827 1
1464 1624 0.83017
318 438 1
1281 1421 1
371 511 1
371 511 1
1281 1421 1
159 219 1
477 657 1
549 609 0.916581
318 438 1
530 730 1
732 812 1
212 292 1
915 1015 1
1098 1218 1
318 438 1
366 406 1
265 365 1
424 584 1
159 219 1
371 511 1
549 609 1
1647 1827 1
1098 1218 1
212 292 1
366 406 1
183 203 0.872709
371 511 1
732 812 1
732 812 1
183 203 1
212 292 1
212 292 1
1281 1421 1
106 146 1
477 657 0.889492
477 657 1
212 292 1
371 511 1
53 73 1
424 584 1
477 657 1
53 73 1
915 1015 1
1464 1624 1
477 657 1
212 292 0.845034
477 657 1
732 812 1
1647 1827 1
159 219 0.819797
1281 1421 1
366 406 1
183 203 1
477 657 1
1464 1624 1
265 365 0.797425
530 730 1
318 438 1
183 203 0.863123
1281 1421 1
1281 1421 1
371 511 0.879153
477 657 1
53 73 0.992114
318 438 1
371 511 1
1281 1421 1
183 203 1
159 219 1
732 812 1
106 146 1
915 1015 1
530 730 1
371 511 1
106 146 1
549 609 1
318 438 1
318 438 1
477 657 1
477 657 1
1098 1218 1
1464 1624 1
318 438 1
1464 1624 1
106 146 1
212 292 1
183 203 1
1281 1421 1
1098 1218 1
366 406 1
915 1015 0.785115
159 219 1
159 219 1
106 146 1
159 219 1
371 511 1
265 365 1
265 365 1
915 1015 1
183 203 1
1464 1624 1
424 584 1
915 1015 1
732 812 1
1281 1421 1
530 730 1
549 609 1
549 609 0.893609
1830 2030 1
1830 2030 1
371 511 1
106 146 1
318 438 1
477 657 1
732 812 1
106 146 0.957445
53 73 0.605471
530 730 1
212 292 1
424 584 1
530 730 1
732 812 0.75996
1098 1218 1
1281 1421 1
915 1015 1
1098 1218 1
1281 1421 1
530 730 1
1281 1421 1
53 73 1
53 73 1
212 292 1
1098 1218 1
183 203 1
371 511 1
371 511 1
530 730 1
915 1015 1
265 365 1
183 203 1
915 1015 1
1464 1624 1
53 73 1
159 219 1
159 219 1
477 657 1
159 219 1
53 73 1
265 365 1
265 365 1
53 73 1
366 406 1
530 730 1
477 657 1
424 584 1
366 406 1
1647 1827 1
1830 2030 1
477 657 1
106 146 1
212 292 1
106 146 1
530 730 1
530 730 1
371 511 1
1281 1421 1
732 812 1
424 584 1
915 1015 1
1647 1827 1
183 203 1
212 292 1
1464 1624 1
1281 1421 1
530 730 1
1281 1421 1
212 292 1
265 365 1
424 584 1
1098 1218 1
159 219 1
424 584 1
265 365 1
1830 2030 1
424 584 0.938724
159 219 1
915 1015 1
212 292 1
106 146 1
732 812 1
265 365 1
366 406 1
53 73 1
1281 1421 1
530 730 1
915 1015 1
366 406 1
371 511 1
1830 2030 1
477 657 1
366 406 1
371 511 1
1464 1624 1
1281 1421 1
106 146 1
1281 1421 1
371 511 1
915 1015 1
212 292 1
366 406 1
732 812 1
1281 1421 1
732 812 1
530 730 1
371 511 1
159 219 1
1830 2030 1
477 657 1
318 438 1
106 146 1
732 812 1
1464 1624 1
366 406 1
530 730 1
318 438 1
1098 1218 1
477 657 1
477 657 1
265 365 1
1098 1218 1
183 203 1
371 511 1
159 219 1
366 406 1
53 73 1
915 1015 1
477 657 1
106 146 1
318 438 1
1281 1421 1
549 609 1
265 365 1
183 203 1
265 365 1
371 511 1
732 812 1
915 1015 0.917818
265 365 1
212 292 1
530 730 1
1830 2030 1
212 292 1
1098 1218 1
265 365 1
915 1015 1
366 406 1
915 1015 1
1647 1827 1
53 73 1
530 730 1
549 609 0.873824
1281 1421 1
318 438 1
1098 1218 1
106 146 1
212 292 1
265 365 1
183 203 1
53 73 1
477 657 1
424 584 1
183 203 1
1464 1624 1
318 438 1
549 609 1
1281 1421 1
183 203 1
1098 1218 1
212 292 1
53 73 1
318 438 1
53 73 1
371 511 1
1098 1218 1
371 511 1
53 73 1
1830 2030 1
106 146 1
159 219 1
915 1015 1
1830 2030 1
1281 1421 1
530 730 1
530 730 1
366 406 1
1830 2030 1
371 511 1
106 146 1
1830 2030 1
732 812 1
477 657 1
53 73 1
530 730 1
549 609 1
915 1015 1
212 292 1
1281 1421 1
530 730 1
265 365 1
915 1015 1
212 292 1
477 657 1
212 292 1
318 438 1
477 657 1
1830 2030 1
530 730 0.723872
212 292 1
159 219 1
424 584 1
1098 1218 1
212 292 1
106 146 1
732 812 1
732 812 1
371 511 1
106 146 1
53 73 1
1281 1421 1
1281 1421 1
424 584 1
1830 2030 1
915 1015 1
212 292 1
530 730 1
477 657 1
212 292 1
366 406 1
1464 1624 1
371 511 1
53 73 1
1464 1624 1
1098 1218 1
1830 2030 1
371 511 1
424 584 1
106 146 1
366 406 1
1281 1421 1
53 73 1
915 1015 1
183 203 1
915 1015 1
424 584 1
530 730 1
212 292 1
732 812 1
366 406 1
549 609 1
915 1015 0.946951
732 812 1
371 511 1
106 146 1
1830 2030 1
1281 1421 1
477 657 1
318 438 1
212 292 1
530 730 1
318 438 1
1098 1218 1
318 438 1
1830 2030 1
1281 1421 1
424 584 1
530 730 1
265 365 1
1098 1218 1
183 203 1
371 511 1
1464 1624 1
530 730 1
549 609 1
183 203 1
915 1015 1
477 657 1
1830 2030 1
424 584 1
477 657 0.791146
1830 2030 1
732 812 1
53 73 1
1281 1421 1
549 609 1
53 73 1
265 365 1
366 406 1
53 73 1
159 219 1
318 438 1
477 657 1
265 365 1
265 365 1
212 292 1
732 812 1
366 406 1
212 292 1
212 292 1
159 219 1
1830 2030 1
183 203 1
265 365 1
732 812 1
159 219 1
53 73 1
732 812 0.776326
1098 1218 1
1647 1827 0.746151
424 584 1
1647 1827 1
424 584 1
318 438 1
1098 1218 1
159 219 1
424 584 1
1464 1624 1
265 365 1
477 657 1
530 730 1
1647 1827 1
318 438 1
1281 1421 1
1098 1218 1
1830 2030 1
530 730 1
1830 2030 1
212 292 1
371 511 1
1464 1624 1
371 511 1
183 203 1
477 657 1
424 584 1
1281 1421 1
1830 2030 1
477 657 1
1830 2030 1
318 438 1
549 609 1
424 584 1
371 511 1
424 584 1
1098 1218 1
159 219 1
530 730 1
53 73 1
1464 1624 1
1464 1624 1
318 438 1
159 219 1
212 292 1
265 365 0.817446
915 1015 1
1281 1421 1
159 219 1
159 219 1
549 609 1
915 1015 0.937745
530 730 1
530 730 0.847476
318 438 1
1281 1421 1
366 406 1
366 406 1
424 584 1
530 730 1
183 203 1
318 438 1
371 511 1
159 219 1
371 511 1
1098 1218 1
1281 1421 1
265 365 0.674555
1464 1624 1
477 657 1
366 406 1
371 511 1
549 609 1
106 146 0.887673
212 292 1
53 73 1
1098 1218 1
183 203 1
1281 1421 1
477 657 1
530 730 1
183 203 1
212 292 1
530 730 1
1647 1827 1
318 438 1
318 438 1
212 292 1
1830 2030 1
424 584 1
1098 1218 1
159 219 1
1830 2030 1
424 584 1
318 438 1
1830 2030 1
424 584 1
212 292 1
318 438 0.899197
549 609 1
183 203 1
1830 2030 1
477 657 1
477 657 1
915 1015 1
183 203 1
366 406 1
549 609 1
265 365 1
371 511 1
530 730 1
53 73 1
915 1015 1
1281 1421 1
366 406 1
318 438 1
265 365 1
477 657 1
106 146 1
265 365 1
265 365 1
371 511 1
477 657 1
915 1015 1
477 657 1
530 730 1
265 365 1
1281 1421 1
424 584 1
1281 1421 0.916878
53 73 1
549 609 1
183 203 1
1830 2030 1
1464 1624 1
265 365 1
366 406 1
549 609 1
53 73 1
530 730 1
477 657 1
212 292 1
732 812 1
106 146 1
424 584 1
53 73 1
1464 1624 1
732 812 1
732 812 1
212 292 1
530 730 1
530 730 1
549 609 1
915 1015 1
183 203 1
318 438 1
212 292 1
318 438 1
371 511 1
1281 1421 1
183 203 1
318 438 1
53 73 1
159 219 0.633618
1098 1218 1
1281 1421 1
1647 1827 1
1464 1624 1
371 511 1
1281 1421 0.837996
159 219 1
1647 1827 1
915 1015 0.821032
530 730 1
183 203 1
53 73 1
915 1015 1
366 406 1
106 146 0.767186
366 406 0.914055
265 365 1
477 657 1
424 584 1
1281 1421 1
732 812 1
265 365 1
318 438 1
477 657 1
318 438 1
106 146 1
1281 1421 1
53 73 1
183 203 1
477 657 1
159 219 1
318 438 1
915 1015 1
1464 1624 1
424 584 1
318 438 1
366 406 1
318 438 1
1830 2030 1
366 406 1
212 292 1
371 511 1
53 73 1
212 292 1
318 438 1
371 511 1
318 438 1
915 1015 1
1098 1218 1
1464 1624 1
1281 1421 1
732 812 1
1464 1624 1
366 406 1
106 146 0.897964
915 1015 1
1830 2030 1
318 438 1
265 365 1
424 584 1
915 1015 1
265 365 1
212 292 1
1464 1624 1
1647 1827 1
212 292 1
106 146 1
1647 1827 1
1830 2030 1
1281 1421 0.89207
1647 1827 0.729308
530 730 1
915 1015 1
530 730 1
1464 1624 1
371 511 1
732 812 1
106 146 1
1098 1218 1
530 730 1
477 657 1
1464 1624 1
915 1015 0.965265
159 219 1
183 203 1
549 609 1
1464 1624 1
366 406 1
265 365 1
1281 1421 1
106 146 1
1464 1624 1
530 730 1
1647 1827 1
1464 1624 1
530 730 1
477 657 1
159 219 1
732 812 1
212 292 1
549 609 0.913634
318 438 1
371 511 1
212 292 1
1647 1827 1
159 219 1
1647 1827 1
53 73 1
53 73 1
1830 2030 1
549 609 1
915 1015 1
53 73 1
183 203 1
371 511 1
1098 1218 1
477 657 1
1647 1827 1
265 365 1
1281 1421 1
53 73 1
159 219 1
1647 1827 1
318 438 0.862669
1830 2030 1
424 584 1
549 609 1
366 406 1
477 657 1
371 511 1
477 657 1
212 292 1
318 438 1
159 219 1
318 438 1
53 73 1
159 219 1
366 406 1
1281 1421 1
212 292 1
318 438 1
530 730 1
1464 1624 1
371 511 1
1647 1827 0.527196
477 657 1
318 438 1
477 657 1
1830 2030 1
212 292 1
183 203 1
212 292 1
1647 1827 1
1830 2030 1
106 146 1
318 438 1
366 406 1
106 146 1
265 365 1
1464 1624 1
1464 1624 1
530 730 0.89082
53 73 1
915 1015 1
159 219 1
732 812 1
318 438 1
1830 2030 1
1830 2030 0.80839
183 203 1
53 73 1
366 406 1
1647 1827 1
212 292 1
265 365 1
1281 1421 1
915 1015 0.725142
530 730 1
424 584 1
183 203 1
212 292 1
183 203 1
212 292 1
530 730 1
106 146 1
549 609 1
53 73 1
183 203 0.775445
732 812 1
183 203 1
530 730 1
549 609 1
183 203 1
530 730 1
212 292 1
1098 1218 1
371 511 1
530 730 1
1281 1421 1
212 292 1
1281 1421 1
549 609 1
159 219 1
1647 1827 1
212 292 1
159 219 1
530 730 1
1830 2030 1
159 219 1
1464 1624 1
366 406 1
212 292 1
159 219 1
183 203 1
371 511 1
53 73 1
915 1015 1
212 292 1
183 203 1
1830 2030 1
159 219 1
53 73 1
1281 1421 1
1647 1827 1
371 511 1
212 292 1
159 219 1
1281 1421 1
1830 2030 1
1647 1827 1
732 812 1
183 203 1
265 365 1
1647 1827 1
915 1015 1
159 219 1
530 730 1
1464 1624 1
106 146 1
53 73 1
530 730 1
732 812 1
106 146 1
530 730 1
1281 1421 1
366 406 1
549 609 1
371 511 1
318 438 1
477 657 1
477 657 1
1647 1827 1
265 365 1
159 219 1
1098 1218 1
159 219 1
530 730 1
106 146 1
732 812 1
212 292 1
366 406 1
1281 1421 1
212 292 1
212 292 1
212 292 1
530 730 1
212 292 1
549 609 1
265 365 1
915 1015 1
1830 2030 1
915 1015 1
106 146 1
371 511 1
732 812 1
159 219 1
1098 1218 1
265 365 1
915 1015 1
915 1015 1
159 219 1
915 1015 1
159 219 0.742697
1647 1827 1
265 365 0.940553
53 73 1
159 219 1
183 203 1
424 584 1
530 730 1
212 292 1
530 730 1
53 73 1
53 73 1
371 511 1
1464 1624 1
371 511 1
212 292 1
265 365 1
159 219 1
1464 1624 1
53 73 1
530 730 1
549 609 1
477 657 1
53 73 1
1830 2030 0.659046
371 511 1
549 609 1
549 609 1
318 438 1
53 73 1
549 609 1
106 146 1
212 292 1
915 1015 1
549 609 1
159 219 1
1281 1421 1
424 584 1
424 584 1
371 511 1
1830 2030 1
183 203 1
1830 2030 1
424 584 1
1281 1421 1
424 584 1
212 292 1
366 406 0.900544
212 292 1
1830 2030 1
1464 1624 1
549 609 1
1830 2030 1
371 511 1
318 438 1
366 406 1
366 406 1
549 609 1
530 730 1
1098 1218 1
371 511 1
366 406 1
106 146 1
732 812 1
424 584 1
53 73 1
159 219 1
1830 2030 1
1647 1827 1
915 1015 1
53 73 1
371 511 1
1098 1218 1
424 584 1
371 511 1
53 73 1
318 438 1
1647 1827 1
366 406 1
549 609 1
1281 1421 0.755363
477 657 1
549 609 1
424 584 1
212 292 1
1464 1624 1
265 365 1
732 812 1
1098 1218 1
183 203 1
106 146 1
915 1015 1
106 146 1
732 812 0.79512
424 584 1
1464 1624 1
159 219 1
53 73 1
477 657 0.786718
915 1015 1
915 1015 1
1464 1624 1
530 730 1
159 219 1
1647 1827 1
1830 2030 1
265 365 1
477 657 1
1647 1827 1
732 812 1
477 657 1
53 73 1
1647 1827 1
1647 1827 1
371 511 1
183 203 1
1647 1827 1
371 511 1
477 657 1
477 657 1
159 219 1
477 657 1
1464 1624 0.775512
915 1015 1
183 203 1
371 511 1
1281 1421 1
212 292 1
159 219 1
477 657 1
915 1015 1
549 609 1
53 73 1
530 730 1
530 730 1
53 73 1
549 609 1
366 406 1
53 73 1
530 730 1
53 73 1
371 511 1
212 292 1
318 438 1
1281 1421 1
159 219 1
424 584 1
1464 1624 1
366 406 1
159 219 1
366 406 1
212 292 1
1464 1624 1
915 1015 1
1464 1624 1
212 292 1
549 609 1
53 73 1
1281 1421 1
318 438 1
318 438 1
549 609 1
53 73 1
318 438 1
530 730 1
1830 2030 1
1464 1624 1
371 511 1
159 219 1
1647 1827 1
265 365 1
1830 2030 1
106 146 1
183 203 1
53 73 1
1647 1827 1
477 657 1
265 365 1
106 146 1
265 365 1
183 203 1
915 1015 1
549 609 1
549 609 1
1464 1624 1
732 812 1
549 609 1
53 73 1
477 657 1
159 219 1
1281 1421 1
183 203 1
1098 1218 1
732 812 1
53 73 1
1647 1827 1
1464 1624 1
1647 1827 1
1281 1421 1
915 1015 1
366 406 1
265 365 1
1464 1624 1
212 292 1
915 1015 1
1281 1421 1
159 219 1
1098 1218 1
530 730 1
1464 1624 1
371 511 1
1647 1827 1
424 584 1
549 609 1
732 812 1
106 146 0.90542
159 219 1
424 584 1
318 438 1
477 657 1
212 292 1
183 203 1
1647 1827 1
159 219 1
371 511 1
424 584 1
1281 1421 1
183 203 1
183 203 1
106 146 1
477 657 1
549 609 0.981048
366 406 1
1647 1827 1
1647 1827 1
183 203 1
366 406 1
265 365 1
366 406 1
159 219 1
1281 1421 0.660497
1098 1218 1
1647 1827 1
371 511 1
424 584 1
424 584 1
318 438 1
1464 1624 1
265 365 1
424 584 1
371 511 1
106 146 1
915 1015 1
366 406 1
549 609 1
1830 2030 1
549 609 1
477 657 1
159 219 1
106 146 1
212 292 1
1647 1827 1
106 146 1
732 812 1
265 365 1
549 609 1
106 146 1
318 438 1
915 1015 1
915 1015 1
1281 1421 1
212 292 1
212 292 1
159 219 1
1830 2030 1
212 292 1
318 438 1
915 1015 1
1830 2030 1
1281 1421 1
1098 1218 1
371 511 1
732 812 1
915 1015 1
371 511 1
1281 1421 1
1464 1624 1
1647 1827 1
1464 1624 1
53 73 1
549 609 1
477 657 1
106 146 1
265 365 1
915 1015 1
1281 1421 1
424 584 1
915 1015 1
265 365 1
424 584 1
1647 1827 1
212 292 1
53 73 1
477 657 1
915 1015 1
732 812 1
530 730 1
1647 1827 1
732 812 1
732 812 1
915 1015 1
318 438 1
477 657 1
424 584 0.769367
183 203 1
265 365 1
1464 1624 1
371 511 1
1830 2030 1
159 219 1
477 657 1
1647 1827 1
549 609 0.963382
477 657 1
549 609 1
424 584 1
732 812 1
424 584 1
732 812 1
53 73 1
732 812 1
1281 1421 1
366 406 1
1098 1218 1
159 219 1
53 73 1
265 365 1
549 609 0.964257
1830 2030 1
424 584 1
1830 2030 1
1830 2030 1
106 146 1
915 1015 1
1281 1421 1
530 730 1
366 406 1
212 292 1
212 292 1
318 438 1
1464 1624 1
53 73 1
1830 2030 1
183 203 1
159 219 1
159 219 1
159 219 1
318 438 1
1464 1624 1
159 219 1
53 73 0.946743
1281 1421 1
265 365 1
366 406 1
53 73 1
318 438 1
1830 2030 1
1098 1218 1
183 203 1
159 219 1
159 219 1
477 657 1
106 146 1
477 657 1
1830 2030 1
212 292 1
53 73 1
549 609 1
53 73 1
53 73 1
106 146 1
265 365 1
1098 1218 1
106 146 1
732 812 1
53 73 0.93518
1647 1827 1
53 73 1
915 1015 1
106 146 1
915 1015 1
530 730 1
732 812 1
318 438 1
366 406 1
366 406 1
318 438 1
1647 1827 1
53 73 1
732 812 1
265 365 1
1281 1421 1
477 657 1
371 511 1
265 365 1
530 730 1
530 730 1
1098 1218 1
106 146 1
318 438 1
318 438 1
1647 1827 1
1281 1421 1
530 730 1
477 657 1
371 511 1
1464 1624 1
549 609 1
732 812 1
1647 1827 0.773129
159 219 1
477 657 1
1098 1218 1
1647 1827 1
530 730 1
530 730 1
915 1015 1
1647 1827 1
1647 1827 0.845254
477 657 1
1647 1827 1
1464 1624 1
1830 2030 1
318 438 1
549 609 1
1830 2030 1
366 406 0.928357
53 73 1
1281 1421 0.825986
106 146 1
424 584 1
183 203 1
1098 1218 1
159 219 1
371 511 1
159 219 1
265 365 1
549 609 1
212 292 0.898749
159 219 1
424 584 1
1464 1624 1
424 584 1
183 203 1
1647 1827 1
1281 1421 1
371 511 1
1647 1827 1
549 609 1
318 438 1
318 438 1
265 365 1
318 438 1
1647 1827 1
212 292 1
1281 1421 1
1647 1827 1
424 584 1
53 73 1
477 657 1
1098 1218 1
183 203 1
915 1015 1
212 292 1
530 730 1
530 730 1
732 812 1
530 730 1
183 203 1
1647 1827 1
106 146 1
732 812 1
1464 1624 0.69957
1830 2030 1
318 438 1
477 657 1
549 609 1
318 438 1
53 73 1
1647 1827 1
477 657 1
318 438 1
1647 1827 1
318 438 1
1098 1218 1
53 73 1
915 1015 1
732 812 1
530 730 1
265 365 1
366 406 1
549 609 1
549 609 1
318 438 1
183 203 1
371 511 1
366 406 0.849219
424 584 1
530 730 1
477 657 1
106 146 1
183 203 1
549 609 1
183 203 1
1647 1827 1
477 657 1
1281 1421 1
732 812 1
159 219 1
477 657 1
183 203 1
732 812 1
1281 1421 0.631751
265 365 1
53 73 1
1281 1421 1
1464 1624 0.828802
915 1015 1
371 511 1
106 146 1
1830 2030 1
732 812 1
549 609 1
477 657 1
183 203 1
1830 2030 1
549 609 1
549 609 1
1281 1421 1
1647 1827 1
1830 2030 1
53 73 1
477 657 1
1281 1421 1
318 438 1
1464 1624 1
183 203 1
183 203 1
1830 2030 1
183 203 1
106 146 1
1098 1218 1
1464 1624 1
53 73 1
424 584 1
159 219 1
371 511 1
1647 1827 1
212 292 1
318 438 1
106 146 1
915 1015 1
530 730 0.896364
1830 2030 1
53 73 1
1830 2030 1
106 146 1
212 292 1
106 146 1
732 812 1
1098 1218 1
318 438 1
477 657 1
732 812 1
915 1015 1
1281 1421 1
183 203 1
1830 2030 1
477 657 1
477 657 1
1098 1218 0.921851
915 1015 1
1281 1421 1
549 609 1
732 812 1
530 730 1
212 292 1
1281 1421 1
366 406 1
477 657 1
366 406 1
183 203 1
318 438 1
1647 1827 1
212 292 1
1464 1624 1
159 219 1
915 1015 1
159 219 1
1830 2030 1
265 365 1
1281 1421 1
1281 1421 1
732 812 1
159 219 1
371 511 1
265 365 1
183 203 1
53 73 1
183 203 1
530 730 1
1464 1624 1
371 511 1
1647 1827 1
1647 1827 1
265 365 1
318 438 1
1647 1827 1
53 73 1
159 219 1
732 812 1
212 292 1
183 203 1
106 146 1
477 657 1
318 438 1
212 292 1
1830 2030 1
159 219 1
1647 1827 1
318 438 1
106 146 1
424 584 1
371 511 1
371 511 1
366 406 0.96347
530 730 1
549 609 1
366 406 1
1464 1624 1
1647 1827 1
212 292 1
106 146 1
1647 1827 1
159 219 1
915 1015 1
371 511 1
1647 1827 1
530 730 1
318 438 1
1464 1624 1
106 146 1
212 292 1
530 730 0.832694
477 657 1
1281 1421 1
549 609 1
212 292 1
366 406 1
183 203 1
318 438 1
1281 1421 1
530 730 1
1647 1827 1
915 1015 1
371 511 1
1098 1218 1
53 73 1
159 219 0.830952
159 219 1
183 203 1
1098 1218 0.569503
915 1015 1
53 73 1
1281 1421 1
318 438 1
159 219 1
424 584 1
1464 1624 1
366 406 1
530 730 1
915 1015 1
477 657 1
530 730 1
549 609 1
1098 1218 1
159 219 1
106 146 1
1830 2030 1
1464 1624 1
366 406 1
424 584 1
424 584 1
915 1015 1
549 609 1
424 584 1
159 219 1
1464 1624 1
366 406 1
549 609 1
183 203 1
1647 1827 1
159 219 1
183 203 1
1281 1421 1
159 219 1
159 219 1
212 292 0.824572
1647 1827 1
183 203 1
159 219 1
265 365 1
732 812 1
549 609 1
915 1015 1
183 203 1
318 438 1
371 511 1
318 438 1
1464 1624 1
1281 1421 1
318 438 1
1098 1218 1
53 73 1
477 657 1
424 584 1
265 365 1
477 657 1
549 609 1
212 292 1
915 1015 1
530 730 1
424 584 0.932166
212 292 1
183 203 1
1098 1218 1
106 146 1
183 203 1
212 292 1
1098 1218 1
530 730 1
371 511 1
183 203 0.733822
183 203 1
530 730 1
530 730 1
1464 1624 1
212 292 1
183 203 1
106 146 0.713264
159 219 1
477 657 1
530 730 1
1464 1624 1
1464 1624 1
159 219 1
1830 2030 1
424 584 1
183 203 1
1281 1421 1
212 292 1
1830 2030 1
53 73 1
53 73 1
212 292 1
366 406 1
1830 2030 1
1281 1421 1
159 219 1
1281 1421 1
106 146 1
366 406 1
1830 2030 1
477 657 0.956325
371 511 1
915 1015 1
1098 1218 1
212 292 1
366 406 1
424 584 1
1098 1218 1
265 365 1
159 219 1
183 203 0.905504
1098 1218 1
318 438 1
1098 1218 1
549 609 1
183 203 1
371 511 1
371 511 1
53 73 1
530 730 1
1098 1218 1
366 406 1
1098 1218 1
1647 1827 1
549 609 1
424 584 0.899074
53 73 1
106 146 1
265 365 1
1647 1827 1
915 1015 1
371 511 1
265 365 1
1281 1421 1
530 730 1
1830 2030 1
371 511 1
53 73 1
477 657 0.984486
371 511 1
549 609 1
371 511 1
915 1015 1
212 292 1
366 406 1
732 812 1
159 219 1
265 365 1
549 609 1
53 73 1
1098 1218 1
183 203 1
530 730 1
424 584 1
1647 1827 1
1830 2030 1
549 609 1
424 584 1
1464 1624 1
1464 1624 1
212 292 1
1830 2030 1
1098 1218 1
424 584 1
424 584 1
732 812 1
549 609 1
1098 1218 1
265 365 1
183 203 1
212 292 1
424 584 1
212 292 1
318 438 1
1647 1827 1
366 406 1
159 219 1
1647 1827 1
1098 1218 1
1464 1624 1
732 812 1
1098 1218 1
732 812 1
366 406 1
371 511 1
477 657 1
1830 2030 1
366 406 1
915 1015 1
106 146 1
424 584 1
1830 2030 1
530 730 1
1464 1624 0.919409
1464 1624 1
1464 1624 1
53 73 1
318 438 1
424 584 1
1464 1624 1
915 1015 1
530 730 1
1464 1624 1
106 146 1
366 406 1
549 609 1
183 203 1
53 73 1
1647 1827 1
371 511 0.738923
53 73 1
212 292 1
183 203 1
371 511 1
371 511 1
106 146 1
159 219 1
265 365 1
106 146 1
183 203 1
1281 1421 1
549 609 1
106 146 1
1464 1624 1
265 365 1
265 365 1
53 73 1
1647 1827 0.82998
1647 1827 1
265 365 1
549 609 1
1281 1421 1
212 292 1
318 438 1
183 203 1
477 657 1
1647 1827 1
1647 1827 1
371 511 1
265 365 1
1830 2030 1
371 511 1
106 146 1
1830 2030 1
1464 1624 1
366 406 1
477 657 1
549 609 1
1647 1827 1
106 146 1
732 812 1
549 609 1
265 365 1
183 203 1
1464 1624 1
530 730 1
477 657 1
212 292 1
53 73 1
53 73 0.930004
371 511 1
1098 1218 1
318 438 1
159 219 1
212 292 0.852591
159 219 1
1464 1624 1
424 584 0.933978
366 406 0.906611
549 609 1
106 146 1
366 406 1
424 584 1
371 511 1
530 730 1
159 219 1
212 292 1
371 511 1
1647 1827 1
1647 1827 1
1830 2030 1
1098 1218 1
915 1015 1
915 1015 1
1098 1218 0.690225
183 203 0.705761
318 438 1
53 73 1
424 584 1
159 219 1
212 292 1
265 365 1
915 1015 1
1647 1827 1
1647 1827 1
371 511 1
106 146 1
1830 2030 1
1830 2030 1
549 609 1
1281 1421 1
424 584 1
477 657 1
1098 1218 1
53 73 1
366 406 1
732 812 1
371 511 1
1098 1218 1
549 609 1
371 511 1
915 1015 1
318 438 1
915 1015 1
915 1015 1
1830 2030 1
1281 1421 0.894884
106 146 1
1098 1218 1
318 438 1
424 584 1
53 73 1
424 584 1
1647 1827 1
106 146 1
212 292 1
106 146 1
1464 1624 1
1647 1827 1
265 365 1
530 730 1
732 812 1
1647 1827 1
1647 1827 1
371 511 1
549 609 1
212 292 1
1830 2030 1
159 219 1
424 584 1
106 146 1
1098 1218 1
159 219 1
366 406 1
1647 1827 1
1098 1218 1
265 365 1
530 730 1
212 292 1
159 219 1
732 812 1
915 1015 1
106 146 1
318 438 1
732 812 1
1647 1827 1
159 219 0.784977
212 292 1
183 203 1
1098 1218 1
549 609 1
371 511 1
53 73 1
212 292 1
106 146 1
915 1015 1
732 812 1
1281 1421 1
53 73 1
1098 1218 1
732 812 1
183 203 1
915 1015 1
1830 2030 1
732 812 1
371 511 0.78104
530 730 1
1281 1421 1
530 730 1
549 609 1
265 365 1
106 146 1
477 657 1
183 203 1
1464 1624 1
53 73 1
549 609 1
1830 2030 1
53 73 1
106 146 1
53 73 1
371 511 1
371 511 1
732 812 1
183 203 0.877554
265 365 1
366 406 1
212 292 1
1281 1421 1
915 1015 1
159 219 1
1647 1827 1
371 511 1
1098 1218 1
915 1015 1
366 406 1
732 812 1
1098 1218 1
477 657 0.909737
1281 1421 1
732 812 1
371 511 1
477 657 1
159 219 1
318 438 1
1830 2030 1
1464 1624 1
530 730 1
1281 1421 1
371 511 1
549 609 1
159 219 0.690058
1464 1624 1
318 438 1
318 438 1
159 219 1
106 146 1
106 146 1
1830 2030 1
183 203 1
159 219 1
366 406 1
159 219 1
53 73 1
530 730 1
318 438 1
183 203 1
366 406 1
1647 1827 1
53 73 1
1098 1218 1
424 584 1
530 730 1
183 203 1
366 406 1
1098 1218 1
1830 2030 1
159 219 1
212 292 1
183 203 1
159 219 1
732 812 1
183 203 1
106 146 1
212 292 1
732 812 1
1098 1218 1
318 438 1
549 609 1
530 730 1
424 584 1
106 146 1
424 584 1
212 292 1
106 146 1
212 292 1
212 292 1
265 365 1
1647 1827 1
549 609 1
371 511 1
265 365 1
549 609 1
265 365 1
477 657 1
530 730 1
1830 2030 1
265 365 1
1098 1218 1
371 511 1
1464 1624 0.947879
1464 1624 1
915 1015 1
1647 1827 1
106 146 1
1098 1218 1
366 406 1
732 812 1
915 1015 1
530 730 1
477 657 1
371 511 1
371 511 1
1098 1218 1
1830 2030 1
1281 1421 1
159 219 1
1098 1218 1
1464 1624 1
159 219 0.902286
371 511 1
1281 1421 1
53 73 1
477 657 0.588147
366 406 1
530 730 1
53 73 1
366 406 1
366 406 1
159 219 1
53 73 1
106 146 1
53 73 1
183 203 1
1464 1624 1
318 438 1
1281 1421 1
1464 1624 1
424 584 1
106 146 1
265 365 1
1098 1218 1
371 511 1
1281 1421 1
159 219 1
915 1015 1
1830 2030 1
1647 1827 1
1464 1624 1
53 73 1
1281 1421 1
915 1015 1
424 584 1
371 511 1
424 584 1
371 511 1
1647 1827 1
106 146 1
371 511 1
549 609 1
1464 1624 1
183 203 1
212 292 1
732 812 1
915 1015 1
318 438 1
915 1015 1
530 730 1
549 609 1
477 657 1
1098 1218 1
1098 1218 1
732 812 1
1098 1218 1
106 146 1
1464 1624 1
1647 1827 1
106 146 1
212 292 1
530 730 1
732 812 1
915 1015 1
1647 1827 1
212 292 1
530 730 1
371 511 1
1464 1624 1
1281 1421 1
371 511 1
106 146 1
1830 2030 1
1647 1827 1
1281 1421 1
212 292 1
1098 1218 1
424 584 1
732 812 1
183 203 1
371 511 1
366 406 1
477 657 1
106 146 1
1647 1827 1
1281 1421 1
265 365 1
549 609 1
424 584 1
549 609 1
1830 2030 1
732 812 1
424 584 1
732 812 1
159 219 1
318 438 1
265 365 1
1830 2030 1
1647 1827 1
732 812 1
1830 2030 1
371 511 1
1098 1218 1
732 812 1
530 730 1
183 203 1
1281 1421 1
1281 1421 1
1281 1421 1
1281 1421 1
732 812 1
366 406 1
1647 1827 0.932704
1464 1624 1
1098 1218 1
1647 1827 1
477 657 1
318 438 1
1464 1624 1
212 292 1
212 292 1
1281 1421 1
424 584 1
1830 2030 1
212 292 1
366 406 1
265 365 1
212 292 1
1098 1218 0.936126
159 219 1
1830 2030 1
183 203 1
1281 1421 1
477 657 1
318 438 1
1098 1218 1
212 292 1
424 584 1
183 203 1
371 511 1
159 219 1
183 203 1
183 203 1
477 657 1
183 203 1
371 511 0.777039
549 609 1
183 203 0.837621
1098 1218 1
1281 1421 1
1281 1421 1
1281 1421 1
732 812 1
1098 1218 1
1464 1624 1
159 219 1
212 292 1
53 73 1
371 511 1
477 657 1
530 730 1
1830 2030 1
366 406 1
477 657 1
1098 1218 1
1647 1827 1
915 1015 1
1830 2030 1
915 1015 0.841842
1464 1624 1
1464 1624 1
1830 2030 1
549 609 1
549 609 1
915 1015 1
366 406 1
530 730 1
371 511 1
1464 1624 1
424 584 1
1281 1421 1
106 146 1
318 438 1
1098 1218 1
549 609 1
732 812 1
1281 1421 1
106 146 1
1281 1421 1
183 203 1
915 1015 1
530 730 1
366 406 1
477 657 1
1281 1421 1
549 609 1
106 146 1
530 730 1
477 657 1
366 406 1
1464 1624 1
1647 1827 1
106 146 1
265 365 1
159 219 1
915 1015 1
477 657 1
366 406 1
366 406 1
424 584 1
106 146 1
549 609 1
318 438 1
159 219 1
106 146 1
1098 1218 1
318 438 1
549 609 1
1830 2030 1
212 292 1
915 1015 1
1464 1624 1
1464 1624 1
106 146 1
1281 1421 1
212 292 0.772284
915 1015 1
530 730 1
212 292 1
53 73 1
371 511 1
530 730 1
1281 1421 1
424 584 1
1464 1624 1
318 438 0.875153
371 511 1
106 146 1
1647 1827 1
549 609 1
424 584 1
477 657 1
1464 1624 1
424 584 1
549 609 1
318 438 0.949541
915 1015 0.615213
1830 2030 1
1647 1827 1
106 146 1
1830 2030 1
530 730 1
424 584 1
106 146 1
183 203 1
1281 1421 1
424 584 1
106 146 1
212 292 1
1281 1421 1
53 73 1
1830 2030 1
159 219 1
1830 2030 1
212 292 1
106 146 1
1647 1827 1
1098 1218 1
1098 1218 1
1281 1421 1
159 219 1
212 292 1
159 219 1
318 438 1
1830 2030 1
366 406 1
1647 1827 1
1281 1421 1
1830 2030 0.939837
212 292 1
212 292 1
1098 1218 1
1830 2030 1
477 657 0.90198
183 203 1
1281 1421 1
549 609 1
366 406 1
477 657 1
318 438 1
915 1015 1
371 511 1
477 657 1
159 219 0.689468
159 219 1
159 219 1
1647 1827 1
549 609 1
212 292 1
1647 1827 0.887883
424 584 1
318 438 1
549 609 1
371 511 1
183 203 1
732 812 1
1647 1827 1
159 219 1
424 584 1
915 1015 1
530 730 1
732 812 1
159 219 1
477 657 1
265 365 1
424 584 1
265 365 1
549 609 1
915 1015 1
53 73 0.755252
549 609 1
318 438 1
915 1015 1
1647 1827 1
530 730 1
1098 1218 1
159 219 1
106 146 1
183 203 1
477 657 1
106 146 0.723942
318 438 1
1647 1827 1
265 365 1
183 203 1
53 73 1
53 73 1
477 657 1
1098 1218 1
183 203 1
212 292 1
732 812 1
1464 1624 1
106 146 1
1464 1624 1
53 73 1
1281 1421 1
424 584 1
424 584 1
265 365 1
265 365 1
1281 1421 1
732 812 0.936116
530 730 1
212 292 1
1281 1421 1
424 584 1
1281 1421 1
265 365 1
265 365 1
1830 2030 1
183 203 1
212 292 1
318 438 1
1464 1624 1
477 657 1
424 584 1
212 292 1
732 812 1
477 657 1
1830 2030 1
549 609 1
1647 1827 0.856308
159 219 1
477 657 1
371 511 1
424 584 1
53 73 1
265 365 1
159 219 1
477 657 1
549 609 1
732 812 1
212 292 0.935617
549 609 1
477 657 1
212 292 1
424 584 1
265 365 1
1098 1218 1
549 609 1
915 1015 1
424 584 1
159 219 1
371 511 1
106 146 1
1647 1827 1
159 219 1
318 438 1
265 365 1
183 203 1
549 609 1
366 406 1
424 584 1
1830 2030 1
53 73 1
915 1015 1
915 1015 1
1098 1218 1
732 812 1
1830 2030 1
1830 2030 1
371 511 1
1830 2030 1
212 292 1
477 657 1
1281 1421 1
1647 1827 1
424 584 1
212 292 0.881513
318 438 1
424 584 1
106 146 1
106 146 0.687324
318 438 1
265 365 1
183 203 1
265 365 1
1830 2030 1
183 203 1
265 365 1
53 73 1
212 292 0.922123
212 292 1
159 219 1
159 219 1
53 73 1
106 146 1
1647 1827 1
477 657 1
915 1015 1
1464 1624 1
530 730 1
1647 1827 1
159 219 1
371 511 1
183 203 1
1098 1218 1
732 812 1
732 812 1
1464 1624 1
1098 1218 1
530 730 1
1281 1421 1
732 812 1
1647 1827 1
1281 1421 1
732 812 1
477 657 1
530 730 1
1830 2030 1
530 730 1
549 609 1
318 438 1
1830 2030 1
424 584 1
732 812 1
1647 1827 1
106 146 1
1647 1827 1
265 365 1
183 203 1
549 609 1
477 657 1
1464 1624 0.934942
371 511 0.895738
371 511 1
1098 1218 1
549 609 1
477 657 1
424 584 1
159 219 1
53 73 1
1464 1624 1
159 219 1
530 730 1
549 609 1
1098 1218 1
318 438 1
1281 1421 1
1830 2030 1
212 292 1
183 203 1
265 365 1
1830 2030 1
366 406 1
732 812 1
549 609 1
1647 1827 1
183 203 1
212 292 1
549 609 1
53 73 1
106 146 1
371 511 1
265 365 1
159 219 1
106 146 1
265 365 1
1464 1624 1
212 292 1
106 146 1
477 657 1
1281 1421 1
1830 2030 1
53 73 1
183 203 1
424 584 1
371 511 1
424 584 1
1464 1624 1
1098 1218 1
366 406 1
318 438 1
183 203 1
732 812 0.669505
212 292 1
183 203 1
732 812 1
106 146 1
549 609 1
1098 1218 1
549 609 1
1464 1624 1
318 438 1
424 584 1
1098 1218 1
477 657 1
318 438 1
183 203 1
371 511 1
159 219 1
159 219 1
1281 1421 1
265 365 1
106 146 1
53 73 1
549 609 1
366 406 0.907106
549 609 1
424 584 1
371 511 1
549 609 1
1647 1827 1
424 584 0.649001
159 219 1
549 609 1
265 365 1
732 812 1
1281 1421 1
371 511 1
477 657 1
915 1015 1
366 406 1
1830 2030 1
530 730 1
366 406 1
549 609 1
1281 1421 1
530 730 1
530 730 1
159 219 1
106 146 1
1098 1218 1
212 292 1
212 292 1
530 730 1
318 438 1
265 365 1
424 584 1
1098 1218 0.829412
530 730 1
159 219 1
549 609 1
530 730 1
1281 1421 1
1098 1218 1
265 365 1
1647 1827 1
1647 1827 1
530 730 1
106 146 1
1830 2030 1
212 292 1
732 812 1
1647 1827 1
1647 1827 1
530 730 1
366 406 1
53 73 1
1830 2030 1
212 292 0.800435
212 292 1
1281 1421 1
212 292 1
1098 1218 1
265 365 1
265 365 1
1464 1624 1
732 812 1
915 1015 1
1647 1827 1
366 406 1
530 730 1
106 146 1
732 812 1
915 1015 1
106 146 1
371 511 0.641925
1464 1624 0.919834
53 73 1
1281 1421 1
1098 1218 1
212 292 1
1281 1421 0.902327
424 584 1
1281 1421 1
1830 2030 1
106 146 1
265 365 1
265 365 1
1098 1218 1
265 365 1
549 609 1
477 657 1
159 219 1
477 657 1
1281 1421 1
732 812 1
424 584 1
183 203 0.836569
1281 1421 1
530 730 0.915002
159 219 1
424 584 1
1647 1827 1
1281 1421 1
366 406 1
53 73 1
530 730 1
53 73 1
915 1015 1
549 609 1
549 609 1
1647 1827 1
212 292 1
477 657 1
106 146 1
318 438 1
1830 2030 1
159 219 1
1281 1421 1
915 1015 1
106 146 1
366 406 1
1830 2030 1
159 219 1
183 203 1
366 406 1
549 609 1
159 219 1
1647 1827 1
549 609 1
265 365 1
477 657 1
549 609 1
106 146 1
371 511 1
366 406 0.754599
549 609 1
265 365 1
366 406 1
106 146 1
318 438 1
318 438 1
1098 1218 1
366 406 1
915 1015 1
1281 1421 1
1830 2030 1
1830 2030 1
424 584 1
106 146 1
318 438 1
1464 1624 1
183 203 1
424 584 0.942227
318 438 1
159 219 0.886826
106 146 1
159 219 1
477 657 1
53 73 1
212 292 1
530 730 1
212 292 1
1647 1827 1
366 406 1
265 365 1
371 511 1
371 511 1
159 219 0.825654
371 511 1
549 609 1
159 219 1
549 609 1
212 292 1
915 1015 1
183 203 1
371 511 1
159 219 1
732 812 1
732 812 1
424 584 1
530 730 1
1647 1827 1
265 365 1
915 1015 1
265 365 1
1281 1421 1
106 146 1
183 203 1
1464 1624 1
366 406 1
530 730 1
530 730 1
1464 1624 1
371 511 1
212 292 1
477 657 1
549 609 1
530 730 1
549 609 0.926027
1464 1624 1
366 406 1
915 1015 1
366 406 1
530 730 1
265 365 1
1098 1218 1
183 203 1
53 73 1
212 292 0.828014
371 511 1
53 73 1
183 203 1
371 511 1
915 1015 1
530 730 1
318 438 1
915 1015 1
265 365 1
183 203 1
1647 1827 1
1647 1827 1
530 730 1
1464 1624 1
549 609 1
915 1015 1
1464 1624 1
1281 1421 1
159 219 1
1098 1218 1
106 146 1
732 812 1
1830 2030 1
159 219 1
1098 1218 1
183 203 1
1464 1624 1
424 584 1
549 609 1
530 730 1
212 292 1
265 365 1
318 438 1
106 146 1
366 406 1
106 146 1
915 1015 1
371 511 1
366 406 1
265 365 1
1830 2030 1
915 1015 1
371 511 1
265 365 1
530 730 1
549 609 1
424 584 1
366 406 1
183 203 1
1281 1421 0.913552
1647 1827 1
1647 1827 1
1647 1827 1
424 584 1
1647 1827 1
477 657 1
183 203 1
477 657 1
159 219 1
915 1015 1
915 1015 1
212 292 1
1830 2030 1
1647 1827 1
1281 1421 1
371 511 1
530 730 0.860456
371 511 1
1647 1827 1
530 730 1
183 203 1
732 812 1
183 203 1
366 406 1
477 657 1
159 219 1
424 584 1
53 73 1
371 511 1
159 219 1
1647 1827 1
549 609 1
1098 1218 1
106 146 1
318 438 1
477 657 1
549 609 0.734047
106 146 1
477 657 1
183 203 0.979979
1647 1827 1
1464 1624 1
915 1015 1
212 292 1
732 812 1
366 406 1
1098 1218 1
1647 1827 1
53 73 1
106 146 1
477 657 1
159 219 1
1281 1421 1
1464 1624 1
159 219 1
265 365 1
183 203 1
530 730 1
477 657 1
1098 1218 1
915 1015 1
366 406 0.941168
530 730 1
366 406 1
1464 1624 1
53 73 1
1464 1624 1
265 365 1
265 365 1
1647 1827 1
424 584 1
1281 1421 1
371 511 1
212 292 1
915 1015 1
530 730 1
1830 2030 1
1830 2030 1
53 73 1
53 73 1
183 203 1
318 438 1
1464 1624 1
1098 1218 1
183 203 1
212 292 1
212 292 1
371 511 1
1830 2030 1
424 584 1
732 812 1
549 609 1
318 438 1
1098 1218 1
1464 1624 1
1464 1624 1
1281 1421 1
1647 1827 1
549 609 1
477 657 1
1281 1421 1
477 657 1
1464 1624 1
1281 1421 1
1464 1624 1
265 365 1
1098 1218 1
371 511 1
530 730 1
159 219 1
915 1015 1
1098 1218 1
265 365 1
159 219 1
159 219 1
371 511 0.720492
265 365 1
265 365 1
318 438 1
265 365 1
1464 1624 1
1830 2030 1
159 219 1
424 584 1
732 812 1
1464 1624 1
265 365 0.890734
318 438 1
106 146 1
1464 1624 1
1464 1624 1
159 219 1
1830 2030 1
1464 1624 1
265 365 1
549 609 1
1281 1421 1
549 609 0.762872
159 219 1
1098 1218 1
106 146 1
366 406 1
732 812 1
159 219 1
1830 2030 1
53 73 1
265 365 1
1281 1421 1
366 406 1
530 730 1
424 584 1
1830 2030 1
1830 2030 1
1281 1421 1
1098 1218 1
265 365 1
53 73 1
159 219 1
549 609 1
915 1015 1
915 1015 1
424 584 1
1464 1624 1
183 203 1
424 584 1
265 365 1
1098 1218 1
732 812 1
477 657 1
915 1015 1
424 584 1
212 292 1
477 657 1
183 203 1
915 1015 1
530 730 1
477 657 1
106 146 1
318 438 1
212 292 1
1647 1827 1
1830 2030 1
212 292 1
366 406 1
1098 1218 1
53 73 1
732 812 1
915 1015 1
318 438 1
265 365 1
424 584 1
212 292 0.764873
1281 1421 1
732 812 1
265 365 1
371 511 1
732 812 1
371 511 1
530 730 1
53 73 1
159 219 1
371 511 1
183 203 1
366 406 1
265 365 1
732 812 1
371 511 1
424 584 1
265 365 1
265 365 1
424 584 1
1464 1624 1
732 812 1
159 219 1
318 438 1
212 292 1
1647 1827 1
212 292 1
366 406 0.890137
53 73 1
424 584 1
318 438 1
265 365 1
424 584 1
318 438 1
1830 2030 1
1830 2030 1
183 203 1
424 584 1
732 812 1
53 73 1
1098 1218 0.531898
732 812 1
477 657 1
53 73 1
424 584 1
1647 1827 1
318 438 1
371 511 1
265 365 1
732 812 1
106 146 0.897685
915 1015 1
732 812 1
318 438 1
106 146 1
477 657 1
1647 1827 1
549 609 1
183 203 0.863583
318 438 1
477 657 1
53 73 1
106 146 1
318 438 1
212 292 0.897336
1647 1827 1
424 584 0.871114
477 657 1
159 219 1
1830 2030 1
549 609 0.932469
183 203 1
549 609 1
1647 1827 1
1098 1218 1
53 73 1
371 511 1
915 1015 1
1830 2030 1
1464 1624 1
265 365 1
1098 1218 0.982624
265 365 1
424 584 1
1647 1827 1
366 406 0.96502
159 219 1
318 438 1
366 406 1
371 511 1
1830 2030 0.830689
477 657 1
1098 1218 1
477 657 1
732 812 1
915 1015 1
106 146 0.949362
318 438 1
183 203 1
212 292 1
265 365 1
1830 2030 1
265 365 1
1098 1218 1
159 219 1
183 203 1
1464 1624 1
1647 1827 1
1281 1421 1
371 511 1
915 1015 1
549 609 1
366 406 1
318 438 1
183 203 1
732 812 1
549 609 1
530 730 1
1281 1421 1
159 219 1
212 292 1
424 584 1
549 609 1
212 292 1
366 406 1
53 73 1
1098 1218 1
732 812 1
371 511 1
212 292 1
1281 1421 1
53 73 1
1464 1624 1
1647 1827 0.900887
1830 2030 1
1281 1421 1
212 292 1
1830 2030 1
265 365 1
53 73 1
1098 1218 1
732 812 1
1830 2030 1
530 730 1
318 438 1
477 657 1
1830 2030 1
732 812 0.631691
915 1015 1
212 292 1
265 365 1
366 406 1
212 292 1
265 365 1
366 406 1
1647 1827 0.75618
1647 1827 1
1098 1218 1
915 1015 1
1830 2030 1
1098 1218 1
318 438 1
318 438 1
1098 1218 1
1464 1624 1
1830 2030 1
477 657 1
1647 1827 1
53 73 1
183 203 1
424 584 1
212 292 1
1830 2030 1
424 584 1
477 657 1
53 73 0.814256
1098 1218 1
1098 1218 1
732 812 1
549 609 1
265 365 1
106 146 1
53 73 1
106 146 1
477 657 0.961909
915 1015 1
477 657 1
732 812 1
1098 1218 1
530 730 1
477 657 1
530 730 1
212 292 1
53 73 1
732 812 1
1647 1827 1
477 657 1
265 365 1
1281 1421 1
1098 1218 1
183 203 1
732 812 1
732 812 1
371 511 0.981223
106 146 1
318 438 1
366 406 1
183 203 1
1830 2030 1
183 203 1
1830 2030 1
371 511 1
1098 1218 1
318 438 1
1464 1624 1
159 219 1
1281 1421 1
159 219 1
265 365 1
1830 2030 1
1281 1421 1
915 1015 1
183 203 1
318 438 1
732 812 1
1464 1624 1
318 438 1
477 657 1
318 438 1
732 812 1
915 1015 0.89448
212 292 1
1098 1218 1
732 812 1
530 730 1
212 292 1
106 146 1
1830 2030 1
1464 1624 1
159 219 1
1281 1421 1
1281 1421 1
530 730 1
530 730 1
424 584 1
732 812 1
915 1015 1
530 730 1
1830 2030 1
1098 1218 1
1830 2030 1
212 292 1
53 73 1
371 511 1
732 812 1
183 203 1
212 292 1
212 292 1
1464 1624 1
159 219 1
915 1015 1
732 812 1
1464 1624 1
530 730 1
53 73 1
265 365 1
183 203 1
1830 2030 1
1647 1827 1
1830 2030 1
477 657 1
1647 1827 1
1098 1218 1
1830 2030 1
530 730 1
366 406 1
366 406 1
1098 1218 1
1281 1421 1
1464 1624 1
1830 2030 1
915 1015 1
318 438 1
212 292 1
549 609 1
1647 1827 1
1830 2030 1
1647 1827 1
477 657 1
366 406 1
318 438 1
53 73 1
1281 1421 1
1830 2030 1
424 584 1
549 609 1
1647 1827 1
106 146 1
732 812 1
212 292 0.957639
530 730 1
1647 1827 1
1281 1421 1
53 73 1
1281 1421 1
915 1015 1
183 203 1
1464 1624 0.819569
371 511 1
530 730 1
366 406 1
318 438 1
212 292 1
477 657 1
1830 2030 1
53 73 1
53 73 1
549 609 1
212 292 1
106 146 1
424 584 1
318 438 1
915 1015 1
477 657 1
212 292 1
1098 1218 1
915 1015 1
1281 1421 1
915 1015 1
915 1015 1
318 438 1
1098 1218 1
732 812 1
915 1015 1
106 146 1
477 657 1
265 365 1
1464 1624 1
1281 1421 1
915 1015 0.846356
477 657 1
1830 2030 1
265 365 1
371 511 1
318 438 1
549 609 1
183 203 1
366 406 1
915 1015 1
1098 1218 1
1647 1827 1
1647 1827 1
1830 2030 1
732 812 1
159 219 1
318 438 1
424 584 1
53 73 1
1830 2030 1
318 438 1
106 146 1
1464 1624 1
732 812 1
1647 1827 1
318 438 1
265 365 1
371 511 1
530 730 0.820131
732 812 1
732 812 1
424 584 1
1830 2030 0.778114
106 146 1
915 1015 1
53 73 1
318 438 1
1647 1827 1
366 406 1
549 609 1
183 203 1
366 406 1
1830 2030 1
366 406 1
318 438 1
366 406 1
371 511 1
1464 1624 1
915 1015 1
1647 1827 0.717476
1830 2030 1
1830 2030 1
1647 1827 1
183 203 1
212 292 1
318 438 1
1647 1827 1
1098 1218 1
159 219 1
915 1015 1
549 609 1
106 146 1
212 292 1
530 730 1
1464 1624 1
371 511 1
106 146 1
366 406 1
530 730 1
212 292 1
371 511 1
1281 1421 1
1830 2030 1
1464 1624 1
1464 1624 1
1281 1421 1
530 730 1
530 730 1
53 73 1
159 219 1
53 73 1
732 812 1
915 1015 1
212 292 0.874361
1464 1624 1
183 203 1
915 1015 1
1098 1218 1
530 730 1
371 511 1
318 438 1
265 365 1
366 406 1
530 730 1
53 73 1
1464 1624 1
424 584 1
53 73 1
183 203 1
477 657 1
318 438 1
318 438 1
549 609 0.769466
212 292 1
318 438 1
549 609 1
424 584 1
265 365 1
366 406 1
1281 1421 1
1098 1218 1
366 406 1
212 292 1
1281 1421 1
1281 1421 1
1098 1218 1
477 657 1
212 292 1
265 365 1
106 146 1
424 584 1
159 219 1
1098 1218 1
53 73 1
183 203 0.728055
371 511 1
1098 1218 1
1464 1624 1
549 609 1
1830 2030 1
1281 1421 1
915 1015 1
183 203 1
1830 2030 1
1098 1218 1
1281 1421 1
106 146 1
183 203 1
530 730 0.736737
183 203 1
1830 2030 1
1647 1827 1
549 609 1
265 365 1
424 584 1
915 1015 1
106 146 1
477 657 1
159 219 1
265 365 1
1281 1421 1
424 584 1
183 203 1
318 438 1
915 1015 0.895175
424 584 1
53 73 1
477 657 1
1464 1624 1
212 292 1
366 406 1
53 73 1
1830 2030 1
424 584 1
549 609 1
477 657 1
159 219 1
106 146 1
318 438 1
318 438 1
530 730 1
183 203 1
366 406 0.87305
1098 1218 1
318 438 1
915 1015 1
530 730 1
1098 1218 1
159 219 1
530 730 1
1647 1827 1
53 73 1
530 730 1
371 511 1
477 657 1
1281 1421 1
183 203 1
1647 1827 1
53 73 1
371 511 1
212 292 1
371 511 1
183 203 1
1281 1421 1
424 584 1
371 511 1
183 203 1
477 657 0.933547
265 365 0.708757
1647 1827 1
366 406 1
106 146 1
1464 1624 1
212 292 1
1464 1624 1
1464 1624 1
732 812 1
530 730 0.770168
265 365 1
530 730 1
318 438 0.781016
549 609 1
549 609 1
732 812 1
732 812 1
265 365 0.81939
1281 1421 1
106 146 1
424 584 1
212 292 1
477 657 1
1830 2030 1
915 1015 1
915 1015 1
1647 1827 1
424 584 1
1281 1421 1
371 511 1
1830 2030 1
183 203 1
53 73 1
106 146 1
1647 1827 1
1098 1218 1
732 812 1
549 609 1
1647 1827 1
1647 1827 1
212 292 1
366 406 1
183 203 1
732 812 1
1464 1624 1
477 657 1
915 1015 0.927534
1647 1827 1
265 365 1
318 438 1
106 146 1
1830 2030 1
366 406 1
424 584 1
915 1015 1
159 219 1
424 584 1
106 146 1
159 219 1
915 1015 1
530 730 1
1098 1218 1
549 609 1
1464 1624 1
915 1015 1
1098 1218 1
366 406 1
318 438 1
366 406 1
424 584 1
1098 1218 1
530 730 1
915 1015 1
371 511 1
915 1015 1
530 730 1
53 73 1
549 609 1
212 292 0.849918
1830 2030 1
530 730 1
549 609 1
1464 1624 1
424 584 1
915 1015 1
530 730 1
371 511 1
915 1015 1
1281 1421 1
915 1015 1
1647 1827 1
1464 1624 1
371 511 1
159 219 1
915 1015 1
1464 1624 1
366 406 1
1281 1421 1
371 511 0.968345
212 292 1
530 730 1
732 812 1
549 609 1
1647 1827 1
159 219 0.810398
424 584 1
371 511 1
366 406 1
371 511 1
366 406 1
212 292 1
265 365 1
549 609 1
530 730 1
1281 1421 1
212 292 1
549 609 1
366 406 1
366 406 1
183 203 1
212 292 1
1464 1624 1
477 657 1
366 406 1
915 1015 1
1647 1827 1
549 609 1
424 584 1
1464 1624 1
549 609 1
1281 1421 1
1098 1218 1
366 406 1
1464 1624 1
530 730 1
265 365 0.767202
1464 1624 1
1098 1218 1
424 584 1
106 146 1
366 406 1
732 812 1
915 1015 1
53 73 1
1830 2030 1
366 406 1
183 203 1
1098 1218 1
732 812 1
53 73 1
371 511 1
1647 1827 1
1464 1624 1
53 73 1
1830 2030 1
549 609 1
1464 1624 1
106 146 1
212 292 1
530 730 1
732 812 1
915 1015 1
915 1015 1
366 406 1
732 812 1
424 584 1
183 203 1
1647 1827 1
1281 1421 1
212 292 1
371 511 1
530 730 1
424 584 1
265 365 1
1830 2030 1
549 609 1
530 730 1
915 1015 1
530 730 1
1281 1421 1
159 219 1
424 584 1
530 730 1
732 812 1
183 203 1
1647 1827 0.668264
183 203 0.950308
549 609 1
530 730 1
371 511 1
915 1015 1
371 511 1
371 511 1
265 365 1
265 365 1
371 511 1
1098 1218 1
53 73 1
53 73 1
1647 1827 1
1281 1421 1
318 438 1
1464 1624 1
424 584 1
265 365 1
318 438 1
106 146 1
265 365 1
53 73 1
549 609 1
318 438 1
183 203 1
915 1015 0.849382
549 609 1
915 1015 1
183 203 1
1647 1827 1
424 584 1
477 657 1
183 203 1
318 438 1
915 1015 1
371 511 1
549 609 1
106 146 1
915 1015 1
530 730 1
915 1015 1
265 365 1
212 292 1
1281 1421 1
1464 1624 1
549 609 1
915 1015 1
371 511 1
530 730 1
477 657 1
549 609 1
371 511 1
53 73 1
318 438 1
183 203 1
106 146 1
366 406 1
1830 2030 1
477 657 1
1647 1827 1
371 511 1
366 406 0.894719
1830 2030 1
106 146 1
53 73 1
732 812 1
183 203 1
1098 1218 1
1098 1218 1
212 292 1
371 511 1
424 584 1
1098 1218 1
159 219 1
1281 1421 1
265 365 1
1281 1421 1
212 292 1
106 146 1
915 1015 1
371 511 1
1098 1218 1
424 584 1
371 511 1
1281 1421 1
159 219 1
477 657 1
1830 2030 1
366 406 1
915 1015 1
183 203 1
212 292 1
1647 1827 1
183 203 1
265 365 1
1830 2030 1
183 203 1
371 511 1
1281 1421 1
477 657 1
159 219 1
1647 1827 0.908021
318 438 1
549 609 1
212 292 1
53 73 1
477 657 1
1647 1827 1
53 73 1
366 406 1
53 73 1
1281 1421 1
1281 1421 1
424 584 0.955971
371 511 1
1647 1827 0.93159
530 730 1
212 292 1
53 73 0.723012
549 609 1
549 609 1
915 1015 1
549 609 1
530 730 1
265 365 0.865889
1464 1624 1
318 438 1
106 146 1
265 365 1
265 365 1
1830 2030 1
1830 2030 1
732 812 1
1464 1624 1
183 203 1
477 657 1
477 657 0.827124
1281 1421 1
265 365 1
1464 1624 1
549 609 1
53 73 1
1098 1218 1
1281 1421 1
212 292 1
1464 1624 1
53 73 1
1098 1218 1
1647 1827 1
530 730 1
1647 1827 1
732 812 1
1647 1827 1
424 584 1
530 730 1
530 730 0.93486
1830 2030 1
477 657 1
366 406 1
318 438 1
371 511 1
366 406 1
53 73 1
1647 1827 1
915 1015 1
53 73 1
1647 1827 1
424 584 0.966247
371 511 1
1464 1624 1
318 438 1
1647 1827 1
106 146 1
318 438 1
1647 1827 1
732 812 1
915 1015 0.874554
1830 2030 1
549 609 1
530 730 1
732 812 1
371 511 1
477 657 1
265 365 1
732 812 1
549 609 1
1281 1421 1
1281 1421 1
1281 1421 1
371 511 1
530 730 1
159 219 1
183 203 1
1098 1218 1
1098 1218 1
371 511 1
371 511 1
915 1015 1
212 292 0.953706
1098 1218 1
915 1015 1
1098 1218 1
366 406 1
212 292 1
549 609 1
1830 2030 1
318 438 0.911337
530 730 1
53 73 1
915 1015 1
1830 2030 1
371 511 1
1281 1421 1
371 511 1
1830 2030 1
159 219 1
371 511 1
1464 1624 1
183 203 1
183 203 1
183 203 1
477 657 1
212 292 1
212 292 1
1098 1218 1
366 406 1
732 812 0.892203
549 609 1
549 609 1
371 511 1
549 609 1
732 812 1
183 203 1
1464 1624 1
1647 1827 1
53 73 1
366 406 1
318 438 1
106 146 1
1464 1624 1
1464 1624 0.927069
371 511 1
106 146 1
371 511 1
1098 1218 1
183 203 1
915 1015 1
159 219 1
424 584 1
915 1015 1
915 1015 1
212 292 1
477 657 1
530 730 1
1830 2030 1
549 609 1
1830 2030 1
366 406 1
212 292 1
265 365 1
477 657 1
1098 1218 1
371 511 1
1281 1421 1
265 365 1
915 1015 1
183 203 1
1098 1218 1
732 812 1
318 438 1
1464 1624 1
371 511 1
1647 1827 0.891159
549 609 1
366 406 1
265 365 1
530 730 1
732 812 1
265 365 1
1647 1827 0.857148
1647 1827 1
106 146 1
549 609 1
53 73 1
318 438 1
159 219 0.570055
318 438 1
53 73 1
1098 1218 1
477 657 1
106 146 1
549 609 1
1281 1421 1
530 730 1
424 584 1
1464 1624 1
106 146 1
159 219 1
1281 1421 1
1830 2030 1
1830 2030 1
265 365 0.709991
1464 1624 1
265 365 1
1098 1218 0.922194
159 219 1
549 609 1
212 292 1
424 584 1
53 73 1
53 73 1
371 511 1
265 365 1
53 73 1
549 609 1
1647 1827 1
183 203 1
183 203 1
1281 1421 1
424 584 1
159 219 1
732 812 1
265 365 1
732 812 1
106 146 1
1830 2030 1
1464 1624 1
1281 1421 1
371 511 1
1464 1624 1
371 511 1
732 812 1
265 365 1
477 657 1
549 609 1
212 292 1
1647 1827 1
212 292 1
915 1015 1
732 812 1
732 812 1
549 609 1
732 812 1
1464 1624 1
366 406 1
318 438 1
212 292 1
530 730 1
424 584 1
183 203 1
424 584 1
1647 1827 1
530 730 1
477 657 1
1098 1218 1
106 146 1
1830 2030 1
159 219 1
1464 1624 1
366 406 1
1098 1218 1
212 292 1
1281 1421 1
318 438 1
1098 1218 1
1464 1624 1
424 584 1
477 657 1
183 203 0.917174
371 511 1
549 609 1
549 609 1
318 438 1
1830 2030 1
183 203 1
159 219 1
318 438 1
1281 1421 1
1281 1421 1
212 292 1
159 219 1
1098 1218 1
366 406 1
1647 1827 1
549 609 1
53 73 1
265 365 1
159 219 1
530 730 1
732 812 1
1098 1218 1
477 657 1
1098 1218 1
915 1015 1
106 146 1
1464 1624 1
53 73 1
1281 1421 0.451374
318 438 1
1281 1421 1
212 292 1
1830 2030 1
530 730 1
371 511 1
371 511 1
318 438 1
265 365 1
732 812 1
1281 1421 0.832552
530 730 1
53 73 1
366 406 1
530 730 0.954591
549 609 1
159 219 1
318 438 1
212 292 1
1281 1421 1
53 73 1
366 406 1
549 609 1
915 1015 1
732 812 1
1647 1827 1
265 365 1
265 365 1
371 511 1
159 219 1
1281 1421 1
530 730 1
159 219 1
106 146 1
106 146 1
159 219 1
1281 1421 1
477 657 1
183 203 1
1464 1624 1
366 406 1
549 609 1
371 511 1
477 657 1
1647 1827 1
366 406 1
318 438 1
1830 2030 1
53 73 1
106 146 1
265 365 1
1647 1827 1
549 609 1
212 292 1
371 511 1
