5000 1134071
72 252 1
48 168 1
984 1144 1
984 1144 1
1230 1430 1
8 28 1
246 286 1
369 429 1
56 196 1
72 252 1
8 28 1
64 224 1
738 858 1
1230 1430 1
72 252 1
123 143 1
8 28 0.843246
1230 1430 1
369 429 1
738 858 1
123 143 0.921189
1230 1430 1
246 286 1
861 1001 0.741981
64 224 1
1107 1287 1
861 1001 1
615 715 1
984 1144 0.830426
123 143 1
1107 1287 1
80 280 0.809917
32 112 1
72 252 1
64 224 0.715107
72 252 1
861 1001 1
8 28 0.825527
8 28 1
72 252 1
369 429 1
861 1001 1
56 196 1
1107 1287 1
64 224 0.832253
246 286 1
738 858 1
861 1001 1
984 1144 0.75693
8 28 1
123 143 0.963913
72 252 1
738 858 1
80 280 1
1230 1430 1
738 858 1
615 715 0.79688
615 715 1
369 429 1
72 252 0.82203
80 280 1
48 168 0.63291
369 429 1
1230 1430 1
8 28 0.970055
24 84 1
8 28 1
72 252 0.943197
738 858 1
861 1001 1
24 84 1
56 196 1
24 84 1
64 224 1
246 286 1
16 56 0.690092
1230 1430 1
246 286 1
8 28 1
984 1144 1
861 1001 1
615 715 1
16 56 1
32 112 1
56 196 0.941578
80 280 1
1107 1287 1
56 196 1
56 196 1
123 143 1
24 84 1
738 858 0.632636
246 286 0.716245
8 28 1
1230 1430 1
16 56 1
72 252 0.890892
738 858 1
24 84 1
32 112 0.790017
123 143 1
1107 1287 1
56 196 1
123 143 1
246 286 1
984 1144 1
40 140 0.921957
24 84 0.915282
246 286 1
123 143 1
246 286 0.737306
48 168 0.777068
80 280 1
80 280 1
369 429 0.676799
1107 1287 1
24 84 1
32 112 1
861 1001 1
246 286 1
16 56 0.841297
369 429 1
492 572 1
123 143 1
123 143 1
492 572 1
24 84 0.790013
123 143 1
369 429 1
1230 1430 0.890326
1107 1287 1
24 84 1
24 84 0.901702
615 715 1
72 252 1
24 84 1
72 252 0.923186
492 572 1
861 1001 1
123 143 1
16 56 1
615 715 1
246 286 1
615 715 1
1230 1430 1
369 429 1
32 112 0.869268
246 286 1
369 429 0.937632
1230 1430 1
615 715 0.83017
80 280 1
615 715 1
369 429 1
24 84 1
738 858 1
123 143 1
16 56 1
32 112 1
984 1144 1
984 1144 1
48 168 1
80 280 1
16 56 1
48 168 0.916581
615 715 1
40 140 1
24 84 1
123 143 1
369 429 1
64 224 1
80 280 1
369 429 1
16 56 1
16 56 1
32 112 1
40 140 1
32 112 0.872709
738 858 1
984 1144 1
123 143 1
40 140 0.889492
80 280 1
24 84 1
8 28 1
40 140 1
64 224 0.845034
1230 1430 1
16 56 1
40 140 1
72 252 1
615 715 1
40 140 1
738 858 1
1230 1430 0.819797
615 715 1
8 28 1
72 252 1
984 1144 1
615 715 1
738 858 0.797425
1230 1430 1
492 572 1
80 280 1
615 715 1
738 858 0.863123
8 28 0.879153
24 84 1
984 1144 1
369 429 1
984 1144 1
1107 1287 1
32 112 1
369 429 0.992114
32 112 0.785115
32 112 0.893609
369 429 1
861 1001 1
48 168 0.957445
738 858 1
16 56 0.605471
56 196 1
615 715 1
369 429 1
72 252 0.75996
492 572 1
48 168 1
492 572 1
32 112 1
369 429 1
984 1144 1
64 224 1
24 84 1
369 429 1
64 224 0.938724
40 140 0.917818
615 715 0.873824
1230 1430 1
64 224 0.723872
246 286 0.946951
8 28 1
24 84 1
984 1144 1
369 429 1
738 858 1
1107 1287 1
1107 1287 1
80 280 1
64 224 1
80 280 0.791146
492 572 1
64 224 1
40 140 1
492 572 0.776326
861 1001 1
492 572 0.746151
123 143 1
40 140 1
72 252 1
72 252 1
32 112 1
861 1001 0.817446
246 286 1
32 112 1
32 112 1
984 1144 1
615 715 0.937745
492 572 1
40 140 1
24 84 1
32 112 1
369 429 1
56 196 1
492 572 1
24 84 1
32 112 1
72 252 1
8 28 1
246 286 1
1230 1430 1
369 429 1
738 858 1
1230 1430 1
72 252 1
72 252 1
16 56 1
123 143 1
64 224 1
16 56 1
24 84 1
123 143 1
48 168 1
1107 1287 1
1107 1287 0.847476
984 1144 1
492 572 1
8 28 1
369 429 0.674555
48 168 1
72 252 1
72 252 0.887673
246 286 1
40 140 0.899197
40 140 1
492 572 1
738 858 1
615 715 0.916878
984 1144 1
8 28 1
984 1144 0.633618
1230 1430 1
615 715 1
72 252 1
72 252 1
738 858 1
80 280 1
80 280 1
56 196 0.837996
8 28 1
984 1144 1
1107 1287 1
1230 1430 1
492 572 1
861 1001 0.821032
615 715 1
56 196 1
738 858 1
1107 1287 1
8 28 1
861 1001 0.767186
56 196 0.914055
861 1001 0.897964
8 28 1
72 252 1
8 28 0.89207
80 280 1
32 112 1
8 28 1
64 224 1
32 112 0.729308
40 140 1
72 252 1
72 252 1
861 1001 0.965265
32 112 1
246 286 1
8 28 1
369 429 1
80 280 1
24 84 1
1107 1287 1
24 84 1
40 140 1
72 252 1
40 140 1
615 715 1
738 858 1
369 429 0.913634
1107 1287 1
492 572 1
16 56 1
1230 1430 1
492 572 1
8 28 1
56 196 1
24 84 1
738 858 1
861 1001 1
738 858 0.862669
492 572 1
56 196 0.527196
492 572 0.89082
8 28 1
80 280 1
72 252 0.80839
861 1001 1
369 429 1
615 715 1
48 168 0.725142
80 280 1
40 140 1
984 1144 0.775445
48 168 1
40 140 1
1107 1287 0.742697
738 858 1
123 143 1
48 168 0.940553
492 572 1
369 429 1
1230 1430 1
32 112 1
16 56 0.659046
48 168 1
984 1144 1
1230 1430 1
8 28 1
861 1001 0.900544
984 1144 1
56 196 0.755363
48 168 1
64 224 1
861 1001 1
16 56 1
984 1144 1
246 286 0.79512
738 858 0.786718
32 112 1
984 1144 1
369 429 1
369 429 1
72 252 1
369 429 1
48 168 1
861 1001 1
984 1144 1
56 196 1
123 143 1
492 572 1
48 168 1
369 429 1
861 1001 0.775512
369 429 0.90542
72 252 1
64 224 1
984 1144 0.981048
1230 1430 1
24 84 1
64 224 1
80 280 1
24 84 1
8 28 1
48 168 1
80 280 1
8 28 1
64 224 0.660497
492 572 0.769367
984 1144 1
861 1001 1
984 1144 0.963382
80 280 1
984 1144 1
56 196 1
16 56 1
984 1144 1
24 84 1
492 572 1
1230 1430 1
32 112 1
56 196 1
738 858 0.964257
615 715 1
72 252 1
1230 1430 1
1230 1430 1
16 56 1
8 28 1
64 224 1
64 224 1
984 1144 0.946743
80 280 1
64 224 1
123 143 1
8 28 1
615 715 1
492 572 1
72 252 1
32 112 1
80 280 1
861 1001 1
24 84 1
32 112 1
8 28 1
80 280 1
861 1001 1
16 56 1
123 143 1
615 715 1
56 196 1
32 112 1
984 1144 1
1230 1430 1
738 858 0.93518
369 429 1
48 168 1
48 168 1
48 168 1
32 112 1
64 224 1
32 112 1
1230 1430 0.773129
64 224 1
1230 1430 1
8 28 1
8 28 1
64 224 1
492 572 1
24 84 1
369 429 1
40 140 1
738 858 0.845254
369 429 1
246 286 1
64 224 1
48 168 1
32 112 1
56 196 1
24 84 1
40 140 0.928357
16 56 1
48 168 1
24 84 1
1230 1430 0.825986
80 280 1
56 196 0.898749
56 196 1
48 168 1
8 28 1
861 1001 1
984 1144 1
492 572 1
984 1144 0.69957
1107 1287 1
24 84 0.849219
984 1144 1
1107 1287 1
369 429 1
32 112 0.631751
72 252 1
48 168 1
738 858 1
24 84 0.828802
1107 1287 1
615 715 0.896364
16 56 1
1107 1287 1
24 84 1
16 56 1
1107 1287 0.921851
72 252 1
16 56 1
861 1001 1
738 858 0.96347
615 715 1
16 56 0.832694
246 286 1
492 572 1
861 1001 1
8 28 0.830952
64 224 1
48 168 1
8 28 1
369 429 1
56 196 1
32 112 0.569503
369 429 1
246 286 1
64 224 0.824572
72 252 1
123 143 1
48 168 1
1107 1287 1
72 252 0.932166
738 858 1
72 252 1
984 1144 1
1230 1430 1
123 143 1
72 252 1
32 112 1
64 224 1
80 280 0.733822
40 140 1
615 715 1
738 858 1
984 1144 0.713264
8 28 1
32 112 1
72 252 1
24 84 1
861 1001 1
32 112 1
369 429 1
861 1001 1
56 196 1
984 1144 1
56 196 1
246 286 0.956325
72 252 1
24 84 0.905504
80 280 1
246 286 1
738 858 0.899074
738 858 1
56 196 1
246 286 0.984486
738 858 1
246 286 1
492 572 1
492 572 1
48 168 1
984 1144 0.919409
1107 1287 1
16 56 1
48 168 1
32 112 1
16 56 1
40 140 1
246 286 1
246 286 1
32 112 1
615 715 1
64 224 1
492 572 0.738923
492 572 1
369 429 0.82998
24 84 1
246 286 1
24 84 1
1107 1287 1
1107 1287 1
8 28 1
64 224 0.930004
984 1144 1
861 1001 1
8 28 0.852591
246 286 1
72 252 0.933978
984 1144 1
16 56 1
48 168 1
72 252 1
40 140 1
246 286 1
492 572 1
80 280 1
72 252 1
369 429 1
8 28 0.906611
80 280 1
32 112 1
56 196 1
64 224 1
861 1001 1
123 143 1
738 858 1
80 280 1
64 224 1
123 143 1
56 196 1
615 715 1
246 286 1
615 715 1
984 1144 1
861 1001 0.690225
24 84 1
1107 1287 1
16 56 1
492 572 1
80 280 1
861 1001 1
40 140 0.705761
48 168 1
492 572 1
615 715 1
72 252 1
1107 1287 1
16 56 1
1107 1287 1
16 56 1
72 252 1
40 140 1
246 286 1
738 858 0.894884
80 280 1
1230 1430 1
738 858 1
8 28 1
861 1001 1
40 140 1
24 84 1
72 252 0.784977
40 140 1
369 429 0.78104
80 280 1
72 252 1
1107 1287 1
64 224 1
1107 1287 1
246 286 0.877554
16 56 1
246 286 1
48 168 0.909737
1107 1287 1
64 224 1
48 168 1
123 143 1
64 224 1
369 429 1
1230 1430 0.690058
48 168 1
246 286 1
984 1144 1
40 140 0.947879
8 28 1
32 112 0.902286
369 429 0.588147
246 286 0.932704
738 858 1
492 572 1
48 168 1
40 140 1
1230 1430 1
246 286 1
80 280 0.936126
738 858 1
492 572 0.777039
64 224 1
64 224 0.837621
32 112 1
1107 1287 1
246 286 0.841842
64 224 1
861 1001 0.772284
861 1001 1
56 196 1
80 280 1
1107 1287 1
80 280 1
1107 1287 0.875153
72 252 0.949541
48 168 1
1107 1287 1
984 1144 1
8 28 1
246 286 1
246 286 1
1230 1430 1
24 84 0.615213
369 429 1
64 224 1
56 196 1
1230 1430 1
984 1144 1
32 112 1
861 1001 0.939837
984 1144 1
369 429 1
369 429 1
984 1144 1
32 112 1
16 56 0.90198
738 858 1
80 280 0.689468
861 1001 0.887883
1107 1287 0.755252
56 196 1
64 224 1
16 56 1
492 572 1
40 140 1
738 858 1
64 224 1
32 112 1
984 1144 0.723942
861 1001 1
80 280 1
56 196 1
16 56 1
24 84 1
246 286 1
72 252 1
738 858 1
615 715 0.936116
615 715 0.856308
123 143 1
492 572 1
24 84 1
8 28 1
369 429 1
72 252 1
80 280 1
32 112 1
24 84 1
492 572 1
48 168 1
492 572 1
492 572 1
24 84 1
64 224 1
492 572 0.935617
246 286 1
615 715 0.881513
8 28 1
64 224 0.687324
40 140 1
369 429 1
64 224 0.922123
984 1144 1
1230 1430 1
80 280 1
738 858 1
492 572 1
80 280 1
1107 1287 1
615 715 1
56 196 1
123 143 1
16 56 1
40 140 1
369 429 1
40 140 1
738 858 1
123 143 1
246 286 0.934942
492 572 1
32 112 1
80 280 0.895738
72 252 1
369 429 1
72 252 1
16 56 1
984 1144 1
40 140 0.669505
40 140 0.907106
16 56 1
123 143 1
1107 1287 1
16 56 0.649001
369 429 1
1230 1430 1
492 572 1
615 715 1
984 1144 1
492 572 1
369 429 1
492 572 1
738 858 1
32 112 1
8 28 1
246 286 1
615 715 1
738 858 1
8 28 1
32 112 1
492 572 1
64 224 1
24 84 1
64 224 1
984 1144 0.829412
24 84 1
246 286 1
861 1001 1
861 1001 1
32 112 0.800435
48 168 1
32 112 1
492 572 1
246 286 1
492 572 1
861 1001 0.641925
246 286 1
16 56 0.919834
16 56 1
984 1144 1
72 252 1
123 143 1
16 56 1
861 1001 0.902327
246 286 1
369 429 1
32 112 1
369 429 1
369 429 1
492 572 1
246 286 1
72 252 1
8 28 1
123 143 1
72 252 1
861 1001 1
123 143 1
80 280 1
64 224 1
8 28 1
24 84 1
80 280 1
492 572 1
738 858 1
123 143 1
492 572 0.836569
738 858 1
738 858 1
1230 1430 1
32 112 1
64 224 0.915002
8 28 1
123 143 1
80 280 1
24 84 1
48 168 1
615 715 1
16 56 1
64 224 1
56 196 0.754599
72 252 0.942227
1230 1430 1
369 429 0.886826
1107 1287 1
246 286 1
56 196 0.825654
123 143 0.926027
1230 1430 1
861 1001 1
123 143 1
1107 1287 1
369 429 1
56 196 0.828014
40 140 1
80 280 0.913552
64 224 1
72 252 1
64 224 1
1107 1287 1
64 224 0.860456
984 1144 0.734047
1230 1430 1
123 143 1
24 84 1
16 56 1
984 1144 1
1230 1430 1
369 429 1
32 112 1
492 572 1
16 56 1
48 168 1
40 140 1
738 858 1
246 286 1
738 858 1
738 858 1
984 1144 1
492 572 1
246 286 1
1230 1430 0.979979
738 858 1
8 28 0.941168
615 715 1
1230 1430 1
369 429 1
40 140 0.720492
80 280 1
56 196 1
1230 1430 0.890734
615 715 1
861 1001 1
1107 1287 1
861 1001 1
615 715 1
1230 1430 0.762872
16 56 0.764873
56 196 0.890137
123 143 1
32 112 0.531898
32 112 0.897685
16 56 1
123 143 1
56 196 1
48 168 0.863583
369 429 1
48 168 1
615 715 1
246 286 1
369 429 1
56 196 0.897336
246 286 1
861 1001 0.871114
246 286 0.932469
56 196 1
369 429 1
246 286 0.982624
16 56 1
369 429 1
615 715 0.96502
24 84 1
492 572 1
72 252 1
984 1144 0.830689
32 112 1
1107 1287 1
80 280 1
72 252 0.949362
492 572 1
56 196 1
984 1144 1
56 196 1
984 1144 1
72 252 1
48 168 1
615 715 0.900887
80 280 1
246 286 1
80 280 0.631691
1107 1287 1
24 84 1
8 28 0.75618
16 56 1
56 196 1
369 429 1
492 572 0.814256
492 572 1
56 196 0.961909
984 1144 1
1107 1287 1
861 1001 1
72 252 1
56 196 1
24 84 0.981223
861 1001 1
369 429 1
40 140 1
738 858 0.89448
1230 1430 1
738 858 1
24 84 0.957639
64 224 1
984 1144 1
492 572 1
40 140 0.819569
246 286 1
80 280 0.846356
492 572 1
615 715 1
123 143 1
80 280 1
16 56 1
1230 1430 1
64 224 1
492 572 1
492 572 1
24 84 1
64 224 1
492 572 1
861 1001 1
369 429 1
40 140 1
861 1001 1
24 84 1
246 286 1
80 280 0.820131
24 84 1
64 224 1
32 112 1
246 286 1
861 1001 1
32 112 1
16 56 0.778114
123 143 1
8 28 1
861 1001 0.717476
861 1001 1
492 572 1
80 280 0.874361
246 286 1
492 572 1
123 143 1
32 112 0.769466
24 84 1
1107 1287 1
32 112 1
32 112 1
64 224 1
56 196 1
861 1001 1
246 286 0.728055
861 1001 0.736737
738 858 1
1230 1430 1
24 84 0.895175
246 286 1
984 1144 1
24 84 1
615 715 1
492 572 1
16 56 0.87305
24 84 1
32 112 1
615 715 1
615 715 1
56 196 1
56 196 1
492 572 0.933547
615 715 1
40 140 1
56 196 1
1230 1430 1
246 286 1
615 715 1
64 224 1
80 280 1
123 143 1
48 168 1
123 143 0.708757
738 858 1
16 56 1
369 429 1
492 572 0.770168
1107 1287 1
369 429 1
492 572 1
8 28 1
369 429 1
369 429 1
984 1144 1
369 429 0.781016
24 84 1
615 715 0.81939
1107 1287 1
24 84 1
40 140 1
1230 1430 1
123 143 0.927534
1230 1430 1
80 280 0.849918
64 224 0.968345
369 429 1
72 252 0.810398
16 56 0.767202
1107 1287 0.668264
861 1001 1
246 286 1
1107 1287 1
8 28 1
56 196 1
1230 1430 1
1230 1430 1
8 28 1
40 140 1
40 140 0.950308
738 858 1
615 715 1
1107 1287 1
56 196 1
80 280 1
492 572 1
16 56 1
16 56 1
48 168 0.849382
615 715 1
1107 1287 1
123 143 1
40 140 0.894719
8 28 0.908021
16 56 1
64 224 1
56 196 1
492 572 1
369 429 0.955971
72 252 1
16 56 1
246 286 1
123 143 1
861 1001 1
369 429 0.93159
1107 1287 0.723012
56 196 0.865889
861 1001 0.827124
8 28 1
32 112 0.93486
369 429 1
615 715 0.966247
738 858 1
72 252 1
48 168 1
984 1144 1
40 140 1
123 143 1
16 56 1
64 224 1
16 56 1
492 572 0.874554
56 196 1
369 429 1
1230 1430 1
40 140 1
8 28 1
738 858 1
48 168 1
32 112 1
738 858 1
738 858 1
40 140 1
984 1144 1
1230 1430 1
369 429 1
984 1144 1
1230 1430 1
246 286 1
1107 1287 1
8 28 1
24 84 0.953706
615 715 0.911337
123 143 1
984 1144 1
56 196 0.892203
80 280 1
492 572 1
40 140 1
1230 1430 1
984 1144 1
40 140 0.927069
24 84 0.891159
16 56 0.857148
369 429 1
48 168 1
615 715 1
123 143 1
40 140 1
984 1144 1
369 429 0.570055
72 252 0.709991
738 858 1
1230 1430 1
123 143 1
64 224 1
123 143 1
80 280 1
56 196 0.922194
40 140 1
369 429 1
8 28 1
1107 1287 0.917174
246 286 0.451374
72 252 1
1230 1430 1
16 56 1
492 572 1
123 143 0.832552
64 224 0.954591
72 252 1
984 1144 1
72 252 1
123 143 1
48 168 1
861 1001 1
984 1144 1
123 143 1
8 28 1
738 858 1
861 1001 1
246 286 1
72 252 1
8 28 1
615 715 1
492 572 1
615 715 1
984 1144 1
80 280 1
48 168 1
738 858 0.920898
492 572 1
32 112 1
16 56 1
123 143 1
1107 1287 1
123 143 1
16 56 0.854916
8 28 1
56 196 1
861 1001 0.859307
861 1001 0.869687
64 224 1
615 715 1
246 286 1
1230 1430 1
246 286 0.74549
8 28 1
32 112 1
738 858 0.850782
24 84 1
246 286 0.946519
24 84 0.856378
984 1144 0.885575
64 224 1
1107 1287 1
369 429 1
492 572 1
72 252 1
16 56 1
64 224 1
1230 1430 0.917868
615 715 0.923447
64 224 1
123 143 1
615 715 1
64 224 1
615 715 1
123 143 1
1107 1287 1
40 140 1
615 715 1
24 84 0.767195
246 286 0.754771
56 196 1
615 715 1
615 715 1
8 28 1
369 429 1
615 715 1
615 715 1
48 168 1
48 168 1
24 84 1
246 286 1
738 858 1
48 168 1
48 168 1
24 84 1
64 224 1
1230 1430 1
984 1144 1
615 715 1
492 572 0.876759
16 56 1
80 280 1
8 28 1
369 429 1
246 286 1
1230 1430 0.933893
369 429 1
738 858 1
246 286 1
246 286 1
246 286 1
64 224 1
492 572 0.77067
1107 1287 1
1230 1430 1
32 112 1
861 1001 1
48 168 0.668597
1230 1430 1
16 56 0.980009
16 56 1
72 252 0.639504
56 196 1
984 1144 1
8 28 1
64 224 0.827379
246 286 1
369 429 1
984 1144 1
369 429 1
56 196 1
861 1001 1
615 715 1
738 858 1
8 28 1
24 84 1
40 140 0.765948
123 143 1
369 429 1
123 143 1
32 112 1
16 56 1
48 168 1
1107 1287 0.85133
1107 1287 1
861 1001 0.82781
246 286 1
16 56 0.806744
64 224 0.898591
1107 1287 1
246 286 1
738 858 1
8 28 0.87455
80 280 1
16 56 1
8 28 0.632323
246 286 1
64 224 1
738 858 1
32 112 1
80 280 1
369 429 1
80 280 1
1230 1430 1
80 280 1
56 196 1
369 429 1
40 140 1
246 286 1
738 858 0.876001
861 1001 0.899181
80 280 1
24 84 1
738 858 0.920657
1107 1287 1
246 286 1
1107 1287 1
1107 1287 1
16 56 1
738 858 1
80 280 1
492 572 1
738 858 1
1107 1287 0.856588
64 224 0.749801
24 84 1
1107 1287 1
615 715 0.864822
40 140 0.795256
1107 1287 1
56 196 1
8 28 0.839755
123 143 1
1230 1430 1
1230 1430 1
123 143 1
369 429 0.860726
738 858 1
615 715 1
16 56 1
8 28 1
56 196 1
16 56 0.985947
8 28 1
72 252 1
24 84 1
1107 1287 1
64 224 0.764303
8 28 1
615 715 1
1230 1430 1
861 1001 1
32 112 1
984 1144 1
123 143 1
72 252 1
64 224 1
861 1001 1
861 1001 1
32 112 1
56 196 0.837146
64 224 1
64 224 0.656265
1107 1287 1
80 280 0.547161
1107 1287 1
24 84 1
738 858 1
8 28 1
861 1001 1
8 28 1
369 429 1
492 572 0.895727
8 28 1
48 168 0.877721
246 286 1
64 224 0.890007
32 112 1
56 196 1
40 140 0.849335
1230 1430 0.7854
48 168 1
861 1001 1
8 28 1
615 715 1
16 56 1
24 84 1
1107 1287 1
1230 1430 0.813542
738 858 0.765727
72 252 1
1107 1287 1
80 280 0.992433
369 429 1
738 858 1
1107 1287 1
64 224 1
738 858 1
80 280 1
738 858 0.897121
1230 1430 1
56 196 0.70863
16 56 1
16 56 0.691025
492 572 1
80 280 1
492 572 1
8 28 0.791001
492 572 0.832184
32 112 0.87409
1230 1430 0.851196
32 112 0.907438
738 858 1
738 858 1
64 224 1
369 429 1
56 196 1
615 715 1
16 56 1
8 28 0.903166
738 858 1
738 858 1
1230 1430 1
1107 1287 1
1107 1287 1
984 1144 1
615 715 1
984 1144 1
492 572 0.867124
24 84 0.842068
80 280 1
615 715 1
369 429 1
369 429 1
24 84 1
1230 1430 1
64 224 1
984 1144 0.871725
861 1001 0.715938
492 572 1
8 28 1
1107 1287 1
64 224 1
1107 1287 1
64 224 1
8 28 0.641635
615 715 0.853191
369 429 1
56 196 1
123 143 1
492 572 1
24 84 1
72 252 1
615 715 1
984 1144 1
64 224 1
492 572 1
72 252 1
369 429 1
56 196 1
24 84 1
32 112 1
738 858 1
8 28 1
16 56 1
1107 1287 1
492 572 1
32 112 1
80 280 1
1107 1287 1
615 715 0.738102
16 56 1
123 143 1
80 280 0.742536
861 1001 0.889634
123 143 0.877407
615 715 1
32 112 1
246 286 1
48 168 1
24 84 1
16 56 1
615 715 0.83182
16 56 1
64 224 1
123 143 1
369 429 1
24 84 0.709672
246 286 1
369 429 1
32 112 1
861 1001 0.915988
48 168 1
80 280 1
246 286 1
80 280 1
1107 1287 1
492 572 0.910213
861 1001 1
40 140 1
738 858 1
72 252 0.858162
72 252 1
861 1001 1
1230 1430 0.717858
16 56 1
738 858 1
738 858 0.904881
32 112 1
861 1001 0.622315
16 56 1
24 84 0.848757
1230 1430 1
1230 1430 1
48 168 1
48 168 0.874753
246 286 0.405914
369 429 1
492 572 1
32 112 1
56 196 0.916458
48 168 0.596498
56 196 0.9164
64 224 1
984 1144 0.916704
80 280 1
64 224 1
492 572 1
369 429 1
72 252 1
369 429 1
738 858 1
369 429 1
56 196 1
123 143 1
861 1001 1
80 280 0.62484
40 140 1
32 112 1
492 572 0.801611
1107 1287 1
738 858 1
1230 1430 1
48 168 1
492 572 0.639458
738 858 0.767641
24 84 0.924072
984 1144 1
123 143 1
615 715 1
24 84 1
861 1001 1
8 28 1
80 280 1
369 429 0.611607
861 1001 1
1107 1287 1
1107 1287 0.897116
1107 1287 1
80 280 1
492 572 0.858156
32 112 1
56 196 0.701481
32 112 1
123 143 1
1230 1430 1
72 252 1
738 858 1
24 84 1
492 572 1
80 280 0.886107
16 56 0.861764
492 572 0.853557
80 280 0.72329
1230 1430 1
80 280 1
492 572 1
1230 1430 1
492 572 1
48 168 0.939306
369 429 1
123 143 1
1107 1287 1
1107 1287 1
1230 1430 0.528155
1230 1430 1
1230 1430 0.932256
8 28 1
738 858 0.932401
123 143 1
738 858 1
984 1144 1
8 28 1
492 572 1
861 1001 1
64 224 1
984 1144 1
738 858 1
8 28 1
492 572 1
16 56 1
16 56 0.897528
369 429 0.869743
246 286 1
64 224 1
123 143 1
1107 1287 0.870285
64 224 1
16 56 1
492 572 1
80 280 1
861 1001 1
861 1001 1
738 858 1
24 84 0.984912
16 56 1
8 28 1
369 429 1
80 280 1
615 715 1
861 1001 0.935153
8 28 0.908141
615 715 1
40 140 1
72 252 1
32 112 1
72 252 0.744708
492 572 0.722625
861 1001 1
40 140 1
40 140 1
32 112 1
369 429 1
24 84 1
1230 1430 1
72 252 1
123 143 1
40 140 1
615 715 1
492 572 0.94486
1230 1430 1
56 196 1
32 112 1
80 280 1
1230 1430 1
1230 1430 1
24 84 1
861 1001 1
1230 1430 1
492 572 1
615 715 1
48 168 1
40 140 1
16 56 0.785808
64 224 1
246 286 1
16 56 1
615 715 1
861 1001 1
56 196 1
246 286 1
8 28 1
56 196 0.958014
32 112 0.952917
1107 1287 1
16 56 1
369 429 0.823956
8 28 0.403066
861 1001 1
72 252 1
1230 1430 1
984 1144 1
246 286 1
32 112 1
32 112 1
40 140 1
123 143 1
492 572 1
64 224 0.878985
8 28 1
984 1144 1
738 858 0.716207
80 280 0.82337
8 28 1
246 286 1
492 572 1
80 280 0.899474
32 112 1
1230 1430 1
64 224 1
64 224 1
246 286 0.655025
1230 1430 0.715742
984 1144 1
738 858 1
492 572 1
72 252 1
16 56 0.962833
80 280 1
1230 1430 1
16 56 1
369 429 1
492 572 1
738 858 1
32 112 1
32 112 0.989284
1230 1430 1
615 715 1
369 429 1
1230 1430 0.806693
32 112 1
56 196 1
492 572 1
1107 1287 1
246 286 1
738 858 1
369 429 1
123 143 0.816521
32 112 1
246 286 1
861 1001 1
56 196 1
40 140 1
492 572 1
40 140 1
615 715 0.703751
8 28 1
80 280 1
24 84 1
369 429 1
64 224 1
492 572 1
64 224 1
369 429 1
861 1001 1
80 280 0.726038
984 1144 1
369 429 0.906363
861 1001 1
24 84 0.950312
8 28 1
984 1144 1
1230 1430 1
64 224 1
984 1144 1
8 28 1
615 715 0.874799
80 280 1
738 858 0.788007
48 168 0.70133
1230 1430 1
984 1144 1
369 429 1
984 1144 1
16 56 1
80 280 1
48 168 1
32 112 1
24 84 1
56 196 1
32 112 0.992539
738 858 1
1230 1430 1
984 1144 0.831599
32 112 1
32 112 1
56 196 1
8 28 1
984 1144 1
48 168 1
24 84 1
64 224 0.868373
32 112 0.945991
16 56 0.902057
56 196 1
738 858 1
8 28 1
1107 1287 1
64 224 1
48 168 0.976151
1230 1430 1
40 140 0.905042
369 429 1
40 140 1
1230 1430 1
48 168 1
615 715 1
32 112 1
72 252 1
615 715 1
738 858 1
1107 1287 1
861 1001 0.945307
246 286 1
615 715 1
16 56 1
48 168 1
984 1144 1
984 1144 0.799851
369 429 1
64 224 1
64 224 1
32 112 1
369 429 1
492 572 1
64 224 1
72 252 0.973496
48 168 1
80 280 1
48 168 1
40 140 1
492 572 1
24 84 0.84751
246 286 1
80 280 1
24 84 1
64 224 1
1230 1430 1
123 143 1
369 429 1
123 143 0.912021
8 28 1
738 858 0.913703
861 1001 1
1230 1430 1
615 715 1
64 224 1
72 252 1
80 280 1
56 196 1
48 168 1
246 286 1
1230 1430 1
123 143 1
861 1001 1
64 224 1
615 715 1
24 84 0.662209
1230 1430 1
48 168 1
123 143 1
861 1001 1
48 168 1
64 224 1
80 280 1
123 143 1
1107 1287 1
984 1144 1
40 140 1
1107 1287 1
1107 1287 1
64 224 0.932388
24 84 1
80 280 1
56 196 1
1230 1430 1
24 84 1
80 280 1
246 286 1
16 56 0.754552
40 140 1
64 224 1
8 28 1
492 572 1
48 168 1
1230 1430 1
615 715 1
738 858 1
80 280 1
32 112 0.94848
1107 1287 1
16 56 1
1230 1430 1
861 1001 1
80 280 1
861 1001 1
492 572 0.630285
984 1144 1
48 168 1
8 28 1
861 1001 1
48 168 0.889086
24 84 1
40 140 0.957979
48 168 1
615 715 1
738 858 0.646524
369 429 1
64 224 0.940714
492 572 1
72 252 1
738 858 1
72 252 1
1230 1430 1
738 858 0.852394
64 224 1
80 280 1
984 1144 0.832023
32 112 1
861 1001 1
56 196 1
1107 1287 1
24 84 1
492 572 0.71907
72 252 1
16 56 0.942196
40 140 1
24 84 1
492 572 1
492 572 1
1230 1430 0.715031
32 112 1
8 28 1
123 143 1
24 84 1
8 28 1
861 1001 1
80 280 1
64 224 1
1107 1287 1
72 252 1
615 715 1
1107 1287 1
1107 1287 1
24 84 0.757492
984 1144 1
56 196 1
16 56 1
738 858 1
738 858 0.764574
738 858 1
1107 1287 1
56 196 1
984 1144 1
492 572 1
16 56 1
492 572 0.703875
8 28 1
738 858 1
861 1001 1
72 252 1
40 140 1
16 56 1
492 572 1
984 1144 1
1230 1430 1
123 143 0.740796
492 572 1
8 28 1
615 715 0.733246
1230 1430 1
64 224 1
738 858 1
246 286 1
615 715 1
1230 1430 0.724378
24 84 1
369 429 1
56 196 0.959826
246 286 1
32 112 1
1230 1430 0.705611
48 168 1
369 429 1
32 112 1
1107 1287 1
40 140 0.887045
123 143 1
56 196 1
40 140 0.880472
615 715 1
64 224 1
984 1144 1
40 140 1
246 286 0.955985
32 112 1
984 1144 1
492 572 1
246 286 1
369 429 1
861 1001 1
72 252 1
123 143 0.882089
123 143 1
861 1001 1
32 112 1
32 112 1
861 1001 1
1230 1430 1
984 1144 0.598409
56 196 0.836333
32 112 1
40 140 1
16 56 1
246 286 1
984 1144 0.655555
56 196 1
16 56 1
1107 1287 1
1107 1287 1
32 112 1
48 168 1
64 224 1
246 286 1
16 56 1
56 196 0.739699
24 84 1
861 1001 1
48 168 1
8 28 1
72 252 0.906524
246 286 1
32 112 1
369 429 1
1107 1287 1
64 224 1
56 196 0.816362
492 572 1
738 858 1
246 286 1
246 286 1
48 168 1
1107 1287 1
984 1144 1
369 429 1
72 252 1
1107 1287 1
64 224 1
48 168 0.845821
80 280 1
492 572 1
16 56 1
64 224 1
123 143 1
615 715 1
1230 1430 1
615 715 1
16 56 0.9083
1107 1287 1
64 224 1
64 224 1
1107 1287 0.925928
738 858 1
492 572 1
40 140 0.905704
80 280 1
64 224 1
1107 1287 1
615 715 1
1107 1287 1
72 252 1
861 1001 0.736455
64 224 1
64 224 1
615 715 1
56 196 1
56 196 1
72 252 1
1107 1287 0.798011
984 1144 1
32 112 1
861 1001 0.840716
984 1144 0.931476
16 56 1
492 572 0.957402
861 1001 1
48 168 0.925909
615 715 1
56 196 0.971902
984 1144 1
80 280 1
72 252 1
615 715 1
984 1144 1
40 140 0.717568
80 280 1
48 168 1
123 143 1
48 168 1
246 286 1
8 28 1
861 1001 0.860494
615 715 1
246 286 0.927007
369 429 1
80 280 1
48 168 1
64 224 0.849311
48 168 1
246 286 1
32 112 1
24 84 1
246 286 1
1230 1430 1
64 224 1
40 140 1
32 112 0.974483
492 572 0.874605
246 286 1
48 168 0.636762
40 140 1
16 56 1
246 286 1
369 429 1
40 140 1
8 28 0.90782
80 280 1
738 858 0.657968
80 280 1
56 196 0.805017
32 112 1
32 112 1
32 112 0.892855
80 280 1
8 28 1
246 286 0.680772
246 286 1
16 56 1
1107 1287 1
72 252 1
48 168 1
16 56 1
8 28 1
48 168 1
861 1001 1
56 196 1
72 252 1
1230 1430 1
369 429 1
984 1144 0.819069
984 1144 1
80 280 0.968391
369 429 1
369 429 1
1107 1287 1
32 112 1
369 429 1
56 196 1
984 1144 0.66831
72 252 0.750767
615 715 1
1107 1287 0.707466
369 429 1
56 196 0.63091
24 84 1
861 1001 0.853378
1230 1430 1
72 252 0.968725
80 280 1
80 280 1
32 112 1
40 140 0.961016
738 858 1
492 572 1
8 28 1
32 112 1
64 224 1
16 56 1
72 252 0.832
123 143 1
615 715 1
80 280 1
56 196 1
984 1144 1
40 140 1
64 224 0.897833
615 715 0.961288
80 280 1
1107 1287 1
40 140 1
738 858 1
80 280 0.851338
246 286 1
56 196 1
984 1144 1
80 280 0.810087
32 112 0.73952
40 140 1
738 858 0.899858
492 572 1
246 286 1
64 224 1
492 572 1
48 168 1
123 143 0.85799
8 28 1
738 858 1
16 56 1
48 168 1
246 286 1
1107 1287 1
48 168 1
492 572 1
492 572 1
40 140 1
1107 1287 1
32 112 1
123 143 1
984 1144 1
615 715 0.8492
123 143 0.947677
72 252 1
984 1144 1
64 224 1
369 429 1
615 715 1
1107 1287 0.842276
246 286 0.736499
1230 1430 1
72 252 1
123 143 1
80 280 1
56 196 1
72 252 1
16 56 0.84038
861 1001 1
369 429 1
64 224 1
984 1144 1
48 168 0.82816
1230 1430 1
48 168 0.837667
1107 1287 1
615 715 1
24 84 1
123 143 1
615 715 1
861 1001 0.590389
1230 1430 1
48 168 1
48 168 1
369 429 0.721338
72 252 1
16 56 1
123 143 1
32 112 1
123 143 1
32 112 0.953549
48 168 1
738 858 1
56 196 1
984 1144 1
246 286 1
984 1144 1
32 112 0.870706
24 84 1
80 280 1
492 572 1
48 168 1
1107 1287 0.997991
738 858 1
123 143 1
56 196 1
24 84 0.82458
369 429 1
32 112 0.957231
492 572 1
615 715 1
80 280 1
72 252 0.863135
492 572 1
369 429 1
72 252 1
72 252 1
40 140 0.850675
1107 1287 1
1107 1287 1
32 112 0.707487
16 56 1
123 143 1
984 1144 1
24 84 1
40 140 0.945061
16 56 0.853452
64 224 1
80 280 1
984 1144 1
16 56 1
16 56 1
246 286 1
246 286 1
861 1001 1
48 168 1
64 224 1
246 286 0.919235
246 286 1
56 196 1
80 280 1
16 56 1
16 56 1
369 429 1
738 858 1
369 429 1
8 28 1
32 112 1
615 715 1
24 84 1
738 858 1
1230 1430 1
861 1001 1
246 286 1
738 858 1
32 112 1
1107 1287 1
16 56 1
1107 1287 1
1107 1287 1
615 715 0.989259
16 56 0.979844
72 252 0.898563
1107 1287 1
16 56 0.890611
123 143 1
24 84 1
1107 1287 0.75701
738 858 0.821839
48 168 1
64 224 1
1107 1287 1
369 429 1
24 84 0.730324
369 429 0.795894
16 56 1
1107 1287 1
984 1144 1
492 572 1
861 1001 0.789858
8 28 1
40 140 1
984 1144 1
40 140 1
861 1001 1
64 224 0.928153
16 56 1
123 143 1
56 196 1
1230 1430 0.5964
738 858 0.860131
615 715 1
40 140 0.979624
24 84 1
80 280 0.764653
1230 1430 1
32 112 1
615 715 1
72 252 0.912526
40 140 1
492 572 1
984 1144 0.864457
32 112 1
8 28 1
369 429 0.822956
24 84 1
369 429 1
56 196 1
492 572 0.758226
984 1144 1
64 224 1
40 140 0.559385
369 429 1
56 196 0.909259
64 224 1
32 112 1
984 1144 1
246 286 1
1230 1430 0.946294
1107 1287 1
8 28 1
56 196 1
24 84 1
64 224 1
64 224 0.637787
123 143 1
246 286 1
369 429 0.955499
1230 1430 1
80 280 1
64 224 1
984 1144 0.914833
492 572 1
48 168 1
123 143 1
8 28 0.903735
984 1144 1
984 1144 1
1230 1430 1
246 286 0.92072
64 224 1
246 286 1
16 56 1
369 429 1
8 28 1
24 84 1
1230 1430 1
246 286 1
80 280 0.713363
1230 1430 1
24 84 1
80 280 0.952183
615 715 1
369 429 1
64 224 1
56 196 1
64 224 1
615 715 1
56 196 1
56 196 1
861 1001 1
40 140 1
72 252 0.627836
123 143 0.849192
615 715 1
8 28 1
80 280 1
72 252 1
492 572 1
16 56 0.806286
861 1001 0.903867
861 1001 0.936532
123 143 0.971156
1107 1287 1
16 56 0.837942
24 84 1
492 572 0.758284
80 280 0.516502
24 84 1
56 196 1
8 28 1
72 252 0.9118
8 28 1
8 28 1
984 1144 0.946639
246 286 1
8 28 1
8 28 0.789448
48 168 1
123 143 0.865473
123 143 1
8 28 1
123 143 0.820461
24 84 1
24 84 1
8 28 0.765132
492 572 1
1107 1287 1
615 715 1
8 28 1
80 280 1
369 429 0.855184
72 252 1
1107 1287 1
56 196 1
48 168 0.866528
64 224 0.942196
1230 1430 1
32 112 0.884101
492 572 1
492 572 1
123 143 1
16 56 0.581595
984 1144 1
738 858 1
369 429 1
492 572 1
246 286 1
123 143 1
80 280 1
32 112 0.940017
80 280 1
615 715 1
40 140 1
492 572 0.93868
738 858 1
738 858 1
48 168 1
32 112 1
246 286 1
64 224 1
64 224 1
615 715 1
123 143 1
32 112 1
246 286 1
64 224 1
48 168 0.903963
738 858 1
246 286 0.849601
56 196 1
492 572 1
369 429 1
8 28 1
56 196 1
24 84 1
738 858 1
64 224 1
48 168 1
615 715 1
8 28 1
48 168 1
1230 1430 1
80 280 1
56 196 1
1107 1287 1
738 858 1
123 143 1
492 572 1
492 572 1
246 286 1
40 140 1
615 715 1
738 858 0.734928
369 429 1
738 858 1
56 196 1
369 429 1
24 84 1
80 280 0.896515
861 1001 0.606511
8 28 1
861 1001 0.919243
1230 1430 1
1107 1287 1
738 858 0.714478
1107 1287 1
1230 1430 1
16 56 1
16 56 1
56 196 1
40 140 1
32 112 1
16 56 1
24 84 1
48 168 0.859169
369 429 1
492 572 0.9504
123 143 1
1230 1430 1
615 715 1
984 1144 1
48 168 1
32 112 1
32 112 0.924065
246 286 1
1107 1287 1
24 84 1
56 196 1
80 280 1
32 112 0.723215
123 143 1
738 858 1
40 140 0.847687
246 286 1
24 84 1
24 84 1
738 858 1
40 140 1
64 224 1
984 1144 0.948032
64 224 0.809089
615 715 1
48 168 1
32 112 1
8 28 1
48 168 1
861 1001 1
56 196 0.87593
861 1001 1
615 715 1
246 286 1
123 143 0.816256
80 280 1
861 1001 1
1107 1287 1
615 715 1
8 28 0.869936
64 224 1
246 286 0.874878
369 429 1
56 196 0.918086
64 224 1
16 56 1
246 286 1
64 224 1
123 143 0.889227
40 140 1
738 858 1
1107 1287 1
123 143 1
8 28 1
984 1144 1
8 28 1
16 56 1
40 140 1
738 858 1
615 715 1
123 143 1
492 572 1
24 84 1
64 224 1
1107 1287 1
861 1001 1
72 252 1
48 168 1
246 286 1
861 1001 1
16 56 1
24 84 1
48 168 1
1230 1430 0.714112
1230 1430 1
369 429 1
861 1001 1
64 224 1
8 28 1
48 168 1
1230 1430 1
40 140 1
72 252 0.928874
32 112 0.865334
32 112 1
24 84 1
8 28 1
492 572 1
1107 1287 1
64 224 1
369 429 1
32 112 1
492 572 1
1107 1287 1
984 1144 1
32 112 1
56 196 1
984 1144 1
32 112 0.73402
72 252 1
1230 1430 1
123 143 1
984 1144 1
246 286 1
492 572 1
40 140 1
16 56 1
984 1144 1
24 84 1
123 143 1
48 168 0.818372
48 168 1
738 858 1
32 112 1
1230 1430 1
8 28 0.918438
32 112 1
56 196 1
8 28 1
24 84 1
492 572 1
16 56 0.921678
40 140 1
492 572 1
738 858 1
246 286 1
123 143 1
72 252 1
8 28 1
123 143 1
48 168 1
984 1144 1
16 56 1
1230 1430 1
24 84 0.851402
369 429 1
861 1001 1
1230 1430 0.625843
615 715 0.776848
123 143 1
40 140 1
64 224 1
738 858 1
24 84 1
1230 1430 0.838013
1230 1430 1
861 1001 1
123 143 0.81093
32 112 1
56 196 1
32 112 1
1230 1430 1
40 140 1
615 715 1
861 1001 1
80 280 1
56 196 1
40 140 1
24 84 1
984 1144 1
123 143 1
32 112 1
984 1144 1
8 28 1
48 168 1
1107 1287 0.837539
123 143 1
56 196 1
24 84 0.810772
1107 1287 1
80 280 1
1107 1287 1
615 715 1
615 715 0.873268
1107 1287 0.808398
369 429 1
1107 1287 0.809743
1107 1287 1
861 1001 1
492 572 1
32 112 0.882362
16 56 1
1230 1430 0.993578
984 1144 0.916246
48 168 1
738 858 1
984 1144 1
369 429 1
56 196 1
1230 1430 1
56 196 1
492 572 1
8 28 0.702166
72 252 1
48 168 1
16 56 0.901611
1107 1287 1
40 140 1
40 140 1
56 196 0.925949
16 56 1
123 143 1
738 858 1
1230 1430 1
1230 1430 1
40 140 0.78471
56 196 1
16 56 1
492 572 1
8 28 1
40 140 1
984 1144 0.757306
246 286 1
64 224 1
492 572 1
1230 1430 1
56 196 1
1107 1287 1
738 858 1
40 140 1
56 196 1
1230 1430 1
246 286 0.72053
615 715 1
246 286 1
32 112 1
56 196 1
123 143 0.936711
48 168 1
8 28 1
123 143 0.860157
615 715 1
984 1144 1
56 196 1
1230 1430 1
64 224 0.85261
1230 1430 1
32 112 0.884584
8 28 0.742729
32 112 0.3891
72 252 0.767326
738 858 1
64 224 0.686488
64 224 1
861 1001 1
492 572 1
1107 1287 1
246 286 0.660368
32 112 0.616363
123 143 1
492 572 1
80 280 1
8 28 0.968519
32 112 1
615 715 0.945682
40 140 0.893967
16 56 1
1107 1287 0.916957
32 112 0.901857
861 1001 1
16 56 0.958821
246 286 1
72 252 1
56 196 1
24 84 1
56 196 1
123 143 1
56 196 1
48 168 1
1107 1287 1
861 1001 1
369 429 1
8 28 1
16 56 1
16 56 1
123 143 1
123 143 1
246 286 0.800976
24 84 0.879579
80 280 1
984 1144 1
615 715 1
72 252 1
16 56 1
32 112 1
861 1001 1
72 252 1
1107 1287 1
40 140 1
32 112 1
246 286 1
40 140 1
1230 1430 1
123 143 0.950158
32 112 0.830432
80 280 1
1230 1430 1
80 280 1
615 715 0.929027
80 280 0.96075
72 252 1
8 28 1
369 429 1
56 196 1
738 858 1
861 1001 1
1230 1430 1
40 140 0.922545
48 168 1
72 252 1
8 28 1
492 572 1
72 252 1
72 252 1
369 429 1
16 56 1
64 224 1
64 224 1
80 280 0.826281
80 280 1
72 252 1
56 196 1
80 280 1
56 196 1
72 252 1
64 224 1
1230 1430 1
861 1001 0.837225
40 140 1
369 429 1
369 429 1
80 280 1
369 429 0.937115
24 84 1
1107 1287 1
24 84 1
738 858 1
615 715 1
24 84 0.901434
246 286 0.86827
72 252 1
80 280 0.691792
48 168 1
738 858 1
123 143 1
56 196 1
123 143 0.950814
123 143 0.802133
48 168 1
738 858 1
1230 1430 1
16 56 1
80 280 0.914444
738 858 1
32 112 1
738 858 1
80 280 1
80 280 1
24 84 1
32 112 1
16 56 1
48 168 1
40 140 1
72 252 1
24 84 0.911841
492 572 1
123 143 1
984 1144 1
738 858 1
1230 1430 0.927274
1107 1287 1
72 252 1
8 28 0.68272
492 572 1
72 252 1
64 224 1
48 168 0.904263
56 196 1
16 56 1
72 252 1
40 140 1
24 84 0.749108
80 280 1
16 56 0.560606
32 112 1
72 252 1
1107 1287 0.878438
1230 1430 1
56 196 1
615 715 1
48 168 1
123 143 0.863771
1107 1287 1
40 140 1
80 280 1
8 28 1
64 224 1
1107 1287 1
48 168 0.724469
80 280 1
32 112 1
861 1001 0.773027
24 84 1
738 858 1
48 168 1
32 112 0.88155
123 143 0.891737
861 1001 1
1230 1430 1
24 84 1
8 28 0.761171
48 168 1
615 715 1
246 286 1
492 572 1
32 112 1
738 858 1
56 196 1
72 252 1
861 1001 1
861 1001 0.931826
80 280 1
369 429 1
738 858 1
123 143 1
8 28 1
615 715 0.912915
16 56 0.903341
40 140 0.923908
123 143 1
16 56 1
40 140 1
24 84 1
369 429 1
80 280 1
615 715 1
16 56 0.755111
615 715 0.945472
369 429 1
492 572 0.825559
738 858 0.877513
369 429 1
16 56 1
615 715 0.813095
72 252 1
615 715 1
1230 1430 1
615 715 1
80 280 1
64 224 0.799008
369 429 1
738 858 1
8 28 0.95252
123 143 1
64 224 0.669128
615 715 1
48 168 1
8 28 1
80 280 1
615 715 1
8 28 1
369 429 0.880172
123 143 1
861 1001 0.815008
16 56 1
32 112 0.78187
615 715 0.981162
861 1001 1
1107 1287 1
32 112 1
984 1144 1
72 252 1
738 858 1
40 140 1
369 429 1
861 1001 1
64 224 1
24 84 1
72 252 1
64 224 0.747138
984 1144 0.97919
615 715 1
1230 1430 1
123 143 1
8 28 1
56 196 1
48 168 1
48 168 0.840757
8 28 1
369 429 0.928092
1107 1287 1
56 196 1
40 140 0.890316
738 858 1
48 168 1
80 280 1
16 56 1
8 28 1
1230 1430 1
1107 1287 1
80 280 0.85558
738 858 1
492 572 1
492 572 0.744756
1230 1430 1
984 1144 1
64 224 1
32 112 0.695152
861 1001 0.875973
64 224 1
369 429 1
369 429 1
16 56 1
1230 1430 1
16 56 1
56 196 1
16 56 1
984 1144 1
369 429 1
16 56 1
123 143 1
56 196 1
738 858 1
492 572 1
246 286 1
615 715 1
246 286 1
16 56 1
32 112 1
246 286 1
64 224 1
369 429 1
32 112 0.97318
64 224 1
1107 1287 1
40 140 0.903511
738 858 1
123 143 0.776631
16 56 1
246 286 0.947229
861 1001 1
615 715 1
48 168 1
246 286 1
64 224 1
246 286 1
738 858 1
984 1144 1
8 28 1
64 224 1
861 1001 1
24 84 1
56 196 1
1107 1287 1
24 84 1
984 1144 0.952208
64 224 1
615 715 0.595105
123 143 1
1230 1430 1
1230 1430 1
64 224 1
40 140 0.863782
861 1001 1
615 715 1
64 224 1
861 1001 1
80 280 1
984 1144 1
984 1144 1
72 252 1
80 280 0.685016
1107 1287 0.834203
369 429 0.841369
72 252 1
738 858 0.836974
1107 1287 1
1107 1287 0.97349
40 140 1
984 1144 0.677599
24 84 1
80 280 1
48 168 1
492 572 0.9519
984 1144 0.703508
1230 1430 1
615 715 0.867335
984 1144 1
492 572 1
738 858 0.924318
492 572 0.886689
16 56 1
24 84 0.90971
1107 1287 1
48 168 0.87565
984 1144 1
615 715 1
1107 1287 1
984 1144 1
24 84 1
64 224 1
16 56 0.935078
861 1001 1
246 286 1
738 858 1
861 1001 1
48 168 1
984 1144 1
615 715 1
246 286 0.974895
32 112 1
80 280 0.942189
24 84 1
615 715 1
24 84 1
492 572 1
80 280 0.760467
48 168 1
72 252 1
72 252 1
72 252 1
72 252 1
738 858 0.732302
8 28 1
369 429 1
492 572 1
48 168 0.705903
64 224 1
123 143 1
123 143 0.578773
615 715 1
1107 1287 1
1107 1287 1
369 429 1
1107 1287 0.759905
492 572 1
48 168 1
492 572 1
40 140 1
48 168 1
984 1144 1
1230 1430 1
615 715 1
123 143 1
984 1144 1
246 286 1
1230 1430 1
123 143 1
80 280 0.828207
492 572 1
32 112 1
24 84 1
861 1001 1
80 280 1
984 1144 1
492 572 0.645646
80 280 1
40 140 1
56 196 1
40 140 0.94535
40 140 1
56 196 1
1107 1287 1
80 280 1
40 140 1
32 112 0.579012
16 56 0.571707
24 84 1
246 286 1
369 429 1
24 84 1
369 429 1
80 280 1
861 1001 1
40 140 1
1107 1287 1
24 84 1
48 168 1
861 1001 0.896583
16 56 0.98008
738 858 1
64 224 0.834291
48 168 1
246 286 1
72 252 0.723947
984 1144 1
246 286 1
40 140 1
16 56 1
984 1144 0.822815
123 143 1
984 1144 0.866042
246 286 1
24 84 1
1230 1430 1
861 1001 0.640042
48 168 1
8 28 1
861 1001 0.728702
32 112 1
56 196 1
369 429 1
16 56 0.922655
246 286 1
40 140 1
8 28 0.538462
8 28 1
48 168 1
16 56 1
48 168 0.979353
369 429 1
48 168 0.859937
984 1144 1
615 715 1
1230 1430 1
738 858 0.831013
246 286 1
615 715 1
246 286 0.750759
56 196 1
1107 1287 1
861 1001 1
492 572 1
48 168 1
72 252 1
492 572 1
16 56 1
1107 1287 0.867852
984 1144 1
369 429 1
40 140 1
24 84 1
40 140 1
615 715 0.766236
48 168 1
40 140 1
369 429 1
32 112 1
8 28 1
615 715 0.781938
64 224 1
56 196 1
80 280 0.957883
40 140 1
1107 1287 1
861 1001 1
40 140 1
984 1144 0.858534
123 143 1
16 56 1
1230 1430 1
1230 1430 1
492 572 0.953367
32 112 1
738 858 1
369 429 1
1230 1430 1
48 168 1
40 140 1
48 168 1
369 429 0.913305
1230 1430 1
32 112 1
16 56 1
123 143 1
984 1144 1
80 280 1
246 286 1
56 196 1
48 168 0.845098
246 286 0.910982
492 572 1
80 280 0.738663
24 84 1
56 196 1
615 715 1
40 140 1
64 224 1
64 224 1
123 143 0.875878
861 1001 0.930028
984 1144 1
615 715 1
72 252 1
615 715 0.880697
1107 1287 1
861 1001 0.909507
123 143 1
246 286 0.804078
123 143 1
8 28 1
123 143 1
246 286 1
64 224 1
369 429 1
48 168 0.631564
8 28 1
246 286 1
16 56 1
64 224 0.765296
861 1001 1
369 429 1
72 252 1
615 715 1
24 84 1
16 56 0.869834
48 168 0.986461
369 429 1
56 196 1
738 858 1
40 140 1
369 429 1
861 1001 1
48 168 1
861 1001 1
40 140 1
246 286 1
492 572 1
40 140 1
8 28 0.899403
16 56 1
64 224 1
40 140 1
1107 1287 1
369 429 1
56 196 1
80 280 1
861 1001 0.796476
984 1144 0.836439
72 252 1
984 1144 1
32 112 1
8 28 1
369 429 1
32 112 0.787721
615 715 0.856155
80 280 1
72 252 1
123 143 1
246 286 1
738 858 0.772551
56 196 1
738 858 1
48 168 0.975312
1230 1430 1
1230 1430 1
1230 1430 1
64 224 1
8 28 1
369 429 1
32 112 1
80 280 1
615 715 1
1230 1430 1
861 1001 1
48 168 1
64 224 0.782746
56 196 0.761932
492 572 0.770038
861 1001 0.660292
246 286 1
80 280 1
32 112 1
48 168 1
32 112 1
123 143 0.688371
738 858 1
1107 1287 1
1107 1287 1
40 140 0.803239
738 858 0.958739
32 112 0.757125
16 56 1
861 1001 1
56 196 1
24 84 1
738 858 1
80 280 1
40 140 1
16 56 0.677396
246 286 1
16 56 1
32 112 0.763618
1230 1430 1
984 1144 1
64 224 1
123 143 0.800775
738 858 1
56 196 1
80 280 1
246 286 1
24 84 1
615 715 1
369 429 0.897846
615 715 1
56 196 1
24 84 1
32 112 1
64 224 1
24 84 1
56 196 1
861 1001 1
861 1001 1
369 429 1
24 84 0.7632
80 280 1
123 143 1
1107 1287 0.828874
246 286 0.731898
369 429 1
1230 1430 1
1230 1430 0.63691
984 1144 1
369 429 1
123 143 1
123 143 0.920088
32 112 1
72 252 1
492 572 0.605934
492 572 0.87069
492 572 1
984 1144 0.80633
738 858 1
80 280 0.932714
492 572 1
32 112 1
615 715 1
32 112 1
80 280 1
492 572 1
984 1144 1
24 84 0.764871
40 140 1
123 143 1
369 429 1
16 56 1
246 286 1
80 280 1
1230 1430 1
32 112 1
861 1001 1
16 56 0.851005
40 140 1
72 252 1
123 143 1
123 143 1
24 84 1
246 286 0.913239
1107 1287 1
246 286 1
80 280 1
1107 1287 1
48 168 1
72 252 1
40 140 0.832102
80 280 1
72 252 1
369 429 1
984 1144 1
8 28 1
48 168 1
984 1144 1
369 429 1
738 858 1
1230 1430 1
80 280 1
738 858 1
48 168 1
369 429 1
615 715 1
80 280 0.769306
738 858 1
32 112 1
32 112 1
32 112 1
123 143 1
24 84 1
80 280 1
32 112 0.669665
72 252 1
64 224 1
1230 1430 1
24 84 1
615 715 1
40 140 1
24 84 1
738 858 1
24 84 1
32 112 0.884517
24 84 1
369 429 1
80 280 0.831456
615 715 1
369 429 1
738 858 1
861 1001 0.740969
861 1001 0.982403
72 252 1
1107 1287 1
32 112 1
246 286 1
8 28 1
492 572 1
72 252 1
32 112 1
984 1144 0.764489
984 1144 1
369 429 0.847434
80 280 0.854965
615 715 1
24 84 1
64 224 1
64 224 1
48 168 1
32 112 1
48 168 1
615 715 1
48 168 0.874616
492 572 1
16 56 0.864979
492 572 0.880853
738 858 1
32 112 1
64 224 1
123 143 1
8 28 1
64 224 1
64 224 1
492 572 1
123 143 1
1230 1430 1
64 224 1
123 143 1
16 56 1
56 196 1
32 112 0.963241
24 84 1
246 286 1
492 572 1
1107 1287 1
492 572 1
492 572 1
246 286 1
48 168 0.895178
32 112 0.711137
24 84 1
1107 1287 1
615 715 1
1230 1430 1
48 168 0.887975
615 715 1
492 572 1
64 224 1
48 168 1
24 84 1
48 168 1
615 715 1
72 252 1
40 140 1
24 84 1
48 168 1
246 286 0.835228
123 143 1
492 572 1
984 1144 1
80 280 1
56 196 1
246 286 0.796923
1230 1430 1
64 224 1
369 429 0.78154
738 858 1
24 84 0.777157
64 224 1
24 84 0.889098
123 143 1
72 252 1
8 28 1
1230 1430 1
56 196 1
492 572 1
1230 1430 1
64 224 0.811869
861 1001 1
16 56 0.871507
984 1144 1
861 1001 1
16 56 1
861 1001 0.744928
40 140 1
56 196 1
492 572 0.901466
984 1144 1
80 280 1
123 143 0.814765
8 28 1
40 140 1
64 224 1
861 1001 1
123 143 0.690899
246 286 1
8 28 0.89724
1107 1287 1
24 84 0.615207
32 112 1
1107 1287 1
72 252 1
72 252 1
8 28 1
48 168 1
80 280 0.892859
64 224 1
246 286 1
48 168 1
492 572 1
40 140 1
32 112 1
56 196 0.805704
1230 1430 1
40 140 1
984 1144 1
1107 1287 1
1230 1430 1
16 56 1
56 196 1
984 1144 1
492 572 1
738 858 1
1230 1430 1
738 858 1
738 858 1
861 1001 1
246 286 1
8 28 1
24 84 1
984 1144 1
123 143 1
8 28 1
24 84 1
246 286 1
369 429 1
369 429 1
72 252 1
8 28 1
984 1144 1
24 84 1
8 28 1
1230 1430 1
32 112 1
32 112 1
80 280 1
738 858 1
40 140 0.761174
1107 1287 1
56 196 1
24 84 1
984 1144 1
40 140 0.898578
246 286 1
738 858 1
32 112 1
24 84 1
1107 1287 0.941699
123 143 0.953919
40 140 1
40 140 1
48 168 1
8 28 1
492 572 1
738 858 0.81937
246 286 1
64 224 1
16 56 0.912537
16 56 1
123 143 1
72 252 1
16 56 1
369 429 1
1230 1430 1
72 252 1
8 28 1
492 572 1
64 224 1
1107 1287 1
861 1001 0.775206
246 286 1
80 280 1
32 112 1
861 1001 1
984 1144 1
123 143 1
861 1001 1
861 1001 1
80 280 1
72 252 1
861 1001 1
72 252 1
40 140 1
246 286 1
24 84 1
80 280 1
123 143 1
738 858 1
861 1001 1
615 715 0.94772
32 112 1
72 252 1
1230 1430 1
738 858 1
56 196 1
984 1144 1
1107 1287 1
984 1144 1
738 858 1
984 1144 1
32 112 1
40 140 0.943814
246 286 1
24 84 0.923322
492 572 1
1107 1287 1
738 858 1
738 858 1
861 1001 1
56 196 0.746268
40 140 0.932321
1230 1430 1
123 143 1
123 143 0.954729
16 56 1
1107 1287 1
8 28 1
246 286 1
615 715 1
615 715 1
492 572 0.779767
369 429 1
615 715 1
40 140 1
8 28 1
16 56 0.85723
615 715 1
8 28 1
984 1144 0.929771
56 196 1
40 140 1
492 572 1
246 286 0.930387
1107 1287 0.84757
64 224 1
861 1001 0.65546
1230 1430 1
246 286 0.99796
8 28 1
369 429 1
80 280 1
72 252 0.933461
861 1001 1
369 429 1
738 858 1
80 280 1
48 168 1
32 112 1
123 143 0.725375
984 1144 0.912565
1230 1430 1
369 429 1
861 1001 1
1107 1287 1
64 224 1
123 143 1
738 858 1
984 1144 1
24 84 0.668401
32 112 1
64 224 1
80 280 1
32 112 1
24 84 0.743871
492 572 1
738 858 1
16 56 1
56 196 1
8 28 1
492 572 0.700045
8 28 0.824987
738 858 1
369 429 1
16 56 1
72 252 1
1230 1430 1
1107 1287 1
40 140 1
738 858 1
56 196 1
738 858 1
8 28 1
984 1144 1
40 140 1
16 56 0.877165
1107 1287 1
369 429 1
80 280 1
1107 1287 1
246 286 1
72 252 1
246 286 1
56 196 1
1230 1430 1
80 280 1
40 140 0.487833
48 168 0.451945
80 280 1
738 858 1
48 168 1
64 224 1
56 196 1
615 715 1
48 168 0.550034
40 140 1
80 280 0.940389
123 143 0.872977
16 56 1
246 286 0.958383
369 429 1
861 1001 1
48 168 1
1107 1287 1
72 252 1
492 572 0.843561
24 84 0.950591
72 252 1
738 858 1
369 429 1
64 224 1
492 572 0.838573
8 28 1
80 280 1
24 84 1
48 168 1
369 429 1
40 140 0.834714
1230 1430 1
492 572 1
40 140 1
8 28 1
56 196 1
1107 1287 1
1107 1287 1
246 286 1
72 252 1
72 252 1
80 280 0.939874
369 429 1
738 858 0.856137
56 196 1
123 143 1
492 572 1
72 252 1
80 280 1
32 112 1
24 84 1
64 224 1
8 28 0.801058
56 196 0.826068
615 715 1
1107 1287 1
8 28 1
24 84 0.982077
56 196 1
738 858 1
64 224 1
1230 1430 0.994697
16 56 1
861 1001 1
369 429 1
24 84 1
369 429 1
246 286 1
738 858 1
24 84 1
40 140 1
40 140 0.80917
16 56 1
738 858 1
369 429 1
984 1144 1
861 1001 1
984 1144 1
48 168 0.898215
738 858 1
8 28 1
40 140 1
369 429 1
1230 1430 0.88801
615 715 0.959105
861 1001 0.90134
492 572 1
8 28 1
16 56 1
1230 1430 1
738 858 1
16 56 0.816008
24 84 1
64 224 0.817487
8 28 1
72 252 1
984 1144 1
615 715 1
369 429 0.87013
40 140 0.705136
16 56 1
8 28 1
64 224 1
40 140 0.810062
492 572 0.954888
24 84 0.955802
123 143 1
24 84 1
246 286 1
16 56 0.787252
1230 1430 1
246 286 0.775873
40 140 1
48 168 1
32 112 1
80 280 0.821115
615 715 1
72 252 1
56 196 0.897466
123 143 1
1230 1430 1
861 1001 0.868037
56 196 0.89636
80 280 1
1107 1287 0.864621
40 140 0.892229
24 84 1
369 429 0.71785
861 1001 1
123 143 0.633174
72 252 1
40 140 1
984 1144 1
48 168 1
64 224 1
615 715 1
1107 1287 1
861 1001 0.790498
40 140 1
64 224 1
123 143 1
56 196 1
56 196 1
56 196 1
369 429 1
246 286 0.83098
246 286 1
56 196 1
80 280 1
1107 1287 0.943206
369 429 1
40 140 1
1230 1430 1
32 112 1
24 84 1
40 140 1
615 715 1
246 286 1
738 858 1
32 112 1
24 84 1
32 112 1
56 196 1
738 858 0.874738
32 112 1
40 140 1
40 140 1
861 1001 1
24 84 1
56 196 1
8 28 0.876796
64 224 1
72 252 0.789308
56 196 0.963275
64 224 1
369 429 1
1107 1287 1
48 168 1
80 280 1
8 28 1
48 168 1
492 572 1
8 28 0.969276
861 1001 1
1230 1430 1
48 168 0.901662
24 84 1
861 1001 0.820431
80 280 1
32 112 0.600456
369 429 1
56 196 1
861 1001 1
615 715 1
16 56 1
32 112 1
984 1144 1
48 168 0.93648
16 56 0.808144
64 224 1
40 140 1
492 572 1
123 143 0.773757
72 252 1
615 715 0.751882
369 429 1
738 858 1
40 140 0.858683
246 286 1
984 1144 1
32 112 1
861 1001 1
861 1001 0.935713
369 429 1
123 143 0.859393
80 280 1
1230 1430 1
123 143 0.825951
8 28 0.641627
16 56 1
32 112 0.718065
80 280 0.875847
32 112 1
615 715 0.874907
24 84 1
56 196 0.898755
64 224 1
123 143 1
738 858 1
492 572 1
8 28 1
64 224 1
48 168 1
984 1144 1
8 28 1
984 1144 1
738 858 0.975109
1107 1287 0.81749
16 56 1
64 224 1
56 196 0.896542
64 224 1
40 140 1
16 56 1
48 168 1
8 28 1
8 28 1
492 572 0.820841
123 143 1
369 429 1
1230 1430 1
72 252 1
1107 1287 0.841708
369 429 1
56 196 1
40 140 1
80 280 1
1107 1287 1
492 572 0.934003
492 572 1
615 715 1
56 196 1
24 84 1
1107 1287 0.819136
72 252 1
1107 1287 0.888818
32 112 1
492 572 1
369 429 1
32 112 1
56 196 1
32 112 0.795562
80 280 0.845214
40 140 1
56 196 0.938509
8 28 1
123 143 1
40 140 1
984 1144 0.840575
8 28 1
48 168 1
64 224 1
8 28 1
72 252 1
32 112 1
64 224 1
615 715 1
1107 1287 1
80 280 0.608456
40 140 1
738 858 0.937818
48 168 1
16 56 1
369 429 1
369 429 1
1107 1287 1
72 252 1
738 858 1
1107 1287 1
8 28 1
369 429 1
615 715 1
1230 1430 1
16 56 1
56 196 1
24 84 0.931749
8 28 1
64 224 1
1107 1287 1
615 715 0.476118
246 286 1
492 572 1
492 572 1
72 252 1
64 224 1
123 143 1
8 28 0.946068
32 112 1
80 280 0.883987
24 84 1
369 429 1
1230 1430 1
615 715 1
984 1144 1
56 196 0.967563
1107 1287 0.891999
738 858 1
72 252 1
615 715 0.540414
738 858 0.961554
64 224 1
738 858 1
615 715 1
861 1001 1
32 112 0.730943
1107 1287 1
369 429 0.604114
16 56 0.937982
369 429 0.852275
984 1144 1
24 84 1
32 112 1
72 252 0.738287
40 140 0.767758
861 1001 1
16 56 1
64 224 1
24 84 1
984 1144 1
861 1001 0.696876
492 572 1
1107 1287 1
615 715 1
1230 1430 1
56 196 1
738 858 1
16 56 1
1230 1430 1
72 252 1
8 28 1
64 224 0.824347
8 28 1
48 168 1
32 112 1
64 224 1
56 196 0.923466
56 196 1
32 112 1
123 143 1
64 224 0.981115
861 1001 1
16 56 1
24 84 1
64 224 1
16 56 1
984 1144 1
123 143 0.888167
16 56 1
123 143 1
984 1144 0.772353
246 286 1
984 1144 0.850301
48 168 1
615 715 1
32 112 0.786669
123 143 0.605269
80 280 1
1107 1287 1
492 572 1
738 858 0.891153
8 28 1
369 429 1
72 252 1
246 286 1
8 28 1
861 1001 0.899215
48 168 1
984 1144 1
738 858 1
1107 1287 1
861 1001 1
369 429 1
861 1001 1
32 112 0.857873
24 84 1
72 252 0.832954
1107 1287 1
32 112 1
369 429 1
40 140 1
492 572 1
369 429 1
48 168 1
1230 1430 1
1107 1287 0.896196
984 1144 0.736994
1230 1430 1
80 280 1
16 56 1
48 168 0.949065
738 858 1
984 1144 1
123 143 1
246 286 1
32 112 0.864801
32 112 0.746436
123 143 1
984 1144 1
32 112 1
492 572 1
492 572 1
64 224 0.836664
56 196 1
369 429 1
72 252 1
615 715 1
56 196 0.912919
56 196 1
24 84 0.910878
1107 1287 1
738 858 1
1107 1287 1
861 1001 1
64 224 0.813479
64 224 1
24 84 0.630841
40 140 1
738 858 1
16 56 1
369 429 1
1107 1287 1
861 1001 1
246 286 1
72 252 0.921997
32 112 1
16 56 1
48 168 0.845343
1107 1287 1
80 280 1
492 572 1
8 28 1
64 224 1
492 572 1
123 143 1
80 280 1
24 84 1
24 84 1
48 168 1
32 112 1
48 168 0.724674
123 143 1
56 196 1
16 56 1
56 196 1
56 196 1
246 286 1
80 280 1
80 280 1
738 858 0.915801
1107 1287 1
861 1001 1
24 84 1
24 84 1
1107 1287 0.89424
16 56 1
492 572 1
861 1001 1
861 1001 0.959241
246 286 0.881751
48 168 1
369 429 1
8 28 0.79678
64 224 0.778358
40 140 1
48 168 1
72 252 0.775687
40 140 0.725925
369 429 1
24 84 1
1107 1287 1
24 84 1
615 715 1
32 112 1
1230 1430 1
64 224 1
369 429 1
1230 1430 1
64 224 1
1107 1287 1
40 140 1
615 715 1
32 112 0.938334
56 196 0.906006
1107 1287 1
16 56 1
861 1001 1
1230 1430 1
32 112 1
32 112 1
64 224 1
80 280 0.838405
40 140 1
246 286 1
738 858 1
16 56 0.748331
40 140 1
8 28 1
80 280 1
1230 1430 1
615 715 1
861 1001 1
56 196 0.82429
64 224 1
80 280 1
738 858 0.852587
1107 1287 1
984 1144 1
24 84 0.887165
1230 1430 1
40 140 1
861 1001 1
738 858 1
80 280 0.840752
1107 1287 1
16 56 1
1107 1287 1
80 280 1
40 140 0.688933
40 140 1
32 112 1
615 715 1
24 84 1
1230 1430 0.922898
56 196 0.904533
48 168 1
80 280 1
48 168 1
123 143 0.917553
8 28 1
48 168 1
32 112 1
40 140 1
40 140 0.927742
24 84 1
861 1001 1
492 572 1
72 252 1
40 140 1
123 143 1
615 715 0.607635
8 28 1
24 84 1
32 112 1
738 858 1
56 196 1
72 252 1
48 168 1
40 140 1
72 252 1
984 1144 1
246 286 1
80 280 1
56 196 1
246 286 1
40 140 0.903136
64 224 0.930387
8 28 0.862874
861 1001 1
369 429 1
1107 1287 1
72 252 1
64 224 1
32 112 1
8 28 1
40 140 1
369 429 1
80 280 1
64 224 1
64 224 1
861 1001 1
492 572 1
861 1001 0.596377
123 143 1
1230 1430 1
56 196 1
80 280 1
861 1001 1
64 224 1
369 429 1
80 280 1
1230 1430 1
615 715 0.831408
615 715 0.873885
56 196 1
64 224 1
48 168 1
64 224 1
64 224 1
369 429 1
738 858 0.789644
80 280 1
246 286 1
1230 1430 1
738 858 1
1230 1430 1
984 1144 1
24 84 1
738 858 1
492 572 1
16 56 1
48 168 1
615 715 1
8 28 1
861 1001 1
984 1144 1
123 143 1
615 715 1
984 1144 1
1230 1430 1
80 280 0.874716
123 143 1
48 168 1
48 168 1
80 280 1
16 56 0.910088
16 56 1
64 224 1
123 143 0.93059
984 1144 0.84541
16 56 0.9422
123 143 0.886561
64 224 0.935807
246 286 0.848421
64 224 0.770374
123 143 1
32 112 1
123 143 0.733401
80 280 1
1230 1430 1
369 429 1
48 168 1
40 140 1
16 56 1
80 280 1
738 858 1
369 429 1
984 1144 1
48 168 1
246 286 0.786156
246 286 1
615 715 1
32 112 0.928057
861 1001 1
72 252 1
56 196 1
984 1144 1
16 56 1
738 858 0.857206
8 28 1
72 252 0.589893
123 143 0.960207
738 858 1
56 196 0.864711
32 112 1
24 84 1
40 140 1
1107 1287 0.622577
492 572 0.813511
615 715 0.890507
8 28 0.778283
984 1144 0.913911
32 112 1
492 572 1
64 224 1
1107 1287 1
1107 1287 1
64 224 1
984 1144 1
40 140 1
1107 1287 1
246 286 1
32 112 1
1230 1430 1
738 858 1
8 28 1
8 28 1
48 168 1
48 168 1
615 715 1
64 224 1
16 56 1
246 286 0.845876
24 84 1
32 112 1
492 572 1
80 280 1
492 572 1
246 286 0.778372
32 112 1
1107 1287 1
32 112 1
1107 1287 1
984 1144 1
1230 1430 1
48 168 1
738 858 1
40 140 1
984 1144 0.70707
64 224 1
80 280 1
861 1001 1
1230 1430 0.925378
64 224 1
123 143 0.702862
123 143 1
1230 1430 1
32 112 1
64 224 1
16 56 0.910097
80 280 0.798858
123 143 1
246 286 0.8817
24 84 1
615 715 0.926084
1107 1287 1
246 286 1
492 572 0.970944
72 252 1
56 196 1
8 28 1
24 84 1
48 168 1
246 286 1
492 572 1
48 168 1
738 858 1
56 196 1
48 168 0.882999
492 572 1
72 252 0.945622
16 56 1
369 429 1
72 252 0.721308
984 1144 1
72 252 1
80 280 1
861 1001 0.837483
16 56 1
24 84 1
80 280 0.768629
1107 1287 0.907002
615 715 1
861 1001 1
8 28 1
984 1144 1
8 28 1
861 1001 0.882849
246 286 1
24 84 1
1230 1430 1
16 56 1
80 280 1
492 572 1
80 280 0.806318
123 143 1
492 572 1
24 84 0.956549
615 715 1
64 224 1
615 715 1
861 1001 1
80 280 0.949303
72 252 1
64 224 1
56 196 0.850329
32 112 1
1107 1287 1
24 84 1
984 1144 1
492 572 1
738 858 1
56 196 1
32 112 1
48 168 1
64 224 0.809455
32 112 1
984 1144 1
615 715 1
738 858 1
48 168 0.921617
56 196 1
56 196 1
1230 1430 1
492 572 0.869364
48 168 1
369 429 1
72 252 1
80 280 1
8 28 1
8 28 1
861 1001 0.870425
64 224 1
40 140 1
1107 1287 1
123 143 1
1230 1430 1
64 224 1
56 196 0.754184
492 572 1
32 112 1
984 1144 1
72 252 0.756798
492 572 0.835467
246 286 1
8 28 1
16 56 1
48 168 1
48 168 1
1230 1430 1
615 715 0.874337
123 143 1
8 28 0.798982
40 140 1
8 28 1
16 56 1
48 168 1
1230 1430 1
32 112 1
56 196 1
48 168 0.783593
8 28 0.909969
64 224 1
984 1144 0.924018
40 140 1
369 429 1
861 1001 0.671291
56 196 0.868281
24 84 1
492 572 1
861 1001 1
738 858 1
56 196 1
16 56 1
32 112 1
738 858 1
1107 1287 1
32 112 1
16 56 1
615 715 0.797711
492 572 1
861 1001 1
24 84 1
32 112 1
24 84 1
8 28 1
1107 1287 0.960682
1230 1430 1
492 572 1
40 140 1
492 572 1
64 224 1
738 858 1
16 56 1
16 56 1
72 252 1
24 84 1
615 715 1
56 196 1
984 1144 1
80 280 1
80 280 1
40 140 1
492 572 1
615 715 1
24 84 1
738 858 1
16 56 1
16 56 0.83156
123 143 1
16 56 1
492 572 1
615 715 1
1230 1430 0.894514
369 429 0.820465
738 858 1
72 252 1
984 1144 0.985852
1107 1287 0.747518
32 112 1
64 224 1
861 1001 1
123 143 0.722349
8 28 1
861 1001 1
738 858 0.948761
48 168 1
24 84 0.722497
56 196 1
1230 1430 1
56 196 1
492 572 1
72 252 1
738 858 1
64 224 1
615 715 1
123 143 1
1230 1430 1
1230 1430 1
246 286 1
246 286 1
492 572 0.866413
64 224 1
32 112 1
80 280 1
80 280 1
80 280 1
123 143 1
1230 1430 1
40 140 1
984 1144 1
8 28 1
615 715 0.70404
8 28 0.948171
8 28 1
80 280 1
1230 1430 1
40 140 1
984 1144 1
72 252 1
984 1144 0.876787
984 1144 1
80 280 1
369 429 1
16 56 0.784926
861 1001 1
48 168 1
72 252 1
72 252 1
48 168 0.829503
72 252 1
56 196 1
40 140 0.790795
615 715 1
123 143 0.764034
615 715 1
1107 1287 1
64 224 0.739854
123 143 1
16 56 0.714225
615 715 1
1230 1430 1
56 196 1
861 1001 0.832046
8 28 1
738 858 1
72 252 0.829218
8 28 1
24 84 1
369 429 0.912335
80 280 0.886986
123 143 1
24 84 0.661567
24 84 1
369 429 1
1230 1430 1
16 56 1
984 1144 0.918038
32 112 1
32 112 1
615 715 1
56 196 1
32 112 1
246 286 1
123 143 0.884761
32 112 1
80 280 0.92604
369 429 1
984 1144 1
56 196 1
56 196 0.987331
16 56 1
80 280 1
738 858 1
492 572 1
1230 1430 1
615 715 1
56 196 0.891427
8 28 1
246 286 1
8 28 1
32 112 1
123 143 1
72 252 0.83684
492 572 1
64 224 1
123 143 1
32 112 1
861 1001 0.786949
72 252 1
615 715 1
1230 1430 1
246 286 1
123 143 0.885056
246 286 0.780691
40 140 1
48 168 1
861 1001 1
246 286 1
8 28 1
615 715 1
64 224 1
738 858 0.879326
369 429 1
861 1001 1
16 56 1
738 858 1
8 28 1
16 56 1
80 280 1
56 196 1
16 56 1
738 858 0.749764
492 572 1
984 1144 0.752551
738 858 1
32 112 1
369 429 1
246 286 1
123 143 1
369 429 1
984 1144 0.962309
80 280 0.953912
984 1144 1
48 168 1
8 28 1
56 196 1
32 112 1
492 572 1
246 286 1
16 56 1
8 28 1
1107 1287 1
24 84 1
492 572 1
615 715 0.897141
246 286 1
48 168 1
16 56 1
1107 1287 1
984 1144 1
