5000 2015469
99 411 1
854 315 1
198 822 1
1098 405 1
732 270 0.843246
297 1233 1
1220 450 1
854 315 1
198 822 1
732 270 1
99 411 1
610 225 1
1098 405 1
610 225 1
165 685 0.921189
297 1233 1
366 135 1
122 45 1
244 90 1
854 315 1
231 959 1
610 225 1
732 270 1
264 1096 1
132 548 1
976 360 1
610 225 1
99 411 1
330 1370 1
99 411 1
66 274 1
1098 405 1
732 270 1
66 274 1
66 274 1
1098 405 0.741981
66 274 1
366 135 1
330 1370 1
1220 450 1
165 685 1
297 1233 1
198 822 1
976 360 0.830426
1220 450 1
99 411 1
1220 450 1
488 180 1
66 274 1
976 360 0.809917
264 1096 1
732 270 1
488 180 1
732 270 1
610 225 1
165 685 1
1098 405 1
854 315 1
264 1096 1
488 180 1
122 45 0.715107
854 315 1
330 1370 1
488 180 1
488 180 1
330 1370 1
610 225 1
366 135 1
1220 450 1
732 270 1
132 548 0.825527
264 1096 1
99 411 0.832253
488 180 1
231 959 1
198 822 1
66 274 1
732 270 0.75693
244 90 1
66 274 1
165 685 0.963913
488 180 1
488 180 1
122 45 0.79688
231 959 1
231 959 0.82203
198 822 1
33 137 0.63291
854 315 0.970055
132 548 1
854 315 1
610 225 0.943197
99 411 0.690092
488 180 1
231 959 1
297 1233 0.941578
264 1096 1
132 548 1
66 274 1
264 1096 0.632636
122 45 1
99 411 1
366 135 1
132 548 1
231 959 1
66 274 1
366 135 1
99 411 1
1220 450 0.716245
132 548 1
610 225 1
66 274 0.890892
732 270 1
244 90 0.790017
297 1233 1
976 360 1
198 822 1
610 225 1
198 822 1
1220 450 0.921957
1220 450 1
198 822 1
1098 405 0.915282
976 360 1
231 959 1
231 959 0.737306
610 225 1
366 135 1
1098 405 1
33 137 1
99 411 1
976 360 1
33 137 1
1220 450 1
165 685 1
330 1370 0.777068
732 270 0.676799
488 180 1
1220 450 1
297 1233 1
198 822 1
610 225 1
244 90 1
231 959 0.841297
610 225 1
610 225 1
330 1370 1
165 685 1
488 180 0.790013
488 180 0.890326
231 959 1
330 1370 1
854 315 0.901702
1220 450 1
165 685 1
231 959 0.923186
264 1096 1
244 90 1
132 548 0.869268
198 822 0.937632
99 411 1
1098 405 1
854 315 1
33 137 0.83017
488 180 1
732 270 1
33 137 1
33 137 1
330 1370 1
610 225 1
33 137 1
66 274 1
330 1370 1
732 270 1
231 959 1
165 685 0.916581
854 315 1
132 548 1
488 180 1
264 1096 1
231 959 0.872709
1220 450 1
66 274 1
297 1233 1
244 90 0.889492
488 180 1
330 1370 1
330 1370 1
264 1096 1
244 90 0.845034
330 1370 1
976 360 1
488 180 1
1098 405 1
132 548 1
132 548 1
976 360 0.819797
165 685 1
488 180 1
132 548 1
231 959 1
1220 450 1
198 822 1
198 822 1
264 1096 1
1098 405 1
122 45 1
854 315 1
122 45 1
198 822 0.797425
488 180 0.863123
198 822 1
231 959 1
165 685 0.879153
99 411 1
132 548 0.992114
231 959 1
231 959 1
366 135 1
1220 450 0.785115
610 225 0.893609
99 411 1
33 137 1
198 822 1
610 225 1
198 822 1
366 135 1
366 135 1
330 1370 1
99 411 1
264 1096 1
1220 450 1
244 90 1
122 45 1
732 270 1
132 548 1
330 1370 1
244 90 1
488 180 1
488 180 1
1220 450 1
165 685 0.957445
198 822 1
99 411 1
66 274 1
854 315 0.605471
122 45 1
122 45 1
33 137 1
132 548 1
122 45 0.75996
244 90 1
198 822 0.938724
297 1233 1
165 685 1
732 270 1
732 270 1
122 45 1
99 411 1
1220 450 1
1220 450 0.917818
610 225 1
1220 450 1
854 315 1
165 685 1
122 45 1
244 90 1
66 274 1
488 180 1
366 135 1
244 90 1
854 315 1
165 685 1
488 180 0.873824
198 822 1
610 225 1
488 180 1
610 225 1
132 548 1
330 1370 0.723872
854 315 1
99 411 1
610 225 0.946951
33 137 1
976 360 1
66 274 1
976 360 1
1220 450 0.791146
231 959 1
610 225 0.776326
366 135 1
244 90 1
1220 450 1
33 137 1
132 548 1
610 225 1
132 548 1
264 1096 0.746151
297 1233 1
132 548 0.817446
33 137 1
99 411 1
231 959 1
122 45 0.937745
976 360 0.847476
1220 450 0.674555
297 1233 1
122 45 1
122 45 1
366 135 0.887673
610 225 1
132 548 1
231 959 1
122 45 0.899197
122 45 1
66 274 1
610 225 0.916878
198 822 1
99 411 1
198 822 0.633618
122 45 1
1220 450 0.837996
488 180 0.821032
610 225 1
198 822 0.767186
264 1096 1
330 1370 0.914055
66 274 1
488 180 0.897964
244 90 0.89207
488 180 1
231 959 1
488 180 1
488 180 1
198 822 1
198 822 1
231 959 1
732 270 0.729308
488 180 1
165 685 0.965265
1220 450 1
198 822 1
1098 405 0.913634
330 1370 1
854 315 0.862669
732 270 0.527196
732 270 1
854 315 1
1220 450 1
976 360 0.89082
330 1370 1
198 822 1
610 225 1
122 45 1
33 137 1
165 685 1
122 45 1
366 135 1
132 548 1
1098 405 1
244 90 1
610 225 0.80839
132 548 1
231 959 1
1220 450 1
165 685 1
99 411 1
732 270 1
66 274 1
165 685 1
610 225 1
198 822 0.725142
198 822 1
231 959 1
244 90 1
1220 450 1
231 959 1
330 1370 1
1220 450 1
1220 450 1
976 360 1
732 270 1
264 1096 1
330 1370 1
366 135 1
1098 405 1
99 411 0.775445
297 1233 1
244 90 0.742697
854 315 0.940553
198 822 1
244 90 0.659046
264 1096 1
33 137 1
976 360 1
132 548 1
1098 405 1
122 45 1
366 135 0.900544
1220 450 1
33 137 1
165 685 1
610 225 0.755363
244 90 1
330 1370 1
33 137 0.79512
198 822 1
1098 405 1
732 270 0.786718
66 274 0.775512
488 180 0.90542
99 411 1
165 685 0.981048
264 1096 1
33 137 1
244 90 0.660497
231 959 1
99 411 1
854 315 1
122 45 1
132 548 1
366 135 1
264 1096 1
122 45 1
198 822 1
231 959 0.769367
366 135 0.963382
231 959 1
122 45 1
976 360 1
610 225 1
366 135 1
1098 405 1
610 225 0.964257
132 548 1
122 45 0.946743
732 270 1
99 411 1
610 225 1
488 180 1
610 225 0.93518
122 45 0.773129
330 1370 1
198 822 0.845254
244 90 1
976 360 1
244 90 1
330 1370 1
244 90 1
976 360 1
976 360 1
1098 405 1
122 45 1
33 137 1
66 274 0.928357
165 685 0.825986
132 548 1
99 411 1
330 1370 0.898749
99 411 1
231 959 1
132 548 1
231 959 1
132 548 1
976 360 0.69957
66 274 0.849219
132 548 0.631751
33 137 1
264 1096 1
99 411 1
1098 405 1
732 270 1
132 548 1
854 315 0.828802
122 45 1
610 225 1
231 959 0.896364
165 685 1
297 1233 0.921851
488 180 1
33 137 0.96347
610 225 1
854 315 1
33 137 1
610 225 1
1220 450 1
330 1370 1
366 135 0.832694
122 45 1
976 360 1
330 1370 0.830952
165 685 1
854 315 1
66 274 1
244 90 1
488 180 1
264 1096 1
33 137 1
264 1096 1
330 1370 1
488 180 1
976 360 1
132 548 1
330 1370 1
99 411 1
488 180 0.569503
330 1370 1
264 1096 1
132 548 0.824572
33 137 0.932166
264 1096 1
732 270 0.733822
976 360 0.713264
132 548 1
366 135 1
732 270 0.956325
610 225 1
732 270 1
132 548 1
976 360 0.905504
976 360 1
297 1233 1
488 180 1
854 315 1
66 274 1
264 1096 1
33 137 1
122 45 1
66 274 1
854 315 1
366 135 1
366 135 1
33 137 1
330 1370 1
244 90 1
330 1370 1
297 1233 1
132 548 1
132 548 1
976 360 1
297 1233 0.899074
231 959 1
297 1233 1
244 90 1
33 137 1
330 1370 1
198 822 1
231 959 0.984486
1220 450 1
854 315 1
732 270 1
1098 405 1
1098 405 1
976 360 1
1220 450 1
244 90 0.919409
231 959 1
732 270 1
132 548 1
244 90 0.738923
165 685 1
1220 450 0.82998
1220 450 1
1098 405 1
732 270 1
122 45 0.930004
366 135 1
264 1096 1
66 274 1
33 137 0.852591
33 137 1
366 135 0.933978
330 1370 1
132 548 1
264 1096 1
297 1233 0.906611
122 45 1
264 1096 1
366 135 1
231 959 1
231 959 1
1098 405 1
488 180 1
198 822 1
33 137 1
198 822 1
99 411 1
122 45 1
330 1370 1
244 90 1
99 411 1
297 1233 1
297 1233 0.690225
610 225 1
99 411 1
732 270 0.705761
244 90 1
66 274 1
610 225 1
366 135 1
330 1370 0.894884
854 315 0.784977
297 1233 1
198 822 1
854 315 1
198 822 0.78104
610 225 1
297 1233 1
66 274 1
488 180 0.877554
488 180 1
244 90 1
732 270 1
99 411 1
976 360 1
122 45 1
976 360 1
132 548 0.909737
297 1233 1
132 548 1
198 822 1
264 1096 1
732 270 1
366 135 1
198 822 1
198 822 1
330 1370 1
1220 450 1
366 135 1
33 137 1
165 685 1
198 822 1
610 225 1
231 959 1
122 45 1
366 135 1
99 411 1
297 1233 1
264 1096 1
244 90 1
244 90 1
1220 450 1
732 270 1
122 45 1
33 137 1
165 685 1
198 822 1
854 315 1
264 1096 1
1098 405 0.690058
99 411 0.947879
132 548 1
1098 405 1
732 270 1
231 959 1
231 959 1
1098 405 1
165 685 1
488 180 1
231 959 1
99 411 0.902286
854 315 1
264 1096 1
976 360 1
854 315 1
132 548 1
330 1370 1
330 1370 0.588147
297 1233 0.932704
488 180 1
33 137 1
99 411 1
488 180 1
297 1233 1
854 315 1
99 411 1
165 685 0.936126
732 270 1
488 180 1
297 1233 1
244 90 1
198 822 1
99 411 0.777039
330 1370 1
66 274 1
165 685 1
488 180 1
297 1233 1
244 90 1
66 274 1
198 822 1
297 1233 1
66 274 0.837621
610 225 1
264 1096 1
198 822 1
132 548 1
132 548 1
244 90 1
610 225 0.841842
165 685 0.772284
165 685 1
330 1370 1
610 225 0.875153
231 959 1
610 225 1
264 1096 0.949541
1220 450 1
264 1096 0.615213
366 135 1
610 225 1
244 90 1
264 1096 1
132 548 1
132 548 0.939837
1098 405 1
297 1233 1
165 685 1
122 45 1
122 45 1
297 1233 0.90198
610 225 1
488 180 1
99 411 1
132 548 1
610 225 1
1220 450 1
66 274 1
732 270 1
66 274 1
297 1233 1
264 1096 1
231 959 1
244 90 1
66 274 1
330 1370 0.689468
99 411 1
122 45 1
297 1233 0.887883
330 1370 0.755252
297 1233 1
854 315 1
1098 405 0.723942
231 959 1
99 411 1
244 90 1
264 1096 1
122 45 1
66 274 1
732 270 0.936116
122 45 1
33 137 1
99 411 1
1098 405 1
198 822 1
99 411 1
366 135 1
165 685 1
66 274 1
297 1233 1
99 411 0.856308
297 1233 1
330 1370 1
732 270 1
99 411 1
297 1233 0.935617
732 270 1
854 315 1
66 274 1
264 1096 1
122 45 1
198 822 1
366 135 1
297 1233 1
854 315 1
132 548 1
610 225 1
198 822 1
99 411 0.881513
132 548 1
99 411 1
1220 450 1
366 135 1
366 135 1
165 685 1
976 360 1
854 315 1
1220 450 1
244 90 1
132 548 1
33 137 1
132 548 1
610 225 1
854 315 1
330 1370 1
264 1096 1
366 135 1
1220 450 1
732 270 0.687324
231 959 0.922123
264 1096 1
244 90 0.934942
132 548 0.895738
33 137 1
330 1370 1
231 959 1
330 1370 1
732 270 1
1220 450 1
1098 405 1
732 270 1
198 822 1
231 959 1
1098 405 1
99 411 1
488 180 1
122 45 0.669505
610 225 1
198 822 1
66 274 1
488 180 1
1220 450 1
165 685 1
33 137 1
976 360 1
132 548 1
66 274 1
976 360 1
297 1233 1
1220 450 1
231 959 1
297 1233 0.907106
66 274 0.649001
732 270 1
33 137 1
165 685 1
366 135 1
198 822 1
1220 450 0.829412
264 1096 1
122 45 1
488 180 1
854 315 1
1220 450 1
1220 450 1
330 1370 1
132 548 0.800435
1098 405 1
366 135 1
366 135 1
330 1370 1
854 315 1
33 137 1
33 137 0.641925
99 411 0.919834
1098 405 1
66 274 1
122 45 1
976 360 0.902327
198 822 1
198 822 1
854 315 0.836569
264 1096 1
1220 450 0.915002
122 45 1
66 274 1
610 225 1
198 822 1
488 180 1
330 1370 1
132 548 1
66 274 0.754599
610 225 1
33 137 1
198 822 1
854 315 1
330 1370 1
33 137 1
264 1096 1
165 685 1
330 1370 1
732 270 1
122 45 1
198 822 1
1098 405 1
366 135 1
122 45 1
231 959 1
132 548 1
66 274 1
610 225 1
488 180 1
264 1096 1
732 270 1
854 315 0.942227
976 360 0.886826
122 45 1
330 1370 0.825654
297 1233 0.926027
264 1096 1
488 180 0.828014
297 1233 1
366 135 1
165 685 1
732 270 1
366 135 1
165 685 1
264 1096 0.913552
99 411 1
488 180 0.860456
99 411 1
33 137 1
198 822 0.734047
122 45 1
1220 450 1
854 315 1
33 137 1
132 548 1
165 685 1
297 1233 1
66 274 1
33 137 1
122 45 1
264 1096 0.979979
264 1096 0.941168
488 180 1
231 959 1
366 135 1
264 1096 1
231 959 1
244 90 1
165 685 1
132 548 1
1220 450 1
610 225 1
488 180 1
264 1096 1
976 360 1
976 360 1
610 225 1
330 1370 1
33 137 1
132 548 1
610 225 1
1220 450 1
732 270 1
198 822 1
198 822 1
732 270 1
132 548 1
122 45 1
1220 450 1
198 822 1
99 411 1
854 315 0.720492
610 225 1
297 1233 1
66 274 1
1220 450 1
244 90 1
854 315 1
976 360 1
297 1233 1
297 1233 1
264 1096 1
366 135 1
264 1096 1
33 137 1
198 822 1
264 1096 1
132 548 1
854 315 1
330 1370 1
1220 450 1
122 45 1
33 137 1
244 90 1
297 1233 1
198 822 1
366 135 0.890734
99 411 1
198 822 0.762872
99 411 1
99 411 1
165 685 1
1220 450 1
33 137 1
231 959 1
610 225 1
366 135 1
488 180 1
132 548 1
231 959 1
366 135 0.764873
231 959 1
198 822 1
132 548 1
610 225 1
976 360 0.890137
99 411 0.531898
1220 450 0.897685
244 90 1
1098 405 1
297 1233 1
1220 450 1
330 1370 1
366 135 0.863583
33 137 1
1220 450 1
366 135 1
66 274 1
66 274 1
264 1096 1
66 274 1
33 137 1
976 360 1
66 274 0.897336
1098 405 1
488 180 1
165 685 1
99 411 0.871114
297 1233 1
854 315 1
264 1096 1
732 270 0.932469
122 45 1
1220 450 1
99 411 0.982624
231 959 1
366 135 1
366 135 1
231 959 1
66 274 1
231 959 0.96502
231 959 1
366 135 1
732 270 1
231 959 1
488 180 1
366 135 0.830689
297 1233 1
297 1233 1
231 959 1
244 90 1
610 225 1
66 274 1
122 45 1
732 270 1
231 959 1
66 274 1
99 411 1
854 315 1
132 548 1
854 315 1
122 45 0.949362
297 1233 0.900887
244 90 1
33 137 1
1098 405 1
198 822 1
976 360 1
366 135 1
297 1233 1
854 315 1
122 45 1
854 315 1
854 315 0.631691
122 45 1
244 90 1
66 274 0.75618
732 270 0.814256
366 135 1
132 548 0.961909
610 225 1
33 137 1
264 1096 1
610 225 1
1220 450 1
33 137 0.981223
330 1370 0.89448
488 180 0.957639
732 270 1
854 315 1
231 959 1
132 548 1
122 45 1
330 1370 1
297 1233 0.819569
297 1233 1
132 548 1
330 1370 1
1220 450 1
297 1233 1
165 685 1
244 90 1
330 1370 0.846356
66 274 0.820131
976 360 1
132 548 0.778114
33 137 1
165 685 0.717476
198 822 1
366 135 1
122 45 1
1098 405 1
732 270 0.874361
297 1233 1
66 274 1
1098 405 1
976 360 1
297 1233 1
1220 450 1
297 1233 1
1220 450 1
366 135 1
732 270 1
297 1233 1
99 411 1
330 1370 1
854 315 1
198 822 1
122 45 1
330 1370 1
99 411 1
854 315 1
1220 450 0.769466
1098 405 1
231 959 1
1098 405 1
1220 450 1
99 411 1
122 45 0.728055
264 1096 1
132 548 1
165 685 1
264 1096 1
732 270 1
1098 405 1
132 548 1
330 1370 1
297 1233 1
1098 405 1
488 180 1
366 135 0.736737
610 225 1
330 1370 0.895175
1220 450 1
488 180 1
732 270 1
264 1096 1
366 135 1
264 1096 0.87305
976 360 1
33 137 1
165 685 1
366 135 1
132 548 1
66 274 0.933547
122 45 1
732 270 1
1220 450 1
264 1096 0.708757
244 90 1
330 1370 1
66 274 1
854 315 1
66 274 0.770168
732 270 1
330 1370 0.781016
297 1233 0.81939
297 1233 0.927534
198 822 1
122 45 0.849918
231 959 1
330 1370 1
732 270 1
297 1233 1
1098 405 1
366 135 1
231 959 1
33 137 0.968345
66 274 1
297 1233 1
330 1370 1
99 411 0.810398
330 1370 1
1220 450 0.767202
976 360 1
610 225 1
610 225 1
66 274 0.668264
330 1370 1
330 1370 0.950308
165 685 1
264 1096 0.849382
1220 450 1
854 315 1
1098 405 0.894719
264 1096 1
231 959 1
122 45 1
297 1233 0.908021
1098 405 1
244 90 1
330 1370 1
66 274 0.955971
244 90 1
297 1233 1
366 135 1
366 135 1
165 685 1
231 959 0.93159
366 135 0.723012
1220 450 0.865889
264 1096 0.827124
330 1370 0.93486
122 45 1
610 225 1
366 135 1
198 822 0.966247
99 411 1
1098 405 1
366 135 1
976 360 1
198 822 0.874554
610 225 1
198 822 0.953706
330 1370 1
297 1233 1
165 685 1
231 959 1
330 1370 1
1098 405 1
1220 450 0.911337
244 90 1
122 45 1
297 1233 1
244 90 1
264 1096 1
1098 405 1
66 274 1
488 180 1
854 315 1
732 270 0.892203
366 135 1
610 225 1
488 180 1
122 45 1
165 685 1
231 959 1
1098 405 1
1098 405 0.927069
976 360 1
264 1096 1
976 360 1
1220 450 1
198 822 1
488 180 1
231 959 1
1220 450 1
1098 405 1
122 45 0.891159
244 90 1
244 90 1
165 685 1
198 822 1
198 822 0.857148
122 45 0.570055
132 548 1
366 135 1
231 959 1
854 315 1
264 1096 0.709991
297 1233 1
66 274 1
231 959 1
366 135 0.922194
165 685 1
231 959 0.917174
33 137 1
165 685 0.451374
165 685 1
488 180 0.832552
231 959 0.954591
33 137 1
1220 450 1
132 548 1
99 411 1
264 1096 1
66 274 1
122 45 1
132 548 1
976 360 1
122 45 1
99 411 1
165 685 1
66 274 0.920898
264 1096 0.854916
732 270 1
732 270 1
198 822 1
33 137 1
165 685 1
1098 405 0.859307
854 315 1
1098 405 0.869687
33 137 1
297 1233 1
976 360 1
1220 450 1
33 137 1
330 1370 0.74549
366 135 1
488 180 0.850782
297 1233 1
231 959 1
976 360 1
330 1370 1
366 135 1
732 270 1
1220 450 1
66 274 1
488 180 0.946519
1098 405 0.856378
488 180 0.885575
66 274 1
1098 405 0.917868
488 180 1
976 360 0.923447
366 135 1
1220 450 1
99 411 0.767195
488 180 1
854 315 1
297 1233 1
66 274 1
1220 450 1
976 360 1
732 270 1
976 360 1
330 1370 1
33 137 1
165 685 1
99 411 1
198 822 0.754771
488 180 1
231 959 1
976 360 1
231 959 1
488 180 1
1220 450 1
330 1370 1
610 225 0.876759
99 411 1
122 45 1
231 959 1
1098 405 1
198 822 1
244 90 1
244 90 1
610 225 1
264 1096 1
198 822 1
264 1096 1
264 1096 1
610 225 1
976 360 1
33 137 1
610 225 1
610 225 1
330 1370 1
732 270 1
732 270 1
976 360 1
610 225 1
976 360 1
610 225 1
976 360 1
33 137 1
732 270 1
297 1233 1
1098 405 1
366 135 1
122 45 0.933893
33 137 0.77067
231 959 1
1098 405 0.668597
488 180 1
132 548 1
132 548 1
366 135 0.980009
732 270 0.639504
244 90 1
1220 450 1
1098 405 1
488 180 0.827379
198 822 1
99 411 0.765948
330 1370 1
610 225 1
244 90 1
610 225 1
165 685 1
1098 405 1
33 137 1
366 135 1
264 1096 1
165 685 1
132 548 0.85133
231 959 1
244 90 1
297 1233 0.82781
1098 405 0.806744
244 90 1
132 548 1
488 180 1
165 685 1
732 270 0.898591
1098 405 1
132 548 1
732 270 0.87455
297 1233 1
330 1370 1
33 137 0.632323
366 135 1
1220 450 1
297 1233 1
854 315 1
122 45 1
488 180 1
132 548 1
33 137 0.876001
198 822 1
366 135 1
330 1370 1
231 959 0.899181
297 1233 1
244 90 0.920657
1098 405 1
244 90 0.856588
610 225 1
264 1096 1
122 45 1
330 1370 1
488 180 1
1220 450 0.749801
165 685 1
244 90 1
732 270 1
297 1233 1
66 274 1
976 360 1
231 959 1
976 360 1
1220 450 1
610 225 1
488 180 0.864822
732 270 1
610 225 1
165 685 1
244 90 0.795256
854 315 1
33 137 1
122 45 1
66 274 1
488 180 1
297 1233 1
297 1233 0.839755
66 274 1
122 45 1
244 90 1
122 45 0.860726
33 137 1
732 270 1
165 685 1
488 180 1
1220 450 1
610 225 1
198 822 1
33 137 1
165 685 0.985947
732 270 0.764303
297 1233 1
330 1370 1
198 822 1
330 1370 1
1220 450 1
122 45 1
297 1233 0.837146
1098 405 1
33 137 1
264 1096 1
122 45 0.656265
244 90 1
854 315 1
33 137 1
976 360 1
99 411 1
854 315 1
198 822 1
99 411 0.547161
488 180 0.895727
1220 450 1
231 959 1
297 1233 1
330 1370 1
122 45 1
610 225 1
297 1233 1
99 411 1
1098 405 1
732 270 0.877721
366 135 1
66 274 1
231 959 1
976 360 0.890007
66 274 1
297 1233 0.849335
976 360 1
1098 405 1
264 1096 1
732 270 1
231 959 1
732 270 0.7854
610 225 1
1220 450 1
244 90 1
264 1096 1
198 822 1
732 270 1
1098 405 1
1098 405 0.813542
854 315 1
198 822 1
132 548 1
732 270 1
122 45 1
132 548 1
132 548 1
264 1096 1
264 1096 1
198 822 1
244 90 1
1220 450 1
854 315 1
66 274 0.765727
66 274 1
610 225 1
854 315 0.992433
132 548 1
1098 405 1
132 548 1
366 135 1
33 137 1
1220 450 0.897121
732 270 1
122 45 1
1098 405 1
1098 405 1
854 315 0.70863
366 135 1
976 360 0.691025
264 1096 1
488 180 1
330 1370 0.791001
33 137 0.832184
732 270 1
66 274 1
231 959 1
1098 405 1
488 180 0.87409
330 1370 1
132 548 1
330 1370 1
610 225 1
122 45 0.851196
297 1233 1
198 822 0.907438
264 1096 1
165 685 1
1098 405 1
122 45 1
132 548 1
366 135 1
198 822 1
244 90 1
976 360 0.903166
99 411 1
610 225 0.867124
610 225 1
165 685 0.842068
99 411 1
132 548 1
132 548 1
330 1370 1
244 90 1
122 45 0.871725
366 135 1
264 1096 0.715938
198 822 1
976 360 1
132 548 0.641635
66 274 1
1220 450 1
244 90 1
297 1233 1
732 270 1
1220 450 0.853191
231 959 0.738102
122 45 1
330 1370 1
244 90 0.742536
33 137 1
66 274 1
1098 405 1
976 360 1
1098 405 1
198 822 1
33 137 1
854 315 0.889634
854 315 1
1098 405 1
244 90 1
99 411 1
854 315 0.877407
231 959 1
122 45 1
732 270 1
122 45 1
244 90 1
198 822 1
99 411 1
330 1370 0.83182
33 137 1
244 90 1
264 1096 0.709672
132 548 1
33 137 1
165 685 1
1220 450 1
264 1096 1
244 90 1
976 360 1
366 135 0.915988
264 1096 1
99 411 1
330 1370 0.910213
976 360 0.858162
264 1096 1
33 137 0.717858
264 1096 1
330 1370 1
244 90 1
297 1233 1
854 315 1
165 685 1
198 822 1
488 180 1
66 274 1
66 274 1
976 360 0.904881
66 274 1
132 548 1
366 135 1
33 137 1
488 180 1
33 137 1
976 360 1
330 1370 0.622315
244 90 1
165 685 0.848757
165 685 1
99 411 1
132 548 1
610 225 0.874753
66 274 0.405914
264 1096 0.916458
99 411 1
330 1370 1
488 180 1
165 685 1
1220 450 1
66 274 1
264 1096 1
122 45 1
66 274 0.596498
33 137 0.9164
610 225 1
33 137 0.916704
366 135 1
1220 450 1
264 1096 1
264 1096 1
264 1096 1
244 90 0.62484
165 685 1
732 270 1
66 274 1
366 135 1
732 270 1
1098 405 1
122 45 1
132 548 1
132 548 1
66 274 0.801611
1220 450 1
610 225 0.639458
1098 405 1
66 274 1
198 822 0.767641
244 90 1
165 685 1
488 180 1
264 1096 0.924072
297 1233 1
610 225 1
244 90 1
231 959 1
732 270 1
330 1370 1
165 685 1
99 411 1
99 411 1
165 685 1
132 548 1
1220 450 1
264 1096 1
264 1096 0.611607
732 270 1
366 135 1
610 225 0.897116
33 137 1
976 360 0.858156
732 270 1
122 45 0.701481
264 1096 0.886107
99 411 0.861764
366 135 1
231 959 0.853557
122 45 1
33 137 1
122 45 1
1220 450 1
33 137 0.72329
1220 450 1
231 959 1
99 411 0.939306
330 1370 1
1220 450 1
330 1370 1
854 315 1
66 274 1
610 225 1
1098 405 1
366 135 1
231 959 1
99 411 1
1220 450 0.528155
297 1233 1
33 137 1
99 411 1
264 1096 1
264 1096 0.932256
1098 405 0.932401
366 135 1
99 411 1
488 180 1
264 1096 1
244 90 1
198 822 1
366 135 1
132 548 1
366 135 0.897528
99 411 1
132 548 0.869743
165 685 1
366 135 0.870285
488 180 1
165 685 1
122 45 1
1220 450 1
33 137 1
854 315 1
297 1233 1
297 1233 0.984912
132 548 1
33 137 1
264 1096 1
854 315 1
66 274 1
976 360 1
244 90 1
366 135 1
732 270 1
99 411 0.935153
330 1370 1
132 548 0.908141
33 137 1
488 180 1
488 180 1
244 90 0.744708
33 137 1
66 274 0.722625
198 822 1
330 1370 0.94486
231 959 1
132 548 1
66 274 0.785808
854 315 1
976 360 1
165 685 0.958014
854 315 0.952917
976 360 1
854 315 1
66 274 1
366 135 1
99 411 1
33 137 1
66 274 1
264 1096 1
610 225 1
198 822 0.823956
33 137 1
66 274 1
264 1096 1
297 1233 1
198 822 1
33 137 1
488 180 1
1220 450 1
165 685 1
854 315 0.403066
66 274 1
1098 405 0.878985
33 137 1
366 135 1
231 959 1
198 822 1
99 411 1
976 360 1
122 45 1
244 90 1
165 685 0.716207
1220 450 1
976 360 1
244 90 1
297 1233 0.82337
165 685 1
33 137 1
66 274 1
610 225 1
297 1233 1
976 360 1
488 180 1
231 959 1
330 1370 1
122 45 1
732 270 0.899474
165 685 1
198 822 0.655025
976 360 1
732 270 1
1220 450 1
244 90 1
1220 450 1
122 45 0.715742
1098 405 0.962833
244 90 1
165 685 1
244 90 1
33 137 1
132 548 1
198 822 1
33 137 1
330 1370 1
488 180 1
366 135 1
1220 450 1
198 822 1
330 1370 1
488 180 1
66 274 0.989284
488 180 1
264 1096 1
198 822 1
99 411 1
330 1370 0.806693
132 548 1
122 45 1
122 45 0.816521
122 45 1
231 959 1
198 822 0.703751
1098 405 0.726038
1220 450 1
165 685 1
198 822 1
264 1096 1
366 135 1
99 411 1
66 274 1
132 548 1
1098 405 1
231 959 1
66 274 1
198 822 0.906363
1220 450 1
732 270 0.950312
244 90 0.874799
122 45 1
165 685 1
1098 405 1
854 315 1
488 180 1
330 1370 1
330 1370 1
231 959 1
366 135 0.788007
610 225 1
297 1233 1
330 1370 1
976 360 1
366 135 1
165 685 1
165 685 1
165 685 1
165 685 1
366 135 1
1098 405 1
976 360 1
66 274 1
132 548 1
33 137 1
198 822 1
99 411 0.70133
1098 405 1
122 45 0.992539
330 1370 1
488 180 1
488 180 1
366 135 0.831599
122 45 1
264 1096 1
330 1370 1
132 548 1
610 225 1
165 685 1
132 548 1
198 822 1
66 274 0.868373
1220 450 1
976 360 1
132 548 0.945991
122 45 1
198 822 1
66 274 1
132 548 1
264 1096 1
1098 405 0.902057
99 411 1
976 360 1
732 270 1
231 959 1
244 90 1
244 90 1
132 548 1
330 1370 1
366 135 1
610 225 1
610 225 1
198 822 1
732 270 1
66 274 0.976151
732 270 1
33 137 1
244 90 1
976 360 1
198 822 0.905042
244 90 1
488 180 1
244 90 1
66 274 1
976 360 1
366 135 0.945307
330 1370 1
1220 450 1
231 959 1
132 548 1
165 685 1
488 180 0.799851
488 180 1
610 225 1
297 1233 1
264 1096 1
297 1233 1
610 225 1
66 274 1
198 822 1
198 822 1
488 180 1
1098 405 1
732 270 1
610 225 1
976 360 1
976 360 1
610 225 1
330 1370 0.973496
976 360 1
33 137 0.84751
132 548 1
165 685 0.912021
1220 450 0.913703
1098 405 1
165 685 1
99 411 1
366 135 0.662209
297 1233 1
1220 450 1
264 1096 1
66 274 1
132 548 1
732 270 0.932388
488 180 1
66 274 0.754552
66 274 1
330 1370 0.94848
231 959 1
1098 405 1
264 1096 0.630285
610 225 1
165 685 1
198 822 1
1220 450 1
198 822 1
231 959 1
488 180 0.889086
66 274 1
330 1370 1
122 45 1
264 1096 1
854 315 1
488 180 1
366 135 1
244 90 1
732 270 0.957979
132 548 1
122 45 0.646524
1098 405 1
231 959 1
610 225 1
165 685 1
132 548 1
330 1370 1
488 180 1
33 137 0.940714
610 225 1
99 411 1
132 548 1
976 360 1
122 45 1
264 1096 1
1098 405 1
366 135 1
264 1096 0.852394
488 180 1
976 360 1
122 45 1
1098 405 1
33 137 0.832023
366 135 1
976 360 1
122 45 1
610 225 1
244 90 0.71907
99 411 1
1098 405 1
99 411 1
297 1233 1
488 180 1
297 1233 1
976 360 1
244 90 1
854 315 1
1220 450 1
976 360 1
264 1096 1
1098 405 1
976 360 1
231 959 1
610 225 0.942196
297 1233 1
99 411 1
66 274 0.715031
264 1096 1
198 822 1
122 45 1
99 411 0.757492
610 225 1
330 1370 1
1220 450 1
366 135 1
1220 450 1
122 45 1
264 1096 0.764574
99 411 1
122 45 1
1220 450 1
732 270 1
976 360 1
330 1370 1
132 548 1
66 274 1
976 360 1
66 274 1
122 45 1
264 1096 1
132 548 1
99 411 1
488 180 1
976 360 0.703875
165 685 1
33 137 1
66 274 1
165 685 0.740796
1098 405 0.733246
732 270 0.724378
198 822 1
165 685 0.959826
132 548 1
99 411 1
366 135 0.705611
231 959 1
198 822 1
122 45 1
264 1096 1
297 1233 1
132 548 0.887045
264 1096 1
99 411 1
330 1370 0.880472
99 411 1
366 135 1
366 135 1
610 225 1
264 1096 1
488 180 0.955985
132 548 0.882089
1098 405 1
165 685 1
1220 450 1
66 274 1
330 1370 1
99 411 0.598409
122 45 0.836333
244 90 1
330 1370 1
66 274 1
231 959 1
33 137 1
99 411 1
1098 405 1
122 45 1
297 1233 1
732 270 1
165 685 1
366 135 0.655555
231 959 1
122 45 1
198 822 1
122 45 1
297 1233 1
231 959 1
66 274 1
264 1096 0.739699
165 685 1
99 411 1
297 1233 1
33 137 1
244 90 0.906524
122 45 1
1220 450 1
297 1233 1
244 90 1
976 360 1
1098 405 1
231 959 1
165 685 0.816362
66 274 1
610 225 1
66 274 1
366 135 1
264 1096 1
132 548 1
1220 450 0.845821
122 45 1
297 1233 0.9083
297 1233 0.925928
976 360 1
297 1233 0.905704
33 137 1
99 411 1
297 1233 1
366 135 1
1098 405 0.736455
99 411 1
1220 450 0.798011
244 90 1
264 1096 1
99 411 1
854 315 0.840716
66 274 1
244 90 0.931476
33 137 1
231 959 1
732 270 1
366 135 0.957402
244 90 1
297 1233 1
732 270 1
231 959 1
297 1233 0.925909
99 411 1
732 270 1
231 959 1
122 45 0.971902
132 548 0.717568
488 180 1
132 548 1
610 225 1
330 1370 1
330 1370 1
264 1096 1
66 274 1
122 45 1
976 360 1
732 270 1
264 1096 1
231 959 1
264 1096 0.860494
99 411 0.927007
330 1370 1
297 1233 1
99 411 1
610 225 1
66 274 1
1220 450 1
231 959 1
198 822 1
132 548 1
264 1096 1
33 137 1
66 274 1
198 822 0.849311
165 685 1
976 360 1
610 225 1
66 274 1
132 548 1
231 959 1
1220 450 0.974483
366 135 1
297 1233 1
297 1233 1
66 274 1
1220 450 0.874605
198 822 1
297 1233 1
366 135 1
1098 405 1
198 822 1
33 137 0.636762
610 225 1
297 1233 1
1220 450 1
264 1096 1
132 548 1
244 90 1
976 360 1
1098 405 1
854 315 1
854 315 0.90782
132 548 1
122 45 1
297 1233 1
122 45 1
231 959 1
165 685 1
732 270 0.657968
99 411 1
264 1096 1
99 411 1
610 225 1
99 411 0.805017
366 135 1
198 822 1
1098 405 1
610 225 1
33 137 1
99 411 1
132 548 1
198 822 1
330 1370 1
122 45 1
66 274 1
732 270 1
297 1233 0.892855
366 135 0.680772
99 411 1
132 548 1
198 822 0.819069
231 959 1
122 45 1
66 274 0.968391
732 270 1
122 45 1
132 548 1
1098 405 1
330 1370 1
165 685 1
732 270 1
976 360 1
1098 405 1
976 360 1
122 45 1
732 270 0.66831
132 548 1
264 1096 1
610 225 1
231 959 0.750767
99 411 1
854 315 1
33 137 1
488 180 1
198 822 1
366 135 1
165 685 1
610 225 1
165 685 0.707466
264 1096 1
122 45 1
330 1370 1
488 180 1
610 225 0.63091
610 225 1
66 274 1
1220 450 1
66 274 0.853378
66 274 1
66 274 1
854 315 1
854 315 1
488 180 1
732 270 1
366 135 1
366 135 1
854 315 1
976 360 1
854 315 0.968725
854 315 1
165 685 1
366 135 1
610 225 0.961016
33 137 0.832
610 225 1
366 135 0.897833
198 822 1
366 135 1
1098 405 1
297 1233 0.961288
976 360 1
1220 450 1
732 270 1
732 270 1
610 225 1
297 1233 0.851338
488 180 1
610 225 1
99 411 0.810087
610 225 1
33 137 0.73952
99 411 0.899858
732 270 1
99 411 1
297 1233 1
132 548 1
488 180 1
1220 450 1
165 685 1
244 90 1
330 1370 1
366 135 0.85799
854 315 1
99 411 1
231 959 1
976 360 1
732 270 0.8492
976 360 0.947677
297 1233 1
132 548 0.842276
976 360 1
122 45 1
33 137 1
122 45 0.736499
66 274 0.84038
297 1233 0.82816
330 1370 1
244 90 1
330 1370 1
854 315 1
66 274 1
231 959 1
165 685 1
732 270 1
198 822 1
244 90 1
1220 450 1
1098 405 1
488 180 1
732 270 0.837667
330 1370 1
33 137 1
165 685 0.590389
1220 450 1
297 1233 1
1220 450 1
488 180 1
264 1096 1
330 1370 0.721338
488 180 1
122 45 0.953549
198 822 1
854 315 1
165 685 1
297 1233 1
165 685 1
264 1096 1
330 1370 1
132 548 1
244 90 1
66 274 1
99 411 1
854 315 1
122 45 1
66 274 1
854 315 0.870706
33 137 1
1220 450 1
366 135 1
1220 450 0.997991
488 180 1
1098 405 1
732 270 0.82458
99 411 1
297 1233 1
33 137 1
1220 450 1
132 548 1
231 959 0.957231
330 1370 1
488 180 1
33 137 1
132 548 1
264 1096 1
231 959 0.863135
122 45 1
610 225 1
132 548 1
732 270 1
264 1096 0.850675
264 1096 1
330 1370 1
99 411 1
132 548 1
854 315 1
976 360 1
132 548 1
66 274 1
122 45 1
976 360 1
610 225 1
732 270 1
976 360 1
244 90 1
610 225 0.707487
231 959 1
854 315 1
854 315 0.945061
366 135 1
99 411 1
854 315 1
66 274 1
1220 450 1
122 45 1
732 270 1
732 270 1
244 90 0.853452
244 90 1
66 274 0.919235
244 90 1
732 270 0.989259
33 137 1
732 270 1
732 270 1
854 315 1
264 1096 1
33 137 1
33 137 1
330 1370 1
122 45 1
1098 405 1
1220 450 1
165 685 1
366 135 1
854 315 1
122 45 0.979844
231 959 1
1098 405 1
165 685 1
488 180 1
165 685 0.898563
732 270 0.890611
976 360 1
231 959 1
330 1370 1
165 685 1
132 548 1
264 1096 1
165 685 1
165 685 1
244 90 1
488 180 0.75701
330 1370 0.821839
366 135 0.730324
610 225 1
1220 450 1
231 959 1
33 137 1
198 822 1
122 45 1
165 685 1
198 822 0.795894
1220 450 1
132 548 1
610 225 0.789858
231 959 1
732 270 1
122 45 1
132 548 1
1220 450 1
1220 450 1
330 1370 1
732 270 1
976 360 1
610 225 1
732 270 1
854 315 0.928153
66 274 1
198 822 1
198 822 1
297 1233 1
264 1096 1
330 1370 1
1220 450 0.5964
99 411 1
33 137 1
33 137 1
732 270 1
132 548 0.860131
1220 450 0.979624
1098 405 1
99 411 1
854 315 0.764653
1220 450 0.912526
488 180 1
198 822 1
732 270 1
366 135 1
66 274 1
264 1096 1
122 45 0.864457
330 1370 1
330 1370 1
366 135 1
297 1233 1
122 45 1
330 1370 1
244 90 1
366 135 0.822956
66 274 1
1098 405 1
99 411 1
66 274 1
99 411 1
244 90 1
488 180 1
732 270 1
488 180 1
198 822 0.758226
99 411 1
244 90 1
366 135 1
264 1096 1
854 315 0.559385
488 180 1
1220 450 1
244 90 1
732 270 1
854 315 1
132 548 1
122 45 1
297 1233 0.909259
231 959 1
976 360 1
610 225 0.946294
610 225 1
297 1233 1
1098 405 1
297 1233 1
1098 405 1
132 548 1
132 548 0.637787
610 225 1
1220 450 1
122 45 0.955499
231 959 0.914833
264 1096 1
1098 405 0.903735
244 90 1
854 315 1
264 1096 0.92072
297 1233 1
1220 450 0.713363
264 1096 1
488 180 0.952183
132 548 1
1220 450 0.627836
732 270 1
66 274 1
976 360 0.849192
99 411 1
976 360 1
244 90 1
1098 405 1
1220 450 1
33 137 1
165 685 1
366 135 1
1220 450 1
122 45 1
976 360 1
366 135 1
488 180 1
366 135 0.806286
1220 450 0.903867
1098 405 1
610 225 1
66 274 0.936532
1220 450 1
366 135 0.971156
99 411 1
132 548 1
488 180 1
99 411 0.837942
122 45 1
244 90 0.758284
854 315 1
198 822 1
366 135 1
732 270 1
976 360 1
330 1370 1
976 360 1
99 411 1
132 548 1
165 685 1
976 360 1
366 135 1
297 1233 1
264 1096 1
33 137 1
297 1233 1
244 90 0.516502
297 1233 1
231 959 1
297 1233 1
165 685 1
1220 450 1
132 548 1
198 822 0.9118
66 274 1
854 315 1
976 360 1
610 225 1
244 90 0.946639
854 315 1
1098 405 1
198 822 1
122 45 1
1220 450 1
198 822 1
132 548 1
33 137 1
244 90 1
231 959 1
732 270 1
66 274 1
264 1096 1
99 411 0.789448
165 685 1
610 225 1
264 1096 0.865473
33 137 0.820461
99 411 1
99 411 1
1220 450 1
976 360 1
66 274 1
231 959 0.765132
198 822 0.855184
610 225 1
132 548 1
1098 405 1
33 137 1
198 822 0.866528
610 225 1
297 1233 1
33 137 0.942196
610 225 0.884101
1220 450 1
732 270 1
198 822 1
330 1370 1
488 180 1
1098 405 1
198 822 0.581595
297 1233 1
366 135 1
99 411 1
854 315 1
122 45 0.940017
854 315 1
165 685 0.93868
264 1096 1
99 411 1
1220 450 0.903963
264 1096 1
198 822 1
330 1370 1
610 225 0.849601
976 360 1
132 548 1
610 225 1
231 959 1
297 1233 1
198 822 0.734928
165 685 1
1098 405 1
330 1370 1
33 137 0.896515
264 1096 1
66 274 0.606511
732 270 1
366 135 1
732 270 1
732 270 1
198 822 1
198 822 0.919243
488 180 1
488 180 1
1220 450 1
165 685 1
297 1233 1
297 1233 1
610 225 0.714478
488 180 0.859169
366 135 1
231 959 0.9504
165 685 1
854 315 0.924065
854 315 1
366 135 1
99 411 1
488 180 1
610 225 1
297 1233 1
297 1233 1
488 180 1
1098 405 1
33 137 1
264 1096 0.723215
976 360 1
165 685 1
66 274 1
132 548 0.847687
33 137 1
1220 450 1
165 685 1
198 822 1
330 1370 1
264 1096 1
732 270 0.948032
976 360 1
976 360 1
231 959 1
732 270 1
33 137 1
297 1233 1
198 822 1
1220 450 1
165 685 1
264 1096 1
99 411 1
66 274 1
244 90 0.809089
99 411 1
264 1096 1
1220 450 1
244 90 1
244 90 1
231 959 1
297 1233 1
244 90 1
330 1370 1
330 1370 1
366 135 1
732 270 1
198 822 0.87593
198 822 1
244 90 0.816256
165 685 1
122 45 1
244 90 1
198 822 1
33 137 0.869936
122 45 0.874878
264 1096 1
231 959 0.918086
198 822 1
99 411 1
330 1370 0.889227
297 1233 0.714112
122 45 1
732 270 1
244 90 1
1098 405 1
732 270 1
488 180 1
976 360 1
330 1370 1
66 274 1
231 959 1
732 270 0.928874
732 270 0.865334
976 360 0.73402
1220 450 1
244 90 1
976 360 0.818372
231 959 1
366 135 1
264 1096 1
1098 405 0.918438
330 1370 0.921678
330 1370 1
976 360 0.851402
732 270 1
1220 450 0.625843
132 548 1
264 1096 1
366 135 1
488 180 1
366 135 0.776848
488 180 1
231 959 0.838013
165 685 1
488 180 1
231 959 1
33 137 1
854 315 1
366 135 1
610 225 1
264 1096 1
330 1370 1
732 270 0.81093
132 548 1
231 959 1
122 45 1
231 959 0.837539
66 274 1
366 135 1
198 822 1
1098 405 1
854 315 1
198 822 0.810772
198 822 0.873268
1098 405 0.808398
976 360 1
1220 450 1
976 360 1
244 90 1
1098 405 1
66 274 0.809743
231 959 1
99 411 1
610 225 1
488 180 0.882362
1220 450 0.993578
198 822 1
976 360 1
1220 450 0.916246
488 180 0.702166
122 45 0.901611
198 822 1
1098 405 1
488 180 1
198 822 1
1098 405 1
198 822 1
122 45 0.925949
122 45 1
1220 450 1
244 90 0.78471
66 274 1
33 137 1
488 180 1
976 360 1
366 135 1
122 45 1
132 548 0.757306
297 1233 1
165 685 1
244 90 1
264 1096 1
1220 450 1
231 959 1
854 315 1
610 225 0.72053
488 180 0.936711
366 135 1
231 959 0.860157
231 959 1
976 360 1
976 360 1
244 90 1
330 1370 1
366 135 1
488 180 1
244 90 1
610 225 1
66 274 1
1220 450 0.85261
330 1370 0.884584
198 822 1
488 180 0.742729
132 548 1
132 548 1
330 1370 1
488 180 1
244 90 1
1220 450 0.3891
264 1096 1
297 1233 1
976 360 1
165 685 1
610 225 1
854 315 1
330 1370 1
231 959 1
244 90 1
854 315 1
33 137 0.767326
122 45 0.686488
610 225 1
198 822 0.660368
122 45 1
231 959 1
66 274 1
132 548 1
976 360 1
33 137 1
488 180 1
488 180 1
198 822 1
330 1370 1
33 137 1
99 411 1
198 822 1
366 135 1
99 411 1
231 959 1
231 959 1
198 822 0.616363
732 270 1
610 225 0.968519
366 135 0.945682
165 685 1
132 548 1
297 1233 0.893967
1220 450 1
610 225 1
488 180 0.916957
297 1233 1
99 411 1
33 137 1
132 548 1
297 1233 0.901857
33 137 0.958821
732 270 1
165 685 1
99 411 1
198 822 1
732 270 1
976 360 1
244 90 1
330 1370 1
854 315 0.800976
99 411 1
33 137 1
122 45 1
854 315 1
854 315 0.879579
366 135 1
231 959 1
122 45 1
132 548 1
231 959 1
132 548 1
33 137 1
366 135 0.950158
264 1096 0.830432
66 274 0.929027
297 1233 1
99 411 1
488 180 1
122 45 0.96075
610 225 1
1220 450 1
610 225 1
297 1233 1
244 90 1
122 45 1
33 137 1
33 137 1
66 274 1
1098 405 1
732 270 0.922545
198 822 1
99 411 1
244 90 1
1220 450 1
198 822 0.826281
976 360 1
198 822 0.837225
488 180 1
488 180 1
264 1096 1
330 1370 1
33 137 1
33 137 1
732 270 0.937115
132 548 1
297 1233 1
488 180 1
165 685 1
99 411 1
488 180 1
244 90 1
66 274 1
297 1233 0.901434
66 274 1
122 45 1
366 135 1
1220 450 1
732 270 1
231 959 0.86827
198 822 1
132 548 1
33 137 1
488 180 0.691792
66 274 1
330 1370 1
198 822 1
976 360 1
1220 450 1
297 1233 1
99 411 0.950814
366 135 1
99 411 1
854 315 1
132 548 1
264 1096 1
854 315 1
132 548 1
488 180 0.802133
66 274 1
366 135 1
330 1370 0.914444
122 45 1
297 1233 0.911841
122 45 1
330 1370 1
297 1233 1
854 315 1
165 685 1
366 135 1
66 274 0.927274
297 1233 0.68272
610 225 0.904263
854 315 1
66 274 1
198 822 0.749108
244 90 1
297 1233 1
854 315 1
732 270 1
732 270 1
1220 450 0.560606
366 135 1
165 685 1
165 685 0.878438
122 45 0.863771
231 959 1
1220 450 1
854 315 1
132 548 1
244 90 1
732 270 0.724469
99 411 1
244 90 1
165 685 1
366 135 1
231 959 1
1098 405 1
231 959 1
231 959 0.773027
244 90 0.88155
1098 405 1
854 315 1
244 90 1
366 135 1
297 1233 0.891737
165 685 1
264 1096 1
297 1233 1
264 1096 1
66 274 1
132 548 1
231 959 1
165 685 1
1220 450 1
330 1370 1
976 360 1
488 180 1
488 180 1
366 135 1
366 135 1
198 822 1
1220 450 1
330 1370 1
165 685 1
99 411 1
244 90 1
366 135 0.761171
122 45 1
198 822 1
231 959 1
165 685 1
264 1096 0.931826
165 685 1
264 1096 1
231 959 1
297 1233 1
66 274 1
854 315 1
297 1233 1
66 274 1
99 411 1
366 135 1
366 135 1
198 822 0.912915
854 315 1
854 315 0.903341
1220 450 1
264 1096 0.923908
231 959 0.755111
297 1233 1
244 90 0.945472
264 1096 1
488 180 1
198 822 1
1098 405 1
610 225 0.825559
366 135 0.877513
132 548 1
732 270 0.813095
198 822 1
132 548 0.799008
122 45 0.95252
99 411 1
231 959 1
732 270 1
976 360 0.669128
366 135 1
297 1233 1
198 822 1
854 315 1
366 135 1
66 274 1
264 1096 1
976 360 1
976 360 1
231 959 0.880172
330 1370 1
488 180 1
976 360 1
1098 405 1
1098 405 1
1098 405 0.815008
976 360 1
231 959 1
132 548 1
976 360 1
99 411 1
264 1096 0.78187
165 685 1
1220 450 1
854 315 0.981162
33 137 1
1098 405 1
366 135 0.747138
33 137 1
33 137 1
488 180 0.97919
366 135 0.840757
976 360 1
66 274 0.928092
33 137 1
854 315 1
264 1096 1
366 135 1
1220 450 1
297 1233 1
264 1096 1
33 137 0.890316
244 90 1
297 1233 1
132 548 1
976 360 1
66 274 1
264 1096 1
330 1370 0.85558
165 685 1
488 180 0.744756
854 315 0.695152
264 1096 1
976 360 1
198 822 1
264 1096 1
488 180 1
366 135 0.875973
198 822 1
732 270 1
330 1370 1
132 548 0.97318
732 270 1
610 225 0.903511
33 137 1
330 1370 0.776631
610 225 1
33 137 1
66 274 0.947229
330 1370 1
488 180 0.952208
165 685 1
132 548 1
366 135 1
33 137 1
976 360 1
488 180 1
366 135 1
297 1233 1
366 135 1
610 225 0.595105
366 135 0.863782
854 315 1
198 822 0.685016
488 180 0.834203
132 548 1
330 1370 1
488 180 1
264 1096 0.841369
1098 405 1
165 685 1
297 1233 1
488 180 1
976 360 0.836974
33 137 1
297 1233 1
297 1233 1
198 822 1
732 270 0.97349
198 822 1
854 315 1
132 548 0.677599
976 360 0.9519
231 959 1
132 548 1
132 548 1
132 548 0.703508
99 411 1
198 822 1
33 137 1
122 45 0.867335
66 274 1
297 1233 0.924318
976 360 0.886689
99 411 1
132 548 1
1098 405 1
1220 450 1
244 90 1
1098 405 1
66 274 0.90971
976 360 1
1220 450 1
231 959 1
366 135 1
732 270 0.87565
854 315 0.935078
165 685 0.974895
165 685 1
99 411 1
132 548 1
231 959 1
165 685 1
610 225 1
854 315 1
165 685 0.942189
854 315 0.760467
732 270 1
1098 405 1
66 274 0.732302
1220 450 1
1220 450 0.705903
297 1233 1
231 959 0.578773
165 685 1
231 959 0.759905
66 274 1
165 685 1
610 225 1
33 137 1
66 274 1
99 411 1
132 548 0.828207
122 45 1
366 135 0.645646
976 360 1
297 1233 1
244 90 1
1098 405 1
854 315 1
976 360 1
132 548 1
1220 450 0.94535
732 270 0.579012
132 548 1
198 822 1
264 1096 1
976 360 1
1220 450 1
610 225 1
330 1370 1
330 1370 1
488 180 1
732 270 1
1220 450 1
1098 405 1
732 270 1
122 45 1
366 135 0.571707
1098 405 1
122 45 1
297 1233 1
854 315 1
264 1096 1
122 45 1
264 1096 1
66 274 1
244 90 1
66 274 0.896583
1098 405 1
976 360 1
610 225 1
264 1096 1
330 1370 0.98008
99 411 1
976 360 0.834291
33 137 1
99 411 1
99 411 1
976 360 1
244 90 1
488 180 1
264 1096 1
330 1370 0.723947
488 180 1
264 1096 1
732 270 1
198 822 1
122 45 1
264 1096 1
66 274 0.822815
33 137 0.866042
122 45 1
854 315 1
330 1370 1
198 822 1
122 45 1
488 180 0.640042
66 274 1
198 822 0.728702
366 135 1
366 135 1
488 180 1
165 685 1
732 270 1
488 180 1
297 1233 1
854 315 1
1220 450 1
488 180 1
165 685 1
33 137 1
1220 450 0.922655
1220 450 1
854 315 1
854 315 0.538462
1098 405 1
732 270 1
366 135 1
854 315 1
122 45 0.979353
99 411 1
1220 450 1
264 1096 0.859937
122 45 1
66 274 1
198 822 0.831013
33 137 1
732 270 0.750759
33 137 1
1098 405 1
330 1370 0.867852
976 360 0.766236
99 411 1
976 360 1
1098 405 1
297 1233 1
854 315 1
976 360 1
297 1233 1
297 1233 1
297 1233 1
854 315 1
330 1370 0.781938
198 822 1
1220 450 0.957883
330 1370 1
99 411 1
1098 405 1
1098 405 0.858534
264 1096 0.953367
165 685 0.913305
198 822 1
66 274 1
122 45 1
488 180 0.845098
122 45 1
264 1096 1
165 685 1
610 225 1
854 315 1
488 180 1
976 360 1
610 225 1
231 959 1
297 1233 1
99 411 1
854 315 0.910982
66 274 1
198 822 1
1098 405 1
132 548 1
99 411 1
244 90 1
66 274 1
122 45 1
366 135 0.738663
231 959 0.875878
122 45 1
488 180 1
244 90 1
610 225 0.930028
976 360 1
99 411 0.880697
1098 405 1
732 270 0.909507
33 137 1
231 959 1
854 315 1
165 685 1
488 180 1
610 225 1
33 137 1
610 225 0.804078
122 45 1
132 548 1
244 90 1
976 360 1
33 137 1
297 1233 1
264 1096 0.631564
330 1370 1
33 137 1
132 548 1
132 548 1
610 225 1
99 411 1
33 137 1
330 1370 1
244 90 1
66 274 0.765296
854 315 1
231 959 1
33 137 0.869834
488 180 1
1220 450 1
99 411 1
99 411 1
264 1096 1
99 411 1
244 90 1
854 315 1
244 90 1
99 411 1
66 274 1
165 685 1
264 1096 1
165 685 1
488 180 1
33 137 1
366 135 1
165 685 1
122 45 0.986461
732 270 1
132 548 1
366 135 1
610 225 0.899403
66 274 1
198 822 1
122 45 0.796476
198 822 1
264 1096 1
244 90 0.836439
976 360 1
976 360 0.787721
99 411 1
610 225 1
1098 405 1
854 315 0.856155
244 90 1
66 274 1
244 90 1
132 548 1
1220 450 1
1098 405 1
854 315 0.772551
732 270 1
231 959 1
264 1096 1
366 135 1
366 135 1
132 548 0.975312
732 270 0.782746
366 135 1
732 270 1
99 411 1
366 135 0.761932
33 137 0.770038
1220 450 1
99 411 1
1098 405 1
244 90 0.660292
244 90 1
99 411 1
198 822 1
1220 450 0.688371
66 274 1
99 411 1
231 959 1
330 1370 1
976 360 0.803239
488 180 1
132 548 1
132 548 0.958739
366 135 0.757125
488 180 1
132 548 1
231 959 0.677396
1098 405 1
488 180 1
33 137 1
132 548 1
132 548 1
366 135 1
1220 450 1
366 135 1
132 548 1
976 360 1
33 137 1
1220 450 1
1098 405 1
198 822 0.763618
165 685 1
297 1233 1
1098 405 1
366 135 1
33 137 1
66 274 0.800775
231 959 1
122 45 1
976 360 1
99 411 1
854 315 1
198 822 1
610 225 1
198 822 1
122 45 1
165 685 0.897846
488 180 1
1220 450 1
976 360 1
1098 405 0.7632
231 959 1
1098 405 1
976 360 0.828874
1220 450 1
244 90 1
488 180 1
732 270 1
66 274 1
610 225 1
264 1096 0.731898
976 360 1
231 959 1
33 137 1
297 1233 1
198 822 1
33 137 1
976 360 1
488 180 1
610 225 1
297 1233 0.63691
854 315 1
198 822 1
231 959 1
99 411 1
122 45 1
366 135 1
732 270 0.920088
1220 450 1
99 411 1
231 959 1
264 1096 1
231 959 1
732 270 0.605934
122 45 0.87069
264 1096 1
854 315 1
122 45 1
488 180 0.80633
854 315 1
610 225 1
610 225 1
976 360 1
976 360 1
488 180 0.932714
244 90 1
132 548 0.764871
297 1233 1
854 315 1
198 822 1
1098 405 1
244 90 0.851005
231 959 1
488 180 1
366 135 1
66 274 0.913239
1220 450 1
264 1096 0.832102
854 315 1
297 1233 1
244 90 1
976 360 1
976 360 1
854 315 1
610 225 0.769306
122 45 1
488 180 1
99 411 1
1220 450 1
66 274 1
1098 405 1
330 1370 0.669665
732 270 1
33 137 1
976 360 0.884517
231 959 1
1098 405 1
33 137 1
264 1096 0.831456
1098 405 1
1220 450 0.740969
330 1370 0.982403
297 1233 1
366 135 1
165 685 1
122 45 1
1220 450 1
976 360 1
976 360 1
198 822 1
488 180 1
330 1370 1
33 137 1
1220 450 1
1220 450 1
122 45 1
132 548 1
1220 450 0.764489
732 270 0.847434
610 225 1
366 135 1
366 135 1
330 1370 1
264 1096 1
165 685 1
99 411 1
33 137 1
1220 450 1
297 1233 1
244 90 1
165 685 0.854965
99 411 0.874616
732 270 1
976 360 1
854 315 1
244 90 1
165 685 1
330 1370 1
99 411 1
99 411 0.864979
732 270 1
33 137 1
1098 405 1
165 685 1
976 360 1
1098 405 1
854 315 1
330 1370 0.880853
1098 405 1
610 225 1
198 822 1
854 315 1
976 360 1
488 180 1
66 274 0.963241
297 1233 1
366 135 1
132 548 1
264 1096 1
165 685 1
244 90 0.895178
488 180 1
297 1233 1
33 137 0.711137
732 270 1
66 274 0.887975
1098 405 1
976 360 0.835228
610 225 1
264 1096 1
231 959 1
488 180 1
122 45 0.796923
264 1096 1
610 225 1
66 274 1
122 45 1
264 1096 1
165 685 1
1098 405 0.78154
297 1233 0.777157
366 135 1
610 225 1
854 315 1
99 411 1
1098 405 1
99 411 1
732 270 0.889098
488 180 1
330 1370 1
231 959 1
1220 450 0.811869
297 1233 1
330 1370 0.871507
1220 450 0.744928
330 1370 1
488 180 0.901466
165 685 1
297 1233 0.814765
297 1233 0.690899
132 548 1
132 548 0.89724
244 90 1
1098 405 1
488 180 1
854 315 1
122 45 1
165 685 0.615207
366 135 1
244 90 1
854 315 0.892859
165 685 1
1098 405 1
1220 450 1
366 135 1
854 315 1
165 685 1
165 685 0.805704
99 411 0.761174
244 90 1
297 1233 1
1098 405 0.898578
244 90 1
976 360 1
330 1370 0.941699
488 180 1
244 90 1
297 1233 1
297 1233 1
1098 405 0.953919
366 135 1
854 315 1
366 135 0.81937
165 685 1
330 1370 1
610 225 1
244 90 1
33 137 0.912537
610 225 1
854 315 0.775206
198 822 1
732 270 1
732 270 1
330 1370 1
1220 450 1
732 270 1
1098 405 0.94772
231 959 1
231 959 1
732 270 1
264 1096 1
366 135 1
231 959 1
66 274 1
330 1370 1
99 411 1
244 90 0.943814
330 1370 0.923322
264 1096 1
165 685 0.746268
330 1370 1
122 45 1
198 822 1
165 685 1
488 180 1
366 135 1
244 90 1
122 45 1
297 1233 1
488 180 1
99 411 1
732 270 1
99 411 1
976 360 1
488 180 0.932321
132 548 1
165 685 1
1220 450 0.954729
1098 405 1
132 548 0.779767
366 135 1
1220 450 1
33 137 1
66 274 1
99 411 1
610 225 0.85723
66 274 1
99 411 1
165 685 1
165 685 1
976 360 0.929771
231 959 1
488 180 1
33 137 0.930387
330 1370 1
366 135 1
264 1096 1
231 959 0.84757
165 685 1
198 822 1
132 548 1
264 1096 0.65546
330 1370 1
488 180 1
330 1370 1
1098 405 1
33 137 1
264 1096 0.99796
198 822 1
1220 450 1
1098 405 0.933461
244 90 0.725375
198 822 1
732 270 1
99 411 1
66 274 1
132 548 1
330 1370 1
732 270 0.912565
264 1096 1
33 137 1
610 225 1
330 1370 1
976 360 1
1220 450 1
231 959 1
297 1233 1
244 90 1
1098 405 1
330 1370 0.668401
33 137 1
165 685 1
165 685 1
244 90 1
610 225 1
165 685 1
122 45 1
732 270 1
198 822 1
732 270 1
488 180 0.743871
1220 450 1
297 1233 1
732 270 1
976 360 1
610 225 1
976 360 1
488 180 1
297 1233 1
732 270 1
33 137 0.700045
488 180 0.824987
488 180 1
198 822 1
1220 450 0.877165
99 411 1
297 1233 1
330 1370 1
854 315 1
366 135 1
66 274 1
132 548 1
732 270 1
165 685 1
854 315 0.487833
732 270 1
264 1096 1
366 135 1
264 1096 1
297 1233 1
1098 405 1
488 180 0.451945
122 45 1
122 45 1
244 90 1
99 411 1
1098 405 0.550034
132 548 1
198 822 1
165 685 1
231 959 1
99 411 1
132 548 1
610 225 1
99 411 1
198 822 1
854 315 0.940389
66 274 1
132 548 1
488 180 1
33 137 1
1098 405 1
1098 405 1
488 180 1
132 548 1
132 548 1
244 90 0.872977
732 270 0.958383
132 548 1
244 90 1
99 411 1
297 1233 1
198 822 1
732 270 1
66 274 1
854 315 1
366 135 1
1220 450 1
66 274 1
198 822 1
732 270 1
66 274 1
297 1233 1
1098 405 1
1098 405 1
33 137 1
33 137 1
297 1233 1
330 1370 0.843561
732 270 1
488 180 1
610 225 1
244 90 1
122 45 0.950591
1098 405 1
165 685 1
1220 450 0.838573
1098 405 1
231 959 1
264 1096 1
854 315 1
1098 405 0.834714
330 1370 0.939874
231 959 1
244 90 1
231 959 1
231 959 1
330 1370 1
122 45 1
976 360 1
165 685 1
33 137 1
231 959 0.856137
488 180 1
264 1096 1
297 1233 1
732 270 0.801058
99 411 1
66 274 1
854 315 1
165 685 1
244 90 1
66 274 0.826068
122 45 0.982077
854 315 1
854 315 1
198 822 1
132 548 1
231 959 0.994697
231 959 0.80917
366 135 1
732 270 1
99 411 1
976 360 0.898215
366 135 1
297 1233 1
198 822 1
854 315 1
99 411 1
66 274 1
366 135 0.88801
854 315 1
122 45 1
165 685 1
1098 405 1
231 959 1
976 360 0.959105
366 135 1
1220 450 0.90134
33 137 1
488 180 1
330 1370 1
297 1233 0.816008
99 411 1
488 180 1
66 274 1
488 180 1
66 274 1
1220 450 1
99 411 0.817487
99 411 1
976 360 0.87013
165 685 1
297 1233 1
198 822 1
122 45 1
732 270 1
976 360 1
66 274 1
854 315 1
366 135 1
330 1370 1
33 137 1
1220 450 1
488 180 1
366 135 1
132 548 1
66 274 1
976 360 1
297 1233 1
732 270 1
122 45 1
330 1370 0.705136
66 274 1
264 1096 0.810062
330 1370 1
66 274 1
165 685 1
122 45 1
732 270 0.954888
297 1233 1
1220 450 1
198 822 1
610 225 1
610 225 1
1220 450 1
198 822 0.955802
976 360 1
854 315 0.787252
122 45 1
976 360 0.775873
132 548 1
330 1370 1
297 1233 1
244 90 1
165 685 0.821115
488 180 1
33 137 0.897466
132 548 1
1220 450 1
264 1096 0.868037
33 137 0.89636
732 270 1
366 135 1
610 225 1
854 315 1
132 548 1
366 135 1
33 137 0.864621
231 959 1
610 225 1
165 685 1
122 45 1
33 137 1
610 225 1
330 1370 1
297 1233 1
231 959 0.892229
99 411 1
122 45 1
198 822 1
244 90 0.71785
488 180 1
99 411 1
366 135 1
732 270 1
330 1370 1
732 270 0.633174
122 45 0.790498
231 959 1
732 270 1
732 270 1
297 1233 1
132 548 1
1098 405 1
99 411 0.83098
854 315 1
99 411 1
66 274 1
297 1233 1
99 411 0.943206
99 411 1
33 137 1
854 315 1
488 180 1
330 1370 1
330 1370 1
732 270 0.874738
244 90 1
132 548 0.876796
366 135 0.789308
1098 405 1
231 959 1
132 548 1
610 225 1
732 270 0.963275
1098 405 1
610 225 1
488 180 0.969276
732 270 1
231 959 1
122 45 1
165 685 1
854 315 1
488 180 1
330 1370 1
244 90 1
732 270 1
366 135 1
976 360 1
122 45 1
1098 405 1
198 822 1
66 274 1
66 274 1
198 822 1
198 822 1
330 1370 1
297 1233 1
99 411 1
122 45 1
231 959 1
198 822 1
244 90 1
66 274 1
244 90 1
1220 450 1
198 822 1
297 1233 1
122 45 0.901662
610 225 1
854 315 1
1220 450 1
244 90 1
610 225 1
33 137 1
297 1233 1
366 135 1
366 135 0.820431
732 270 1
198 822 1
854 315 0.600456
122 45 1
976 360 1
244 90 1
610 225 1
1220 450 1
297 1233 1
854 315 1
264 1096 1
264 1096 0.93648
610 225 1
132 548 1
264 1096 1
976 360 1
330 1370 1
488 180 1
488 180 1
1098 405 1
122 45 1
330 1370 1
165 685 1
99 411 1
330 1370 1
1220 450 1
366 135 1
198 822 1
99 411 1
610 225 1
488 180 1
488 180 1
165 685 0.808144
976 360 0.773757
732 270 1
198 822 1
1098 405 1
1220 450 1
1098 405 1
854 315 0.751882
264 1096 1
99 411 1
1220 450 0.858683
99 411 1
33 137 0.935713
122 45 0.859393
976 360 1
244 90 1
99 411 1
231 959 0.825951
854 315 1
330 1370 0.641627
610 225 1
854 315 1
99 411 1
297 1233 1
244 90 1
244 90 1
231 959 1
99 411 1
198 822 1
264 1096 1
122 45 1
244 90 1
33 137 1
66 274 0.718065
366 135 1
854 315 1
1220 450 1
1220 450 1
854 315 1
198 822 1
165 685 0.875847
297 1233 0.874907
854 315 1
330 1370 1
1098 405 1
610 225 1
366 135 0.898755
976 360 0.975109
366 135 1
264 1096 1
132 548 0.81749
264 1096 1
610 225 0.896542
122 45 1
610 225 1
366 135 1
1098 405 1
976 360 1
488 180 1
198 822 1
366 135 1
976 360 1
488 180 0.820841
488 180 1
976 360 1
66 274 1
165 685 1
264 1096 1
198 822 1
1220 450 0.841708
1098 405 1
330 1370 1
976 360 1
297 1233 1
610 225 1
976 360 0.934003
330 1370 1
1098 405 1
231 959 1
1098 405 1
264 1096 1
264 1096 1
1220 450 1
732 270 1
976 360 0.819136
165 685 1
244 90 1
122 45 0.888818
1098 405 0.795562
33 137 1
854 315 1
854 315 1
366 135 1
66 274 1
132 548 1
976 360 1
99 411 1
33 137 1
297 1233 1
99 411 1
244 90 0.845214
165 685 1
610 225 1
366 135 1
122 45 1
330 1370 1
854 315 1
99 411 1
488 180 1
132 548 0.938509
165 685 0.840575
132 548 1
1098 405 0.608456
122 45 1
854 315 1
198 822 1
1220 450 1
366 135 1
165 685 1
231 959 1
366 135 1
854 315 0.937818
297 1233 1
330 1370 1
330 1370 1
99 411 0.931749
33 137 1
366 135 1
330 1370 1
1098 405 1
122 45 1
610 225 1
165 685 1
1220 450 1
244 90 1
99 411 0.476118
99 411 1
1220 450 1
66 274 1
122 45 1
165 685 0.946068
198 822 1
122 45 1
610 225 1
330 1370 0.883987
244 90 1
854 315 1
1220 450 1
330 1370 1
330 1370 1
132 548 1
33 137 1
297 1233 1
330 1370 1
132 548 1
165 685 1
610 225 1
976 360 0.967563
122 45 1
366 135 1
366 135 1
165 685 1
66 274 1
610 225 1
976 360 1
264 1096 1
976 360 1
165 685 1
732 270 1
297 1233 1
366 135 1
732 270 0.891999
488 180 1
330 1370 1
976 360 1
132 548 0.540414
854 315 0.961554
1220 450 1
330 1370 1
66 274 1
854 315 1
732 270 1
122 45 1
854 315 1
297 1233 1
297 1233 1
99 411 1
66 274 1
854 315 1
264 1096 1
122 45 1
132 548 1
976 360 1
297 1233 1
99 411 1
99 411 1
122 45 1
976 360 1
297 1233 0.730943
198 822 0.604114
66 274 1
330 1370 0.937982
610 225 1
1098 405 1
1098 405 1
132 548 1
132 548 1
330 1370 1
330 1370 1
297 1233 1
165 685 1
610 225 0.852275
132 548 1
488 180 1
488 180 0.738287
976 360 1
854 315 1
976 360 0.767758
1098 405 1
1098 405 1
297 1233 1
330 1370 0.696876
165 685 1
1220 450 0.824347
366 135 1
610 225 1
231 959 1
165 685 1
366 135 1
122 45 1
66 274 1
244 90 1
33 137 1
165 685 0.923466
976 360 1
297 1233 0.981115
231 959 0.888167
33 137 1
33 137 1
330 1370 1
366 135 1
122 45 0.772353
66 274 1
488 180 1
264 1096 0.850301
1220 450 1
231 959 1
33 137 1
231 959 1
132 548 1
198 822 0.786669
264 1096 0.605269
132 548 0.891153
99 411 1
165 685 1
330 1370 1
99 411 1
165 685 1
1098 405 1
66 274 1
244 90 1
488 180 1
330 1370 1
488 180 1
366 135 1
976 360 1
66 274 1
66 274 1
732 270 0.899215
854 315 1
122 45 1
976 360 1
165 685 1
488 180 0.857873
99 411 0.832954
33 137 1
244 90 1
610 225 1
976 360 1
165 685 1
99 411 1
976 360 1
1098 405 0.896196
122 45 1
132 548 1
488 180 0.736994
610 225 1
231 959 1
132 548 1
297 1233 1
33 137 1
330 1370 1
488 180 0.949065
488 180 1
66 274 1
297 1233 1
122 45 1
165 685 1
976 360 1
122 45 1
854 315 1
366 135 1
732 270 1
366 135 1
330 1370 1
330 1370 0.864801
610 225 0.746436
198 822 1
66 274 1
66 274 1
1098 405 1
198 822 1
976 360 1
264 1096 1
366 135 1
264 1096 1
488 180 1
976 360 1
732 270 0.836664
1220 450 0.912919
488 180 1
99 411 1
231 959 0.910878
366 135 1
165 685 0.813479
330 1370 1
264 1096 1
99 411 0.630841
610 225 1
366 135 0.921997
488 180 1
976 360 0.845343
165 685 1
732 270 1
231 959 1
976 360 1
132 548 1
366 135 0.724674
1098 405 0.915801
264 1096 0.89424
33 137 0.959241
264 1096 1
99 411 1
264 1096 1
488 180 1
264 1096 1
488 180 1
122 45 1
1098 405 0.881751
854 315 1
99 411 1
330 1370 1
854 315 1
122 45 1
264 1096 1
976 360 1
122 45 1
66 274 1
1098 405 1
732 270 1
33 137 1
366 135 1
732 270 1
1098 405 1
976 360 1
99 411 1
165 685 1
33 137 1
366 135 0.79678
1098 405 1
488 180 1
66 274 1
1220 450 0.778358
732 270 1
732 270 1
66 274 1
122 45 1
732 270 1
231 959 1
1098 405 1
732 270 1
976 360 0.775687
99 411 1
231 959 0.725925
854 315 1
610 225 1
366 135 1
264 1096 1
99 411 1
165 685 1
854 315 1
99 411 1
99 411 1
1098 405 1
264 1096 1
610 225 0.938334
297 1233 1
297 1233 1
244 90 1
198 822 1
231 959 1
366 135 1
297 1233 1
99 411 0.906006
198 822 1
33 137 1
33 137 1
488 180 1
122 45 0.838405
330 1370 0.748331
231 959 1
976 360 0.82429
198 822 1
122 45 1
264 1096 1
264 1096 0.852587
330 1370 1
976 360 1
33 137 1
1098 405 1
165 685 1
165 685 1
610 225 1
231 959 1
122 45 1
854 315 1
366 135 0.887165
488 180 1
610 225 1
610 225 1
976 360 1
264 1096 1
231 959 0.840752
198 822 0.688933
244 90 0.922898
976 360 1
244 90 1
976 360 1
244 90 1
33 137 1
488 180 1
488 180 1
1098 405 1
132 548 1
198 822 0.904533
33 137 1
99 411 1
165 685 1
297 1233 0.917553
264 1096 1
231 959 1
33 137 1
264 1096 1
122 45 0.927742
165 685 1
1220 450 1
33 137 1
33 137 1
66 274 1
297 1233 1
231 959 1
66 274 1
1098 405 1
244 90 1
1098 405 1
132 548 1
976 360 1
976 360 0.607635
66 274 1
732 270 0.903136
854 315 1
488 180 1
231 959 1
244 90 1
33 137 1
264 1096 0.930387
297 1233 1
264 1096 1
854 315 1
1098 405 1
244 90 1
1220 450 0.862874
122 45 0.596377
610 225 1
231 959 1
297 1233 1
33 137 1
165 685 1
488 180 1
33 137 1
198 822 0.831408
264 1096 1
488 180 1
122 45 1
122 45 1
732 270 1
165 685 1
66 274 1
1098 405 1
99 411 1
165 685 1
1220 450 1
264 1096 1
366 135 1
976 360 1
732 270 1
198 822 1
122 45 1
297 1233 1
99 411 1
244 90 1
99 411 1
99 411 1
976 360 1
132 548 1
33 137 1
264 1096 1
488 180 0.873885
132 548 1
610 225 1
732 270 1
732 270 1
854 315 0.789644
1098 405 1
165 685 0.874716
165 685 0.910088
99 411 0.93059
122 45 1
1098 405 1
1098 405 1
132 548 1
976 360 1
132 548 1
165 685 1
366 135 1
366 135 0.84541
33 137 0.9422
244 90 1
297 1233 1
854 315 1
165 685 0.886561
976 360 1
1220 450 1
854 315 1
1220 450 1
33 137 1
732 270 1
198 822 1
976 360 0.935807
99 411 1
1220 450 0.848421
244 90 1
297 1233 1
231 959 1
330 1370 1
122 45 1
330 1370 0.770374
610 225 1
99 411 1
231 959 1
231 959 1
297 1233 1
1220 450 0.733401
165 685 1
1220 450 1
732 270 1
231 959 1
330 1370 1
244 90 1
33 137 1
488 180 1
732 270 0.786156
198 822 1
33 137 1
366 135 1
122 45 0.928057
297 1233 1
610 225 1
976 360 0.857206
976 360 1
33 137 1
165 685 0.589893
122 45 1
1220 450 1
297 1233 1
132 548 1
732 270 1
854 315 1
132 548 1
132 548 1
198 822 1
198 822 1
66 274 1
99 411 1
122 45 0.960207
732 270 1
244 90 0.864711
198 822 1
122 45 1
1220 450 1
122 45 0.622577
366 135 1
244 90 0.813511
488 180 0.890507
264 1096 1
165 685 1
33 137 1
976 360 0.778283
33 137 1
610 225 1
165 685 1
1098 405 1
122 45 0.913911
244 90 1
33 137 1
264 1096 0.845876
198 822 1
732 270 1
854 315 1
297 1233 0.778372
244 90 1
1098 405 1
264 1096 1
330 1370 1
976 360 1
854 315 1
366 135 1
854 315 1
66 274 1
330 1370 1
231 959 1
330 1370 1
330 1370 0.70707
854 315 1
33 137 1
488 180 1
66 274 1
1220 450 1
366 135 0.925378
33 137 1
132 548 0.702862
732 270 1
854 315 1
244 90 1
488 180 1
488 180 1
231 959 1
366 135 0.910097
1098 405 1
165 685 1
488 180 1
854 315 1
122 45 1
366 135 1
99 411 1
732 270 0.798858
33 137 1
33 137 1
264 1096 1
33 137 1
1098 405 1
976 360 1
610 225 1
610 225 1
264 1096 1
610 225 1
732 270 1
297 1233 0.8817
854 315 1
198 822 1
264 1096 1
198 822 1
66 274 1
330 1370 0.926084
976 360 1
976 360 1
244 90 1
132 548 1
244 90 0.970944
231 959 1
976 360 0.882999
330 1370 1
198 822 1
198 822 1
198 822 1
132 548 1
330 1370 1
122 45 1
33 137 1
231 959 1
244 90 1
231 959 1
1220 450 1
1098 405 0.945622
297 1233 1
488 180 1
231 959 0.721308
66 274 1
976 360 0.837483
231 959 1
330 1370 1
1220 450 1
488 180 1
488 180 1
33 137 1
732 270 1
732 270 0.768629
