5000 2218898
1 42 0.9
1 42 0.9
1 42 0.9
1 42 0.9
2 59 0.931954
2 59 0.931954
2 59 0.931954
3 73 0.945162
3 73 0.945162
3 73 0.945162
3 73 0.945162
3 73 0.945162
3 73 0.945162
4 84 0.953683
4 84 0.953683
4 84 0.953683
5 94 0.959307
5 94 0.959307
5 94 0.959307
5 94 0.959307
6 103 0.963483
6 103 0.963483
6 103 0.963483
6 103 0.963483
7 111 0.96683
7 111 0.96683
7 111 0.96683
9 126 0.971578
9 126 0.971578
9 126 0.971578
9 126 0.971578
9 126 0.971578
9 126 0.971578
9 126 0.971578
10 133 0.973367
10 133 0.973367
11 139 0.975064
11 139 0.975064
11 139 0.975064
12 145 0.976478
12 145 0.976478
12 145 0.976478
12 145 0.976478
12 145 0.976478
12 145 0.976478
12 145 0.976478
13 151 0.977674
13 151 0.977674
14 157 0.978699
14 157 0.978699
14 157 0.978699
14 157 0.978699
15 162 0.979758
15 162 0.979758
15 162 0.979758
15 162 0.979758
15 162 0.979758
15 162 0.979758
16 168 0.980525
16 168 0.980525
16 168 0.980525
17 173 0.981352
17 173 0.981352
17 173 0.981352
17 173 0.981352
17 173 0.981352
17 173 0.981352
17 173 0.981352
18 178 0.982087
18 178 0.982087
18 178 0.982087
18 178 0.982087
18 178 0.982087
18 178 0.982087
19 183 0.982745
19 183 0.982745
19 183 0.982745
20 188 0.983337
20 188 0.983337
20 188 0.983337
20 188 0.983337
20 188 0.983337
20 188 0.983337
20 188 0.983337
21 192 0.983994
21 192 0.983994
21 192 0.983994
21 192 0.983994
21 192 0.983994
21 192 0.983994
22 197 0.984476
22 197 0.984476
22 197 0.984476
22 197 0.984476
23 201 0.985027
23 201 0.985027
23 201 0.985027
23 201 0.985027
24 205 0.985531
24 205 0.985531
24 205 0.985531
24 205 0.985531
25 210 0.985893
25 210 0.985893
25 210 0.985893
25 210 0.985893
25 210 0.985893
25 210 0.985893
25 210 0.985893
26 214 0.986326
26 214 0.986326
26 214 0.986326
26 214 0.986326
26 214 0.986326
26 214 0.986326
26 214 0.986326
26 214 0.986326
26 214 0.986326
27 218 0.986727
27 218 0.986727
27 218 0.986727
27 218 0.986727
27 218 0.986727
28 222 0.987099
28 222 0.987099
28 222 0.987099
28 222 0.987099
28 222 0.987099
29 226 0.987445
29 226 0.987445
29 226 0.987445
29 226 0.987445
29 226 0.987445
29 226 0.987445
29 226 0.987445
30 230 0.987768
30 230 0.987768
30 230 0.987768
30 230 0.987768
30 230 0.987768
31 233 0.988153
31 233 0.988153
31 233 0.988153
31 233 0.988153
31 233 0.988153
32 237 0.988434
32 237 0.988434
32 237 0.988434
32 237 0.988434
32 237 0.988434
32 237 0.988434
32 237 0.988434
33 241 0.988698
33 241 0.988698
33 241 0.988698
33 241 0.988698
34 244 0.989021
34 244 0.989021
34 244 0.989021
34 244 0.989021
34 244 0.989021
34 244 0.989021
34 244 0.989021
35 248 0.989253
35 248 0.989253
35 248 0.989253
35 248 0.989253
35 248 0.989253
35 248 0.989253
35 248 0.989253
35 248 0.989253
35 248 0.989253
36 251 0.989543
36 251 0.989543
37 255 0.989749
37 255 0.989749
37 255 0.989749
37 255 0.989749
38 258 0.990011
38 258 0.990011
38 258 0.990011
38 258 0.990011
38 258 0.990011
38 258 0.990011
38 258 0.990011
38 258 0.990011
38 258 0.990011
39 262 0.990193
39 262 0.990193
39 262 0.990193
39 262 0.990193
40 265 0.990431
40 265 0.990431
40 265 0.990431
40 265 0.990431
40 265 0.990431
41 268 0.990657
41 268 0.990657
41 268 0.990657
41 268 0.990657
41 268 0.990657
41 268 0.990657
41 268 0.990657
41 268 0.990657
42 271 0.990872
42 271 0.990872
42 271 0.990872
43 274 0.991078
43 274 0.991078
43 274 0.991078
43 274 0.991078
43 274 0.991078
43 274 0.991078
44 278 0.991215
44 278 0.991215
44 278 0.991215
44 278 0.991215
44 278 0.991215
45 281 0.991404
45 281 0.991404
45 281 0.991404
45 281 0.991404
46 284 0.991584
46 284 0.991584
46 284 0.991584
47 287 0.991757
47 287 0.991757
47 287 0.991757
47 287 0.991757
48 290 0.991922
49 293 0.992081
49 293 0.992081
49 293 0.992081
49 293 0.992081
49 293 0.992081
49 293 0.992081
49 293 0.992081
50 296 0.992233
50 296 0.992233
50 296 0.992233
51 299 0.99238
51 299 0.99238
51 299 0.99238
51 299 0.99238
51 299 0.99238
52 302 0.99252
52 302 0.99252
52 302 0.99252
52 302 0.99252
53 304 0.992704
53 304 0.992704
53 304 0.992704
53 304 0.992704
53 304 0.992704
54 307 0.992833
54 307 0.992833
54 307 0.992833
54 307 0.992833
54 307 0.992833
55 310 0.992958
55 310 0.992958
55 310 0.992958
55 310 0.992958
56 313 0.993079
56 313 0.993079
56 313 0.993079
56 313 0.993079
56 313 0.993079
56 313 0.993079
56 313 0.993079
56 313 0.993079
56 313 0.993079
57 316 0.993195
57 316 0.993195
57 316 0.993195
58 318 0.993351
58 318 0.993351
58 318 0.993351
58 318 0.993351
58 318 0.993351
59 321 0.993459
59 321 0.993459
59 321 0.993459
59 321 0.993459
59 321 0.993459
59 321 0.993459
59 321 0.993459
60 324 0.993563
60 324 0.993563
61 326 0.993705
61 326 0.993705
61 326 0.993705
61 326 0.993705
61 326 0.993705
61 326 0.993705
61 326 0.993705
61 326 0.993705
62 329 0.993802
62 329 0.993802
62 329 0.993802
63 332 0.993895
63 332 0.993895
63 332 0.993895
63 332 0.993895
63 332 0.993895
63 332 0.993895
64 334 0.994026
64 334 0.994026
64 334 0.994026
64 334 0.994026
64 334 0.994026
64 334 0.994026
64 334 0.994026
64 334 0.994026
64 334 0.994026
65 337 0.994113
65 337 0.994113
65 337 0.994113
66 339 0.994236
66 339 0.994236
66 339 0.994236
67 342 0.994318
67 342 0.994318
67 342 0.994318
67 342 0.994318
67 342 0.994318
68 344 0.994435
68 344 0.994435
68 344 0.994435
68 344 0.994435
68 344 0.994435
68 344 0.994435
68 344 0.994435
68 344 0.994435
68 344 0.994435
68 344 0.994435
69 347 0.994511
69 347 0.994511
69 347 0.994511
69 347 0.994511
69 347 0.994511
70 349 0.994622
70 349 0.994622
71 352 0.994693
71 352 0.994693
71 352 0.994693
71 352 0.994693
71 352 0.994693
71 352 0.994693
71 352 0.994693
71 352 0.994693
71 352 0.994693
71 352 0.994693
71 352 0.994693
71 352 0.994693
72 354 0.994798
72 354 0.994798
72 354 0.994798
72 354 0.994798
73 356 0.9949
73 356 0.9949
73 356 0.9949
73 356 0.9949
74 359 0.994965
74 359 0.994965
74 359 0.994965
75 361 0.995062
75 361 0.995062
75 361 0.995062
75 361 0.995062
75 361 0.995062
75 361 0.995062
75 361 0.995062
76 364 0.995123
76 364 0.995123
76 364 0.995123
77 366 0.995216
77 366 0.995216
77 366 0.995216
77 366 0.995216
77 366 0.995216
78 368 0.995306
78 368 0.995306
78 368 0.995306
78 368 0.995306
78 368 0.995306
79 371 0.995362
79 371 0.995362
79 371 0.995362
79 371 0.995362
79 371 0.995362
79 371 0.995362
79 371 0.995362
80 373 0.995448
80 373 0.995448
80 373 0.995448
81 375 0.995532
81 375 0.995532
81 375 0.995532
81 375 0.995532
82 377 0.995614
82 377 0.995614
83 380 0.995663
83 380 0.995663
83 380 0.995663
83 380 0.995663
84 382 0.995742
84 382 0.995742
84 382 0.995742
84 382 0.995742
84 382 0.995742
85 384 0.995818
85 384 0.995818
86 386 0.995893
86 386 0.995893
86 386 0.995893
86 386 0.995893
86 386 0.995893
86 386 0.995893
87 388 0.995966
87 388 0.995966
87 388 0.995966
87 388 0.995966
87 388 0.995966
88 391 0.996008
88 391 0.996008
88 391 0.996008
88 391 0.996008
89 393 0.996079
89 393 0.996079
89 393 0.996079
89 393 0.996079
89 393 0.996079
89 393 0.996079
90 395 0.996147
90 395 0.996147
90 395 0.996147
91 397 0.996214
91 397 0.996214
92 399 0.99628
92 399 0.99628
92 399 0.99628
92 399 0.99628
92 399 0.99628
92 399 0.99628
92 399 0.99628
92 399 0.99628
93 401 0.996344
93 401 0.996344
93 401 0.996344
93 401 0.996344
93 401 0.996344
93 401 0.996344
93 401 0.996344
93 401 0.996344
93 401 0.996344
94 403 0.996407
94 403 0.996407
95 406 0.996442
95 406 0.996442
95 406 0.996442
95 406 0.996442
95 406 0.996442
95 406 0.996442
95 406 0.996442
95 406 0.996442
95 406 0.996442
96 408 0.996502
96 408 0.996502
96 408 0.996502
97 410 0.996562
97 410 0.996562
97 410 0.996562
97 410 0.996562
97 410 0.996562
97 410 0.996562
97 410 0.996562
98 412 0.99662
98 412 0.99662
98 412 0.99662
98 412 0.99662
99 414 0.996677
99 414 0.996677
100 416 0.996732
100 416 0.996732
100 416 0.996732
100 416 0.996732
100 416 0.996732
100 416 0.996732
100 416 0.996732
100 416 0.996732
100 416 0.996732
101 418 0.996787
101 418 0.996787
101 418 0.996787
101 418 0.996787
101 418 0.996787
102 420 0.996841
102 420 0.996841
102 420 0.996841
102 420 0.996841
102 420 0.996841
102 420 0.996841
103 422 0.996893
103 422 0.996893
103 422 0.996893
103 422 0.996893
103 422 0.996893
103 422 0.996893
104 424 0.996945
104 424 0.996945
106 428 0.997045
107 430 0.997094
107 430 0.997094
107 430 0.997094
107 430 0.997094
107 430 0.997094
107 430 0.997094
107 430 0.997094
107 430 0.997094
107 430 0.997094
108 432 0.997141
108 432 0.997141
108 432 0.997141
108 432 0.997141
108 432 0.997141
108 432 0.997141
108 432 0.997141
108 432 0.997141
108 432 0.997141
109 434 0.997188
109 434 0.997188
110 436 0.997234
110 436 0.997234
110 436 0.997234
110 436 0.997234
110 436 0.997234
111 438 0.99728
111 438 0.99728
111 438 0.99728
111 438 0.99728
112 439 0.997347
112 439 0.997347
112 439 0.997347
112 439 0.997347
113 441 0.99739
113 441 0.99739
113 441 0.99739
114 443 0.997433
114 443 0.997433
114 443 0.997433
114 443 0.997433
114 443 0.997433
114 443 0.997433
115 445 0.997475
115 445 0.997475
115 445 0.997475
116 447 0.997516
116 447 0.997516
116 447 0.997516
116 447 0.997516
116 447 0.997516
116 447 0.997516
116 447 0.997516
116 447 0.997516
117 449 0.997557
117 449 0.997557
117 449 0.997557
117 449 0.997557
117 449 0.997557
118 451 0.997596
118 451 0.997596
118 451 0.997596
118 451 0.997596
118 451 0.997596
119 453 0.997636
119 453 0.997636
119 453 0.997636
119 453 0.997636
120 454 0.997695
120 454 0.997695
120 454 0.997695
120 454 0.997695
120 454 0.997695
120 454 0.997695
120 454 0.997695
121 456 0.997733
121 456 0.997733
121 456 0.997733
121 456 0.997733
121 456 0.997733
122 458 0.99777
122 458 0.99777
122 458 0.99777
122 458 0.99777
123 460 0.997806
123 460 0.997806
123 460 0.997806
123 460 0.997806
123 460 0.997806
123 460 0.997806
124 462 0.997842
124 462 0.997842
124 462 0.997842
124 462 0.997842
125 463 0.997898
125 463 0.997898
125 463 0.997898
125 463 0.997898
125 463 0.997898
126 465 0.997933
126 465 0.997933
126 465 0.997933
126 465 0.997933
126 465 0.997933
127 467 0.997967
127 467 0.997967
127 467 0.997967
127 467 0.997967
127 467 0.997967
127 467 0.997967
128 469 0.998
128 469 0.998
129 471 0.998033
129 471 0.998033
129 471 0.998033
129 471 0.998033
129 471 0.998033
129 471 0.998033
129 471 0.998033
129 471 0.998033
130 472 0.998085
130 472 0.998085
130 472 0.998085
130 472 0.998085
130 472 0.998085
130 472 0.998085
131 474 0.998117
131 474 0.998117
131 474 0.998117
131 474 0.998117
131 474 0.998117
131 474 0.998117
132 476 0.998148
132 476 0.998148
132 476 0.998148
132 476 0.998148
132 476 0.998148
132 476 0.998148
132 476 0.998148
133 478 0.998179
133 478 0.998179
133 478 0.998179
133 478 0.998179
133 478 0.998179
134 479 0.998229
134 479 0.998229
134 479 0.998229
134 479 0.998229
134 479 0.998229
134 479 0.998229
134 479 0.998229
135 481 0.998259
135 481 0.998259
135 481 0.998259
135 481 0.998259
135 481 0.998259
136 483 0.998288
136 483 0.998288
136 483 0.998288
136 483 0.998288
136 483 0.998288
136 483 0.998288
136 483 0.998288
136 483 0.998288
137 484 0.998336
137 484 0.998336
139 488 0.998392
139 488 0.998392
139 488 0.998392
139 488 0.998392
139 488 0.998392
139 488 0.998392
139 488 0.998392
139 488 0.998392
140 490 0.99842
140 490 0.99842
140 490 0.99842
140 490 0.99842
140 490 0.99842
140 490 0.99842
140 490 0.99842
140 490 0.99842
141 491 0.998465
141 491 0.998465
141 491 0.998465
141 491 0.998465
142 493 0.998492
143 495 0.998518
143 495 0.998518
143 495 0.998518
143 495 0.998518
144 496 0.998562
144 496 0.998562
144 496 0.998562
144 496 0.998562
145 498 0.998587
145 498 0.998587
145 498 0.998587
145 498 0.998587
145 498 0.998587
145 498 0.998587
145 498 0.998587
145 498 0.998587
146 500 0.998612
146 500 0.998612
146 500 0.998612
146 500 0.998612
146 500 0.998612
147 501 0.998654
147 501 0.998654
147 501 0.998654
147 501 0.998654
147 501 0.998654
147 501 0.998654
147 501 0.998654
148 503 0.998679
148 503 0.998679
148 503 0.998679
148 503 0.998679
148 503 0.998679
149 504 0.99872
149 504 0.99872
149 504 0.99872
149 504 0.99872
149 504 0.99872
150 506 0.998743
150 506 0.998743
150 506 0.998743
150 506 0.998743
151 508 0.998767
151 508 0.998767
151 508 0.998767
151 508 0.998767
151 508 0.998767
151 508 0.998767
152 509 0.998806
152 509 0.998806
152 509 0.998806
152 509 0.998806
152 509 0.998806
152 509 0.998806
152 509 0.998806
152 509 0.998806
153 511 0.998829
153 511 0.998829
153 511 0.998829
153 511 0.998829
153 511 0.998829
153 511 0.998829
153 511 0.998829
154 513 0.998851
154 513 0.998851
154 513 0.998851
154 513 0.998851
154 513 0.998851
154 513 0.998851
155 514 0.99889
155 514 0.99889
155 514 0.99889
155 514 0.99889
156 516 0.998911
156 516 0.998911
156 516 0.998911
156 516 0.998911
156 516 0.998911
156 516 0.998911
156 516 0.998911
157 517 0.998949
157 517 0.998949
157 517 0.998949
157 517 0.998949
158 519 0.99897
159 520 0.999006
159 520 0.999006
159 520 0.999006
159 520 0.999006
159 520 0.999006
160 522 0.999027
161 524 0.999047
161 524 0.999047
161 524 0.999047
161 524 0.999047
162 525 0.999082
162 525 0.999082
162 525 0.999082
162 525 0.999082
163 527 0.999102
163 527 0.999102
163 527 0.999102
163 527 0.999102
164 528 0.999137
164 528 0.999137
164 528 0.999137
164 528 0.999137
164 528 0.999137
164 528 0.999137
165 530 0.999156
165 530 0.999156
165 530 0.999156
166 531 0.99919
166 531 0.99919
167 533 0.999208
167 533 0.999208
167 533 0.999208
167 533 0.999208
167 533 0.999208
167 533 0.999208
167 533 0.999208
167 533 0.999208
167 533 0.999208
167 533 0.999208
168 534 0.999241
168 534 0.999241
169 536 0.999259
169 536 0.999259
170 537 0.999292
171 539 0.999309
171 539 0.999309
171 539 0.999309
171 539 0.999309
171 539 0.999309
171 539 0.999309
172 540 0.999341
172 540 0.999341
172 540 0.999341
172 540 0.999341
172 540 0.999341
172 540 0.999341
172 540 0.999341
173 542 0.999358
173 542 0.999358
173 542 0.999358
173 542 0.999358
174 543 0.999389
174 543 0.999389
174 543 0.999389
174 543 0.999389
174 543 0.999389
174 543 0.999389
174 543 0.999389
175 545 0.999406
175 545 0.999406
175 545 0.999406
175 545 0.999406
175 545 0.999406
175 545 0.999406
175 545 0.999406
175 545 0.999406
175 545 0.999406
176 546 0.999436
176 546 0.999436
176 546 0.999436
176 546 0.999436
176 546 0.999436
176 546 0.999436
177 548 0.999452
177 548 0.999452
177 548 0.999452
177 548 0.999452
177 548 0.999452
178 549 0.999482
178 549 0.999482
178 549 0.999482
178 549 0.999482
178 549 0.999482
178 549 0.999482
178 549 0.999482
178 549 0.999482
179 551 0.999498
179 551 0.999498
179 551 0.999498
180 552 0.999527
180 552 0.999527
180 552 0.999527
181 554 0.999542
181 554 0.999542
181 554 0.999542
181 554 0.999542
182 555 0.999571
182 555 0.999571
182 555 0.999571
182 555 0.999571
182 555 0.999571
182 555 0.999571
183 557 0.999586
183 557 0.999586
184 558 0.999614
184 558 0.999614
184 558 0.999614
184 558 0.999614
184 558 0.999614
185 560 0.999629
185 560 0.999629
185 560 0.999629
185 560 0.999629
185 560 0.999629
185 560 0.999629
185 560 0.999629
186 561 0.999657
186 561 0.999657
186 561 0.999657
186 561 0.999657
186 561 0.999657
186 561 0.999657
186 561 0.999657
186 561 0.999657
187 562 0.999684
187 562 0.999684
187 562 0.999684
187 562 0.999684
188 564 0.999698
188 564 0.999698
188 564 0.999698
188 564 0.999698
188 564 0.999698
188 564 0.999698
188 564 0.999698
188 564 0.999698
188 564 0.999698
188 564 0.999698
188 564 0.999698
188 564 0.999698
188 564 0.999698
188 564 0.999698
188 564 0.999698
189 565 0.999725
189 565 0.999725
189 565 0.999725
189 565 0.999725
189 565 0.999725
189 565 0.999725
189 565 0.999725
189 565 0.999725
190 567 0.999738
190 567 0.999738
190 567 0.999738
190 567 0.999738
191 568 0.999765
191 568 0.999765
191 568 0.999765
191 568 0.999765
192 570 0.999778
192 570 0.999778
192 570 0.999778
192 570 0.999778
193 571 0.999804
193 571 0.999804
193 571 0.999804
193 571 0.999804
193 571 0.999804
193 571 0.999804
194 572 0.99983
194 572 0.99983
195 574 0.999842
195 574 0.999842
195 574 0.999842
195 574 0.999842
195 574 0.999842
195 574 0.999842
195 574 0.999842
195 574 0.999842
195 574 0.999842
196 575 0.999867
196 575 0.999867
196 575 0.999867
196 575 0.999867
196 575 0.999867
197 577 0.999879
197 577 0.999879
197 577 0.999879
197 577 0.999879
198 578 0.999904
198 578 0.999904
198 578 0.999904
198 578 0.999904
199 579 0.999929
199 579 0.999929
199 579 0.999929
200 581 0.999941
200 581 0.999941
200 581 0.999941
200 581 0.999941
200 581 0.999941
200 581 0.999941
201 582 0.999965
202 583 0.999989
202 583 0.999989
202 583 0.999989
202 583 0.999989
203 585 1
203 585 1
203 585 1
203 585 1
203 585 1
204 586 1
204 586 1
204 586 1
204 586 1
204 586 1
204 586 1
204 586 1
205 588 1
205 588 1
205 588 1
205 588 1
205 588 1
205 588 1
205 588 1
205 588 1
205 588 1
205 588 1
205 588 1
205 588 1
206 589 1
206 589 1
206 589 1
207 590 1
207 590 1
207 590 1
207 590 1
207 590 1
208 592 1
208 592 1
208 592 1
208 592 1
208 592 1
208 592 1
208 592 1
209 593 1
209 593 1
209 593 1
209 593 1
209 593 1
209 593 1
209 593 1
210 594 1
210 594 1
210 594 1
211 596 1
211 596 1
211 596 1
211 596 1
211 596 1
212 597 1
212 597 1
212 597 1
212 597 1
212 597 1
212 597 1
212 597 1
212 597 1
213 598 1
213 598 1
214 600 1
214 600 1
214 600 1
214 600 1
214 600 1
214 600 1
214 600 1
214 600 1
215 601 1
215 601 1
215 601 1
215 601 1
215 601 1
215 601 1
215 601 1
215 601 1
216 602 1
216 602 1
217 604 1
217 604 1
217 604 1
218 605 1
218 605 1
218 605 1
218 605 1
218 605 1
218 605 1
219 606 1
219 606 1
219 606 1
219 606 1
219 606 1
219 606 1
220 607 1
220 607 1
220 607 1
220 607 1
220 607 1
220 607 1
220 607 1
220 607 1
221 609 1
221 609 1
221 609 1
221 609 1
221 609 1
222 610 1
222 610 1
222 610 1
223 611 1
223 611 1
223 611 1
223 611 1
223 611 1
223 611 1
223 611 1
223 611 1
224 613 1
224 613 1
224 613 1
225 614 1
225 614 1
225 614 1
225 614 1
225 614 1
226 615 1
226 615 1
226 615 1
227 616 1
227 616 1
227 616 1
227 616 1
227 616 1
228 618 1
228 618 1
228 618 1
229 619 1
229 619 1
229 619 1
230 620 1
230 620 1
230 620 1
230 620 1
230 620 1
230 620 1
231 622 1
231 622 1
231 622 1
231 622 1
231 622 1
231 622 1
232 623 1
232 623 1
232 623 1
232 623 1
232 623 1
233 624 1
234 625 1
234 625 1
234 625 1
234 625 1
234 625 1
234 625 1
234 625 1
234 625 1
235 627 1
235 627 1
235 627 1
235 627 1
235 627 1
235 627 1
235 627 1
236 628 1
236 628 1
236 628 1
236 628 1
237 629 1
237 629 1
237 629 1
238 630 1
238 630 1
238 630 1
238 630 1
238 630 1
238 630 1
238 630 1
238 630 1
239 632 1
239 632 1
239 632 1
239 632 1
239 632 1
239 632 1
239 632 1
240 633 1
240 633 1
241 634 1
241 634 1
241 634 1
241 634 1
242 635 1
242 635 1
243 636 1
243 636 1
243 636 1
243 636 1
243 636 1
243 636 1
243 636 1
243 636 1
244 638 1
244 638 1
245 639 1
245 639 1
245 639 1
245 639 1
245 639 1
245 639 1
245 639 1
246 640 1
246 640 1
246 640 1
247 641 1
247 641 1
248 643 1
248 643 1
248 643 1
248 643 1
248 643 1
248 643 1
248 643 1
249 644 1
249 644 1
249 644 1
249 644 1
250 645 1
250 645 1
250 645 1
250 645 1
250 645 1
250 645 1
250 645 1
250 645 1
250 645 1
250 645 1
250 645 1
251 646 1
251 646 1
251 646 1
251 646 1
251 646 1
252 647 1
252 647 1
252 647 1
252 647 1
252 647 1
252 647 1
253 649 1
253 649 1
254 650 1
254 650 1
254 650 1
254 650 1
255 651 1
255 651 1
255 651 1
256 652 1
256 652 1
256 652 1
257 653 1
257 653 1
257 653 1
257 653 1
257 653 1
258 655 1
258 655 1
258 655 1
258 655 1
259 656 1
259 656 1
259 656 1
259 656 1
259 656 1
260 657 1
260 657 1
260 657 1
260 657 1
261 658 1
261 658 1
261 658 1
261 658 1
261 658 1
262 659 1
262 659 1
262 659 1
263 660 1
263 660 1
263 660 1
263 660 1
264 662 1
264 662 1
264 662 1
265 663 1
265 663 1
265 663 1
265 663 1
265 663 1
265 663 1
265 663 1
265 663 1
266 664 1
266 664 1
267 665 1
267 665 1
268 666 1
268 666 1
268 666 1
269 667 1
269 667 1
269 667 1
269 667 1
269 667 1
269 667 1
269 667 1
270 669 1
270 669 1
270 669 1
270 669 1
270 669 1
271 670 1
271 670 1
271 670 1
271 670 1
271 670 1
271 670 1
271 670 1
272 671 1
272 671 1
272 671 1
272 671 1
272 671 1
273 672 1
273 672 1
273 672 1
273 672 1
273 672 1
273 672 1
273 672 1
274 673 1
274 673 1
275 674 1
275 674 1
275 674 1
275 674 1
275 674 1
276 675 1
276 675 1
277 677 1
277 677 1
277 677 1
277 677 1
278 678 1
278 678 1
278 678 1
279 679 1
279 679 1
279 679 1
279 679 1
279 679 1
279 679 1
280 680 1
280 680 1
280 680 1
280 680 1
280 680 1
280 680 1
280 680 1
280 680 1
281 681 1
281 681 1
281 681 1
281 681 1
282 682 1
282 682 1
282 682 1
282 682 1
282 682 1
282 682 1
283 683 1
283 683 1
283 683 1
283 683 1
283 683 1
283 683 1
283 683 1
284 684 1
284 684 1
284 684 1
284 684 1
284 684 1
284 684 1
285 685 1
285 685 1
285 685 1
285 685 1
285 685 1
286 687 1
286 687 1
286 687 1
288 689 1
288 689 1
288 689 1
288 689 1
288 689 1
288 689 1
288 689 1
289 690 1
289 690 1
289 690 1
289 690 1
289 690 1
289 690 1
289 690 1
290 691 1
290 691 1
291 692 1
291 692 1
291 692 1
291 692 1
291 692 1
291 692 1
291 692 1
292 693 1
292 693 1
292 693 1
292 693 1
292 693 1
294 695 1
294 695 1
295 696 1
295 696 1
295 696 1
295 696 1
295 696 1
296 698 1
296 698 1
296 698 1
296 698 1
296 698 1
296 698 1
296 698 1
297 699 1
297 699 1
297 699 1
298 700 1
298 700 1
298 700 1
298 700 1
299 701 1
299 701 1
299 701 1
299 701 1
299 701 1
300 702 1
301 703 1
301 703 1
301 703 1
302 704 1
302 704 1
302 704 1
302 704 1
302 704 1
302 704 1
303 705 1
303 705 1
303 705 1
304 706 1
304 706 1
304 706 1
304 706 1
305 707 1
305 707 1
305 707 1
306 708 1
306 708 1
306 708 1
306 708 1
306 708 1
307 709 1
307 709 1
307 709 1
307 709 1
307 709 1
308 710 1
308 710 1
308 710 1
308 710 1
308 710 1
309 711 1
309 711 1
309 711 1
309 711 1
310 713 1
310 713 1
310 713 1
310 713 1
311 714 1
311 714 1
311 714 1
311 714 1
311 714 1
311 714 1
311 714 1
312 715 1
312 715 1
312 715 1
313 716 1
313 716 1
313 716 1
313 716 1
313 716 1
313 716 1
313 716 1
313 716 1
313 716 1
314 717 1
314 717 1
314 717 1
314 717 1
314 717 1
314 717 1
315 718 1
315 718 1
316 719 1
316 719 1
316 719 1
316 719 1
316 719 1
316 719 1
317 720 1
317 720 1
317 720 1
317 720 1
317 720 1
318 721 1
318 721 1
318 721 1
318 721 1
319 722 1
319 722 1
319 722 1
319 722 1
319 722 1
319 722 1
319 722 1
319 722 1
319 722 1
319 722 1
319 722 1
320 723 1
320 723 1
320 723 1
320 723 1
321 724 1
321 724 1
321 724 1
321 724 1
321 724 1
321 724 1
321 724 1
321 724 1
322 725 1
322 725 1
322 725 1
322 725 1
322 725 1
323 726 1
323 726 1
323 726 1
324 727 1
324 727 1
324 727 1
324 727 1
324 727 1
325 728 1
325 728 1
325 728 1
325 728 1
325 728 1
325 728 1
325 728 1
325 728 1
325 728 1
325 728 1
325 728 1
326 729 1
326 729 1
326 729 1
326 729 1
326 729 1
326 729 1
326 729 1
326 729 1
326 729 1
326 729 1
326 729 1
327 730 1
327 730 1
327 730 1
327 730 1
327 730 1
327 730 1
328 731 1
328 731 1
328 731 1
328 731 1
329 732 1
329 732 1
330 733 1
330 733 1
330 733 1
330 733 1
331 734 1
331 734 1
331 734 1
331 734 1
332 735 1
332 735 1
332 735 1
332 735 1
332 735 1
332 735 1
333 736 1
333 736 1
333 736 1
333 736 1
333 736 1
334 737 1
334 737 1
334 737 1
334 737 1
335 738 1
335 738 1
335 738 1
335 738 1
335 738 1
335 738 1
335 738 1
336 739 1
336 739 1
336 739 1
336 739 1
336 739 1
337 740 1
337 740 1
337 740 1
337 740 1
337 740 1
337 740 1
337 740 1
338 741 1
338 741 1
338 741 1
338 741 1
339 742 1
339 742 1
340 743 1
341 744 1
341 744 1
341 744 1
341 744 1
341 744 1
341 744 1
341 744 1
342 745 1
342 745 1
342 745 1
342 745 1
342 745 1
342 745 1
342 745 1
343 746 1
343 746 1
344 747 1
344 747 1
344 747 1
344 747 1
344 747 1
345 748 1
345 748 1
346 749 1
346 749 1
346 749 1
346 749 1
346 749 1
346 749 1
346 749 1
347 750 1
347 750 1
347 750 1
347 750 1
347 750 1
347 750 1
348 751 1
348 751 1
348 751 1
348 751 1
348 751 1
348 751 1
349 752 1
349 752 1
349 752 1
349 752 1
349 752 1
349 752 1
350 753 1
350 753 1
350 753 1
350 753 1
351 754 1
351 754 1
351 754 1
351 754 1
351 754 1
351 754 1
351 754 1
351 754 1
351 754 1
352 755 1
352 755 1
352 755 1
352 755 1
352 755 1
353 756 1
353 756 1
353 756 1
353 756 1
354 757 1
354 757 1
354 757 1
354 757 1
354 757 1
355 758 1
355 758 1
355 758 1
355 758 1
355 758 1
355 758 1
356 759 1
357 760 1
357 760 1
357 760 1
357 760 1
357 760 1
357 760 1
357 760 1
358 761 1
358 761 1
358 761 1
359 762 1
359 762 1
359 762 1
359 762 1
360 763 1
360 763 1
360 763 1
360 763 1
360 763 1
360 763 1
361 764 1
361 764 1
361 764 1
362 765 1
362 765 1
363 766 1
363 766 1
363 766 1
363 766 1
363 766 1
364 766 1
364 766 1
364 766 1
364 766 1
365 767 1
365 767 1
365 767 1
366 768 1
366 768 1
366 768 1
366 768 1
367 769 1
367 769 1
367 769 1
367 769 1
367 769 1
368 770 1
368 770 1
368 770 1
368 770 1
368 770 1
368 770 1
369 771 1
369 771 1
369 771 1
369 771 1
369 771 1
369 771 1
370 772 1
370 772 1
370 772 1
370 772 1
370 772 1
370 772 1
370 772 1
370 772 1
370 772 1
371 773 1
371 773 1
371 773 1
372 774 1
372 774 1
372 774 1
372 774 1
372 774 1
372 774 1
373 775 1
373 775 1
373 775 1
374 776 1
374 776 1
374 776 1
374 776 1
374 776 1
374 776 1
375 777 1
375 777 1
375 777 1
375 777 1
375 777 1
375 777 1
376 778 1
376 778 1
376 778 1
376 778 1
376 778 1
376 778 1
376 778 1
377 779 1
377 779 1
378 780 1
378 780 1
378 780 1
379 780 1
379 780 1
379 780 1
379 780 1
379 780 1
380 781 1
380 781 1
380 781 1
380 781 1
380 781 1
380 781 1
381 782 1
381 782 1
381 782 1
382 783 1
382 783 1
382 783 1
382 783 1
382 783 1
383 784 1
384 785 1
384 785 1
384 785 1
384 785 1
385 786 1
385 786 1
385 786 1
385 786 1
386 787 1
386 787 1
386 787 1
386 787 1
386 787 1
386 787 1
386 787 1
387 788 1
387 788 1
387 788 1
387 788 1
387 788 1
388 789 1
388 789 1
388 789 1
388 789 1
388 789 1
389 790 1
389 790 1
389 790 1
389 790 1
389 790 1
389 790 1
390 791 1
390 791 1
390 791 1
390 791 1
390 791 1
390 791 1
390 791 1
391 791 1
391 791 1
391 791 1
391 791 1
391 791 1
391 791 1
391 791 1
391 791 1
392 792 1
392 792 1
392 792 1
392 792 1
392 792 1
393 793 1
393 793 1
393 793 1
393 793 1
393 793 1
393 793 1
393 793 1
394 794 1
394 794 1
394 794 1
394 794 1
395 795 1
395 795 1
395 795 1
395 795 1
396 796 1
396 796 1
396 796 1
397 797 1
397 797 1
397 797 1
397 797 1
397 797 1
397 797 1
397 797 1
397 797 1
398 798 1
398 798 1
398 798 1
398 798 1
398 798 1
399 799 1
399 799 1
399 799 1
399 799 1
399 799 1
400 800 1
400 800 1
400 800 1
400 800 1
400 800 1
400 800 1
400 800 1
401 800 1
401 800 1
401 800 1
401 800 1
401 800 1
402 801 1
402 801 1
402 801 1
402 801 1
403 802 1
403 802 1
404 803 1
404 803 1
404 803 1
404 803 1
404 803 1
404 803 1
404 803 1
405 804 1
405 804 1
406 805 1
406 805 1
406 805 1
406 805 1
406 805 1
406 805 1
406 805 1
406 805 1
406 805 1
407 806 1
407 806 1
407 806 1
407 806 1
408 807 1
408 807 1
408 807 1
408 807 1
408 807 1
408 807 1
409 807 1
409 807 1
409 807 1
409 807 1
409 807 1
409 807 1
409 807 1
410 808 1
410 808 1
410 808 1
410 808 1
410 808 1
410 808 1
410 808 1
410 808 1
411 809 1
411 809 1
411 809 1
412 810 1
412 810 1
412 810 1
412 810 1
412 810 1
413 811 1
413 811 1
414 812 1
414 812 1
414 812 1
415 813 1
415 813 1
415 813 1
416 814 1
417 814 1
417 814 1
418 815 1
418 815 1
418 815 1
419 816 1
419 816 1
420 817 1
421 818 1
421 818 1
421 818 1
421 818 1
421 818 1
422 819 1
422 819 1
422 819 1
422 819 1
423 820 1
423 820 1
423 820 1
423 820 1
424 820 1
424 820 1
425 821 1
425 821 1
425 821 1
425 821 1
426 822 1
426 822 1
426 822 1
426 822 1
426 822 1
426 822 1
426 822 1
426 822 1
426 822 1
427 823 1
427 823 1
428 824 1
428 824 1
428 824 1
428 824 1
428 824 1
428 824 1
428 824 1
428 824 1
428 824 1
429 825 1
429 825 1
429 825 1
430 825 1
430 825 1
430 825 1
430 825 1
430 825 1
430 825 1
431 826 1
431 826 1
431 826 1
431 826 1
431 826 1
432 827 1
432 827 1
432 827 1
432 827 1
433 828 1
433 828 1
434 829 1
434 829 1
434 829 1
434 829 1
434 829 1
434 829 1
434 829 1
435 830 1
435 830 1
435 830 1
436 831 1
436 831 1
436 831 1
436 831 1
436 831 1
436 831 1
436 831 1
436 831 1
436 831 1
437 831 1
437 831 1
437 831 1
437 831 1
437 831 1
437 831 1
437 831 1
438 832 1
438 832 1
438 832 1
438 832 1
439 833 1
439 833 1
440 834 1
440 834 1
440 834 1
440 834 1
440 834 1
441 835 1
441 835 1
441 835 1
441 835 1
441 835 1
441 835 1
441 835 1
441 835 1
441 835 1
442 836 1
442 836 1
442 836 1
442 836 1
442 836 1
442 836 1
442 836 1
442 836 1
442 836 1
443 836 1
443 836 1
443 836 1
443 836 1
443 836 1
444 837 1
444 837 1
444 837 1
444 837 1
445 838 1
445 838 1
445 838 1
445 838 1
445 838 1
446 839 1
446 839 1
447 840 1
447 840 1
447 840 1
447 840 1
447 840 1
447 840 1
448 840 1
448 840 1
448 840 1
448 840 1
449 841 1
449 841 1
449 841 1
449 841 1
449 841 1
449 841 1
449 841 1
449 841 1
449 841 1
450 842 1
450 842 1
450 842 1
450 842 1
450 842 1
451 843 1
451 843 1
451 843 1
451 843 1
451 843 1
452 844 1
452 844 1
452 844 1
452 844 1
453 845 1
453 845 1
453 845 1
453 845 1
453 845 1
453 845 1
453 845 1
454 845 1
454 845 1
454 845 1
454 845 1
454 845 1
454 845 1
454 845 1
454 845 1
454 845 1
455 846 1
455 846 1
455 846 1
456 847 1
456 847 1
456 847 1
457 848 1
457 848 1
457 848 1
457 848 1
458 849 1
458 849 1
458 849 1
458 849 1
458 849 1
458 849 1
458 849 1
459 849 1
459 849 1
459 849 1
460 850 1
460 850 1
460 850 1
460 850 1
460 850 1
460 850 1
461 851 1
461 851 1
461 851 1
462 852 1
462 852 1
463 853 1
463 853 1
463 853 1
464 853 1
464 853 1
464 853 1
464 853 1
465 854 1
465 854 1
465 854 1
465 854 1
465 854 1
465 854 1
465 854 1
465 854 1
465 854 1
466 855 1
466 855 1
466 855 1
466 855 1
466 855 1
466 855 1
467 856 1
467 856 1
467 856 1
467 856 1
468 857 1
468 857 1
468 857 1
468 857 1
469 857 1
470 858 1
470 858 1
470 858 1
470 858 1
471 859 1
471 859 1
471 859 1
471 859 1
471 859 1
471 859 1
471 859 1
471 859 1
471 859 1
471 859 1
472 860 1
472 860 1
472 860 1
472 860 1
472 860 1
473 861 1
473 861 1
473 861 1
473 861 1
473 861 1
473 861 1
474 861 1
474 861 1
474 861 1
475 862 1
475 862 1
475 862 1
475 862 1
475 862 1
476 863 1
476 863 1
476 863 1
477 864 1
477 864 1
477 864 1
477 864 1
477 864 1
477 864 1
478 865 1
478 865 1
478 865 1
478 865 1
478 865 1
478 865 1
478 865 1
478 865 1
479 865 1
479 865 1
479 865 1
479 865 1
479 865 1
479 865 1
479 865 1
480 866 1
480 866 1
480 866 1
480 866 1
480 866 1
480 866 1
480 866 1
481 867 1
481 867 1
481 867 1
481 867 1
481 867 1
482 868 1
482 868 1
482 868 1
482 868 1
482 868 1
483 868 1
484 869 1
484 869 1
485 870 1
485 870 1
485 870 1
485 870 1
485 870 1
485 870 1
485 870 1
485 870 1
486 871 1
486 871 1
486 871 1
486 871 1
487 871 1
487 871 1
487 871 1
487 871 1
487 871 1
488 872 1
488 872 1
488 872 1
488 872 1
488 872 1
488 872 1
488 872 1
489 873 1
489 873 1
489 873 1
489 873 1
489 873 1
489 873 1
489 873 1
490 874 1
490 874 1
490 874 1
490 874 1
490 874 1
490 874 1
490 874 1
491 875 1
491 875 1
491 875 1
491 875 1
491 875 1
491 875 1
492 875 1
492 875 1
493 876 1
493 876 1
494 877 1
494 877 1
494 877 1
494 877 1
494 877 1
494 877 1
494 877 1
494 877 1
494 877 1
495 878 1
495 878 1
495 878 1
496 878 1
496 878 1
496 878 1
496 878 1
496 878 1
496 878 1
496 878 1
497 879 1
497 879 1
497 879 1
498 880 1
498 880 1
499 881 1
499 881 1
499 881 1
499 881 1
499 881 1
499 881 1
500 881 1
500 881 1
500 881 1
500 881 1
500 881 1
500 881 1
500 881 1
501 882 1
501 882 1
502 883 1
502 883 1
502 883 1
502 883 1
502 883 1
502 883 1
503 884 1
503 884 1
503 884 1
503 884 1
503 884 1
503 884 1
504 884 1
504 884 1
504 884 1
504 884 1
504 884 1
504 884 1
505 885 1
505 885 1
505 885 1
505 885 1
505 885 1
505 885 1
505 885 1
505 885 1
506 886 1
506 886 1
506 886 1
506 886 1
506 886 1
506 886 1
507 887 1
507 887 1
507 887 1
507 887 1
508 887 1
508 887 1
508 887 1
508 887 1
508 887 1
508 887 1
508 887 1
509 888 1
509 888 1
509 888 1
509 888 1
510 889 1
510 889 1
510 889 1
510 889 1
510 889 1
511 890 1
511 890 1
511 890 1
511 890 1
511 890 1
512 890 1
512 890 1
513 891 1
513 891 1
513 891 1
513 891 1
513 891 1
513 891 1
513 891 1
514 892 1
514 892 1
514 892 1
514 892 1
515 893 1
515 893 1
516 893 1
516 893 1
516 893 1
516 893 1
516 893 1
517 894 1
517 894 1
517 894 1
518 895 1
518 895 1
518 895 1
519 896 1
519 896 1
519 896 1
519 896 1
519 896 1
519 896 1
520 896 1
520 896 1
520 896 1
520 896 1
520 896 1
520 896 1
521 897 1
521 897 1
521 897 1
521 897 1
522 898 1
522 898 1
522 898 1
522 898 1
523 899 1
523 899 1
523 899 1
523 899 1
523 899 1
523 899 1
523 899 1
524 899 1
524 899 1
524 899 1
524 899 1
524 899 1
524 899 1
524 899 1
524 899 1
525 900 1
525 900 1
525 900 1
525 900 1
525 900 1
526 901 1
526 901 1
526 901 1
526 901 1
526 901 1
526 901 1
527 901 1
527 901 1
527 901 1
527 901 1
527 901 1
528 902 1
528 902 1
528 902 1
528 902 1
529 903 1
529 903 1
529 903 1
530 904 1
530 904 1
530 904 1
530 904 1
530 904 1
530 904 1
530 904 1
530 904 1
530 904 1
531 904 1
531 904 1
531 904 1
531 904 1
531 904 1
531 904 1
531 904 1
531 904 1
532 905 1
532 905 1
532 905 1
533 906 1
533 906 1
533 906 1
533 906 1
533 906 1
534 906 1
534 906 1
534 906 1
534 906 1
534 906 1
534 906 1
534 906 1
534 906 1
535 907 1
535 907 1
535 907 1
536 908 1
536 908 1
536 908 1
536 908 1
536 908 1
536 908 1
536 908 1
537 909 1
537 909 1
537 909 1
537 909 1
537 909 1
537 909 1
537 909 1
537 909 1
537 909 1
538 909 1
538 909 1
538 909 1
538 909 1
538 909 1
539 910 1
539 910 1
539 910 1
539 910 1
539 910 1
539 910 1
539 910 1
539 910 1
540 911 1
540 911 1
540 911 1
541 911 1
541 911 1
541 911 1
541 911 1
541 911 1
541 911 1
541 911 1
541 911 1
541 911 1
542 912 1
542 912 1
542 912 1
543 913 1
543 913 1
543 913 1
543 913 1
543 913 1
543 913 1
544 914 1
544 914 1
545 914 1
545 914 1
545 914 1
545 914 1
546 915 1
546 915 1
546 915 1
547 916 1
547 916 1
547 916 1
548 916 1
548 916 1
548 916 1
548 916 1
548 916 1
548 916 1
548 916 1
549 917 1
549 917 1
549 917 1
550 918 1
550 918 1
550 918 1
550 918 1
550 918 1
550 918 1
550 918 1
550 918 1
551 919 1
551 919 1
551 919 1
551 919 1
552 919 1
552 919 1
552 919 1
552 919 1
552 919 1
553 920 1
553 920 1
553 920 1
553 920 1
554 921 1
554 921 1
554 921 1
554 921 1
554 921 1
554 921 1
554 921 1
555 921 1
555 921 1
555 921 1
555 921 1
556 922 1
556 922 1
556 922 1
557 923 1
557 923 1
558 923 1
558 923 1
558 923 1
558 923 1
558 923 1
558 923 1
558 923 1
559 924 1
559 924 1
559 924 1
559 924 1
559 924 1
560 925 1
560 925 1
560 925 1
561 925 1
561 925 1
561 925 1
561 925 1
562 926 1
562 926 1
562 926 1
562 926 1
562 926 1
562 926 1
562 926 1
563 927 1
563 927 1
563 927 1
563 927 1
563 927 1
563 927 1
563 927 1
563 927 1
563 927 1
563 927 1
564 928 1
564 928 1
564 928 1
564 928 1
565 928 1
565 928 1
565 928 1
565 928 1
565 928 1
565 928 1
565 928 1
565 928 1
566 929 1
566 929 1
566 929 1
567 930 1
567 930 1
567 930 1
567 930 1
567 930 1
567 930 1
568 930 1
568 930 1
568 930 1
568 930 1
569 931 1
569 931 1
569 931 1
569 931 1
569 931 1
569 931 1
569 931 1
569 931 1
570 932 1
570 932 1
570 932 1
571 932 1
571 932 1
571 932 1
571 932 1
571 932 1
571 932 1
572 933 1
572 933 1
572 933 1
572 933 1
572 933 1
572 933 1
573 934 1
573 934 1
574 934 1
574 934 1
575 935 1
575 935 1
575 935 1
575 935 1
575 935 1
575 935 1
575 935 1
575 935 1
576 936 1
576 936 1
576 936 1
576 936 1
576 936 1
576 936 1
576 936 1
577 936 1
577 936 1
578 937 1
578 937 1
578 937 1
578 937 1
578 937 1
578 937 1
578 937 1
579 938 1
579 938 1
579 938 1
580 938 1
580 938 1
580 938 1
580 938 1
581 939 1
581 939 1
581 939 1
581 939 1
582 940 1
582 940 1
582 940 1
582 940 1
583 940 1
583 940 1
583 940 1
583 940 1
583 940 1
584 941 1
584 941 1
584 941 1
584 941 1
585 942 1
585 942 1
585 942 1
585 942 1
585 942 1
586 942 1
586 942 1
586 942 1
586 942 1
586 942 1
587 943 1
587 943 1
588 944 1
588 944 1
588 944 1
588 944 1
589 944 1
589 944 1
589 944 1
589 944 1
589 944 1
589 944 1
589 944 1
590 945 1
590 945 1
590 945 1
590 945 1
590 945 1
590 945 1
590 945 1
590 945 1
590 945 1
591 946 1
591 946 1
591 946 1
591 946 1
591 946 1
591 946 1
592 946 1
592 946 1
592 946 1
592 946 1
593 947 1
593 947 1
593 947 1
593 947 1
593 947 1
593 947 1
593 947 1
593 947 1
594 948 1
594 948 1
594 948 1
594 948 1
594 948 1
594 948 1
594 948 1
594 948 1
594 948 1
594 948 1
594 948 1
595 948 1
595 948 1
595 948 1
595 948 1
596 949 1
597 950 1
597 950 1
597 950 1
597 950 1
598 950 1
598 950 1
598 950 1
598 950 1
598 950 1
598 950 1
598 950 1
599 951 1
599 951 1
599 951 1
599 951 1
599 951 1
600 952 1
600 952 1
600 952 1
600 952 1
601 952 1
601 952 1
602 953 1
602 953 1
602 953 1
602 953 1
602 953 1
602 953 1
603 954 1
603 954 1
603 954 1
603 954 1
603 954 1
603 954 1
603 954 1
603 954 1
603 954 1
604 954 1
604 954 1
604 954 1
604 954 1
604 954 1
604 954 1
604 954 1
604 954 1
605 955 1
605 955 1
605 955 1
605 955 1
605 955 1
605 955 1
605 955 1
605 955 1
606 956 1
606 956 1
606 956 1
606 956 1
606 956 1
607 956 1
607 956 1
608 957 1
608 957 1
609 958 1
609 958 1
609 958 1
610 958 1
610 958 1
610 958 1
610 958 1
610 958 1
610 958 1
610 958 1
611 959 1
611 959 1
612 959 1
612 959 1
612 959 1
612 959 1
612 959 1
613 960 1
613 960 1
614 961 1
614 961 1
614 961 1
614 961 1
615 961 1
615 961 1
616 962 1
616 962 1
616 962 1
616 962 1
616 962 1
616 962 1
617 963 1
617 963 1
617 963 1
617 963 1
617 963 1
618 963 1
618 963 1
618 963 1
619 964 1
619 964 1
619 964 1
619 964 1
619 964 1
619 964 1
620 965 1
620 965 1
620 965 1
620 965 1
621 965 1
621 965 1
621 965 1
621 965 1
621 965 1
621 965 1
622 966 1
622 966 1
622 966 1
622 966 1
622 966 1
622 966 1
622 966 1
623 966 1
623 966 1
623 966 1
623 966 1
624 967 1
624 967 1
624 967 1
624 967 1
624 967 1
625 968 1
625 968 1
625 968 1
625 968 1
626 968 1
626 968 1
627 969 1
627 969 1
627 969 1
627 969 1
627 969 1
627 969 1
628 970 1
628 970 1
628 970 1
629 970 1
629 970 1
629 970 1
629 970 1
630 971 1
630 971 1
630 971 1
630 971 1
631 972 1
631 972 1
631 972 1
632 972 1
633 973 1
633 973 1
633 973 1
633 973 1
633 973 1
633 973 1
633 973 1
633 973 1
634 973 1
634 973 1
634 973 1
634 973 1
634 973 1
634 973 1
634 973 1
635 974 1
635 974 1
635 974 1
636 975 1
636 975 1
636 975 1
636 975 1
636 975 1
636 975 1
637 975 1
637 975 1
637 975 1
637 975 1
637 975 1
637 975 1
637 975 1
638 976 1
638 976 1
638 976 1
638 976 1
638 976 1
639 976 1
639 976 1
639 976 1
640 977 1
640 977 1
640 977 1
640 977 1
641 978 1
642 978 1
642 978 1
642 978 1
642 978 1
642 978 1
642 978 1
642 978 1
643 979 1
643 979 1
643 979 1
643 979 1
643 979 1
643 979 1
643 979 1
644 980 1
644 980 1
644 980 1
644 980 1
644 980 1
644 980 1
644 980 1
644 980 1
644 980 1
644 980 1
644 980 1
644 980 1
645 980 1
645 980 1
645 980 1
645 980 1
645 980 1
646 981 1
646 981 1
646 981 1
646 981 1
646 981 1
646 981 1
646 981 1
647 981 1
647 981 1
647 981 1
647 981 1
647 981 1
647 981 1
647 981 1
647 981 1
648 982 1
648 982 1
648 982 1
648 982 1
648 982 1
648 982 1
649 983 1
649 983 1
650 983 1
650 983 1
650 983 1
650 983 1
650 983 1
650 983 1
650 983 1
651 984 1
651 984 1
651 984 1
651 984 1
652 984 1
652 984 1
652 984 1
652 984 1
652 984 1
652 984 1
653 985 1
653 985 1
654 986 1
654 986 1
654 986 1
654 986 1
655 986 1
655 986 1
655 986 1
655 986 1
655 986 1
655 986 1
656 987 1
656 987 1
656 987 1
657 988 1
657 988 1
657 988 1
657 988 1
657 988 1
657 988 1
657 988 1
657 988 1
658 988 1
658 988 1
658 988 1
658 988 1
659 989 1
659 989 1
659 989 1
659 989 1
659 989 1
659 989 1
659 989 1
660 989 1
660 989 1
660 989 1
660 989 1
660 989 1
661 990 1
661 990 1
661 990 1
661 990 1
662 991 1
662 991 1
662 991 1
662 991 1
663 991 1
663 991 1
663 991 1
663 991 1
663 991 1
663 991 1
663 991 1
663 991 1
663 991 1
664 992 1
664 992 1
665 992 1
665 992 1
665 992 1
665 992 1
666 993 1
666 993 1
666 993 1
667 994 1
667 994 1
667 994 1
667 994 1
667 994 1
667 994 1
667 994 1
668 994 1
668 994 1
668 994 1
668 994 1
668 994 1
668 994 1
669 995 1
669 995 1
669 995 1
669 995 1
669 995 1
669 995 1
670 995 1
670 995 1
670 995 1
670 995 1
670 995 1
670 995 1
670 995 1
670 995 1
671 996 1
671 996 1
671 996 1
671 996 1
671 996 1
671 996 1
671 996 1
672 996 1
672 996 1
672 996 1
672 996 1
672 996 1
672 996 1
672 996 1
672 996 1
673 997 1
673 997 1
673 997 1
673 997 1
673 997 1
673 997 1
674 998 1
674 998 1
674 998 1
674 998 1
674 998 1
674 998 1
674 998 1
675 998 1
675 998 1
675 998 1
675 998 1
675 998 1
675 998 1
675 998 1
675 998 1
675 998 1
676 999 1
676 999 1
676 999 1
677 999 1
677 999 1
677 999 1
677 999 1
678 1000 1
678 1000 1
678 1000 1
678 1000 1
678 1000 1
678 1000 1
679 1001 1
679 1001 1
679 1001 1
679 1001 1
679 1001 1
680 1001 1
680 1001 1
680 1001 1
680 1001 1
680 1001 1
680 1001 1
680 1001 1
681 1002 1
681 1002 1
681 1002 1
681 1002 1
681 1002 1
681 1002 1
681 1002 1
681 1002 1
681 1002 1
682 1002 1
682 1002 1
682 1002 1
682 1002 1
682 1002 1
683 1003 1
683 1003 1
683 1003 1
683 1003 1
683 1003 1
683 1003 1
684 1004 1
684 1004 1
685 1004 1
685 1004 1
685 1004 1
685 1004 1
685 1004 1
685 1004 1
685 1004 1
685 1004 1
685 1004 1
686 1005 1
686 1005 1
686 1005 1
687 1005 1
687 1005 1
687 1005 1
687 1005 1
687 1005 1
687 1005 1
687 1005 1
687 1005 1
687 1005 1
688 1006 1
688 1006 1
688 1006 1
688 1006 1
688 1006 1
688 1006 1
689 1006 1
689 1006 1
689 1006 1
689 1006 1
689 1006 1
689 1006 1
689 1006 1
690 1007 1
690 1007 1
690 1007 1
690 1007 1
690 1007 1
690 1007 1
690 1007 1
691 1008 1
692 1008 1
692 1008 1
692 1008 1
692 1008 1
692 1008 1
693 1009 1
693 1009 1
693 1009 1
693 1009 1
693 1009 1
693 1009 1
693 1009 1
693 1009 1
694 1009 1
694 1009 1
694 1009 1
695 1010 1
695 1010 1
695 1010 1
695 1010 1
695 1010 1
695 1010 1
695 1010 1
695 1010 1
695 1010 1
696 1010 1
696 1010 1
696 1010 1
696 1010 1
696 1010 1
696 1010 1
697 1011 1
697 1011 1
697 1011 1
697 1011 1
697 1011 1
698 1012 1
698 1012 1
698 1012 1
699 1012 1
699 1012 1
699 1012 1
700 1013 1
700 1013 1
700 1013 1
700 1013 1
700 1013 1
700 1013 1
700 1013 1
701 1013 1
701 1013 1
701 1013 1
701 1013 1
702 1014 1
702 1014 1
702 1014 1
702 1014 1
702 1014 1
703 1014 1
703 1014 1
703 1014 1
704 1015 1
704 1015 1
704 1015 1
704 1015 1
705 1016 1
705 1016 1
705 1016 1
705 1016 1
705 1016 1
705 1016 1
705 1016 1
705 1016 1
706 1016 1
706 1016 1
706 1016 1
706 1016 1
707 1017 1
707 1017 1
707 1017 1
707 1017 1
707 1017 1
707 1017 1
707 1017 1
708 1017 1
708 1017 1
708 1017 1
708 1017 1
708 1017 1
708 1017 1
708 1017 1
708 1017 1
709 1018 1
709 1018 1
709 1018 1
709 1018 1
709 1018 1
709 1018 1
709 1018 1
709 1018 1
709 1018 1
710 1018 1
710 1018 1
710 1018 1
710 1018 1
710 1018 1
710 1018 1
710 1018 1
711 1019 1
712 1020 1
712 1020 1
712 1020 1
712 1020 1
712 1020 1
712 1020 1
712 1020 1
713 1020 1
713 1020 1
713 1020 1
713 1020 1
714 1021 1
714 1021 1
714 1021 1
714 1021 1
714 1021 1
714 1021 1
714 1021 1
714 1021 1
715 1021 1
715 1021 1
716 1022 1
716 1022 1
716 1022 1
716 1022 1
717 1022 1
717 1022 1
717 1022 1
717 1022 1
717 1022 1
717 1022 1
718 1023 1
718 1023 1
718 1023 1
718 1023 1
718 1023 1
718 1023 1
718 1023 1
718 1023 1
719 1023 1
719 1023 1
719 1023 1
719 1023 1
719 1023 1
720 1024 1
720 1024 1
720 1024 1
720 1024 1
720 1024 1
721 1025 1
721 1025 1
721 1025 1
722 1025 1
722 1025 1
722 1025 1
722 1025 1
722 1025 1
722 1025 1
723 1026 1
723 1026 1
723 1026 1
723 1026 1
723 1026 1
724 1026 1
724 1026 1
724 1026 1
724 1026 1
724 1026 1
724 1026 1
724 1026 1
724 1026 1
724 1026 1
724 1026 1
724 1026 1
724 1026 1
725 1027 1
725 1027 1
725 1027 1
725 1027 1
725 1027 1
726 1027 1
726 1027 1
726 1027 1
726 1027 1
726 1027 1
727 1028 1
727 1028 1
727 1028 1
727 1028 1
727 1028 1
728 1028 1
728 1028 1
728 1028 1
728 1028 1
729 1029 1
729 1029 1
729 1029 1
729 1029 1
729 1029 1
730 1030 1
730 1030 1
730 1030 1
730 1030 1
730 1030 1
730 1030 1
731 1030 1
731 1030 1
731 1030 1
731 1030 1
731 1030 1
732 1031 1
732 1031 1
732 1031 1
732 1031 1
733 1031 1
733 1031 1
733 1031 1
733 1031 1
733 1031 1
733 1031 1
733 1031 1
734 1032 1
734 1032 1
734 1032 1
734 1032 1
734 1032 1
734 1032 1
735 1032 1
735 1032 1
735 1032 1
736 1033 1
736 1033 1
736 1033 1
736 1033 1
736 1033 1
737 1033 1
737 1033 1
737 1033 1
737 1033 1
737 1033 1
738 1034 1
738 1034 1
738 1034 1
738 1034 1
738 1034 1
738 1034 1
738 1034 1
739 1034 1
739 1034 1
739 1034 1
739 1034 1
739 1034 1
739 1034 1
739 1034 1
739 1034 1
739 1034 1
739 1034 1
740 1035 1
740 1035 1
740 1035 1
741 1036 1
741 1036 1
741 1036 1
741 1036 1
741 1036 1
741 1036 1
741 1036 1
742 1036 1
742 1036 1
742 1036 1
742 1036 1
742 1036 1
742 1036 1
742 1036 1
743 1037 1
743 1037 1
743 1037 1
744 1037 1
744 1037 1
744 1037 1
745 1038 1
745 1038 1
745 1038 1
745 1038 1
745 1038 1
745 1038 1
746 1038 1
746 1038 1
746 1038 1
746 1038 1
746 1038 1
746 1038 1
747 1039 1
747 1039 1
747 1039 1
748 1039 1
748 1039 1
748 1039 1
749 1040 1
749 1040 1
749 1040 1
749 1040 1
749 1040 1
749 1040 1
750 1040 1
750 1040 1
750 1040 1
751 1041 1
751 1041 1
751 1041 1
751 1041 1
751 1041 1
751 1041 1
752 1041 1
752 1041 1
752 1041 1
752 1041 1
752 1041 1
752 1041 1
753 1042 1
753 1042 1
753 1042 1
753 1042 1
754 1042 1
754 1042 1
755 1043 1
755 1043 1
755 1043 1
755 1043 1
755 1043 1
756 1044 1
756 1044 1
756 1044 1
756 1044 1
756 1044 1
756 1044 1
756 1044 1
757 1044 1
757 1044 1
757 1044 1
757 1044 1
757 1044 1
757 1044 1
757 1044 1
758 1045 1
758 1045 1
758 1045 1
758 1045 1
759 1045 1
759 1045 1
759 1045 1
759 1045 1
759 1045 1
759 1045 1
760 1046 1
760 1046 1
760 1046 1
760 1046 1
760 1046 1
760 1046 1
761 1046 1
761 1046 1
761 1046 1
762 1047 1
762 1047 1
763 1047 1
764 1048 1
765 1048 1
765 1048 1
765 1048 1
765 1048 1
766 1049 1
766 1049 1
766 1049 1
766 1049 1
766 1049 1
766 1049 1
766 1049 1
766 1049 1
766 1049 1
767 1049 1
767 1049 1
767 1049 1
767 1049 1
767 1049 1
767 1049 1
768 1050 1
768 1050 1
768 1050 1
768 1050 1
769 1050 1
769 1050 1
769 1050 1
769 1050 1
770 1051 1
770 1051 1
770 1051 1
770 1051 1
770 1051 1
770 1051 1
771 1051 1
771 1051 1
771 1051 1
771 1051 1
771 1051 1
772 1052 1
772 1052 1
772 1052 1
773 1052 1
773 1052 1
773 1052 1
773 1052 1
773 1052 1
773 1052 1
774 1053 1
774 1053 1
774 1053 1
775 1053 1
775 1053 1
775 1053 1
775 1053 1
776 1054 1
776 1054 1
776 1054 1
777 1054 1
777 1054 1
777 1054 1
777 1054 1
777 1054 1
777 1054 1
778 1055 1
778 1055 1
778 1055 1
778 1055 1
779 1056 1
779 1056 1
779 1056 1
779 1056 1
779 1056 1
779 1056 1
780 1056 1
780 1056 1
780 1056 1
781 1057 1
781 1057 1
781 1057 1
781 1057 1
782 1057 1
782 1057 1
782 1057 1
782 1057 1
783 1058 1
783 1058 1
783 1058 1
783 1058 1
783 1058 1
783 1058 1
783 1058 1
783 1058 1
783 1058 1
784 1058 1
784 1058 1
784 1058 1
784 1058 1
784 1058 1
784 1058 1
784 1058 1
784 1058 1
784 1058 1
784 1058 1
784 1058 1
784 1058 1
784 1058 1
785 1059 1
785 1059 1
785 1059 1
786 1059 1
786 1059 1
786 1059 1
786 1059 1
786 1059 1
786 1059 1
787 1060 1
787 1060 1
787 1060 1
787 1060 1
787 1060 1
788 1060 1
788 1060 1
788 1060 1
788 1060 1
788 1060 1
789 1061 1
789 1061 1
789 1061 1
789 1061 1
790 1061 1
790 1061 1
790 1061 1
790 1061 1
790 1061 1
790 1061 1
790 1061 1
791 1062 1
791 1062 1
791 1062 1
791 1062 1
792 1062 1
792 1062 1
792 1062 1
792 1062 1
792 1062 1
793 1063 1
793 1063 1
793 1063 1
793 1063 1
794 1063 1
794 1063 1
794 1063 1
795 1064 1
795 1064 1
795 1064 1
796 1064 1
796 1064 1
796 1064 1
796 1064 1
796 1064 1
796 1064 1
797 1065 1
797 1065 1
797 1065 1
797 1065 1
798 1065 1
798 1065 1
798 1065 1
798 1065 1
798 1065 1
798 1065 1
798 1065 1
799 1066 1
799 1066 1
799 1066 1
799 1066 1
799 1066 1
799 1066 1
800 1066 1
800 1066 1
800 1066 1
801 1067 1
801 1067 1
801 1067 1
801 1067 1
801 1067 1
801 1067 1
801 1067 1
802 1067 1
802 1067 1
802 1067 1
802 1067 1
802 1067 1
802 1067 1
802 1067 1
803 1068 1
803 1068 1
803 1068 1
804 1068 1
804 1068 1
804 1068 1
804 1068 1
804 1068 1
804 1068 1
804 1068 1
805 1069 1
805 1069 1
805 1069 1
805 1069 1
805 1069 1
805 1069 1
806 1069 1
806 1069 1
806 1069 1
806 1069 1
806 1069 1
806 1069 1
807 1070 1
807 1070 1
807 1070 1
808 1070 1
808 1070 1
808 1070 1
808 1070 1
808 1070 1
808 1070 1
808 1070 1
808 1070 1
808 1070 1
809 1071 1
809 1071 1
809 1071 1
809 1071 1
809 1071 1
809 1071 1
810 1071 1
810 1071 1
810 1071 1
810 1071 1
810 1071 1
810 1071 1
811 1072 1
811 1072 1
811 1072 1
811 1072 1
811 1072 1
811 1072 1
812 1072 1
812 1072 1
812 1072 1
813 1073 1
813 1073 1
813 1073 1
813 1073 1
813 1073 1
813 1073 1
813 1073 1
813 1073 1
813 1073 1
814 1073 1
814 1073 1
814 1073 1
814 1073 1
814 1073 1
814 1073 1
814 1073 1
814 1073 1
815 1074 1
815 1074 1
815 1074 1
815 1074 1
816 1074 1
816 1074 1
816 1074 1
816 1074 1
817 1075 1
817 1075 1
817 1075 1
817 1075 1
818 1075 1
818 1075 1
818 1075 1
818 1075 1
819 1076 1
819 1076 1
819 1076 1
819 1076 1
819 1076 1
819 1076 1
819 1076 1
820 1076 1
820 1076 1
820 1076 1
820 1076 1
820 1076 1
821 1077 1
821 1077 1
821 1077 1
822 1077 1
822 1077 1
823 1077 1
823 1077 1
823 1077 1
823 1077 1
823 1077 1
823 1077 1
823 1077 1
823 1077 1
823 1077 1
824 1078 1
824 1078 1
824 1078 1
824 1078 1
824 1078 1
825 1078 1
825 1078 1
825 1078 1
825 1078 1
825 1078 1
826 1079 1
826 1079 1
826 1079 1
826 1079 1
826 1079 1
826 1079 1
826 1079 1
826 1079 1
826 1079 1
826 1079 1
827 1079 1
827 1079 1
827 1079 1
827 1079 1
827 1079 1
827 1079 1
828 1080 1
828 1080 1
828 1080 1
828 1080 1
828 1080 1
828 1080 1
828 1080 1
828 1080 1
829 1080 1
829 1080 1
829 1080 1
829 1080 1
830 1081 1
830 1081 1
830 1081 1
830 1081 1
831 1081 1
831 1081 1
831 1081 1
832 1082 1
832 1082 1
832 1082 1
832 1082 1
832 1082 1
832 1082 1
832 1082 1
833 1082 1
833 1082 1
833 1082 1
834 1083 1
834 1083 1
834 1083 1
834 1083 1
835 1083 1
835 1083 1
835 1083 1
835 1083 1
835 1083 1
836 1084 1
836 1084 1
836 1084 1
836 1084 1
837 1084 1
837 1084 1
837 1084 1
837 1084 1
837 1084 1
838 1085 1
838 1085 1
838 1085 1
838 1085 1
838 1085 1
838 1085 1
838 1085 1
838 1085 1
839 1085 1
840 1086 1
840 1086 1
840 1086 1
841 1086 1
841 1086 1
841 1086 1
841 1086 1
841 1086 1
842 1087 1
842 1087 1
842 1087 1
842 1087 1
842 1087 1
842 1087 1
842 1087 1
842 1087 1
842 1087 1
842 1087 1
843 1087 1
843 1087 1
843 1087 1
843 1087 1
843 1087 1
843 1087 1
843 1087 1
844 1088 1
844 1088 1
844 1088 1
844 1088 1
844 1088 1
844 1088 1
844 1088 1
844 1088 1
845 1088 1
845 1088 1
845 1088 1
845 1088 1
845 1088 1
845 1088 1
845 1088 1
845 1088 1
846 1088 1
846 1088 1
846 1088 1
846 1088 1
846 1088 1
846 1088 1
846 1088 1
847 1089 1
847 1089 1
847 1089 1
848 1089 1
848 1089 1
848 1089 1
848 1089 1
849 1090 1
849 1090 1
849 1090 1
850 1090 1
850 1090 1
850 1090 1
851 1091 1
851 1091 1
851 1091 1
851 1091 1
851 1091 1
851 1091 1
852 1091 1
852 1091 1
852 1091 1
853 1092 1
853 1092 1
853 1092 1
853 1092 1
853 1092 1
853 1092 1
854 1092 1
854 1092 1
854 1092 1
854 1092 1
854 1092 1
854 1092 1
855 1093 1
855 1093 1
855 1093 1
856 1093 1
857 1094 1
857 1094 1
857 1094 1
857 1094 1
857 1094 1
857 1094 1
857 1094 1
857 1094 1
858 1094 1
858 1094 1
859 1095 1
859 1095 1
859 1095 1
859 1095 1
860 1095 1
860 1095 1
860 1095 1
860 1095 1
860 1095 1
860 1095 1
860 1095 1
860 1095 1
861 1095 1
861 1095 1
861 1095 1
861 1095 1
861 1095 1
861 1095 1
861 1095 1
861 1095 1
861 1095 1
861 1095 1
862 1096 1
862 1096 1
862 1096 1
862 1096 1
862 1096 1
862 1096 1
862 1096 1
862 1096 1
863 1096 1
863 1096 1
863 1096 1
863 1096 1
863 1096 1
863 1096 1
863 1096 1
863 1096 1
863 1096 1
864 1097 1
864 1097 1
864 1097 1
864 1097 1
864 1097 1
864 1097 1
864 1097 1
865 1097 1
865 1097 1
865 1097 1
865 1097 1
865 1097 1
865 1097 1
866 1098 1
866 1098 1
866 1098 1
866 1098 1
866 1098 1
867 1098 1
867 1098 1
867 1098 1
867 1098 1
867 1098 1
868 1099 1
868 1099 1
868 1099 1
868 1099 1
869 1099 1
869 1099 1
869 1099 1
869 1099 1
869 1099 1
869 1099 1
870 1100 1
870 1100 1
870 1100 1
870 1100 1
870 1100 1
870 1100 1
870 1100 1
870 1100 1
870 1100 1
870 1100 1
871 1100 1
871 1100 1
871 1100 1
872 1101 1
872 1101 1
872 1101 1
872 1101 1
873 1101 1
873 1101 1
873 1101 1
873 1101 1
873 1101 1
873 1101 1
874 1101 1
874 1101 1
874 1101 1
874 1101 1
874 1101 1
874 1101 1
874 1101 1
875 1102 1
875 1102 1
875 1102 1
875 1102 1
875 1102 1
875 1102 1
875 1102 1
875 1102 1
875 1102 1
876 1102 1
876 1102 1
876 1102 1
877 1103 1
877 1103 1
877 1103 1
877 1103 1
877 1103 1
877 1103 1
877 1103 1
878 1103 1
878 1103 1
878 1103 1
878 1103 1
878 1103 1
879 1104 1
879 1104 1
879 1104 1
879 1104 1
879 1104 1
879 1104 1
879 1104 1
880 1104 1
880 1104 1
880 1104 1
881 1105 1
881 1105 1
881 1105 1
881 1105 1
881 1105 1
882 1105 1
882 1105 1
882 1105 1
882 1105 1
883 1106 1
883 1106 1
883 1106 1
883 1106 1
884 1106 1
884 1106 1
884 1106 1
885 1106 1
885 1106 1
885 1106 1
885 1106 1
885 1106 1
886 1107 1
886 1107 1
886 1107 1
886 1107 1
886 1107 1
886 1107 1
886 1107 1
887 1107 1
887 1107 1
887 1107 1
887 1107 1
888 1108 1
888 1108 1
888 1108 1
888 1108 1
888 1108 1
889 1108 1
889 1108 1
889 1108 1
889 1108 1
890 1109 1
890 1109 1
890 1109 1
890 1109 1
890 1109 1
890 1109 1
891 1109 1
891 1109 1
891 1109 1
891 1109 1
891 1109 1
891 1109 1
892 1110 1
892 1110 1
892 1110 1
893 1110 1
893 1110 1
893 1110 1
893 1110 1
893 1110 1
893 1110 1
894 1110 1
894 1110 1
894 1110 1
894 1110 1
894 1110 1
894 1110 1
894 1110 1
894 1110 1
895 1111 1
895 1111 1
895 1111 1
895 1111 1
896 1111 1
896 1111 1
896 1111 1
896 1111 1
896 1111 1
896 1111 1
896 1111 1
897 1112 1
897 1112 1
897 1112 1
897 1112 1
897 1112 1
898 1112 1
898 1112 1
898 1112 1
898 1112 1
898 1112 1
898 1112 1
899 1113 1
899 1113 1
899 1113 1
899 1113 1
899 1113 1
900 1113 1
900 1113 1
900 1113 1
900 1113 1
900 1113 1
900 1113 1
900 1113 1
900 1113 1
901 1113 1
901 1113 1
901 1113 1
901 1113 1
901 1113 1
901 1113 1
901 1113 1
901 1113 1
902 1114 1
902 1114 1
902 1114 1
903 1114 1
903 1114 1
903 1114 1
903 1114 1
904 1115 1
904 1115 1
905 1115 1
905 1115 1
905 1115 1
906 1116 1
906 1116 1
906 1116 1
906 1116 1
906 1116 1
907 1116 1
907 1116 1
908 1117 1
908 1117 1
908 1117 1
908 1117 1
908 1117 1
908 1117 1
909 1117 1
909 1117 1
909 1117 1
909 1117 1
910 1117 1
910 1117 1
910 1117 1
910 1117 1
910 1117 1
910 1117 1
910 1117 1
910 1117 1
910 1117 1
911 1118 1
911 1118 1
911 1118 1
911 1118 1
911 1118 1
911 1118 1
911 1118 1
911 1118 1
912 1118 1
912 1118 1
912 1118 1
913 1119 1
913 1119 1
913 1119 1
913 1119 1
913 1119 1
913 1119 1
913 1119 1
915 1120 1
915 1120 1
916 1120 1
916 1120 1
916 1120 1
917 1120 1
917 1120 1
917 1120 1
917 1120 1
917 1120 1
917 1120 1
917 1120 1
917 1120 1
917 1120 1
918 1121 1
918 1121 1
918 1121 1
918 1121 1
918 1121 1
918 1121 1
918 1121 1
919 1121 1
919 1121 1
920 1122 1
920 1122 1
920 1122 1
920 1122 1
920 1122 1
920 1122 1
921 1122 1
921 1122 1
921 1122 1
921 1122 1
922 1123 1
922 1123 1
922 1123 1
922 1123 1
923 1123 1
923 1123 1
923 1123 1
923 1123 1
923 1123 1
923 1123 1
923 1123 1
924 1123 1
924 1123 1
924 1123 1
924 1123 1
924 1123 1
924 1123 1
925 1124 1
925 1124 1
925 1124 1
925 1124 1
925 1124 1
925 1124 1
926 1124 1
926 1124 1
926 1124 1
927 1125 1
927 1125 1
927 1125 1
927 1125 1
927 1125 1
927 1125 1
927 1125 1
927 1125 1
928 1125 1
928 1125 1
928 1125 1
929 1126 1
929 1126 1
929 1126 1
929 1126 1
929 1126 1
929 1126 1
929 1126 1
929 1126 1
929 1126 1
930 1126 1
930 1126 1
930 1126 1
930 1126 1
931 1126 1
931 1126 1
931 1126 1
932 1127 1
932 1127 1
933 1127 1
933 1127 1
933 1127 1
934 1128 1
934 1128 1
935 1128 1
935 1128 1
935 1128 1
935 1128 1
935 1128 1
935 1128 1
936 1128 1
936 1128 1
936 1128 1
937 1129 1
937 1129 1
937 1129 1
938 1129 1
938 1129 1
938 1129 1
938 1129 1
939 1130 1
939 1130 1
939 1130 1
940 1130 1
940 1130 1
940 1130 1
940 1130 1
940 1130 1
941 1131 1
941 1131 1
941 1131 1
941 1131 1
941 1131 1
941 1131 1
941 1131 1
941 1131 1
941 1131 1
941 1131 1
942 1131 1
942 1131 1
942 1131 1
942 1131 1
942 1131 1
942 1131 1
943 1131 1
943 1131 1
944 1132 1
944 1132 1
944 1132 1
944 1132 1
945 1132 1
945 1132 1
946 1133 1
946 1133 1
946 1133 1
946 1133 1
946 1133 1
946 1133 1
947 1133 1
947 1133 1
947 1133 1
947 1133 1
947 1133 1
948 1133 1
948 1133 1
948 1133 1
948 1133 1
948 1133 1
949 1134 1
950 1134 1
950 1134 1
950 1134 1
950 1134 1
950 1134 1
951 1135 1
951 1135 1
951 1135 1
951 1135 1
951 1135 1
952 1135 1
952 1135 1
952 1135 1
952 1135 1
952 1135 1
953 1136 1
953 1136 1
953 1136 1
954 1136 1
954 1136 1
954 1136 1
954 1136 1
955 1136 1
955 1136 1
955 1136 1
955 1136 1
955 1136 1
955 1136 1
956 1137 1
956 1137 1
956 1137 1
956 1137 1
956 1137 1
956 1137 1
957 1137 1
957 1137 1
957 1137 1
957 1137 1
957 1137 1
957 1137 1
957 1137 1
957 1137 1
958 1138 1
958 1138 1
958 1138 1
958 1138 1
958 1138 1
959 1138 1
959 1138 1
959 1138 1
959 1138 1
959 1138 1
959 1138 1
960 1138 1
960 1138 1
960 1138 1
960 1138 1
960 1138 1
961 1139 1
961 1139 1
961 1139 1
961 1139 1
962 1139 1
962 1139 1
962 1139 1
962 1139 1
962 1139 1
962 1139 1
962 1139 1
963 1140 1
963 1140 1
963 1140 1
963 1140 1
963 1140 1
964 1140 1
964 1140 1
964 1140 1
964 1140 1
964 1140 1
965 1140 1
965 1140 1
965 1140 1
965 1140 1
965 1140 1
966 1141 1
966 1141 1
966 1141 1
966 1141 1
967 1141 1
967 1141 1
967 1141 1
967 1141 1
967 1141 1
968 1142 1
968 1142 1
968 1142 1
968 1142 1
968 1142 1
968 1142 1
969 1142 1
969 1142 1
970 1142 1
970 1142 1
970 1142 1
970 1142 1
971 1143 1
971 1143 1
971 1143 1
971 1143 1
972 1143 1
972 1143 1
972 1143 1
972 1143 1
972 1143 1
973 1144 1
973 1144 1
973 1144 1
973 1144 1
974 1144 1
974 1144 1
975 1144 1
975 1144 1
975 1144 1
975 1144 1
975 1144 1
975 1144 1
975 1144 1
975 1144 1
976 1145 1
976 1145 1
976 1145 1
976 1145 1
976 1145 1
976 1145 1
977 1145 1
977 1145 1
977 1145 1
977 1145 1
977 1145 1
977 1145 1
978 1146 1
978 1146 1
978 1146 1
978 1146 1
979 1146 1
979 1146 1
979 1146 1
979 1146 1
979 1146 1
980 1146 1
980 1146 1
981 1147 1
981 1147 1
981 1147 1
981 1147 1
981 1147 1
981 1147 1
982 1147 1
982 1147 1
982 1147 1
982 1147 1
982 1147 1
983 1148 1
983 1148 1
983 1148 1
984 1148 1
984 1148 1
984 1148 1
984 1148 1
985 1148 1
985 1148 1
985 1148 1
985 1148 1
985 1148 1
985 1148 1
986 1149 1
986 1149 1
986 1149 1
986 1149 1
986 1149 1
986 1149 1
987 1149 1
987 1149 1
987 1149 1
987 1149 1
988 1150 1
988 1150 1
988 1150 1
988 1150 1
989 1150 1
989 1150 1
990 1150 1
990 1150 1
990 1150 1
990 1150 1
990 1150 1
991 1151 1
991 1151 1
991 1151 1
991 1151 1
991 1151 1
991 1151 1
991 1151 1
991 1151 1
991 1151 1
992 1151 1
992 1151 1
992 1151 1
992 1151 1
992 1151 1
993 1151 1
993 1151 1
993 1151 1
993 1151 1
994 1152 1
995 1152 1
995 1152 1
995 1152 1
995 1152 1
995 1152 1
996 1153 1
996 1153 1
997 1153 1
997 1153 1
997 1153 1
997 1153 1
998 1153 1
998 1153 1
999 1154 1
999 1154 1
999 1154 1
999 1154 1
1000 1154 1
1000 1154 1
1000 1154 1
1000 1154 1
1000 1154 1
1000 1154 1
1000 1154 1
