5000 2121949
767 1049 0.020019
671 996 0.021084
48 290 0.072414
584 941 0.022317
127 467 0.044968
142 493 0.042596
82 377 0.055703
311 714 0.029412
436 831 0.025271
583 940 0.02234
73 356 0.058989
206 589 0.035654
825 1078 0.019481
221 609 0.034483
47 287 0.073171
627 969 0.021672
468 857 0.024504
290 691 0.030391
591 946 0.022199
452 844 0.024882
692 1008 0.020833
810 1071 0.019608
280 680 0.030882
471 859 0.024447
583 940 0.02234
276 675 0.031111
253 649 0.032357
571 932 0.022532
515 893 0.023516
958 1138 0.018453
940 1130 0.018584
753 1042 0.020154
381 782 0.026854
537 909 0.023102
884 1106 0.018987
374 776 0.027062
620 965 0.021762
189 565 0.037168
969 1142 0.018389
792 1062 0.019774
890 1109 0.018936
3 73 0.287671
554 921 0.022801
189 565 0.037168
378 780 0.026923
408 807 0.026022
743 1037 0.020251
855 1093 0.019213
724 1026 0.020468
453 845 0.024852
834 1083 0.019391
983 1148 0.018293
666 993 0.021148
787 1060 0.019811
735 1032 0.020349
106 428 0.049065
878 1103 0.019039
280 680 0.030882
909 1117 0.0188
228 618 0.033981
873 1101 0.019074
489 873 0.024055
680 1001 0.020979
554 921 0.022801
425 821 0.025579
121 456 0.046053
736 1033 0.020329
527 901 0.023307
375 777 0.027027
205 588 0.035714
462 852 0.024648
929 1126 0.01865
960 1138 0.018453
305 707 0.029703
645 980 0.021429
793 1063 0.019755
955 1136 0.018486
602 953 0.022036
425 821 0.025579
773 1052 0.019962
453 845 0.024852
114 443 0.047404
801 1067 0.019681
208 592 0.035473
410 808 0.02599
142 493 0.042596
722 1025 0.020488
587 943 0.022269
493 876 0.023973
325 728 0.028846
99 414 0.050725
369 771 0.027237
885 1106 0.018987
344 747 0.028112
887 1107 0.01897
984 1148 0.018293
530 904 0.02323
788 1060 0.019811
413 811 0.025894
916 1120 0.01875
958 1138 0.018453
264 662 0.031722
861 1095 0.019178
579 938 0.022388
480 866 0.024249
866 1098 0.019126
827 1079 0.019462
890 1109 0.018936
314 717 0.029289
899 1113 0.018868
429 825 0.025455
174 543 0.038674
906 1116 0.018817
706 1016 0.020669
145 498 0.042169
970 1142 0.018389
694 1009 0.020813
459 849 0.024735
546 915 0.022951
219 606 0.034653
941 1131 0.018568
740 1035 0.02029
96 408 0.051471
309 711 0.029536
101 418 0.050239
548 916 0.022926
328 731 0.028728
711 1019 0.020608
169 536 0.039179
226 615 0.034146
923 1123 0.0187
871 1100 0.019091
601 952 0.022059
719 1023 0.020528
17 173 0.121387
800 1066 0.0197
285 685 0.030657
565 928 0.022629
504 884 0.023756
309 711 0.029536
262 659 0.031866
257 653 0.032159
940 1130 0.018584
291 692 0.030347
98 412 0.050971
375 777 0.027027
515 893 0.023516
197 577 0.036395
372 774 0.027132
71 352 0.059659
779 1056 0.019886
873 1101 0.019074
90 395 0.053165
613 960 0.021875
657 988 0.021255
825 1078 0.019481
652 984 0.021341
902 1114 0.018851
766 1049 0.020019
294 695 0.030216
227 616 0.034091
497 879 0.023891
970 1142 0.018389
568 930 0.022581
972 1143 0.018373
813 1073 0.019571
638 976 0.021516
867 1098 0.019126
528 902 0.023282
875 1102 0.019056
75 361 0.058172
820 1076 0.019517
188 564 0.037234
982 1147 0.018309
727 1028 0.020428
736 1033 0.020329
548 916 0.022926
694 1009 0.020813
444 837 0.02509
28 222 0.094595
787 1060 0.019811
786 1059 0.01983
412 810 0.025926
747 1039 0.020212
868 1099 0.019108
598 950 0.022105
478 865 0.024277
252 647 0.032457
599 951 0.022082
369 771 0.027237
26 214 0.098131
213 598 0.035117
359 762 0.027559
429 825 0.025455
175 545 0.038532
662 991 0.021191
390 791 0.026549
248 643 0.032659
28 222 0.094595
795 1064 0.019737
836 1084 0.019373
785 1059 0.01983
862 1096 0.019161
89 393 0.053435
467 856 0.024533
850 1090 0.019266
262 659 0.031866
569 931 0.022556
521 897 0.023411
321 724 0.029006
574 934 0.022484
592 946 0.022199
930 1126 0.01865
112 439 0.047836
388 789 0.026616
487 871 0.02411
746 1038 0.020231
81 375 0.056
775 1053 0.019943
787 1060 0.019811
896 1111 0.018902
941 1131 0.018568
802 1067 0.019681
280 680 0.030882
178 549 0.038251
941 1131 0.018568
385 786 0.026718
378 780 0.026923
918 1121 0.018733
307 709 0.029619
317 720 0.029167
483 868 0.024194
286 687 0.030568
780 1056 0.019886
4 84 0.25
156 516 0.040698
776 1054 0.019924
586 942 0.022293
637 975 0.021538
677 999 0.021021
339 742 0.028302
529 903 0.023256
791 1062 0.019774
815 1074 0.019553
876 1102 0.019056
145 498 0.042169
764 1048 0.020038
168 534 0.039326
649 983 0.021363
189 565 0.037168
355 758 0.027704
677 999 0.021021
879 1104 0.019022
575 935 0.02246
591 946 0.022199
658 988 0.021255
559 924 0.022727
48 290 0.072414
22 197 0.106599
800 1066 0.0197
203 585 0.035897
8 119 0.176471
625 968 0.021694
697 1011 0.020772
587 943 0.022269
432 827 0.025393
408 807 0.026022
741 1036 0.02027
111 438 0.047945
744 1037 0.020251
957 1137 0.01847
189 565 0.037168
621 965 0.021762
813 1073 0.019571
823 1077 0.019499
167 533 0.0394
194 572 0.036713
598 950 0.022105
974 1144 0.018357
445 838 0.02506
555 921 0.022801
633 973 0.021583
879 1104 0.019022
293 694 0.030259
14 157 0.133758
310 713 0.029453
192 570 0.036842
671 996 0.021084
25 210 0.1
649 983 0.021363
393 793 0.026482
611 959 0.021898
844 1088 0.019301
787 1060 0.019811
494 877 0.023945
516 893 0.023516
410 808 0.02599
618 963 0.021807
145 498 0.042169
372 774 0.027132
71 352 0.059659
278 678 0.030973
778 1055 0.019905
177 548 0.038321
593 947 0.022175
851 1091 0.019248
575 935 0.02246
103 422 0.049763
411 809 0.025958
311 714 0.029412
432 827 0.025393
444 837 0.02509
395 795 0.026415
744 1037 0.020251
180 552 0.038043
83 380 0.055263
172 540 0.038889
819 1076 0.019517
1000 1154 0.018198
403 802 0.026185
55 310 0.067742
448 840 0.025
60 324 0.064815
236 628 0.033439
650 983 0.021363
152 509 0.041257
849 1090 0.019266
443 836 0.02512
518 895 0.023464
770 1051 0.019981
176 546 0.038462
151 508 0.041339
365 767 0.027379
975 1144 0.018357
577 936 0.022436
205 588 0.035714
943 1131 0.018568
218 605 0.034711
239 632 0.033228
545 914 0.022976
125 463 0.045356
965 1140 0.018421
863 1096 0.019161
330 733 0.028649
704 1015 0.02069
354 757 0.027741
99 414 0.050725
47 287 0.073171
297 699 0.030043
874 1101 0.019074
945 1132 0.018551
80 373 0.0563
545 914 0.022976
339 742 0.028302
603 954 0.022013
72 354 0.059322
719 1023 0.020528
449 841 0.02497
979 1146 0.018325
521 897 0.023411
870 1100 0.019091
574 934 0.022484
366 768 0.027344
224 613 0.034258
756 1044 0.020115
161 524 0.040076
127 467 0.044968
922 1123 0.0187
756 1044 0.020115
524 899 0.023359
374 776 0.027062
908 1117 0.0188
631 972 0.021605
578 937 0.022412
393 793 0.026482
218 605 0.034711
215 601 0.034942
401 800 0.02625
19 183 0.114754
319 722 0.029086
423 820 0.02561
661 990 0.021212
455 846 0.024823
555 921 0.022801
681 1002 0.020958
880 1104 0.019022
89 393 0.053435
598 950 0.022105
556 922 0.022777
523 899 0.023359
825 1078 0.019481
242 635 0.033071
81 375 0.056
693 1009 0.020813
261 658 0.031915
786 1059 0.01983
383 784 0.026786
270 669 0.03139
696 1010 0.020792
446 839 0.02503
603 954 0.022013
327 730 0.028767
831 1081 0.019426
332 735 0.028571
866 1098 0.019126
862 1096 0.019161
817 1075 0.019535
465 854 0.02459
895 1111 0.018902
540 911 0.023052
728 1028 0.020428
633 973 0.021583
331 734 0.02861
103 422 0.049763
785 1059 0.01983
760 1046 0.020076
583 940 0.02234
849 1090 0.019266
865 1097 0.019143
752 1041 0.020173
25 210 0.1
117 449 0.046771
177 548 0.038321
180 552 0.038043
556 922 0.022777
636 975 0.021538
949 1134 0.018519
989 1150 0.018261
598 950 0.022105
16 168 0.125
585 942 0.022293
764 1048 0.020038
117 449 0.046771
750 1040 0.020192
269 667 0.031484
967 1141 0.018405
245 639 0.032864
282 682 0.030792
606 956 0.021967
891 1109 0.018936
722 1025 0.020488
800 1066 0.0197
747 1039 0.020212
346 749 0.028037
380 781 0.026889
122 458 0.045852
258 655 0.032061
305 707 0.029703
207 590 0.035593
387 788 0.02665
665 992 0.021169
396 796 0.026382
267 665 0.031579
521 897 0.023411
709 1018 0.020629
353 756 0.027778
155 514 0.040856
83 380 0.055263
57 316 0.066456
557 923 0.022752
24 205 0.102439
513 891 0.023569
110 436 0.048165
792 1062 0.019774
915 1120 0.01875
819 1076 0.019517
142 493 0.042596
984 1148 0.018293
722 1025 0.020488
432 827 0.025393
817 1075 0.019535
619 964 0.021784
856 1093 0.019213
811 1072 0.01959
290 691 0.030391
6 103 0.203883
7 111 0.189189
448 840 0.025
18 178 0.117978
82 377 0.055703
365 767 0.027379
597 950 0.022105
633 973 0.021583
28 222 0.094595
866 1098 0.019126
58 318 0.066038
586 942 0.022293
822 1077 0.019499
90 395 0.053165
263 660 0.031818
860 1095 0.019178
982 1147 0.018309
363 766 0.027415
498 880 0.023864
327 730 0.028767
201 582 0.036082
417 814 0.025799
563 927 0.022654
385 786 0.026718
836 1084 0.019373
198 578 1
953 1136 1
765 1048 1
248 643 1
866 1098 1
652 984 1
751 1041 1
871 1100 1
673 997 1
850 1090 1
497 879 1
721 1025 1
595 948 1
22 197 1
299 701 1
609 958 1
90 395 1
559 924 1
891 1109 1
982 1147 1
602 953 1
135 481 1
679 1001 1
11 139 1
42 271 1
773 1052 1
319 722 1
70 349 1
498 880 1
775 1053 1
227 616 1
702 1014 1
904 1115 1
927 1125 1
368 770 1
932 1127 1
266 664 1
842 1087 1
715 1021 1
546 915 1
429 825 1
688 1006 1
407 806 1
938 1129 1
52 302 1
642 978 1
290 691 1
816 1074 1
987 1149 1
114 443 1
810 1071 1
614 961 1
282 682 1
236 628 1
745 1038 1
541 911 1
756 1044 1
967 1141 1
149 504 1
540 911 1
534 906 1
160 522 1
138 486 1
131 474 1
678 1000 1
34 244 1
777 1054 1
50 296 1
218 605 1
292 693 1
94 403 1
99 414 1
643 979 1
773 1052 1
340 743 1
242 635 1
146 500 1
513 891 1
265 663 1
50 296 1
616 962 1
466 855 1
878 1103 1
521 897 1
268 666 1
606 956 1
3 73 1
375 777 1
210 594 1
925 1124 1
176 546 1
615 961 1
206 589 1
841 1086 1
209 593 1
608 957 1
379 780 1
266 664 1
744 1037 1
574 934 1
274 673 1
927 1125 1
757 1044 1
236 628 1
74 359 1
602 953 1
699 1012 1
949 1134 1
387 788 1
853 1092 1
413 811 1
660 989 1
637 975 1
715 1021 1
214 600 1
836 1084 1
828 1080 1
276 675 1
483 868 1
185 560 1
254 650 1
595 948 1
964 1140 1
714 1021 1
122 458 1
137 484 1
850 1090 1
78 368 1
451 843 1
327 730 1
881 1105 1
66 339 1
439 833 1
880 1104 1
651 984 1
470 858 1
397 797 1
624 967 1
146 500 1
29 226 1
698 1012 1
400 800 1
190 567 1
477 864 1
649 983 1
323 726 1
697 1011 1
407 806 1
644 980 1
777 1054 1
326 729 1
936 1128 1
907 1116 1
333 736 1
752 1041 1
343 746 1
397 797 1
109 434 1
116 447 1
699 1012 1
663 991 1
981 1147 1
825 1078 1
422 819 1
799 1066 1
783 1058 1
974 1144 1
115 445 1
52 302 1
815 1074 1
774 1053 1
150 506 1
577 936 1
674 998 1
530 904 1
620 965 1
516 893 1
532 905 1
983 1148 1
135 481 1
664 992 1
982 1147 1
311 714 1
210 594 1
164 528 1
3 73 1
91 397 1
457 848 1
900 1113 1
799 1066 1
383 784 1
600 952 1
702 1014 1
512 890 1
125 463 1
750 1040 1
552 919 1
247 641 1
786 1059 1
950 1134 1
652 984 1
616 962 1
476 863 1
484 869 1
562 926 1
444 837 1
560 925 1
14 157 1
856 1093 1
45 281 1
126 465 1
810 1071 1
307 709 1
30 230 1
154 513 1
352 755 1
306 708 1
247 641 1
208 592 1
512 890 1
418 815 1
651 984 1
378 780 1
783 1058 1
588 944 1
985 1148 1
359 762 1
803 1068 1
755 1043 1
145 498 1
667 994 1
6 103 1
197 577 1
224 613 1
221 609 1
45 281 1
204 586 1
642 978 1
393 793 1
649 983 1
551 919 1
140 490 1
892 1110 1
605 955 1
804 1068 1
118 451 1
531 904 1
494 877 1
744 1037 1
508 887 1
319 722 1
816 1074 1
225 614 1
244 638 1
588 944 1
628 970 1
822 1077 1
272 671 1
66 339 1
684 1004 1
638 976 1
670 995 1
470 858 1
143 495 1
601 952 1
448 840 1
625 968 1
868 1099 1
731 1030 1
828 1080 1
122 458 1
717 1022 1
914 1119 1
306 708 1
222 610 1
519 896 1
43 274 1
934 1128 1
621 965 1
587 943 1
64 334 1
123 460 1
403 802 1
294 695 1
344 747 1
511 890 1
273 672 1
248 643 1
477 864 1
691 1008 1
90 395 1
111 438 1
960 1138 1
180 552 1
877 1103 1
346 749 1
582 940 1
435 830 1
922 1123 1
806 1069 1
726 1027 1
932 1127 1
123 460 1
626 968 1
299 701 1
547 916 1
640 977 1
406 805 1
985 1148 1
221 609 1
777 1054 1
890 1109 1
66 339 1
505 885 1
750 1040 1
577 936 1
275 674 1
874 1101 1
557 923 1
129 471 1
735 1032 1
423 820 1
865 1097 1
360 763 1
346 749 1
631 972 1
277 677 1
241 634 1
295 696 1
910 1117 1
647 981 1
927 1125 1
253 649 1
956 1137 1
826 1079 1
446 839 1
618 963 1
995 1152 1
397 797 1
261 658 1
698 1012 1
353 756 1
894 1110 1
56 313 1
692 1008 1
234 625 1
253 649 1
543 913 1
353 756 1
796 1064 1
543 913 1
771 1051 1
322 725 1
937 1129 1
973 1144 1
262 659 1
825 1078 1
995 1152 1
696 1010 1
767 1049 1
202 583 1
574 934 1
211 596 1
590 945 1
386 787 1
469 857 1
226 615 1
422 819 1
794 1063 1
743 1037 1
439 833 1
878 1103 1
935 1128 1
503 884 1
587 943 1
460 850 1
219 606 1
281 681 1
13 151 1
492 875 1
38 258 1
175 545 1
721 1025 1
978 1146 1
829 1080 1
270 669 1
521 897 1
949 1134 1
138 486 1
320 723 1
394 794 1
530 904 1
704 1015 1
919 1121 1
765 1048 1
25 210 1
52 302 1
509 888 1
767 1049 1
157 517 1
603 954 1
956 1137 1
677 999 1
927 1125 1
107 430 1
284 684 1
709 1018 1
531 904 1
317 720 1
869 1099 1
728 1028 1
878 1103 1
416 814 1
762 1047 1
888 1108 1
504 884 1
614 961 1
570 932 1
780 1056 1
731 1030 1
734 1032 1
215 601 1
456 847 1
249 644 1
215 601 1
496 878 1
788 1060 1
886 1107 1
786 1059 1
856 1093 1
313 716 1
293 694 1
110 436 1
402 801 1
913 1119 1
222 610 1
618 963 1
921 1122 1
207 590 1
293 694 1
277 677 1
903 1114 1
855 1093 1
598 950 1
275 674 1
116 447 1
283 683 1
261 658 1
214 600 1
416 814 1
906 1116 1
157 517 1
482 868 1
1 42 1
150 506 1
731 1030 1
341 744 1
496 878 1
746 1038 1
24 205 1
277 677 1
949 1134 1
998 1153 1
529 903 1
397 797 1
773 1052 1
696 1010 1
981 1147 1
653 985 1
10 133 1
165 530 1
864 1097 1
653 985 1
620 965 1
991 1151 1
557 923 1
731 1030 1
644 980 1
954 1136 1
79 371 1
23 201 1
984 1148 1
885 1106 1
273 672 1
972 1143 1
285 685 1
70 349 1
737 1033 1
787 1060 1
141 491 1
226 615 1
476 863 1
369 771 1
56 313 1
796 1064 1
555 921 1
292 693 1
786 1059 1
478 865 1
491 875 1
538 909 1
359 762 1
712 1020 1
440 834 1
568 930 1
381 782 1
9 126 1
288 689 1
185 560 1
88 391 1
117 449 1
654 986 1
721 1025 1
88 391 1
757 1044 1
141 491 1
581 939 1
538 909 1
764 1048 1
250 645 1
934 1128 1
91 397 1
576 936 1
860 1095 1
242 635 1
104 424 1
641 978 1
284 684 1
539 910 1
547 916 1
843 1087 1
329 732 1
658 988 1
990 1150 1
485 870 1
171 539 1
202 583 1
705 1016 1
434 829 1
364 766 1
994 1152 1
10 133 1
182 555 1
283 683 1
701 1013 1
945 1132 1
721 1025 1
698 1012 1
389 790 1
579 938 1
559 924 1
234 625 1
520 896 1
765 1048 1
31 233 1
667 994 1
183 557 1
500 881 1
823 1077 1
792 1062 1
582 940 1
824 1078 1
727 1028 1
547 916 1
794 1063 1
391 791 1
103 422 1
95 406 1
132 476 1
588 944 1
824 1078 1
872 1101 1
814 1073 1
149 504 1
653 985 1
453 845 1
562 926 1
833 1082 1
244 638 1
613 960 1
7 111 1
730 1030 1
416 814 1
96 408 1
550 918 1
856 1093 1
345 748 1
441 835 1
840 1086 1
295 696 1
155 514 1
931 1126 1
991 1151 1
191 568 1
217 604 1
778 1055 1
988 1150 1
958 1138 1
930 1126 1
92 399 1
753 1042 1
337 740 1
452 844 1
650 983 1
79 371 1
295 696 1
314 717 1
717 1022 1
973 1144 1
152 509 1
233 624 1
68 344 1
437 831 1
259 656 1
142 493 1
235 627 1
439 833 1
382 783 1
94 403 1
862 1096 1
580 938 1
271 670 1
393 793 1
419 816 1
856 1093 1
134 479 1
62 329 1
489 873 1
134 479 1
315 718 1
18 178 1
104 424 1
667 994 1
507 887 1
663 991 1
378 780 1
411 809 1
508 887 1
453 845 1
310 713 1
419 816 1
462 852 1
304 706 1
896 1111 1
645 980 1
93 401 1
316 719 1
226 615 1
192 570 1
468 857 1
131 474 1
128 469 1
909 1117 1
96 408 1
632 972 1
590 945 1
123 460 1
999 1154 1
407 806 1
486 871 1
199 579 1
531 904 1
825 1078 1
121 456 1
279 679 1
500 881 1
429 825 1
373 775 1
606 956 1
683 1003 1
738 1034 1
828 1080 1
293 694 1
377 779 1
292 693 1
325 728 1
874 1101 1
11 139 1
981 1147 1
522 898 1
35 248 1
447 840 1
812 1072 1
510 889 1
987 1149 1
615 961 1
275 674 1
541 911 1
697 1011 1
491 875 1
110 436 1
686 1005 1
128 469 1
36 251 1
897 1112 1
185 560 1
807 1070 1
738 1034 1
592 946 1
934 1128 1
175 545 1
678 1000 1
473 861 1
104 424 1
699 1012 1
929 1126 1
649 983 1
592 946 1
487 871 1
196 575 1
101 418 1
433 828 1
849 1090 1
924 1123 1
493 876 1
289 690 1
714 1021 1
354 757 1
213 598 1
426 822 1
88 391 1
687 1005 1
364 766 1
928 1125 1
29 226 1
249 644 1
864 1097 1
826 1079 1
370 772 1
295 696 1
707 1017 1
83 380 1
414 812 1
338 741 1
132 476 1
945 1132 1
539 910 1
956 1137 1
153 511 1
739 1034 1
638 976 1
759 1045 1
77 366 1
790 1061 1
826 1079 1
809 1071 1
799 1066 1
301 703 1
65 337 1
165 530 1
313 716 1
464 853 1
557 923 1
1000 1154 1
874 1101 1
881 1105 1
395 795 1
481 867 1
573 934 1
105 426 1
386 787 1
765 1048 1
364 766 1
775 1053 1
981 1147 1
986 1149 1
307 709 1
504 884 1
214 600 1
624 967 1
500 881 1
977 1145 1
677 999 1
267 665 1
617 963 1
974 1144 1
557 923 1
392 792 1
226 615 1
500 881 1
49 293 1
805 1069 1
983 1148 1
48 290 1
710 1018 1
703 1014 1
993 1151 1
354 757 1
805 1069 1
570 932 1
929 1126 1
926 1124 1
864 1097 1
236 628 1
676 999 1
190 567 1
6 103 1
929 1126 1
110 436 1
634 973 1
869 1099 1
744 1037 1
93 401 1
540 911 1
64 334 1
145 498 1
971 1143 1
620 965 1
926 1124 1
498 880 1
559 924 1
698 1012 1
152 509 1
336 739 1
419 816 1
987 1149 1
690 1007 1
46 284 1
588 944 1
545 914 1
925 1124 1
857 1094 1
858 1094 1
797 1065 1
290 691 1
701 1013 1
795 1064 1
177 548 1
178 549 1
219 606 1
810 1071 1
565 928 1
134 479 1
571 932 1
597 950 1
864 1097 1
675 998 1
825 1078 1
78 368 1
353 756 1
373 775 1
234 625 1
869 1099 1
209 593 1
776 1054 1
931 1126 1
99 414 1
496 878 1
320 723 1
535 907 1
236 628 1
634 973 1
43 274 1
725 1027 1
498 880 1
48 290 1
73 356 1
88 391 1
755 1043 1
675 998 1
629 970 1
530 904 1
913 1119 1
305 707 1
341 744 1
776 1054 1
402 801 1
909 1117 1
226 615 1
590 945 1
314 717 1
33 241 1
169 536 1
557 923 1
861 1095 1
483 868 1
628 970 1
525 900 1
951 1135 1
403 802 1
211 596 1
769 1050 1
574 934 1
876 1102 1
305 707 1
271 670 1
76 364 1
183 557 1
218 605 1
676 999 1
381 782 1
247 641 1
850 1090 1
758 1045 1
472 860 1
988 1150 1
643 979 1
960 1138 1
782 1057 1
752 1041 1
572 933 1
943 1131 1
876 1102 1
494 877 1
824 1078 1
557 923 1
144 496 1
654 986 1
927 1125 1
745 1038 1
160 522 1
877 1103 1
697 1011 1
478 865 1
33 241 1
223 611 1
167 533 1
257 653 1
755 1043 1
8 119 1
727 1028 1
650 983 1
717 1022 1
148 503 1
99 414 1
82 377 1
599 951 1
267 665 1
952 1135 1
426 822 1
67 342 1
422 819 1
842 1087 1
667 994 1
526 901 1
331 734 1
867 1098 1
659 989 1
679 1001 1
118 451 1
918 1121 1
397 797 1
644 980 1
82 377 1
53 304 1
532 905 1
488 872 1
811 1072 1
269 667 1
264 662 1
252 647 1
829 1080 1
407 806 1
527 901 1
56 313 1
920 1122 1
32 237 1
647 981 1
16 168 1
917 1120 1
648 982 1
387 788 1
802 1067 1
465 854 1
874 1101 1
250 645 1
102 420 1
2 59 1
58 318 1
124 462 1
157 517 1
668 994 1
622 966 1
304 706 1
704 1015 1
964 1140 1
620 965 1
600 952 1
148 503 1
747 1039 1
935 1128 1
303 705 1
825 1078 1
73 356 1
66 339 1
279 679 1
51 299 1
750 1040 1
593 947 1
440 834 1
908 1117 1
5 94 1
317 720 1
52 302 1
254 650 1
12 145 1
777 1054 1
556 922 1
614 961 1
274 673 1
901 1113 1
768 1050 1
736 1033 1
659 989 1
435 830 1
606 956 1
160 522 1
404 803 1
499 881 1
546 915 1
5 94 1
1 42 1
746 1038 1
323 726 1
149 504 1
192 570 1
466 855 1
792 1062 1
481 867 1
357 760 1
418 815 1
891 1109 1
135 481 1
778 1055 1
214 600 1
462 852 1
29 226 1
386 787 1
16 168 1
429 825 1
409 807 1
133 478 1
450 842 1
956 1137 1
288 689 1
837 1084 1
451 843 1
144 496 1
321 724 1
816 1074 1
443 836 1
672 996 1
883 1106 1
637 975 1
335 738 1
961 1139 1
400 800 1
670 995 1
173 542 1
522 898 1
808 1070 1
977 1145 1
13 151 1
562 926 1
165 530 1
390 791 1
943 1131 1
838 1085 1
338 741 1
620 965 1
837 1084 1
517 894 1
998 1153 1
414 812 1
413 811 1
126 465 1
231 622 1
91 397 1
72 354 1
923 1123 1
928 1125 1
813 1073 1
693 1009 1
302 704 1
483 868 1
820 1076 1
193 571 1
63 332 1
711 1019 1
721 1025 1
780 1056 1
734 1032 1
985 1148 1
614 961 1
49 293 1
566 929 1
707 1017 1
724 1026 1
897 1112 1
554 921 1
85 384 1
725 1027 1
771 1051 1
572 933 1
385 786 1
544 914 1
130 472 1
526 901 1
690 1007 1
612 959 1
744 1037 1
568 930 1
836 1084 1
788 1060 1
720 1024 1
13 151 1
342 745 1
851 1091 1
383 784 1
987 1149 1
876 1102 1
608 957 1
779 1056 1
780 1056 1
272 671 1
756 1044 1
357 760 1
534 906 1
15 162 1
545 914 1
621 965 1
817 1075 1
811 1072 1
916 1120 1
540 911 1
413 811 1
858 1094 1
344 747 1
683 1003 1
660 989 1
577 936 1
319 722 1
348 751 1
784 1058 1
504 884 1
902 1114 1
487 871 1
637 975 1
723 1026 1
510 889 1
213 598 1
295 696 1
39 262 1
20 188 1
568 930 1
234 625 1
280 680 1
65 337 1
799 1066 1
316 719 1
229 619 1
391 791 1
500 881 1
974 1144 1
265 663 1
197 577 1
706 1016 1
350 753 1
449 841 1
530 904 1
532 905 1
853 1092 1
102 420 1
198 578 1
318 721 1
947 1133 1
11 139 1
859 1095 1
732 1031 1
419 816 1
102 420 1
300 702 1
25 210 1
979 1146 1
493 876 1
10 133 1
392 792 1
51 299 1
952 1135 1
823 1077 1
983 1148 1
128 469 1
619 964 1
528 902 1
526 901 1
735 1032 1
98 412 1
308 710 1
307 709 1
780 1056 1
635 974 1
300 702 1
684 1004 1
459 849 1
384 785 1
242 635 1
194 572 1
434 829 1
316 719 1
182 555 1
170 537 1
202 583 1
74 359 1
81 375 1
410 808 1
728 1028 1
411 809 1
385 786 1
853 1092 1
154 513 1
353 756 1
39 262 1
452 844 1
359 762 1
186 561 1
735 1032 1
388 789 1
374 776 1
865 1097 1
138 486 1
986 1149 1
632 972 1
618 963 1
61 326 1
387 788 1
724 1026 1
152 509 1
993 1151 1
690 1007 1
835 1083 1
143 495 1
959 1138 1
197 577 1
631 972 1
926 1124 1
618 963 1
115 445 1
425 821 1
323 726 1
443 836 1
222 610 1
592 946 1
452 844 1
713 1020 1
992 1151 1
629 970 1
57 316 1
998 1153 1
457 848 1
474 861 1
16 168 1
192 570 1
485 870 1
366 768 1
577 936 1
904 1115 1
127 467 1
865 1097 1
144 496 1
941 1131 1
345 748 1
361 764 1
476 863 1
328 731 1
204 586 1
564 928 1
946 1133 1
697 1011 1
710 1018 1
774 1053 1
294 695 1
173 542 1
450 842 1
968 1142 1
938 1129 1
147 501 1
850 1090 1
520 896 1
76 364 1
410 808 1
901 1113 1
197 577 1
831 1081 1
685 1004 1
642 978 1
883 1106 1
64 334 1
675 998 1
104 424 1
866 1098 1
488 872 1
872 1101 1
942 1131 1
911 1118 1
15 162 1
420 817 1
999 1154 1
22 197 1
191 568 1
175 545 1
417 814 1
410 808 1
451 843 1
809 1071 1
769 1050 1
425 821 1
739 1034 1
437 831 1
553 920 1
674 998 1
268 666 1
558 923 1
138 486 1
718 1023 1
214 600 1
366 768 1
508 887 1
766 1049 1
98 412 1
442 836 1
693 1009 1
838 1085 1
402 801 1
910 1117 1
886 1107 1
197 577 1
682 1002 1
959 1138 1
48 290 1
642 978 1
9 126 1
427 823 1
610 958 1
184 558 1
289 690 1
464 853 1
612 959 1
599 951 1
941 1131 1
783 1058 1
942 1131 1
86 386 1
476 863 1
41 268 1
812 1072 1
192 570 1
215 601 1
478 865 1
206 589 1
418 815 1
663 991 1
399 799 1
181 554 1
839 1085 1
339 742 1
629 970 1
569 931 1
469 857 1
441 835 1
25 210 1
371 773 1
337 740 1
466 855 1
214 600 1
585 942 1
88 391 1
106 428 1
107 430 1
372 774 1
470 858 1
293 694 1
74 359 1
606 956 1
763 1047 1
972 1143 1
378 780 1
423 820 1
68 344 1
850 1090 1
146 500 1
732 1031 1
837 1084 1
554 921 1
12 145 1
824 1078 1
284 684 1
860 1095 1
934 1128 1
889 1108 1
509 888 1
376 778 1
992 1151 1
666 993 1
168 534 1
417 814 1
555 921 1
295 696 1
975 1144 1
553 920 1
458 849 1
284 684 1
414 812 1
136 483 1
193 571 1
390 791 1
594 948 1
393 793 1
741 1036 1
947 1133 1
550 918 1
882 1105 1
468 857 1
298 700 1
524 899 1
482 868 1
418 815 1
364 766 1
917 1120 1
207 590 1
427 823 1
140 490 1
554 921 1
380 781 1
720 1024 1
585 942 1
843 1087 1
82 377 1
411 809 1
671 996 1
110 436 1
629 970 1
71 352 1
593 947 1
943 1131 1
496 878 1
404 803 1
416 814 1
343 746 1
403 802 1
164 528 1
247 641 1
857 1094 1
644 980 1
100 416 1
167 533 1
590 945 1
441 835 1
77 366 1
241 634 1
298 700 1
213 598 1
403 802 1
455 846 1
549 917 1
200 581 1
558 923 1
579 938 1
786 1059 1
426 822 1
671 996 1
408 807 1
664 992 1
565 928 1
132 476 1
552 919 1
314 717 1
80 373 1
739 1034 1
257 653 1
517 894 1
678 1000 1
429 825 1
587 943 1
663 991 1
616 962 1
706 1016 1
171 539 1
248 643 1
531 904 1
232 623 1
369 771 1
3 73 1
208 592 1
291 692 1
208 592 1
994 1152 1
717 1022 1
777 1054 1
708 1017 1
211 596 1
965 1140 1
602 953 1
708 1017 1
499 881 1
924 1123 1
506 886 1
244 638 1
385 786 1
56 313 1
678 1000 1
165 530 1
475 862 1
621 965 1
113 441 1
638 976 1
462 852 1
313 716 1
142 493 1
730 1030 1
710 1018 1
592 946 1
496 878 1
18 178 1
542 912 1
898 1112 1
937 1129 1
490 874 1
227 616 1
823 1077 1
311 714 1
628 970 1
308 710 1
466 855 1
364 766 1
888 1108 1
833 1082 1
271 670 1
975 1144 1
810 1071 1
12 145 1
972 1143 1
694 1009 1
3 73 1
531 904 1
705 1016 1
757 1044 1
619 964 1
38 258 1
37 255 1
411 809 1
226 615 1
459 849 1
337 740 1
108 432 1
220 607 1
496 878 1
520 896 1
664 992 1
145 498 1
376 778 1
286 687 1
328 731 1
47 287 1
710 1018 1
517 894 1
108 432 1
698 1012 1
414 812 1
705 1016 1
1000 1154 1
484 869 1
426 822 1
285 685 1
916 1120 1
493 876 1
514 892 1
722 1025 1
600 952 1
129 471 1
650 983 1
488 872 1
963 1140 1
478 865 1
73 356 1
623 966 1
693 1009 1
461 851 1
321 724 1
782 1057 1
184 558 1
297 699 1
88 391 1
122 458 1
792 1062 1
920 1122 1
440 834 1
853 1092 1
238 630 1
846 1088 1
853 1092 1
794 1063 1
896 1111 1
271 670 1
781 1057 1
728 1028 1
275 674 1
762 1047 1
84 382 1
548 916 1
437 831 1
428 824 1
167 533 1
286 687 1
560 925 1
770 1051 1
269 667 1
384 785 1
739 1034 1
946 1133 1
536 908 1
428 824 1
10 133 1
105 426 1
258 655 1
785 1059 1
494 877 1
583 940 1
152 509 1
501 882 1
864 1097 1
305 707 1
398 798 1
456 847 1
791 1062 1
796 1064 1
917 1120 1
574 934 1
867 1098 1
549 917 1
239 632 1
845 1088 1
1000 1154 1
465 854 1
759 1045 1
383 784 1
157 517 1
825 1078 1
992 1151 1
559 924 1
426 822 1
204 586 1
546 915 1
29 226 1
498 880 1
278 678 1
220 607 1
930 1126 1
617 963 1
647 981 1
124 462 1
543 913 1
883 1106 1
720 1024 1
799 1066 1
654 986 1
606 956 1
951 1135 1
156 516 1
979 1146 1
716 1022 1
837 1084 1
739 1034 1
268 666 1
211 596 1
466 855 1
574 934 1
107 430 1
574 934 1
809 1071 1
719 1023 1
794 1063 1
905 1115 1
770 1051 1
751 1041 1
706 1016 1
846 1088 1
842 1087 1
443 836 1
112 439 1
700 1013 1
351 754 1
418 815 1
289 690 1
523 899 1
4 84 1
628 970 1
361 764 1
78 368 1
230 620 1
198 578 1
395 795 1
826 1079 1
187 562 1
435 830 1
450 842 1
630 971 1
227 616 1
310 713 1
977 1145 1
488 872 1
15 162 1
632 972 1
614 961 1
42 271 1
7 111 1
701 1013 1
730 1030 1
991 1151 1
884 1106 1
296 698 1
450 842 1
137 484 1
386 787 1
622 966 1
927 1125 1
345 748 1
13 151 1
750 1040 1
929 1126 1
993 1151 1
891 1109 1
357 760 1
559 924 1
928 1125 1
82 377 1
402 801 1
611 959 1
127 467 1
13 151 1
961 1139 1
325 728 1
370 772 1
578 937 1
563 927 1
464 853 1
357 760 1
67 342 1
939 1130 1
255 651 1
223 611 1
172 540 1
853 1092 1
41 268 1
240 633 1
601 952 1
919 1121 1
13 151 1
204 586 1
305 707 1
266 664 1
899 1113 1
839 1085 1
155 514 1
966 1141 1
979 1146 1
597 950 1
644 980 1
488 872 1
157 517 1
899 1113 1
176 546 1
216 602 1
677 999 1
362 765 1
31 233 1
225 614 1
635 974 1
224 613 1
858 1094 1
401 800 1
732 1031 1
40 265 1
756 1044 1
383 784 1
266 664 1
629 970 1
592 946 1
500 881 1
200 581 1
93 401 1
68 344 1
714 1021 1
957 1137 1
970 1142 1
435 830 1
242 635 1
650 983 1
398 798 1
415 813 1
490 874 1
175 545 1
939 1130 1
114 443 1
781 1057 1
308 710 1
993 1151 1
411 809 1
771 1051 1
799 1066 1
544 914 1
676 999 1
194 572 1
291 692 1
875 1102 1
644 980 1
531 904 1
540 911 1
791 1062 1
884 1106 1
31 233 1
481 867 1
184 558 1
702 1014 1
336 739 1
763 1047 1
366 768 1
641 978 1
989 1150 1
658 988 1
157 517 1
607 956 1
658 988 1
859 1095 1
743 1037 1
863 1096 1
726 1027 1
603 954 1
606 956 1
16 168 1
922 1123 1
518 895 1
209 593 1
87 388 1
751 1041 1
952 1135 1
947 1133 1
883 1106 1
480 866 1
335 738 1
26 214 1
89 393 1
34 244 1
255 651 1
447 840 1
157 517 1
936 1128 1
579 938 1
947 1133 1
640 977 1
418 815 1
948 1133 1
267 665 1
859 1095 1
631 972 1
979 1146 1
861 1095 1
373 775 1
214 600 1
617 963 1
641 978 1
686 1005 1
76 364 1
9 126 1
2 59 1
642 978 1
162 525 1
234 625 1
905 1115 1
288 689 1
392 792 1
947 1133 1
686 1005 1
756 1044 1
604 954 1
262 659 1
277 677 1
942 1131 1
97 410 1
200 581 1
471 859 1
821 1077 1
445 838 1
275 674 1
781 1057 1
675 998 1
345 748 1
188 564 1
355 758 1
335 738 1
823 1077 1
143 495 1
923 1123 1
557 923 1
324 727 1
2 59 1
647 981 1
98 412 1
259 656 1
749 1040 1
677 999 1
919 1121 1
211 596 1
885 1106 1
75 361 1
160 522 1
567 930 1
498 880 1
205 588 1
957 1137 1
920 1122 1
127 467 1
997 1153 1
941 1131 1
863 1096 1
117 449 1
597 950 1
786 1059 1
927 1125 1
31 233 1
376 778 1
981 1147 1
889 1108 1
768 1050 1
483 868 1
889 1108 1
620 965 1
572 933 1
817 1075 1
559 924 1
336 739 1
591 946 1
554 921 1
485 870 1
7 111 1
935 1128 1
113 441 1
3 73 1
128 469 1
366 768 1
585 942 1
391 791 1
505 885 1
380 781 1
624 967 1
319 722 1
897 1112 1
143 495 1
147 501 1
438 832 1
683 1003 1
308 710 1
954 1136 1
644 980 1
431 826 1
864 1097 1
730 1030 1
514 892 1
818 1075 1
740 1035 1
120 454 1
535 907 1
835 1083 1
786 1059 1
626 968 1
996 1153 1
395 795 1
818 1075 1
271 670 1
629 970 1
672 996 1
925 1124 1
50 296 1
316 719 1
777 1054 1
328 731 1
785 1059 1
367 769 1
638 976 1
756 1044 1
501 882 1
927 1125 1
901 1113 1
545 914 1
855 1093 1
410 808 1
91 397 1
873 1101 1
280 680 1
403 802 1
340 743 1
666 993 1
611 959 1
103 422 1
916 1120 1
548 916 1
692 1008 1
907 1116 1
173 542 1
453 845 1
318 721 1
324 727 1
4 84 1
201 582 1
779 1056 1
118 451 1
492 875 1
887 1107 1
619 964 1
4 84 1
500 881 1
670 995 1
308 710 1
943 1131 1
532 905 1
489 873 1
540 911 1
41 268 1
445 838 1
727 1028 1
997 1153 1
172 540 1
151 508 1
112 439 1
481 867 1
353 756 1
508 887 1
795 1064 1
865 1097 1
95 406 1
726 1027 1
390 791 1
610 958 1
743 1037 1
890 1109 1
407 806 1
697 1011 1
123 460 1
87 388 1
687 1005 1
512 890 1
127 467 1
483 868 1
477 864 1
642 978 1
170 537 1
1 42 1
996 1153 1
813 1073 1
444 837 1
841 1086 1
727 1028 1
107 430 1
395 795 1
265 663 1
883 1106 1
98 412 1
226 615 1
18 178 1
421 818 1
658 988 1
172 540 1
422 819 1
152 509 1
108 432 1
427 823 1
349 752 1
856 1093 1
610 958 1
931 1126 1
725 1027 1
247 641 1
667 994 1
296 698 1
618 963 1
602 953 1
352 755 1
483 868 1
595 948 1
760 1046 1
887 1107 1
689 1006 1
508 887 1
355 758 1
301 703 1
768 1050 1
471 859 1
890 1109 1
276 675 1
994 1152 1
402 801 1
201 582 1
697 1011 1
35 248 1
687 1005 1
100 416 1
278 678 1
21 192 1
278 678 1
146 500 1
511 890 1
804 1068 1
348 751 1
740 1035 1
159 520 1
26 214 1
936 1128 1
194 572 1
310 713 1
981 1147 1
8 119 1
12 145 1
149 504 1
594 948 1
515 893 1
745 1038 1
659 989 1
593 947 1
945 1132 1
887 1107 1
564 928 1
108 432 1
96 408 1
870 1100 1
655 986 1
158 519 1
577 936 1
940 1130 1
159 520 1
817 1075 1
919 1121 1
874 1101 1
251 646 1
684 1004 1
304 706 1
81 375 1
234 625 1
816 1074 1
271 670 1
694 1009 1
249 644 1
454 845 1
920 1122 1
949 1134 1
712 1020 1
220 607 1
815 1074 1
374 776 1
619 964 1
575 935 1
264 662 1
608 957 1
5 94 1
733 1031 1
11 139 1
35 248 1
428 824 1
769 1050 1
406 805 1
477 864 1
32 237 1
646 981 1
436 831 1
798 1065 1
844 1088 1
664 992 1
62 329 1
341 744 1
696 1010 1
42 271 1
381 782 1
740 1035 1
579 938 1
573 934 1
650 983 1
154 513 1
226 615 1
600 952 1
127 467 1
853 1092 1
510 889 1
860 1095 1
858 1094 1
995 1152 1
265 663 1
528 902 1
439 833 1
216 602 1
436 831 1
738 1034 1
331 734 1
248 643 1
302 704 1
947 1133 1
964 1140 1
399 799 1
677 999 1
774 1053 1
257 653 1
321 724 1
899 1113 1
869 1099 1
67 342 1
9 126 1
729 1029 1
478 865 1
915 1120 1
901 1113 1
72 354 1
983 1148 1
750 1040 1
387 788 1
327 730 1
979 1146 1
1 42 1
295 696 1
898 1112 1
796 1064 1
681 1002 1
804 1068 1
331 734 1
971 1143 1
332 735 1
749 1040 1
978 1146 1
804 1068 1
722 1025 1
28 222 1
400 800 1
679 1001 1
473 861 1
218 605 1
164 528 1
480 866 1
385 786 1
198 578 1
158 519 1
509 888 1
978 1146 1
214 600 1
425 821 1
433 828 1
697 1011 1
304 706 1
6 103 1
753 1042 1
607 956 1
469 857 1
8 119 1
308 710 1
366 768 1
903 1114 1
853 1092 1
956 1137 1
659 989 1
77 366 1
921 1122 1
361 764 1
119 453 1
300 702 1
986 1149 1
486 871 1
104 424 1
403 802 1
559 924 1
832 1082 1
877 1103 1
747 1039 1
545 914 1
834 1083 1
799 1066 1
188 564 1
601 952 1
644 980 1
677 999 1
264 662 1
73 356 1
955 1136 1
708 1017 1
662 991 1
401 800 1
608 957 1
430 825 1
275 674 1
494 877 1
434 829 1
432 827 1
790 1061 1
289 690 1
120 454 1
579 938 1
56 313 1
298 700 1
594 948 1
274 673 1
680 1001 1
6 103 1
957 1137 1
92 399 1
44 278 1
657 988 1
11 139 1
166 531 1
167 533 1
453 845 1
133 478 1
470 858 1
871 1100 1
793 1063 1
612 959 1
17 173 1
468 857 1
827 1079 1
53 304 1
895 1111 1
585 942 1
950 1134 1
34 244 1
195 574 1
872 1101 1
930 1126 1
578 937 1
39 262 1
723 1026 1
897 1112 1
860 1095 1
124 462 1
633 973 1
956 1137 1
119 453 1
853 1092 1
176 546 1
570 932 1
659 989 1
714 1021 1
935 1128 1
63 332 1
168 534 1
206 589 1
767 1049 1
521 897 1
665 992 1
537 909 1
611 959 1
404 803 1
177 548 1
891 1109 1
865 1097 1
785 1059 1
406 805 1
154 513 1
598 950 1
784 1058 1
316 719 1
90 395 1
229 619 1
903 1114 1
583 940 1
526 901 1
551 919 1
38 258 1
861 1095 1
710 1018 1
547 916 1
815 1074 1
723 1026 1
516 893 1
444 837 1
906 1116 1
442 836 1
659 989 1
355 758 1
510 889 1
510 889 1
227 616 1
150 506 1
113 441 1
980 1146 1
282 682 1
464 853 1
801 1067 1
695 1010 1
40 265 1
121 456 1
612 959 1
251 646 1
185 560 1
598 950 1
542 912 1
709 1018 1
178 549 1
478 865 1
480 866 1
933 1127 1
340 743 1
886 1107 1
860 1095 1
271 670 1
616 962 1
827 1079 1
49 293 1
312 715 1
767 1049 1
204 586 1
123 460 1
74 359 1
528 902 1
539 910 1
408 807 1
348 751 1
27 218 1
696 1010 1
425 821 1
121 456 1
726 1027 1
587 943 1
185 560 1
12 145 1
263 660 1
89 393 1
3 73 1
460 850 1
859 1095 1
684 1004 1
778 1055 1
848 1089 1
47 287 1
737 1033 1
985 1148 1
421 818 1
12 145 1
519 896 1
312 715 1
470 858 1
490 874 1
498 880 1
819 1076 1
481 867 1
792 1062 1
918 1121 1
442 836 1
801 1067 1
845 1088 1
604 954 1
570 932 1
951 1135 1
900 1113 1
619 964 1
787 1060 1
192 570 1
53 304 1
644 980 1
879 1104 1
322 725 1
146 500 1
878 1103 1
17 173 1
769 1050 1
826 1079 1
64 334 1
695 1010 1
882 1105 1
627 969 1
793 1063 1
675 998 1
95 406 1
519 896 1
539 910 1
70 349 1
919 1121 1
455 846 1
631 972 1
457 848 1
858 1094 1
643 979 1
653 985 1
131 474 1
234 625 1
694 1009 1
985 1148 1
329 732 1
89 393 1
985 1148 1
776 1054 1
111 438 1
550 918 1
635 974 1
718 1023 1
101 418 1
439 833 1
260 657 1
9 126 1
493 876 1
46 284 1
957 1137 1
662 991 1
341 744 1
102 420 1
591 946 1
472 860 1
578 937 1
839 1085 1
310 713 1
525 900 1
212 597 1
226 615 1
653 985 1
320 723 1
534 906 1
394 794 1
947 1133 1
260 657 1
672 996 1
700 1013 1
264 662 1
423 820 1
937 1129 1
912 1118 1
170 537 1
633 973 1
629 970 1
26 214 1
445 838 1
447 840 1
528 902 1
673 997 1
524 899 1
541 911 1
231 622 1
993 1151 1
643 979 1
162 525 1
60 324 1
316 719 1
978 1146 1
481 867 1
226 615 1
567 930 1
522 898 1
909 1117 1
589 944 1
931 1126 1
284 684 1
934 1128 1
33 241 1
704 1015 1
71 352 1
998 1153 1
543 913 1
631 972 1
429 825 1
597 950 1
79 371 1
961 1139 1
486 871 1
851 1091 1
613 960 1
542 912 1
836 1084 1
401 800 1
513 891 1
355 758 1
410 808 1
481 867 1
644 980 1
360 763 1
171 539 1
760 1046 1
337 740 1
360 763 1
244 638 1
190 567 1
928 1125 1
681 1002 1
408 807 1
476 863 1
7 111 1
842 1087 1
585 942 1
685 1004 1
185 560 1
442 836 1
582 940 1
148 503 1
598 950 1
15 162 1
840 1086 1
72 354 1
546 915 1
751 1041 1
163 527 1
706 1016 1
123 460 1
784 1058 1
18 178 1
344 747 1
210 594 1
608 957 1
285 685 1
788 1060 1
887 1107 1
770 1051 1
340 743 1
92 399 1
152 509 1
91 397 1
338 741 1
930 1126 1
154 513 1
473 861 1
650 983 1
982 1147 1
132 476 1
764 1048 1
206 589 1
312 715 1
40 265 1
584 941 1
905 1115 1
657 988 1
367 769 1
839 1085 1
711 1019 1
143 495 1
919 1121 1
810 1071 1
159 520 1
470 858 1
908 1117 1
636 975 1
48 290 1
780 1056 1
400 800 1
161 524 1
179 551 1
447 840 1
282 682 1
853 1092 1
666 993 1
461 851 1
431 826 1
710 1018 1
97 410 1
636 975 1
215 601 1
98 412 1
71 352 1
175 545 1
212 597 1
711 1019 1
346 749 1
370 772 1
15 162 1
832 1082 1
377 779 1
882 1105 1
702 1014 1
702 1014 1
669 995 1
764 1048 1
67 342 1
905 1115 1
333 736 1
995 1152 1
547 916 1
692 1008 1
852 1091 1
489 873 1
134 479 1
32 237 1
57 316 1
424 820 1
150 506 1
335 738 1
703 1014 1
347 750 1
528 902 1
492 875 1
667 994 1
653 985 1
12 145 1
812 1072 1
651 984 1
867 1098 1
214 600 1
833 1082 1
89 393 1
318 721 1
898 1112 1
457 848 1
390 791 1
517 894 1
510 889 1
891 1109 1
917 1120 1
722 1025 1
905 1115 1
269 667 1
245 639 1
647 981 1
723 1026 1
110 436 1
594 948 1
293 694 1
151 508 1
721 1025 1
614 961 1
309 711 1
410 808 1
515 893 1
123 460 1
435 830 1
882 1105 1
655 986 1
74 359 1
660 989 1
866 1098 1
116 447 1
424 820 1
942 1131 1
572 933 1
821 1077 1
480 866 1
101 418 1
348 751 1
905 1115 1
482 868 1
438 832 1
159 520 1
660 989 1
844 1088 1
209 593 1
114 443 1
537 909 1
143 495 1
99 414 1
537 909 1
677 999 1
48 290 1
73 356 1
891 1109 1
177 548 1
637 975 1
506 886 1
169 536 1
553 920 1
409 807 1
898 1112 1
739 1034 1
592 946 1
285 685 1
686 1005 1
252 647 1
554 921 1
696 1010 1
48 290 1
555 921 1
489 873 1
192 570 1
779 1056 1
535 907 1
672 996 1
821 1077 1
93 401 1
922 1123 1
983 1148 1
959 1138 1
18 178 1
258 655 1
387 788 1
365 767 1
310 713 1
178 549 1
424 820 1
78 368 1
435 830 1
196 575 1
522 898 1
670 995 1
372 774 1
580 938 1
180 552 1
776 1054 1
372 774 1
933 1127 1
884 1106 1
44 278 1
734 1032 1
960 1138 1
626 968 1
160 522 1
89 393 1
708 1017 1
785 1059 1
625 968 1
398 798 1
189 565 1
782 1057 1
853 1092 1
497 879 1
297 699 1
221 609 1
877 1103 1
340 743 1
423 820 1
735 1032 1
74 359 1
895 1111 1
51 299 1
324 727 1
816 1074 1
797 1065 1
251 646 1
131 474 1
320 723 1
299 701 1
935 1128 1
95 406 1
707 1017 1
169 536 1
180 552 1
88 391 1
205 588 1
313 716 1
748 1039 1
842 1087 1
144 496 1
366 768 1
799 1066 1
489 873 1
72 354 1
805 1069 1
220 607 1
443 836 1
106 428 1
624 967 1
268 666 1
556 922 1
121 456 1
186 561 1
878 1103 1
234 625 1
238 630 1
95 406 1
335 738 1
192 570 1
900 1113 1
826 1079 1
87 388 1
640 977 1
655 986 1
956 1137 1
456 847 1
725 1027 1
140 490 1
828 1080 1
385 786 1
87 388 1
918 1121 1
571 932 1
103 422 1
35 248 1
2 59 1
84 382 1
378 780 1
674 998 1
222 610 1
741 1036 1
345 748 1
700 1013 1
573 934 1
880 1104 1
956 1137 1
167 533 1
206 589 1
234 625 1
984 1148 1
519 896 1
29 226 1
959 1138 1
878 1103 1
148 503 1
658 988 1
354 757 1
415 813 1
59 321 1
301 703 1
430 825 1
314 717 1
449 841 1
260 657 1
277 677 1
555 921 1
126 465 1
567 930 1
338 741 1
807 1070 1
577 936 1
205 588 1
884 1106 1
502 883 1
571 932 1
425 821 1
675 998 1
306 708 1
281 681 1
451 843 1
669 995 1
744 1037 1
517 894 1
560 925 1
975 1144 1
320 723 1
645 980 1
696 1010 1
686 1005 1
14 157 1
94 403 1
384 785 1
706 1016 1
193 571 1
439 833 1
994 1152 1
13 151 1
768 1050 1
803 1068 1
853 1092 1
565 928 1
166 531 1
646 981 1
149 504 1
921 1122 1
140 490 1
82 377 1
441 835 1
37 255 1
974 1144 1
872 1101 1
424 820 1
605 955 1
880 1104 1
188 564 1
221 609 1
807 1070 1
232 623 1
493 876 1
136 483 1
802 1067 1
189 565 1
21 192 1
576 936 1
683 1003 1
124 462 1
479 865 1
613 960 1
965 1140 1
149 504 1
21 192 1
76 364 1
245 639 1
603 954 1
371 773 1
198 578 1
613 960 1
663 991 1
49 293 1
155 514 1
702 1014 1
585 942 1
393 793 1
564 928 1
176 546 1
119 453 1
232 623 1
267 665 1
358 761 1
824 1078 1
317 720 1
761 1046 1
154 513 1
800 1066 1
222 610 1
552 919 1
661 990 1
564 928 1
465 854 1
913 1119 1
834 1083 1
663 991 1
591 946 1
865 1097 1
763 1047 1
978 1146 1
702 1014 1
316 719 1
364 766 1
11 139 1
58 318 1
305 707 1
798 1065 1
696 1010 1
432 827 1
116 447 1
775 1053 1
358 761 1
777 1054 1
411 809 1
52 302 1
373 775 1
29 226 1
897 1112 1
277 677 1
495 878 1
77 366 1
938 1129 1
202 583 1
161 524 1
960 1138 1
409 807 1
897 1112 1
276 675 1
229 619 1
95 406 1
150 506 1
891 1109 1
632 972 1
681 1002 1
793 1063 1
917 1120 1
702 1014 1
835 1083 1
32 237 1
17 173 1
859 1095 1
298 700 1
707 1017 1
347 750 1
253 649 1
676 999 1
184 558 1
862 1096 1
90 395 1
906 1116 1
783 1058 1
146 500 1
214 600 1
134 479 1
786 1059 1
404 803 1
527 901 1
473 861 1
22 197 1
361 764 1
447 840 1
413 811 1
222 610 1
266 664 1
514 892 1
7 111 1
401 800 1
446 839 1
915 1120 1
934 1128 1
922 1123 1
474 861 1
847 1089 1
186 561 1
154 513 1
427 823 1
578 937 1
846 1088 1
304 706 1
620 965 1
707 1017 1
101 418 1
467 856 1
925 1124 1
672 996 1
311 714 1
402 801 1
348 751 1
470 858 1
824 1078 1
539 910 1
144 496 1
83 380 1
418 815 1
209 593 1
510 889 1
20 188 1
438 832 1
67 342 1
497 879 1
110 436 1
324 727 1
524 899 1
358 761 1
97 410 1
523 899 1
474 861 1
755 1043 1
944 1132 1
597 950 1
412 810 1
736 1033 1
703 1014 1
365 767 1
388 789 1
852 1091 1
222 610 1
695 1010 1
23 201 1
371 773 1
534 906 1
92 399 1
44 278 1
381 782 1
13 151 1
42 271 1
313 716 1
35 248 1
305 707 1
898 1112 1
538 909 1
891 1109 1
68 344 1
807 1070 1
629 970 1
358 761 1
276 675 1
896 1111 1
25 210 1
588 944 1
431 826 1
576 936 1
961 1139 1
825 1078 1
209 593 1
418 815 1
71 352 1
653 985 1
638 976 1
495 878 1
144 496 1
44 278 1
160 522 1
179 551 1
424 820 1
170 537 1
828 1080 1
159 520 1
88 391 1
761 1046 1
998 1153 1
263 660 1
600 952 1
690 1007 1
45 281 1
281 681 1
59 321 1
889 1108 1
189 565 1
727 1028 1
685 1004 1
901 1113 1
933 1127 1
65 337 1
916 1120 1
380 781 1
233 624 1
604 954 1
432 827 1
247 641 1
991 1151 1
846 1088 1
65 337 1
785 1059 1
902 1114 1
922 1123 1
307 709 1
577 936 1
612 959 1
219 606 1
285 685 1
36 251 1
297 699 1
632 972 1
976 1145 1
136 483 1
148 503 1
698 1012 1
544 914 1
95 406 1
778 1055 1
493 876 1
720 1024 1
790 1061 1
443 836 1
620 965 1
393 793 1
980 1146 1
176 546 1
381 782 1
733 1031 1
663 991 1
697 1011 1
957 1137 1
67 342 1
83 380 1
821 1077 1
147 501 1
52 302 1
697 1011 1
338 741 1
860 1095 1
467 856 1
253 649 1
353 756 1
895 1111 1
338 741 1
269 667 1
908 1117 1
835 1083 1
49 293 1
464 853 1
267 665 1
24 205 1
42 271 1
431 826 1
704 1015 1
882 1105 1
345 748 1
760 1046 1
106 428 1
867 1098 1
285 685 1
77 366 1
525 900 1
799 1066 1
13 151 1
148 503 1
753 1042 1
384 785 1
755 1043 1
652 984 1
911 1118 1
676 999 1
728 1028 1
888 1108 1
963 1140 1
310 713 1
244 638 1
629 970 1
104 424 1
122 458 1
509 888 1
271 670 1
621 965 1
322 725 1
162 525 1
195 574 1
721 1025 1
981 1147 1
931 1126 1
443 836 1
730 1030 1
559 924 1
949 1134 1
683 1003 1
248 643 1
443 836 1
970 1142 1
33 241 1
35 248 1
160 522 1
689 1006 1
295 696 1
311 714 1
425 821 1
572 933 1
767 1049 1
293 694 1
232 623 1
737 1033 1
981 1147 1
175 545 1
901 1113 1
51 299 1
853 1092 1
266 664 1
463 853 1
898 1112 1
234 625 1
535 907 1
218 605 1
298 700 1
199 579 1
24 205 1
920 1122 1
65 337 1
39 262 1
720 1024 1
954 1136 1
982 1147 1
719 1023 1
247 641 1
319 722 1
370 772 1
733 1031 1
533 906 1
804 1068 1
529 903 1
414 812 1
101 418 1
236 628 1
570 932 1
675 998 1
959 1138 1
923 1123 1
892 1110 1
832 1082 1
8 119 1
611 959 1
625 968 1
386 787 1
310 713 1
1 42 1
977 1145 1
222 610 1
972 1143 1
610 958 1
150 506 1
408 807 1
930 1126 1
561 925 1
784 1058 1
776 1054 1
554 921 1
606 956 1
917 1120 1
365 767 1
601 952 1
858 1094 1
251 646 1
372 774 1
572 933 1
975 1144 1
483 868 1
616 962 1
645 980 1
305 707 1
287 688 1
788 1060 1
155 514 1
8 119 1
270 669 1
836 1084 1
668 994 1
889 1108 1
104 424 1
501 882 1
584 941 1
285 685 1
30 230 1
519 896 1
725 1027 1
360 763 1
172 540 1
32 237 1
880 1104 1
11 139 1
920 1122 1
739 1034 1
65 337 1
353 756 1
920 1122 1
231 622 1
395 795 1
103 422 1
433 828 1
626 968 1
304 706 1
204 586 1
88 391 1
108 432 1
934 1128 1
262 659 1
463 853 1
532 905 1
375 777 1
792 1062 1
259 656 1
348 751 1
765 1048 1
3 73 1
870 1100 1
748 1039 1
825 1078 1
266 664 1
45 281 1
974 1144 1
766 1049 1
732 1031 1
779 1056 1
933 1127 1
742 1036 1
580 938 1
928 1125 1
612 959 1
652 984 1
1000 1154 1
28 222 1
162 525 1
549 917 1
493 876 1
791 1062 1
646 981 1
430 825 1
272 671 1
630 971 1
365 767 1
866 1098 1
519 896 1
300 702 1
706 1016 1
509 888 1
195 574 1
946 1133 1
992 1151 1
576 936 1
37 255 1
530 904 1
320 723 1
781 1057 1
536 908 1
718 1023 1
858 1094 1
917 1120 1
276 675 1
383 784 1
58 318 1
988 1150 1
61 326 1
90 395 1
620 965 1
534 906 1
382 783 1
648 982 1
19 183 1
879 1104 1
343 746 1
400 800 1
453 845 1
442 836 1
773 1052 1
438 832 1
823 1077 1
13 151 1
601 952 1
861 1095 1
785 1059 1
302 704 1
270 669 1
544 914 1
758 1045 1
759 1045 1
243 636 1
702 1014 1
176 546 1
963 1140 1
789 1061 1
717 1022 1
244 638 1
143 495 1
557 923 1
348 751 1
394 794 1
379 780 1
642 978 1
63 332 1
873 1101 1
169 536 1
497 879 1
500 881 1
638 976 1
295 696 1
403 802 1
849 1090 1
892 1110 1
601 952 1
971 1143 1
223 611 1
442 836 1
564 928 1
20 188 1
92 399 1
16 168 1
687 1005 1
823 1077 1
816 1074 1
216 602 1
818 1075 1
902 1114 1
347 750 1
719 1023 1
894 1110 1
63 332 1
894 1110 1
139 488 1
76 364 1
701 1013 1
727 1028 1
349 752 1
965 1140 1
755 1043 1
862 1096 1
232 623 1
333 736 1
772 1052 1
885 1106 1
9 126 1
146 500 1
459 849 1
464 853 1
87 388 1
323 726 1
11 139 1
581 939 1
449 841 1
231 622 1
45 281 1
870 1100 1
471 859 1
806 1069 1
636 975 1
797 1065 1
401 800 1
331 734 1
43 274 1
540 911 1
241 634 1
154 513 1
35 248 1
373 775 1
584 941 1
201 582 1
773 1052 1
790 1061 1
667 994 1
774 1053 1
710 1018 1
994 1152 1
322 725 1
799 1066 1
257 653 1
493 876 1
214 600 1
443 836 1
356 759 1
299 701 1
645 980 1
886 1107 1
960 1138 1
515 893 1
962 1139 1
735 1032 1
34 244 1
26 214 1
974 1144 1
42 271 1
340 743 1
922 1123 1
889 1108 1
102 420 1
887 1107 1
957 1137 1
106 428 1
97 410 1
407 806 1
158 519 1
105 426 1
65 337 1
183 557 1
653 985 1
969 1142 1
762 1047 1
606 956 1
547 916 1
553 920 1
183 557 1
351 754 1
168 534 1
661 990 1
197 577 1
315 718 1
227 616 1
326 729 1
792 1062 1
566 929 1
257 653 1
142 493 1
611 959 1
924 1123 1
657 988 1
563 927 1
644 980 1
438 832 1
269 667 1
798 1065 1
704 1015 1
203 585 1
987 1149 1
196 575 1
91 397 1
215 601 1
107 430 1
706 1016 1
238 630 1
35 248 1
299 701 1
762 1047 1
301 703 1
479 865 1
138 486 1
934 1128 1
733 1031 1
166 531 1
594 948 1
935 1128 1
747 1039 1
757 1044 1
819 1076 1
335 738 1
871 1100 1
226 615 1
529 903 1
595 948 1
624 967 1
959 1138 1
910 1117 1
173 542 1
64 334 1
968 1142 1
648 982 1
346 749 1
275 674 1
599 951 1
846 1088 1
756 1044 1
362 765 1
571 932 1
375 777 1
239 632 1
545 914 1
14 157 1
879 1104 1
290 691 1
790 1061 1
524 899 1
734 1032 1
959 1138 1
439 833 1
979 1146 1
798 1065 1
732 1031 1
533 906 1
751 1041 1
1 42 1
923 1123 1
831 1081 1
493 876 1
165 530 1
787 1060 1
91 397 1
433 828 1
126 465 1
461 851 1
29 226 1
326 729 1
851 1091 1
518 895 1
124 462 1
162 525 1
574 934 1
565 928 1
893 1110 1
820 1076 1
11 139 1
568 930 1
627 969 1
259 656 1
451 843 1
461 851 1
701 1013 1
730 1030 1
69 347 1
898 1112 1
173 542 1
909 1117 1
261 658 1
174 543 1
971 1143 1
566 929 1
208 592 1
57 316 1
518 895 1
137 484 1
514 892 1
55 310 1
926 1124 1
224 613 1
872 1101 1
929 1126 1
210 594 1
463 853 1
719 1023 1
685 1004 1
231 622 1
279 679 1
154 513 1
66 339 1
694 1009 1
558 923 1
376 778 1
749 1040 1
760 1046 1
947 1133 1
715 1021 1
952 1135 1
112 439 1
527 901 1
243 636 1
411 809 1
342 745 1
677 999 1
998 1153 1
585 942 1
985 1148 1
612 959 1
857 1094 1
149 504 1
888 1108 1
484 869 1
935 1128 1
240 633 1
54 307 1
708 1017 1
192 570 1
575 935 1
928 1125 1
425 821 1
891 1109 1
897 1112 1
61 326 1
477 864 1
437 831 1
853 1092 1
155 514 1
845 1088 1
811 1072 1
601 952 1
272 671 1
690 1007 1
362 765 1
734 1032 1
844 1088 1
744 1037 1
878 1103 1
881 1105 1
362 765 1
705 1016 1
91 397 1
588 944 1
632 972 1
526 901 1
638 976 1
635 974 1
826 1079 1
993 1151 1
534 906 1
171 539 1
649 983 1
685 1004 1
835 1083 1
116 447 1
94 403 1
445 838 1
876 1102 1
562 926 1
640 977 1
804 1068 1
576 936 1
513 891 1
266 664 1
579 938 1
719 1023 1
124 462 1
657 988 1
80 373 1
47 287 1
735 1032 1
248 643 1
618 963 1
764 1048 1
898 1112 1
56 313 1
773 1052 1
351 754 1
979 1146 1
535 907 1
369 771 1
312 715 1
14 157 1
511 890 1
450 842 1
920 1122 1
284 684 1
432 827 1
734 1032 1
976 1145 1
486 871 1
676 999 1
852 1091 1
230 620 1
233 624 1
609 958 1
297 699 1
513 891 1
234 625 1
762 1047 1
42 271 1
79 371 1
275 674 1
25 210 1
242 635 1
910 1117 1
568 930 1
564 928 1
426 822 1
800 1066 1
54 307 1
900 1113 1
596 949 1
661 990 1
728 1028 1
550 918 1
176 546 1
550 918 1
601 952 1
565 928 1
203 585 1
21 192 1
42 271 1
265 663 1
789 1061 1
338 741 1
594 948 1
366 768 1
369 771 1
381 782 1
173 542 1
874 1101 1
288 689 1
27 218 1
659 989 1
281 681 1
744 1037 1
635 974 1
60 324 1
383 784 1
494 877 1
495 878 1
335 738 1
215 601 1
910 1117 1
972 1143 1
509 888 1
976 1145 1
335 738 1
102 420 1
590 945 1
256 652 1
583 940 1
102 420 1
139 488 1
200 581 1
111 438 1
738 1034 1
208 592 1
870 1100 1
61 326 1
331 734 1
751 1041 1
148 503 1
722 1025 1
359 762 1
776 1054 1
834 1083 1
608 957 1
744 1037 1
676 999 1
498 880 1
461 851 1
242 635 1
603 954 1
978 1146 1
794 1063 1
649 983 1
921 1122 1
789 1061 1
382 783 1
555 921 1
560 925 1
186 561 1
339 742 1
521 897 1
572 933 1
402 801 1
982 1147 1
6 103 1
921 1122 1
52 302 1
146 500 1
793 1063 1
541 911 1
786 1059 1
326 729 1
291 692 1
97 410 1
624 967 1
671 996 1
748 1039 1
108 432 1
729 1029 1
163 527 1
811 1072 1
764 1048 1
877 1103 1
292 693 1
17 173 1
786 1059 1
475 862 1
337 740 1
448 840 1
837 1084 1
357 760 1
479 865 1
534 906 1
229 619 1
814 1073 1
382 783 1
609 958 1
715 1021 1
291 692 1
42 271 1
402 801 1
957 1137 1
474 861 1
13 151 1
721 1025 1
899 1113 1
51 299 1
928 1125 1
551 919 1
673 997 1
628 970 1
554 921 1
649 983 1
268 666 1
215 601 1
773 1052 1
978 1146 1
999 1154 1
425 821 1
188 564 1
259 656 1
28 222 1
533 906 1
529 903 1
651 984 1
865 1097 1
36 251 1
282 682 1
551 919 1
918 1121 1
855 1093 1
702 1014 1
309 711 1
749 1040 1
66 339 1
278 678 1
153 511 1
680 1001 1
470 858 1
683 1003 1
903 1114 1
695 1010 1
307 709 1
659 989 1
199 579 1
701 1013 1
93 401 1
829 1080 1
209 593 1
385 786 1
145 498 1
79 371 1
786 1059 1
664 992 1
315 718 1
760 1046 1
190 567 1
219 606 1
649 983 1
751 1041 1
857 1094 1
563 927 1
45 281 1
724 1026 1
559 924 1
652 984 1
145 498 1
157 517 1
173 542 1
961 1139 1
60 324 1
306 708 1
15 162 1
703 1014 1
731 1030 1
124 462 1
433 828 1
69 347 1
493 876 1
358 761 1
672 996 1
978 1146 1
700 1013 1
629 970 1
57 316 1
424 820 1
754 1042 1
474 861 1
167 533 1
324 727 1
346 749 1
817 1075 1
152 509 1
477 864 1
656 987 1
833 1082 1
308 710 1
249 644 1
8 119 1
898 1112 1
46 284 1
533 906 1
205 588 1
447 840 1
953 1136 1
93 401 1
774 1053 1
474 861 1
586 942 1
234 625 1
867 1098 1
128 469 1
491 875 1
746 1038 1
206 589 1
679 1001 1
276 675 1
855 1093 1
500 881 1
714 1021 1
245 639 1
755 1043 1
315 718 1
93 401 1
53 304 1
609 958 1
952 1135 1
393 793 1
228 618 1
926 1124 1
975 1144 1
736 1033 1
991 1151 1
553 920 1
209 593 1
523 899 1
277 677 1
568 930 1
471 859 1
155 514 1
994 1152 1
43 274 1
445 838 1
532 905 1
992 1151 1
49 293 1
860 1095 1
501 882 1
143 495 1
643 979 1
655 986 1
127 467 1
67 342 1
141 491 1
455 846 1
902 1114 1
482 868 1
772 1052 1
725 1027 1
412 810 1
459 849 1
466 855 1
683 1003 1
427 823 1
97 410 1
626 968 1
844 1088 1
613 960 1
462 852 1
124 462 1
660 989 1
15 162 1
837 1084 1
563 927 1
824 1078 1
123 460 1
422 819 1
12 145 1
199 579 1
356 759 1
450 842 1
116 447 1
552 919 1
145 498 1
553 920 1
429 825 1
429 825 1
172 540 1
82 377 1
124 462 1
818 1075 1
688 1006 1
385 786 1
879 1104 1
704 1015 1
538 909 1
592 946 1
415 813 1
439 833 1
528 902 1
625 968 1
868 1099 1
540 911 1
101 418 1
432 827 1
821 1077 1
160 522 1
458 849 1
478 865 1
348 751 1
498 880 1
790 1061 1
602 953 1
387 788 1
17 173 1
373 775 1
166 531 1
237 629 1
553 920 1
689 1006 1
732 1031 1
364 766 1
576 936 1
12 145 1
373 775 1
869 1099 1
719 1023 1
490 874 1
594 948 1
263 660 1
388 789 1
270 669 1
977 1145 1
299 701 1
777 1054 1
335 738 1
957 1137 1
695 1010 1
232 623 1
872 1101 1
434 829 1
528 902 1
15 162 1
475 862 1
255 651 1
605 955 1
495 878 1
549 917 1
600 952 1
89 393 1
844 1088 1
266 664 1
790 1061 1
528 902 1
686 1005 1
260 657 1
172 540 1
675 998 1
559 924 1
665 992 1
786 1059 1
58 318 1
246 640 1
663 991 1
47 287 1
671 996 1
202 583 1
584 941 1
112 439 1
76 364 1
1000 1154 1
645 980 1
563 927 1
815 1074 1
782 1057 1
291 692 1
745 1038 1
493 876 1
894 1110 1
314 717 1
316 719 1
953 1136 1
887 1107 1
67 342 1
169 536 1
413 811 1
286 687 1
44 278 1
806 1069 1
482 868 1
47 287 1
687 1005 1
88 391 1
643 979 1
371 773 1
174 543 1
665 992 1
38 258 1
752 1041 1
346 749 1
861 1095 1
199 579 1
125 463 1
178 549 1
311 714 1
973 1144 1
706 1016 1
773 1052 1
995 1152 1
671 996 1
979 1146 1
162 525 1
690 1007 1
995 1152 1
412 810 1
803 1068 1
731 1030 1
332 735 1
960 1138 1
45 281 1
403 802 1
465 854 1
700 1013 1
374 776 1
591 946 1
556 922 1
842 1087 1
496 878 1
853 1092 1
968 1142 1
106 428 1
932 1127 1
805 1069 1
935 1128 1
869 1099 1
727 1028 1
406 805 1
140 490 1
282 682 1
222 610 1
309 711 1
885 1106 1
292 693 1
466 855 1
753 1042 1
205 588 1
92 399 1
496 878 1
85 384 1
833 1082 1
195 574 1
4 84 1
624 967 1
957 1137 1
512 890 1
241 634 1
953 1136 1
923 1123 1
191 568 1
316 719 1
28 222 1
641 978 1
137 484 1
241 634 1
458 849 1
89 393 1
546 915 1
594 948 1
128 469 1
543 913 1
705 1016 1
12 145 1
457 848 1
240 633 1
29 226 1
868 1099 1
757 1044 1
238 630 1
407 806 1
748 1039 1
632 972 1
631 972 1
774 1053 1
702 1014 1
757 1044 1
678 1000 1
146 500 1
874 1101 1
226 615 1
469 857 1
232 623 1
135 481 1
126 465 1
45 281 1
349 752 1
24 205 1
329 732 1
244 638 1
486 871 1
466 855 1
143 495 1
462 852 1
982 1147 1
931 1126 1
108 432 1
291 692 1
835 1083 1
929 1126 1
970 1142 1
10 133 1
895 1111 1
450 842 1
137 484 1
856 1093 1
36 251 1
649 983 1
858 1094 1
960 1138 1
258 655 1
587 943 1
34 244 1
797 1065 1
19 183 1
767 1049 1
987 1149 1
993 1151 1
167 533 1
748 1039 1
580 938 1
20 188 1
314 717 1
562 926 1
895 1111 1
153 511 1
616 962 1
44 278 1
382 783 1
848 1089 1
64 334 1
235 627 1
38 258 1
353 756 1
994 1152 1
328 731 1
78 368 1
244 638 1
735 1032 1
533 906 1
910 1117 1
805 1069 1
461 851 1
852 1091 1
888 1108 1
518 895 1
107 430 1
933 1127 1
888 1108 1
639 976 1
545 914 1
813 1073 1
50 296 1
720 1024 1
295 696 1
791 1062 1
639 976 1
525 900 1
209 593 1
22 197 1
763 1047 1
562 926 1
251 646 1
372 774 1
647 981 1
121 456 1
706 1016 1
22 197 1
710 1018 1
784 1058 1
996 1153 1
432 827 1
673 997 1
653 985 1
292 693 1
595 948 1
467 856 1
522 898 1
192 570 1
722 1025 1
920 1122 1
299 701 1
190 567 1
211 596 1
942 1131 1
185 560 1
974 1144 1
435 830 1
545 914 1
308 710 1
452 844 1
859 1095 1
862 1096 1
700 1013 1
563 927 1
438 832 1
602 953 1
829 1080 1
866 1098 1
309 711 1
356 759 1
685 1004 1
925 1124 1
404 803 1
984 1148 1
232 623 1
177 548 1
274 673 1
715 1021 1
852 1091 1
941 1131 1
307 709 1
289 690 1
205 588 1
565 928 1
896 1111 1
898 1112 1
421 818 1
348 751 1
961 1139 1
152 509 1
460 850 1
624 967 1
618 963 1
492 875 1
878 1103 1
170 537 1
94 403 1
925 1124 1
948 1133 1
300 702 1
895 1111 1
39 262 1
266 664 1
893 1110 1
845 1088 1
332 735 1
449 841 1
