5000 99107
299 300 1
796 798 1
429 429 1
65 66 1
623 624 1
702 702 1
999 999 1
401 402 1
196 198 1
904 906 1
204 204 0.843246
720 720 1
408 408 1
327 327 1
148 150 1
617 618 1
611 612 1
15 15 1
320 321 1
679 681 1
791 792 1
604 606 1
801 801 0.921189
893 894 1
246 246 0.741981
44 45 1
973 975 1
821 822 1
63 63 1
94 96 1
386 387 1
805 807 1
505 507 1
612 612 1
241 243 1
570 570 1
150 150 1
700 702 0.830426
564 564 1
897 897 1
713 714 1
595 597 1
39 39 1
848 849 1
304 306 0.809917
168 168 1
658 660 1
634 636 1
978 978 1
127 129 1
100 102 1
80 81 1
224 225 1
106 108 0.715107
953 954 1
919 921 1
224 225 1
329 330 1
869 870 1
336 336 1
45 45 1
235 237 1
271 273 1
539 540 1
512 513 1
434 435 1
766 768 1
811 813 1
770 771 1
115 117 1
78 78 1
404 405 0.825527
470 471 1
979 981 1
700 702 1
887 888 1
435 435 1
722 723 1
13 15 1
621 621 1
376 378 1
979 981 1
3 3 1
687 687 1
814 816 1
882 882 1
423 423 1
188 189 1
993 993 1
700 702 1
127 129 1
955 957 1
287 288 1
562 564 1
465 465 1
772 774 1
478 480 1
869 870 1
638 639 1
946 948 1
882 882 1
715 717 1
936 936 1
403 405 1
156 156 1
72 72 1
955 957 1
742 744 1
619 621 1
462 462 1
503 504 0.832253
923 924 1
199 201 1
645 645 1
787 789 1
70 72 1
72 72 1
322 324 1
811 813 1
60 60 1
939 939 1
684 684 1
603 603 1
668 669 1
253 255 1
698 699 1
874 876 0.75693
551 552 1
965 966 1
374 375 1
664 666 1
296 297 1
861 861 0.963913
12 12 1
431 432 1
565 567 1
922 924 1
955 957 1
660 660 1
979 981 1
327 327 1
362 363 1
543 543 1
173 174 1
325 327 1
716 717 0.79688
326 327 0.82203
652 654 1
38 39 0.63291
444 444 1
934 936 1
960 960 1
973 975 1
729 729 1
754 756 1
837 837 1
647 648 1
482 483 1
825 825 1
982 984 1
244 246 1
907 909 1
723 723 1
694 696 1
894 894 1
278 279 1
708 708 1
697 699 1
535 537 0.970055
330 330 1
864 864 0.943197
271 273 1
823 825 1
415 417 1
108 108 1
81 81 1
300 300 1
119 120 1
83 84 1
170 171 1
144 144 1
247 249 1
462 462 1
254 255 1
974 975 1
867 867 1
250 252 1
85 87 1
541 543 1
532 534 1
662 663 1
713 714 1
523 525 1
797 798 1
537 537 1
691 693 1
810 810 1
305 306 1
560 561 1
617 618 1
221 222 1
351 351 1
525 525 1
27 27 1
803 804 1
702 702 1
616 618 1
569 570 1
363 363 1
496 498 1
506 507 1
446 447 1
582 582 1
154 156 1
589 591 1
104 105 1
960 960 1
586 588 1
45 45 1
628 630 1
879 879 1
416 417 1
617 618 1
278 279 1
898 900 1
925 927 1
441 441 1
87 87 1
98 99 0.690092
950 951 1
545 546 1
564 564 1
691 693 1
649 651 1
741 741 1
654 654 1
300 300 1
782 783 1
11 12 1
84 84 1
394 396 1
430 432 1
499 501 1
25 27 1
289 291 1
87 87 0.941578
249 249 1
516 516 1
458 459 1
487 489 1
217 219 1
811 813 1
485 486 1
500 501 1
874 876 1
174 174 1
289 291 1
169 171 1
980 981 1
426 426 1
102 102 1
67 69 1
321 321 1
363 363 1
218 219 1
984 984 1
47 48 1
720 720 1
904 906 1
534 534 1
227 228 1
610 612 1
825 825 1
706 708 1
175 177 1
660 660 1
543 543 1
782 783 1
204 204 1
428 429 1
981 981 1
272 273 1
920 921 1
904 906 1
152 153 1
9 9 1
377 378 1
26 27 1
864 864 1
715 717 1
448 450 1
588 588 0.632636
79 81 1
234 234 1
231 231 1
548 549 1
376 378 1
508 510 1
410 411 0.716245
688 690 1
145 147 1
24 24 1
809 810 1
755 756 0.890892
353 354 1
122 123 1
908 909 1
822 822 1
778 780 1
389 390 1
493 495 1
823 825 1
391 393 1
767 768 1
585 585 1
413 414 1
358 360 1
584 585 1
551 552 1
72 72 1
263 264 1
562 564 1
478 480 1
757 759 1
52 54 1
802 804 1
459 459 1
408 408 1
998 999 1
829 831 1
416 417 1
201 201 1
885 885 1
683 684 1
790 792 1
695 696 1
432 432 1
760 762 1
211 213 0.790017
127 129 1
592 594 1
565 567 0.921957
636 636 1
341 342 0.915282
850 852 0.737306
898 900 1
860 861 1
752 753 1
537 537 1
271 273 1
450 450 1
570 570 1
735 735 1
174 174 1
239 240 1
246 246 1
100 102 1
147 147 1
445 447 1
640 642 1
445 447 1
155 156 1
80 81 1
744 744 1
174 174 1
480 480 1
240 240 0.777068
918 918 1
408 408 1
378 378 0.676799
613 615 1
911 912 1
555 555 1
951 951 1
617 618 1
390 390 1
244 246 1
891 891 1
233 234 0.841297
435 435 1
376 378 1
560 561 1
252 252 1
103 105 1
943 945 1
407 408 1
602 603 1
637 639 1
745 747 1
605 606 1
917 918 1
859 861 1
732 732 1
535 537 1
99 99 1
350 351 1
523 525 1
685 687 1
273 273 1
161 162 1
887 888 1
914 915 1
465 465 1
774 774 1
930 930 1
377 378 1
205 207 1
650 651 1
479 480 1
257 258 1
737 738 1
813 813 1
499 501 1
786 786 1
172 174 1
511 513 1
926 927 1
926 927 1
223 225 1
732 732 1
2 3 1
432 432 1
483 483 1
376 378 1
570 570 1
119 120 1
359 360 1
148 150 1
228 228 1
923 924 1
416 417 1
622 624 0.790013
399 399 1
239 240 0.890326
479 480 1
148 150 1
597 597 1
285 285 1
518 519 1
825 825 1
266 267 1
332 333 1
210 210 1
142 144 1
650 651 1
805 807 1
890 891 1
618 618 1
974 975 1
65 66 1
773 774 1
866 867 1
999 999 1
676 678 1
784 786 1
649 651 0.901702
377 378 1
285 285 1
550 552 1
176 177 1
121 123 1
947 948 1
85 87 1
671 672 1
183 183 1
537 537 1
231 231 1
201 201 1
829 831 1
290 291 1
173 174 1
84 84 1
237 237 1
981 981 1
478 480 1
558 558 1
197 198 1
169 171 1
238 240 1
97 99 1
222 222 1
74 75 1
551 552 1
31 33 1
153 153 1
314 315 0.923186
851 852 1
469 471 1
432 432 1
720 720 1
494 495 0.869268
524 525 1
419 420 1
732 732 1
192 192 1
643 645 1
79 81 1
648 648 1
705 705 1
638 639 1
160 162 1
832 834 1
155 156 1
466 468 1
24 24 1
658 660 1
27 27 1
557 558 1
141 141 1
918 918 1
152 153 1
314 315 1
350 351 1
95 96 1
642 642 1
371 372 1
310 312 0.937632
888 888 1
899 900 1
589 591 1
823 825 1
16 18 1
697 699 0.83017
559 561 1
648 648 1
910 912 1
737 738 1
906 906 1
496 498 1
564 564 1
29 30 1
129 129 1
399 399 1
679 681 1
119 120 1
850 852 1
435 435 1
53 54 1
11 12 1
444 444 0.916581
144 144 1
989 990 1
536 537 1
967 969 1
543 543 1
530 531 1
247 249 1
774 774 1
752 753 1
176 177 1
514 516 1
495 495 1
375 375 1
637 639 1
390 390 1
889 891 1
730 732 1
801 801 1
241 243 1
708 708 1
768 768 1
837 837 1
252 252 1
124 126 1
379 381 1
231 231 1
865 867 1
654 654 1
62 63 1
100 102 1
213 213 1
97 99 1
664 666 1
180 180 1
983 984 1
214 216 1
471 471 1
306 306 1
319 321 1
600 600 1
805 807 1
1 3 0.872709
151 153 1
748 750 1
358 360 1
279 279 1
661 663 1
178 180 1
207 207 1
965 966 1
974 975 0.889492
249 249 1
896 897 1
68 69 1
84 84 1
678 678 1
379 381 1
905 906 1
817 819 1
861 861 1
690 690 1
25 27 1
521 522 1
838 840 1
452 453 1
333 333 1
571 573 1
433 435 1
80 81 1
63 63 1
872 873 1
338 339 1
79 81 1
19 21 1
202 204 1
341 342 1
358 360 1
70 72 1
382 384 1
578 579 1
673 675 1
354 354 1
642 642 1
649 651 1
193 195 1
727 729 1
319 321 1
271 273 0.845034
518 519 1
723 723 1
487 489 1
543 543 1
910 912 1
67 69 1
959 960 1
18 18 1
676 678 1
471 471 1
654 654 1
119 120 1
984 984 1
785 786 1
692 693 1
914 915 1
845 846 1
766 768 1
83 84 1
153 153 1
101 102 1
107 108 1
345 345 0.819797
665 666 1
471 471 1
560 561 1
956 957 1
773 774 1
490 492 1
120 120 1
44 45 1
815 816 1
190 192 1
63 63 1
315 315 1
477 477 1
521 522 1
938 939 1
392 393 1
116 117 1
784 786 1
562 564 1
239 240 1
224 225 1
249 249 1
272 273 1
114 114 1
826 828 1
151 153 1
266 267 1
715 717 1
487 489 0.797425
205 207 1
12 12 1
774 774 1
400 402 0.863123
889 891 1
216 216 1
844 846 1
740 741 1
906 906 1
494 495 1
826 828 1
54 54 1
683 684 1
475 477 1
606 606 1
77 78 1
269 270 1
950 951 1
82 84 1
398 399 1
448 450 1
78 78 1
894 894 1
236 237 1
498 498 1
949 951 1
314 315 1
569 570 1
677 678 1
551 552 1
784 786 1
761 762 0.879153
421 423 1
819 819 1
694 696 1
533 534 1
447 447 1
880 882 1
682 684 1
389 390 0.992114
531 531 1
361 363 1
811 813 1
341 342 1
491 492 1
553 555 1
654 654 1
896 897 1
305 306 1
423 423 1
575 576 1
648 648 1
308 309 1
931 933 1
307 309 1
875 876 1
107 108 1
750 750 1
860 861 1
406 408 1
967 969 1
446 447 1
108 108 1
102 102 1
261 261 1
647 648 1
208 210 1
858 858 1
450 450 1
266 267 1
494 495 1
322 324 0.785115
772 774 1
137 138 1
431 432 1
210 210 1
7 9 1
336 336 1
509 510 1
383 384 1
621 621 1
750 750 1
965 966 1
184 186 1
796 798 1
265 267 1
366 366 1
870 870 1
68 69 1
517 519 1
824 825 1
812 813 1
278 279 1
205 207 1
662 663 1
567 567 1
125 126 1
648 648 1
339 339 1
622 624 1
264 264 1
893 894 0.893609
360 360 1
426 426 1
214 216 1
750 750 1
620 621 1
631 633 1
472 474 1
944 945 1
106 108 1
497 498 1
873 873 1
977 978 1
718 720 1
183 183 1
297 297 1
105 105 0.957445
487 489 1
715 717 1
837 837 1
297 297 1
566 567 1
112 114 1
816 816 0.605471
886 888 1
821 822 1
322 324 1
342 342 1
326 327 0.75996
489 489 1
305 306 1
51 51 1
953 954 1
976 978 1
557 558 1
31 33 1
641 642 1
59 60 1
810 810 1
20 21 1
458 459 1
373 375 1
406 408 1
638 639 1
586 588 1
465 465 1
870 870 1
497 498 1
433 435 1
39 39 1
220 222 1
967 969 1
970 972 0.938724
319 321 1
811 813 1
119 120 1
512 513 1
867 867 1
280 282 1
822 822 1
897 897 1
505 507 1
27 27 1
993 993 1
326 327 1
647 648 1
427 429 1
80 81 1
248 249 1
861 861 1
917 918 0.917818
517 519 1
484 486 1
486 486 1
518 519 1
466 468 0.873824
767 768 1
942 942 1
899 900 1
430 432 1
315 315 1
620 621 1
552 552 1
352 354 1
728 729 1
793 795 0.723872
413 414 1
522 522 1
747 747 1
399 399 1
402 402 1
631 633 1
433 435 1
963 963 1
628 630 1
724 726 1
620 621 1
371 372 1
165 165 1
138 138 1
837 837 1
984 984 1
711 711 1
482 483 1
455 456 1
741 741 1
353 354 1
967 969 1
858 858 0.946951
261 261 1
544 546 1
887 888 1
741 741 0.791146
72 72 1
607 609 1
522 522 1
819 819 1
942 942 1
807 807 1
657 657 1
759 759 1
370 372 1
966 966 1
111 111 1
455 456 1
8 9 1
956 957 1
379 381 1
771 771 1
662 663 1
81 81 1
868 870 1
862 864 1
158 159 1
736 738 1
395 396 1
20 21 1
42 42 1
455 456 1
36 36 1
850 852 1
318 318 1
436 438 1
396 396 1
633 633 1
338 339 1
121 123 1
60 60 1
499 501 1
333 333 1
672 672 1
100 102 1
716 717 1
970 972 1
294 294 1
984 984 1
841 843 1
102 102 1
180 180 1
86 87 1
908 909 1
47 48 1
705 705 1
477 477 1
269 270 1
654 654 1
185 186 1
448 450 1
570 570 1
245 246 1
680 681 1
1000 1002 1
759 759 1
410 411 1
279 279 1
757 759 1
510 510 1
538 540 1
270 270 1
773 774 1
713 714 1
198 198 1
391 393 1
691 693 1
10 12 1
488 489 1
489 489 1
945 945 1
657 657 1
158 159 1
898 900 1
957 957 1
661 663 1
470 471 1
19 21 1
215 216 1
977 978 1
144 144 1
912 912 1
969 969 1
457 459 1
823 825 1
45 45 1
789 789 1
442 444 1
295 297 1
177 177 1
194 195 1
724 726 1
656 657 1
662 663 1
943 945 1
811 813 1
225 225 1
174 174 1
358 360 1
689 690 1
725 726 1
743 744 1
938 939 1
830 831 1
113 114 1
576 576 1
641 642 1
320 321 1
675 675 1
321 321 0.776326
554 555 1
762 762 1
708 708 1
718 720 1
110 111 1
937 939 1
735 735 1
132 132 1
307 309 1
897 897 1
991 993 1
762 762 1
364 366 1
548 549 1
844 846 1
705 705 1
370 372 1
59 60 1
134 135 1
900 900 1
262 264 1
506 507 1
968 969 1
848 849 1
227 228 1
504 504 1
414 414 0.746151
829 831 1
896 897 1
668 669 1
910 912 1
746 747 1
508 510 1
808 810 1
995 996 1
948 948 1
744 744 1
674 675 1
212 213 1
63 63 1
608 609 1
318 318 1
769 771 1
51 51 1
33 33 1
524 525 1
934 936 1
424 426 1
684 684 1
527 528 1
293 294 1
66 66 1
793 795 1
524 525 1
641 642 1
677 678 1
196 198 1
599 600 1
181 183 1
385 387 1
972 972 1
497 498 1
712 714 1
134 135 1
350 351 1
876 876 1
515 516 0.817446
593 594 1
213 213 1
748 750 1
456 456 1
781 783 1
805 807 1
751 753 1
717 717 1
746 747 1
971 972 1
550 552 1
567 567 0.937745
2 3 1
630 630 1
481 483 1
119 120 1
102 102 1
601 603 1
286 288 1
400 402 1
516 516 1
6 6 1
875 876 0.847476
630 630 1
492 492 1
3 3 1
679 681 1
615 615 1
438 438 1
288 288 1
620 621 1
389 390 1
365 366 1
167 168 1
687 687 1
946 948 1
550 552 1
827 828 1
86 87 1
267 267 1
217 219 1
689 690 1
288 288 1
173 174 1
534 534 1
849 849 1
40 42 1
218 219 1
497 498 1
4 6 1
954 954 1
957 957 1
135 135 1
47 48 1
132 132 1
889 891 1
758 759 1
159 159 1
262 264 1
525 525 1
168 168 1
875 876 1
234 234 1
946 948 1
328 330 1
837 837 1
60 60 1
371 372 1
362 363 0.674555
144 144 1
538 540 1
875 876 1
327 327 1
211 213 1
76 78 1
578 579 1
582 582 1
683 684 1
93 93 1
616 618 1
940 942 1
492 492 1
351 351 1
704 705 1
180 180 1
889 891 1
43 45 1
654 654 1
735 735 1
623 624 1
958 960 1
545 546 1
573 573 1
750 750 1
941 942 1
105 105 1
442 444 1
935 936 1
569 570 1
649 651 1
609 609 1
654 654 1
755 756 1
77 78 1
996 996 1
345 345 1
569 570 1
917 918 0.887673
857 858 1
142 144 1
782 783 1
368 369 1
261 261 1
128 129 1
166 168 1
305 306 1
773 774 0.899197
907 909 1
766 768 1
941 942 1
528 528 1
267 267 1
656 657 1
171 171 1
854 855 0.916878
169 171 1
868 870 1
450 450 1
19 21 1
813 813 1
472 474 1
389 390 1
20 21 1
524 525 1
129 129 1
994 996 1
392 393 1
627 627 1
63 63 1
710 711 1
895 897 1
177 177 1
596 597 1
962 963 1
814 816 1
761 762 1
229 231 1
905 906 1
81 81 1
941 942 1
479 480 1
751 753 1
959 960 1
347 348 1
954 954 1
707 708 1
626 627 1
388 390 1
369 369 1
381 381 1
499 501 1
239 240 1
256 258 1
200 201 1
97 99 1
10 12 1
484 486 1
912 912 1
371 372 1
9 9 1
22 24 1
901 903 1
569 570 1
468 468 1
88 90 1
814 816 1
182 183 1
605 606 1
893 894 0.633618
486 486 1
88 90 1
567 567 1
997 999 1
698 699 0.837996
894 894 1
408 408 1
334 336 1
169 171 1
960 960 1
551 552 1
955 957 1
826 828 1
379 381 1
622 624 0.821032
177 177 1
448 450 1
290 291 1
480 480 1
861 861 1
969 969 1
901 903 1
683 684 1
926 927 1
402 402 1
45 45 1
231 231 1
616 618 1
140 141 1
29 30 1
981 981 1
431 432 1
258 258 1
346 348 1
225 225 1
832 834 1
616 618 1
396 396 1
504 504 1
923 924 0.767186
637 639 1
858 858 1
658 660 1
203 204 1
753 753 1
401 402 1
368 369 1
763 765 1
567 567 1
606 606 1
942 942 0.914055
266 267 1
148 150 1
918 918 1
2 3 1
920 921 1
365 366 1
605 606 1
122 123 1
62 63 1
573 573 1
747 747 1
722 723 1
346 348 1
540 540 1
216 216 1
907 909 1
48 48 1
896 897 1
761 762 1
229 231 1
841 843 1
927 927 1
632 633 1
925 927 1
511 513 1
411 411 1
71 72 0.897964
639 639 1
878 879 1
284 285 1
197 198 1
948 948 1
749 750 1
897 897 1
983 984 1
12 12 1
538 540 1
255 255 1
591 591 1
630 630 1
745 747 1
911 912 0.89207
425 426 1
730 732 1
429 429 1
972 972 1
792 792 1
518 519 1
733 735 1
618 618 1
205 207 1
165 165 1
88 90 1
176 177 1
200 201 1
873 873 1
185 186 1
422 423 1
724 726 1
65 66 1
699 699 1
287 288 1
855 855 1
411 411 1
972 972 1
896 897 1
903 903 1
963 963 1
126 126 1
534 534 1
645 645 0.729308
97 99 1
145 147 1
268 270 1
261 261 1
567 567 1
66 66 1
578 579 1
268 270 1
88 90 1
383 384 1
774 774 1
776 777 1
330 330 0.965265
120 120 1
927 927 1
835 837 1
676 678 1
15 15 1
796 798 1
456 456 1
144 144 1
8 9 1
504 504 1
180 180 1
162 162 1
705 705 1
849 849 1
621 621 1
14 15 1
739 741 1
324 324 1
182 183 1
885 885 1
166 168 1
586 588 1
121 123 1
184 186 1
408 408 1
94 96 1
146 147 1
907 909 1
607 609 1
164 165 1
810 810 1
803 804 1
154 156 1
595 597 1
746 747 1
208 210 1
835 837 1
140 141 1
19 21 1
75 75 1
887 888 1
480 480 1
84 84 1
352 354 1
979 981 1
428 429 1
611 612 1
509 510 1
793 795 1
152 153 1
154 156 1
681 681 1
273 273 1
315 315 1
771 771 1
333 333 1
799 801 1
209 210 1
316 318 1
910 912 1
571 573 1
853 855 1
76 78 1
752 753 1
676 678 1
86 87 1
291 291 1
676 678 1
924 924 1
957 957 1
277 279 1
922 924 1
238 240 1
125 126 1
543 543 1
247 249 1
50 51 1
242 243 1
288 288 1
864 864 1
792 792 1
490 492 1
945 945 1
429 429 1
872 873 1
806 807 1
557 558 1
774 774 1
536 537 1
825 825 1
849 849 1
337 339 1
293 294 1
535 537 1
292 294 1
481 483 1
520 522 1
671 672 1
40 42 1
544 546 1
498 498 1
577 579 1
631 633 1
741 741 1
63 63 1
33 33 1
686 687 1
278 279 1
31 33 1
953 954 1
340 342 1
71 72 1
392 393 1
90 90 1
419 420 1
113 114 1
389 390 1
403 405 1
814 816 1
564 564 1
705 705 1
16 18 1
193 195 1
300 300 1
204 204 1
764 765 1
212 213 1
687 687 1
844 846 1
894 894 1
216 216 1
884 885 1
533 534 1
32 33 1
295 297 1
509 510 1
697 699 1
642 642 1
847 849 1
533 534 1
376 378 1
723 723 1
448 450 1
59 60 1
9 9 1
584 585 1
177 177 1
917 918 1
766 768 1
666 666 1
774 774 1
733 735 1
476 477 1
756 756 1
92 93 0.913634
615 615 1
560 561 1
603 603 1
667 669 1
920 921 1
794 795 1
516 516 1
819 819 1
880 882 1
21 21 1
456 456 1
847 849 1
368 369 1
260 261 1
730 732 1
948 948 1
524 525 1
47 48 1
799 801 1
194 195 1
962 963 1
115 117 0.862669
644 645 1
889 891 0.527196
481 483 1
365 366 1
804 804 1
101 102 1
458 459 1
463 465 1
575 576 1
715 717 1
786 786 1
649 651 1
619 621 1
657 657 1
374 375 1
953 954 1
591 591 1
9 9 1
300 300 1
138 138 1
794 795 1
733 735 1
496 498 1
129 129 1
456 456 1
132 132 1
852 852 0.89082
762 762 1
541 543 1
75 75 0.80839
718 720 1
559 561 0.725142
815 816 1
29 30 1
885 885 1
641 642 1
847 849 1
563 564 1
156 156 1
196 198 1
944 945 1
748 750 1
366 366 1
911 912 1
14 15 1
38 39 1
631 633 1
65 66 1
1000 1002 1
698 699 1
177 177 1
861 861 1
375 375 1
939 939 1
764 765 1
206 207 1
324 324 1
799 801 1
203 204 1
691 693 1
485 486 1
716 717 1
214 216 1
148 150 1
847 849 1
268 270 1
730 732 1
514 516 1
965 966 1
857 858 1
826 828 1
602 603 1
399 399 1
537 537 1
577 579 0.775445
26 27 1
196 198 1
730 732 1
757 759 1
130 132 1
888 888 1
350 351 1
509 510 1
660 660 0.742697
733 735 1
320 321 1
483 483 1
813 813 1
702 702 1
125 126 1
435 435 1
585 585 1
79 81 1
164 165 1
593 594 1
33 33 1
598 600 1
550 552 1
295 297 1
928 930 1
629 630 1
397 399 1
788 789 1
649 651 1
629 630 1
168 168 1
629 630 1
859 861 1
619 621 1
525 525 1
631 633 1
949 951 1
182 183 1
510 510 0.940553
362 363 1
297 297 0.659046
830 831 1
796 798 1
895 897 1
892 894 1
310 312 1
30 30 1
507 507 1
588 588 0.900544
91 93 1
283 285 1
937 939 1
176 177 1
651 651 1
499 501 1
203 204 1
747 747 1
582 582 1
265 267 0.755363
682 684 1
305 306 1
248 249 1
731 732 1
977 978 1
368 369 1
300 300 1
936 936 0.79512
677 678 1
280 282 1
98 99 1
776 777 1
391 393 1
43 45 1
529 531 1
216 216 1
31 33 0.786718
21 21 1
621 621 1
115 117 1
922 924 1
844 846 1
818 819 1
409 411 1
206 207 1
608 609 1
982 984 1
371 372 1
240 240 1
28 30 1
186 186 1
524 525 1
140 141 1
115 117 1
769 771 1
169 171 1
460 462 1
731 732 1
184 186 1
713 714 1
95 96 1
973 975 1
132 132 1
46 48 1
580 582 1
298 300 1
750 750 1
314 315 1
140 141 1
791 792 1
409 411 1
802 804 1
954 954 1
481 483 1
554 555 1
734 735 1
278 279 1
609 609 1
703 705 1
750 750 1
301 303 1
497 498 1
320 321 1
398 399 1
554 555 1
573 573 1
609 609 1
178 180 1
633 633 1
427 429 1
661 663 1
170 171 1
933 933 1
890 891 1
852 852 1
127 129 1
721 723 1
582 582 1
477 477 1
459 459 1
612 612 1
642 642 1
92 93 1
453 453 1
907 909 1
508 510 1
981 981 1
434 435 1
666 666 1
908 909 1
718 720 1
804 804 1
90 90 1
356 357 1
849 849 1
655 657 1
981 981 1
529 531 1
471 471 1
422 423 1
885 885 1
888 888 1
933 933 1
282 282 1
496 498 1
273 273 1
10 12 1
395 396 1
494 495 1
735 735 1
622 624 1
436 438 1
584 585 1
718 720 1
45 45 1
979 981 1
403 405 1
803 804 1
922 924 1
822 822 1
251 252 1
31 33 1
123 123 1
918 918 1
784 786 1
876 876 1
995 996 1
311 312 1
379 381 1
789 789 0.775512
531 531 1
310 312 1
137 138 1
650 651 1
647 648 1
185 186 1
830 831 0.90542
841 843 1
398 399 1
586 588 1
715 717 1
382 384 0.981048
970 972 1
660 660 1
153 153 1
931 933 1
60 60 1
131 132 1
587 588 1
544 546 1
145 147 1
352 354 1
759 759 1
924 924 1
447 447 1
771 771 1
605 606 1
25 27 1
335 336 1
246 246 1
342 342 1
643 645 1
700 702 1
440 441 1
197 198 1
585 585 1
971 972 1
399 399 1
17 18 1
922 924 1
545 546 1
628 630 1
889 891 1
249 249 1
511 513 1
843 843 1
334 336 0.660497
993 993 1
9 9 1
55 57 1
236 237 1
481 483 1
594 594 1
250 252 1
864 864 1
529 531 1
576 576 1
498 498 1
19 21 1
243 243 1
350 351 1
381 381 1
861 861 1
290 291 1
341 342 1
798 798 1
626 627 1
581 582 1
985 987 1
148 150 1
480 480 1
732 732 1
802 804 1
961 963 1
38 39 1
218 219 1
215 216 1
681 681 1
103 105 1
193 195 1
604 606 1
583 585 1
76 78 1
376 378 1
125 126 1
338 339 1
653 654 1
176 177 1
120 120 0.769367
893 894 1
424 426 1
242 243 1
183 183 1
706 708 1
824 825 1
538 540 1
531 531 1
670 672 1
567 567 1
543 543 1
705 705 1
760 762 1
99 99 1
32 33 1
104 105 1
194 195 1
324 324 1
759 759 1
241 243 1
342 342 1
700 702 1
362 363 1
349 351 1
665 666 1
429 429 1
212 213 1
98 99 1
250 252 1
902 903 1
744 744 1
806 807 0.963382
387 387 1
878 879 1
662 663 1
130 132 1
47 48 1
15 15 1
467 468 1
423 423 1
482 483 1
787 789 1
541 543 1
356 357 1
868 870 0.964257
50 51 1
284 285 1
941 942 1
837 837 1
754 756 1
458 459 1
773 774 1
330 330 1
973 975 1
475 477 1
773 774 0.946743
958 960 1
998 999 1
749 750 1
698 699 1
25 27 1
555 555 1
873 873 1
74 75 1
484 486 1
20 21 1
936 936 1
814 816 1
915 915 1
434 435 1
542 543 1
746 747 1
777 777 1
984 984 1
401 402 1
624 624 1
926 927 1
741 741 1
26 27 1
232 234 1
604 606 1
976 978 1
330 330 1
523 525 1
853 855 1
266 267 1
798 798 1
146 147 1
559 561 1
39 39 1
916 918 1
755 756 1
87 87 1
284 285 1
547 549 1
652 654 1
217 219 1
506 507 1
526 528 1
206 207 1
94 96 1
121 123 1
745 747 1
106 108 0.93518
227 228 1
53 54 1
674 675 1
55 57 1
592 594 1
772 774 0.773129
608 609 1
825 825 1
854 855 1
222 222 1
167 168 1
275 276 1
752 753 1
939 939 1
250 252 1
654 654 1
874 876 1
680 681 1
591 591 1
431 432 1
837 837 1
850 852 1
534 534 1
212 213 1
344 345 1
112 114 1
914 915 1
23 24 1
24 24 1
652 654 1
334 336 1
137 138 1
792 792 1
867 867 1
992 993 1
775 777 1
65 66 1
104 105 1
96 96 1
609 609 1
771 771 1
756 756 1
385 387 1
325 327 1
801 801 1
81 81 1
79 81 1
232 234 1
241 243 1
561 561 1
8 9 1
269 270 1
337 339 1
723 723 1
443 444 1
587 588 0.845254
395 396 1
750 750 1
363 363 1
762 762 1
449 450 1
436 438 1
35 36 1
622 624 1
201 201 1
664 666 1
923 924 1
474 474 1
993 993 1
839 840 1
73 75 1
774 774 1
43 45 1
106 108 1
433 435 1
850 852 1
762 762 1
850 852 1
165 165 1
208 210 1
803 804 1
275 276 1
229 231 1
756 756 1
437 438 1
569 570 1
744 744 1
431 432 1
336 336 1
397 399 1
728 729 1
96 96 1
89 90 1
680 681 1
922 924 1
817 819 1
340 342 1
357 357 1
147 147 1
895 897 1
936 936 1
163 165 1
475 477 1
697 699 1
102 102 1
393 393 1
573 573 1
760 762 1
154 156 1
664 666 1
349 351 1
22 24 1
416 417 1
532 534 1
560 561 1
799 801 1
983 984 1
211 213 1
543 543 1
730 732 1
441 441 1
579 579 1
403 405 1
311 312 1
112 114 1
975 975 1
250 252 1
346 348 1
211 213 1
803 804 1
840 840 1
582 582 1
854 855 1
707 708 1
815 816 1
139 141 1
333 333 1
623 624 1
767 768 1
657 657 1
537 537 1
122 123 1
317 318 1
986 987 1
1000 1002 1
542 543 1
256 258 1
451 453 1
361 363 1
176 177 1
775 777 1
338 339 1
485 486 1
74 75 1
244 246 1
889 891 1
871 873 1
683 684 1
747 747 1
401 402 1
788 789 1
224 225 1
619 621 1
424 426 1
284 285 1
959 960 1
243 243 1
651 651 1
486 486 1
550 552 1
926 927 1
803 804 1
759 759 1
256 258 1
519 519 1
588 588 1
971 972 1
831 831 1
461 462 1
329 330 1
994 996 1
786 786 1
319 321 1
441 441 1
380 381 1
625 627 1
393 393 1
173 174 1
957 957 1
283 285 1
925 927 1
518 519 1
153 153 1
14 15 1
802 804 1
995 996 1
112 114 1
47 48 1
248 249 1
489 489 1
67 69 1
141 141 1
377 378 1
608 609 1
708 708 1
42 42 1
410 411 1
316 318 1
362 363 1
913 915 1
39 39 1
57 57 1
354 354 1
281 282 1
449 450 1
790 792 1
662 663 1
223 225 1
739 741 1
659 660 1
409 411 1
751 753 1
600 600 1
138 138 1
529 531 0.928357
924 924 1
887 888 1
744 744 1
524 525 1
491 492 1
895 897 1
253 255 1
626 627 1
668 669 1
482 483 1
719 720 1
737 738 1
768 768 1
597 597 1
139 141 1
723 723 1
227 228 1
38 39 1
556 558 1
529 531 1
675 675 1
229 231 1
281 282 1
779 780 1
190 192 1
507 507 1
955 957 1
653 654 1
976 978 1
325 327 1
20 21 1
940 942 1
98 99 1
873 873 1
456 456 1
246 246 1
347 348 1
991 993 1
679 681 1
861 861 1
539 540 1
681 681 0.825986
441 441 1
644 645 1
722 723 0.898749
970 972 0.69957
320 321 1
592 594 1
685 687 1
939 939 1
665 666 1
815 816 1
825 825 1
897 897 1
962 963 1
924 924 1
278 279 1
887 888 1
485 486 1
824 825 1
252 252 1
786 786 0.849219
923 924 1
370 372 1
88 90 1
376 378 1
258 258 1
432 432 1
784 786 1
503 504 1
991 993 1
491 492 1
970 972 1
340 342 1
244 246 1
519 519 1
385 387 1
201 201 1
850 852 1
399 399 1
736 738 1
812 813 1
607 609 1
165 165 1
348 348 1
574 576 1
194 195 1
87 87 1
93 93 1
513 513 1
977 978 1
475 477 1
989 990 1
713 714 1
849 849 1
299 300 1
359 360 1
20 21 1
262 264 1
969 969 1
512 513 1
313 315 1
630 630 1
532 534 1
50 51 1
516 516 1
305 306 1
544 546 1
347 348 1
864 864 1
499 501 1
114 114 1
26 27 1
523 525 1
736 738 1
137 138 1
858 858 1
229 231 1
127 129 1
958 960 1
860 861 1
912 912 0.631751
696 696 1
244 246 1
321 321 1
393 393 1
541 543 1
632 633 1
181 183 1
21 21 1
748 750 1
889 891 1
429 429 1
988 990 1
778 780 1
944 945 1
65 66 1
682 684 1
305 306 1
129 129 1
570 570 1
360 360 1
826 828 1
680 681 1
812 813 1
470 471 0.828802
171 171 1
285 285 1
69 69 1
612 612 1
339 339 1
320 321 1
76 78 1
44 45 0.896364
48 48 1
572 573 1
290 291 1
810 810 0.921851
903 903 1
759 759 0.96347
260 261 1
571 573 1
36 36 1
856 858 1
870 870 1
769 771 1
157 159 1
136 138 1
913 915 1
660 660 0.832694
378 378 1
129 129 1
829 831 1
506 507 1
704 705 1
241 243 1
279 279 1
23 24 0.830952
481 483 1
336 336 1
612 612 1
645 645 1
484 486 1
13 15 1
443 444 1
397 399 1
347 348 1
604 606 1
927 927 1
692 693 1
679 681 1
722 723 1
802 804 1
79 81 1
974 975 1
807 807 1
835 837 1
870 870 1
781 783 1
786 786 1
192 192 1
180 180 1
150 150 1
40 42 1
908 909 1
740 741 1
395 396 1
942 942 1
122 123 1
973 975 1
328 330 1
529 531 1
551 552 1
175 177 1
460 462 1
805 807 1
3 3 1
996 996 1
240 240 1
75 75 1
720 720 1
415 417 1
398 399 1
336 336 1
25 27 1
839 840 1
858 858 1
500 501 1
716 717 1
644 645 1
988 990 1
416 417 1
384 384 1
985 987 1
452 453 0.569503
271 273 1
759 759 1
80 81 1
12 12 1
325 327 1
805 807 1
608 609 1
385 387 1
498 498 1
974 975 1
298 300 1
530 531 1
640 642 1
947 948 1
559 561 1
647 648 0.824572
632 633 1
413 414 1
171 171 1
466 468 1
585 585 1
992 993 1
397 399 1
337 339 0.932166
985 987 1
289 291 1
244 246 1
257 258 1
145 147 1
528 528 1
915 915 1
180 180 1
692 693 1
870 870 1
205 207 1
420 420 1
184 186 1
264 264 1
177 177 1
861 861 1
371 372 1
497 498 1
182 183 1
662 663 1
870 870 1
163 165 1
152 153 1
368 369 1
717 717 1
998 999 1
161 162 1
997 999 1
573 573 1
943 945 1
984 984 1
97 99 1
436 438 1
322 324 1
477 477 1
356 357 1
84 84 1
576 576 1
786 786 0.733822
950 951 1
440 441 1
306 306 1
995 996 1
161 162 1
797 798 1
691 693 1
894 894 1
235 237 1
122 123 1
625 627 1
564 564 1
536 537 1
736 738 1
987 987 1
757 759 1
139 141 1
889 891 1
452 453 1
231 231 1
486 486 1
388 390 1
70 72 1
168 168 1
708 708 1
335 336 1
96 96 1
239 240 1
510 510 1
163 165 1
840 840 1
294 294 1
666 666 1
348 348 1
249 249 1
330 330 1
837 837 1
182 183 1
302 303 1
937 939 1
554 555 1
560 561 1
20 21 1
802 804 1
297 297 0.713264
828 828 1
219 219 1
400 402 1
768 768 1
588 588 1
29 30 1
487 489 1
292 294 1
582 582 1
262 264 1
413 414 1
73 75 1
537 537 1
481 483 1
730 732 1
957 957 1
509 510 1
169 171 1
127 129 1
761 762 1
751 753 1
869 870 1
506 507 1
263 264 1
98 99 1
1 3 1
160 162 1
996 996 1
150 150 1
748 750 1
145 147 1
383 384 1
580 582 1
940 942 1
8 9 1
368 369 1
751 753 1
347 348 1
160 162 1
961 963 1
860 861 1
53 54 1
903 903 1
504 504 1
626 627 1
639 639 1
230 231 1
539 540 1
339 339 1
681 681 1
750 750 1
881 882 1
969 969 1
628 630 1
916 918 1
23 24 1
121 123 1
141 141 1
29 30 1
800 801 1
466 468 1
775 777 1
666 666 1
572 573 1
718 720 1
164 165 1
541 543 1
665 666 1
520 522 1
797 798 1
98 99 1
172 174 1
84 84 1
548 549 1
518 519 1
945 945 1
754 756 1
217 219 1
787 789 1
190 192 1
163 165 1
306 306 1
225 225 1
660 660 1
529 531 1
32 33 1
878 879 1
693 693 1
475 477 1
432 432 0.956325
807 807 1
543 543 1
606 606 1
927 927 1
348 348 1
926 927 1
172 174 1
429 429 1
495 495 1
413 414 1
857 858 1
691 693 1
997 999 1
534 534 1
384 384 1
844 846 1
243 243 1
220 222 1
226 228 1
927 927 1
409 411 1
1000 1002 1
910 912 1
746 747 1
826 828 1
225 225 1
418 420 1
816 816 1
202 204 1
978 978 1
280 282 1
996 996 1
662 663 1
191 192 1
113 114 1
971 972 1
791 792 1
551 552 1
997 999 1
566 567 1
150 150 1
763 765 1
368 369 1
965 966 1
177 177 1
357 357 0.905504
391 393 1
532 534 1
668 669 1
138 138 1
752 753 1
273 273 1
633 633 1
176 177 1
253 255 1
547 549 1
144 144 1
440 441 1
177 177 1
460 462 1
542 543 1
108 108 1
968 969 1
152 153 1
978 978 1
73 75 1
99 99 1
99 99 1
235 237 0.899074
830 831 1
570 570 1
631 633 1
843 843 1
963 963 1
743 744 1
851 852 1
638 639 1
330 330 1
225 225 1
540 540 1
819 819 1
801 801 1
30 30 1
247 249 1
593 594 1
686 687 1
903 903 1
828 828 1
171 171 0.984486
649 651 1
687 687 1
261 261 1
732 732 1
101 102 1
484 486 1
884 885 1
691 693 1
886 888 1
516 516 1
24 24 1
680 681 1
59 60 1
577 579 1
280 282 1
148 150 1
557 558 1
461 462 0.919409
941 942 1
605 606 1
470 471 1
502 504 1
812 813 1
535 537 1
707 708 1
2 3 1
881 882 0.738923
11 12 1
290 291 1
116 117 1
173 174 1
475 477 1
36 36 1
389 390 1
609 609 1
19 21 1
979 981 1
747 747 1
864 864 1
370 372 1
596 597 1
692 693 1
504 504 1
494 495 1
342 342 1
35 36 1
281 282 0.82998
275 276 1
145 147 1
938 939 1
740 741 1
812 813 1
504 504 0.930004
438 438 1
380 381 1
472 474 1
767 768 1
614 615 1
120 120 1
142 144 1
356 357 1
460 462 1
654 654 1
216 216 1
489 489 1
289 291 1
945 945 1
219 219 1
912 912 1
972 972 1
332 333 1
133 135 1
37 39 1
428 429 1
453 453 0.852591
950 951 1
568 570 1
161 162 1
882 882 1
15 15 1
520 522 1
878 879 1
310 312 1
821 822 1
464 465 1
89 90 1
460 462 1
958 960 1
580 582 1
713 714 1
898 900 1
586 588 1
533 534 1
199 201 1
432 432 1
443 444 1
601 603 1
309 309 1
214 216 1
429 429 1
611 612 1
553 555 1
705 705 1
150 150 1
112 114 1
58 60 1
989 990 1
654 654 1
71 72 0.933978
561 561 1
275 276 1
72 72 1
248 249 1
890 891 1
301 303 1
887 888 1
542 543 1
688 690 1
53 54 1
817 819 1
340 342 1
515 516 1
841 843 1
415 417 1
515 516 1
237 237 1
305 306 1
282 282 1
890 891 1
56 57 1
991 993 1
55 57 1
236 237 0.906611
609 609 1
573 573 1
379 381 1
325 327 1
24 24 1
482 483 1
80 81 1
677 678 1
285 285 1
845 846 1
542 543 1
579 579 1
252 252 1
304 306 1
338 339 1
802 804 0.690225
889 891 1
565 567 1
401 402 1
927 927 1
684 684 1
164 165 1
509 510 1
712 714 1
214 216 1
843 843 1
119 120 1
982 984 1
458 459 1
707 708 1
354 354 1
675 675 1
692 693 1
842 843 1
710 711 1
572 573 1
109 111 1
611 612 1
946 948 1
56 57 1
76 78 1
215 216 1
601 603 1
551 552 1
765 765 0.705761
518 519 1
30 30 1
860 861 0.894884
398 399 1
238 240 1
647 648 1
931 933 1
973 975 1
195 195 1
748 750 1
130 132 1
387 387 1
404 405 1
848 849 1
171 171 1
11 12 1
308 309 1
231 231 1
272 273 1
163 165 1
550 552 1
710 711 1
678 678 1
537 537 1
696 696 1
390 390 1
482 483 1
710 711 1
616 618 1
865 867 1
430 432 1
46 48 1
937 939 1
251 252 1
828 828 1
38 39 1
591 591 0.784977
873 873 1
929 930 1
828 828 1
454 456 1
285 285 1
163 165 1
306 306 1
150 150 1
639 639 1
203 204 1
179 180 1
706 708 1
357 357 1
932 933 0.78104
364 366 1
131 132 1
995 996 1
121 123 1
36 36 1
233 234 1
819 819 1
658 660 1
19 21 1
762 762 1
663 663 1
695 696 1
790 792 1
73 75 1
537 537 1
467 468 1
793 795 1
320 321 1
961 963 1
146 147 1
563 564 1
997 999 1
206 207 1
114 114 0.877554
357 357 1
480 480 1
11 12 1
773 774 0.909737
522 522 1
499 501 1
796 798 1
725 726 1
936 936 1
168 168 1
158 159 1
399 399 1
406 408 1
342 342 1
202 204 1
56 57 1
755 756 1
36 36 1
161 162 0.690058
186 186 1
301 303 0.947879
372 372 1
160 162 1
599 600 1
463 465 1
273 273 1
438 438 1
324 324 1
24 24 1
376 378 1
633 633 1
287 288 1
963 963 1
922 924 1
68 69 1
834 834 0.902286
273 273 1
368 369 1
540 540 1
413 414 1
408 408 1
717 717 1
309 309 1
166 168 1
55 57 1
832 834 1
153 153 1
868 870 1
439 441 1
894 894 1
817 819 1
271 273 0.588147
227 228 1
827 828 1
177 177 1
146 147 1
528 528 1
578 579 1
720 720 1
681 681 1
997 999 1
752 753 1
853 855 0.932704
451 453 1
116 117 1
452 453 1
402 402 1
864 864 1
935 936 1
210 210 1
421 423 1
579 579 1
627 627 1
595 597 1
426 426 1
592 594 1
503 504 1
525 525 1
345 345 1
223 225 1
693 693 1
881 882 1
326 327 1
279 279 1
968 969 0.936126
159 159 1
683 684 1
11 12 1
572 573 0.777039
979 981 1
431 432 1
360 360 1
49 51 1
731 732 1
650 651 1
508 510 1
240 240 1
503 504 1
558 558 1
464 465 1
739 741 1
351 351 1
63 63 1
87 87 1
641 642 1
928 930 1
475 477 1
508 510 1
39 39 1
95 96 1
771 771 1
551 552 1
975 975 1
499 501 1
543 543 1
432 432 1
828 828 1
246 246 1
277 279 1
234 234 1
84 84 1
549 549 1
411 411 1
745 747 1
404 405 0.837621
251 252 1
912 912 1
324 324 1
951 951 1
49 51 1
702 702 1
283 285 1
663 663 1
625 627 1
970 972 1
929 930 1
546 546 1
213 213 1
642 642 1
346 348 1
989 990 1
212 213 1
677 678 1
686 687 1
380 381 1
814 816 1
374 375 1
404 405 1
952 954 1
194 195 1
609 609 1
167 168 1
294 294 1
198 198 1
268 270 1
92 93 1
318 318 1
351 351 1
79 81 1
921 921 1
153 153 0.841842
612 612 1
620 621 1
191 192 1
114 114 1
703 705 1
7 9 1
801 801 1
894 894 1
339 339 1
462 462 1
762 762 1
259 261 1
670 672 1
657 657 1
458 459 1
252 252 1
736 738 1
107 108 1
481 483 1
410 411 1
586 588 1
14 15 1
42 42 1
156 156 1
216 216 1
915 915 1
777 777 1
72 72 1
823 825 1
983 984 1
189 189 1
159 159 1
703 705 1
855 855 1
150 150 1
476 477 1
585 585 1
956 957 1
295 297 1
717 717 0.772284
873 873 1
335 336 1
749 750 1
832 834 1
892 894 1
702 702 1
157 159 1
55 57 1
747 747 1
420 420 1
241 243 1
500 501 1
22 24 1
477 477 1
268 270 1
61 63 1
602 603 1
774 774 1
345 345 1
872 873 1
811 813 1
417 417 0.875153
551 552 1
71 72 1
1 3 0.949541
230 231 1
391 393 1
213 213 1
519 519 1
883 885 1
244 246 1
407 408 1
263 264 1
133 135 1
137 138 1
76 78 1
230 231 1
172 174 1
62 63 1
917 918 1
174 174 1
714 714 1
243 243 1
709 711 1
550 552 1
148 150 1
635 636 1
641 642 1
724 726 1
15 15 0.615213
282 282 1
80 81 1
691 693 1
555 555 1
551 552 1
27 27 1
444 444 1
875 876 1
162 162 1
942 942 1
665 666 0.939837
459 459 1
270 270 0.90198
917 918 1
541 543 1
888 888 1
128 129 1
15 15 1
61 63 1
323 324 1
77 78 1
974 975 1
977 978 1
478 480 1
527 528 1
541 543 1
83 84 1
780 780 1
329 330 1
608 609 1
590 591 0.689468
525 525 1
246 246 1
175 177 1
31 33 1
887 888 1
941 942 1
402 402 1
55 57 1
806 807 1
439 441 1
413 414 1
191 192 1
556 558 0.887883
127 129 1
813 813 1
755 756 1
225 225 1
616 618 1
274 276 1
255 255 1
507 507 1
34 36 1
683 684 1
204 204 1
790 792 0.755252
190 192 0.723942
956 957 1
595 597 1
774 774 1
660 660 1
378 378 1
920 921 1
968 969 1
955 957 1
452 453 1
816 816 1
220 222 1
145 147 1
228 228 1
267 267 1
125 126 1
550 552 1
708 708 1
2 3 0.936116
990 990 1
422 423 1
657 657 1
201 201 1
166 168 1
659 660 1
763 765 1
990 990 1
117 117 1
150 150 1
746 747 1
951 951 1
628 630 1
942 942 1
370 372 1
368 369 1
785 786 1
606 606 1
199 201 1
594 594 1
232 234 1
299 300 1
337 339 1
820 822 1
842 843 1
876 876 1
281 282 1
334 336 1
249 249 1
248 249 1
98 99 1
64 66 1
697 699 1
666 666 1
528 528 0.856308
919 921 1
801 801 1
624 624 1
451 453 1
448 450 1
311 312 1
263 264 0.935617
605 606 1
291 291 1
431 432 1
568 570 1
271 273 1
768 768 1
892 894 1
718 720 1
488 489 1
308 309 1
661 663 1
757 759 1
733 735 1
957 957 1
889 891 1
12 12 1
561 561 1
721 723 1
467 468 1
619 621 1
302 303 1
723 723 1
302 303 0.881513
589 591 1
930 930 1
510 510 1
560 561 1
15 15 0.687324
635 636 1
863 864 1
491 492 1
711 711 1
779 780 1
462 462 0.922123
639 639 1
421 423 1
44 45 1
317 318 1
89 90 1
780 780 1
131 132 1
735 735 1
791 792 1
569 570 1
921 921 1
234 234 0.934942
89 90 1
803 804 1
261 261 1
989 990 0.895738
985 987 1
985 987 1
290 291 1
34 36 1
59 60 1
655 657 1
791 792 1
804 804 1
765 765 1
264 264 1
770 771 0.669505
634 636 1
496 498 1
388 390 1
235 237 1
218 219 1
28 30 1
532 534 1
407 408 1
478 480 1
271 273 1
545 546 1
58 60 1
58 60 1
887 888 1
392 393 1
435 435 1
867 867 1
955 957 1
216 216 1
179 180 1
817 819 1
781 783 1
521 522 1
62 63 1
13 15 1
658 660 1
550 552 1
543 543 1
99 99 1
23 24 1
676 678 0.907106
920 921 1
193 195 1
254 255 1
856 858 1
263 264 1
246 246 1
775 777 1
396 396 1
66 66 1
123 123 1
847 849 1
323 324 1
660 660 1
12 12 1
259 261 1
344 345 1
972 972 1
472 474 1
349 351 1
314 315 1
53 54 1
604 606 1
710 711 1
851 852 1
456 456 1
796 798 1
282 282 1
531 531 0.649001
651 651 1
58 60 1
190 192 1
337 339 1
525 525 1
356 357 1
805 807 0.829412
874 876 1
255 255 1
689 690 1
22 24 1
207 207 1
28 30 1
332 333 1
959 960 1
787 789 1
537 537 1
191 192 1
389 390 1
82 84 1
317 318 1
297 297 1
505 507 1
435 435 1
497 498 1
672 672 1
884 885 1
327 327 1
225 225 1
359 360 1
642 642 1
143 144 1
161 162 1
121 123 1
115 117 1
705 705 1
265 267 1
659 660 1
773 774 1
978 978 1
513 513 1
989 990 0.800435
11 12 1
165 165 1
724 726 1
33 33 1
568 570 1
34 36 1
97 99 1
666 666 1
956 957 1
375 375 1
957 957 1
886 888 1
765 765 1
979 981 0.641925
513 513 1
148 150 1
607 609 1
909 909 1
370 372 1
503 504 1
812 813 1
625 627 1
411 411 1
176 177 1
364 366 1
522 522 1
300 300 1
183 183 1
270 270 1
488 489 1
158 159 1
338 339 1
172 174 1
532 534 1
509 510 1
91 93 1
499 501 1
375 375 1
772 774 1
654 654 1
544 546 1
998 999 1
835 837 1
896 897 0.919834
483 483 1
576 576 1
12 12 1
825 825 1
983 984 1
861 861 1
977 978 1
802 804 1
79 81 1
456 456 1
344 345 1
903 903 1
331 333 1
638 639 1
718 720 1
766 768 1
192 192 1
77 78 1
55 57 1
286 288 1
843 843 1
717 717 1
540 540 1
952 954 1
694 696 1
114 114 0.902327
146 147 1
73 75 1
441 441 1
191 192 1
553 555 1
525 525 1
530 531 1
3 3 1
34 36 1
981 981 0.836569
916 918 1
160 162 0.915002
328 330 1
362 363 1
364 366 1
110 111 1
207 207 1
511 513 1
358 360 1
452 453 1
248 249 1
306 306 1
540 540 1
727 729 1
650 651 1
674 675 1
423 423 1
617 618 1
866 867 1
674 675 1
795 795 1
106 108 1
348 348 0.754599
444 444 1
519 519 1
378 378 1
830 831 1
863 864 1
666 666 1
709 711 1
803 804 1
769 771 1
303 303 1
420 420 1
374 375 1
941 942 1
489 489 1
546 546 1
234 234 1
254 255 1
559 561 1
148 150 1
177 177 1
145 147 1
297 297 1
296 297 1
969 969 1
823 825 1
264 264 1
462 462 1
839 840 1
40 42 1
161 162 1
882 882 1
944 945 1
752 753 1
266 267 1
391 393 1
995 996 1
789 789 1
635 636 1
420 420 1
528 528 1
454 456 1
798 798 1
19 21 1
667 669 1
237 237 1
832 834 1
252 252 1
865 867 1
758 759 0.942227
5 6 1
134 135 1
536 537 0.886826
845 846 1
278 279 1
590 591 1
331 333 0.825654
931 933 1
62 63 1
638 639 1
908 909 1
58 60 1
976 978 1
263 264 1
920 921 1
684 684 0.926027
83 84 1
366 366 1
510 510 0.828014
199 201 1
710 711 1
90 90 1
519 519 1
323 324 1
187 189 1
603 603 1
551 552 0.913552
833 834 1
711 711 1
565 567 1
602 603 1
5 6 1
592 594 1
930 930 1
959 960 1
805 807 1
725 726 1
347 348 1
872 873 1
96 96 1
513 513 1
408 408 1
912 912 1
312 312 0.860456
152 153 1
666 666 1
43 45 0.734047
911 912 1
544 546 1
551 552 1
48 48 1
29 30 0.979979
497 498 1
918 918 1
522 522 1
808 810 1
437 438 1
390 390 1
970 972 1
305 306 1
512 513 0.941168
123 123 1
414 414 1
77 78 1
592 594 1
841 843 1
277 279 1
801 801 1
733 735 1
6 6 1
736 738 1
829 831 1
938 939 1
556 558 1
106 108 1
578 579 1
906 906 1
548 549 1
665 666 1
507 507 1
523 525 1
675 675 1
490 492 1
359 360 1
126 126 1
288 288 1
64 66 1
165 165 1
372 372 1
443 444 1
244 246 1
997 999 1
10 12 1
184 186 1
822 822 1
373 375 1
45 45 1
721 723 1
258 258 1
434 435 1
430 432 1
991 993 1
716 717 1
306 306 1
351 351 1
234 234 1
932 933 1
1000 1002 1
428 429 1
875 876 1
562 564 0.720492
103 105 1
867 867 1
521 522 1
467 468 1
205 207 1
115 117 1
504 504 0.890734
848 849 1
826 828 1
368 369 1
499 501 1
294 294 1
950 951 1
909 909 1
434 435 1
656 657 1
229 231 1
192 192 1
772 774 1
327 327 1
246 246 1
361 363 1
718 720 1
26 27 1
63 63 1
322 324 1
186 186 1
805 807 1
234 234 1
400 402 1
753 753 1
910 912 1
75 75 1
160 162 1
176 177 1
890 891 1
152 153 1
90 90 1
958 960 0.762872
988 990 1
847 849 1
497 498 1
772 774 1
591 591 1
258 258 1
993 993 1
131 132 1
30 30 1
206 207 1
575 576 1
481 483 1
826 828 1
646 648 1
652 654 1
756 756 1
67 69 1
660 660 1
218 219 1
68 69 1
765 765 1
745 747 1
132 132 1
421 423 1
709 711 1
528 528 1
114 114 1
434 435 1
617 618 1
726 726 1
234 234 1
43 45 1
627 627 1
788 789 1
288 288 1
607 609 0.764873
614 615 1
419 420 1
598 600 1
202 204 1
327 327 1
934 936 1
116 117 1
888 888 1
917 918 1
91 93 1
225 225 1
951 951 1
672 672 0.890137
314 315 1
831 831 1
441 441 1
93 93 1
884 885 1
794 795 1
943 945 1
528 528 1
708 708 1
209 210 1
214 216 1
911 912 1
393 393 1
11 12 0.531898
29 30 1
534 534 1
690 690 1
563 564 1
109 111 1
165 165 1
808 810 1
828 828 1
503 504 1
643 645 1
230 231 1
981 981 1
113 114 1
958 960 1
292 294 1
726 726 1
417 417 1
800 801 1
975 975 1
801 801 1
319 321 1
539 540 1
250 252 1
601 603 1
495 495 1
693 693 1
873 873 0.897685
317 318 1
492 492 1
525 525 1
864 864 1
261 261 1
326 327 1
659 660 1
423 423 1
564 564 1
556 558 1
811 813 1
720 720 1
852 852 1
690 690 1
250 252 1
119 120 1
132 132 1
388 390 1
695 696 1
225 225 1
269 270 1
888 888 1
851 852 1
845 846 1
824 825 1
992 993 1
305 306 1
949 951 1
49 51 1
525 525 1
270 270 1
709 711 1
999 999 1
492 492 1
337 339 1
211 213 1
41 42 1
69 69 1
907 909 1
789 789 1
257 258 1
326 327 0.863583
616 618 1
453 453 1
701 702 1
356 357 1
564 564 1
64 66 1
128 129 1
353 354 1
943 945 1
106 108 1
893 894 1
126 126 1
889 891 1
627 627 1
844 846 1
43 45 1
797 798 1
884 885 1
986 987 0.897336
105 105 1
186 186 1
434 435 1
525 525 1
143 144 1
612 612 1
298 300 1
485 486 1
553 555 1
463 465 1
803 804 1
452 453 1
426 426 1
708 708 1
982 984 1
38 39 1
75 75 1
730 732 1
873 873 1
737 738 1
377 378 1
118 120 1
575 576 1
478 480 1
154 156 1
130 132 1
809 810 1
734 735 1
400 402 1
249 249 1
376 378 1
373 375 1
732 732 1
217 219 1
799 801 1
481 483 1
795 795 1
815 816 1
533 534 1
939 939 1
60 60 1
86 87 1
913 915 1
412 414 1
888 888 1
704 705 1
868 870 1
81 81 0.871114
368 369 1
114 114 1
458 459 1
216 216 1
378 378 1
340 342 0.932469
552 552 1
624 624 1
188 189 1
342 342 1
151 153 1
716 717 1
479 480 1
132 132 1
335 336 1
768 768 1
741 741 1
587 588 1
900 900 1
370 372 1
802 804 1
337 339 1
716 717 1
530 531 1
758 759 0.982624
968 969 1
351 351 0.96502
961 963 1
776 777 1
170 171 1
997 999 1
245 246 1
572 573 1
774 774 1
451 453 1
203 204 1
158 159 1
785 786 1
949 951 1
795 795 1
588 588 1
806 807 1
141 141 1
520 522 1
1000 1002 1
358 360 1
114 114 1
29 30 1
339 339 1
648 648 1
121 123 1
96 96 1
115 117 1
546 546 1
560 561 1
585 585 1
293 294 1
149 150 1
749 750 1
516 516 1
162 162 1
396 396 1
186 186 1
890 891 1
326 327 1
717 717 1
900 900 1
476 477 1
452 453 1
22 24 1
887 888 1
376 378 1
779 780 1
592 594 1
251 252 0.830689
977 978 1
419 420 1
223 225 1
802 804 1
562 564 1
200 201 1
192 192 1
415 417 1
931 933 1
334 336 1
281 282 1
119 120 1
274 276 1
578 579 1
901 903 1
795 795 1
715 717 1
311 312 1
29 30 1
228 228 1
440 441 0.949362
270 270 1
246 246 1
413 414 1
905 906 1
844 846 1
481 483 1
397 399 1
933 933 1
319 321 1
646 648 1
921 921 1
590 591 1
865 867 1
24 24 1
541 543 1
553 555 1
907 909 1
603 603 1
604 606 1
635 636 1
779 780 1
729 729 1
195 195 1
548 549 1
318 318 1
616 618 1
674 675 1
631 633 1
365 366 1
204 204 1
722 723 1
712 714 1
652 654 1
699 699 1
271 273 1
500 501 1
238 240 1
972 972 1
54 54 1
156 156 1
186 186 1
239 240 0.900887
344 345 1
129 129 1
40 42 0.631691
879 879 0.75618
709 711 1
41 42 1
428 429 1
698 699 1
418 420 1
192 192 1
122 123 1
143 144 1
475 477 1
16 18 1
95 96 1
422 423 1
360 360 1
817 819 1
118 120 1
827 828 1
4 6 1
392 393 1
552 552 1
555 555 1
96 96 1
484 486 1
594 594 1
918 918 1
156 156 1
940 942 1
891 891 1
227 228 1
567 567 1
610 612 1
690 690 1
878 879 1
705 705 1
970 972 1
91 93 1
404 405 1
799 801 1
107 108 1
227 228 1
492 492 1
463 465 1
948 948 1
191 192 1
840 840 1
831 831 1
208 210 1
521 522 1
818 819 1
802 804 1
306 306 1
370 372 1
519 519 1
442 444 1
105 105 1
280 282 1
510 510 1
934 936 1
741 741 1
825 825 1
330 330 1
509 510 1
303 303 1
678 678 1
371 372 1
305 306 1
444 444 1
529 531 1
777 777 0.814256
61 63 1
666 666 1
254 255 1
65 66 1
559 561 1
385 387 0.961909
845 846 1
220 222 1
830 831 1
419 420 1
630 630 1
215 216 1
580 582 1
69 69 1
171 171 1
637 639 1
44 45 1
3 3 1
281 282 1
662 663 1
204 204 1
7 9 1
446 447 1
620 621 1
836 837 0.981223
361 363 0.89448
220 222 1
944 945 1
573 573 1
951 951 1
828 828 1
800 801 1
835 837 1
655 657 1
436 438 1
636 636 1
51 51 1
616 618 1
193 195 1
988 990 1
901 903 1
996 996 0.957639
645 645 1
899 900 1
778 780 1
825 825 1
345 345 1
263 264 1
174 174 1
434 435 1
779 780 1
390 390 1
703 705 1
538 540 1
665 666 1
161 162 1
147 147 1
297 297 1
900 900 1
532 534 1
502 504 1
444 444 0.819569
302 303 1
580 582 1
345 345 1
201 201 1
243 243 1
143 144 1
371 372 1
808 810 1
707 708 1
847 849 1
740 741 1
179 180 1
566 567 1
927 927 1
980 981 1
670 672 1
134 135 1
347 348 1
424 426 1
519 519 1
80 81 1
940 942 1
909 909 1
94 96 1
747 747 1
785 786 1
82 84 1
374 375 1
22 24 1
919 921 1
986 987 1
385 387 1
110 111 1
962 963 1
479 480 1
312 312 1
397 399 1
377 378 0.846356
616 618 1
312 312 1
307 309 1
493 495 1
643 645 1
566 567 1
521 522 1
369 369 1
275 276 1
324 324 1
705 705 1
875 876 0.820131
826 828 1
936 936 1
423 423 1
889 891 1
671 672 1
43 45 1
466 468 1
557 558 1
930 930 1
263 264 1
395 396 1
385 387 1
642 642 1
8 9 1
611 612 1
315 315 1
885 885 1
196 198 1
505 507 1
594 594 1
976 978 1
122 123 1
978 978 1
406 408 1
386 387 1
822 822 1
246 246 1
531 531 1
357 357 1
379 381 1
314 315 0.778114
446 447 1
221 222 1
295 297 1
784 786 0.717476
910 912 1
686 687 1
34 36 1
647 648 1
612 612 1
257 258 1
318 318 1
265 267 1
266 267 1
311 312 1
536 537 1
407 408 1
863 864 1
276 276 1
973 975 1
543 543 1
626 627 1
381 381 1
646 648 1
998 999 1
34 36 1
202 204 1
460 462 1
182 183 1
852 852 1
548 549 1
331 333 1
209 210 1
12 12 1
903 903 0.874361
466 468 1
755 756 1
41 42 1
705 705 1
521 522 1
443 444 1
909 909 0.769466
697 699 1
754 756 1
930 930 1
187 189 1
344 345 1
265 267 1
569 570 1
695 696 0.728055
346 348 1
467 468 1
783 783 1
961 963 1
806 807 1
42 42 1
441 441 1
649 651 1
425 426 1
718 720 1
480 480 1
412 414 1
887 888 1
229 231 0.736737
446 447 1
397 399 1
298 300 1
963 963 0.895175
632 633 1
468 468 1
544 546 1
506 507 1
285 285 1
898 900 1
752 753 1
987 987 1
140 141 1
498 498 1
341 342 1
611 612 1
154 156 1
922 924 1
905 906 1
855 855 1
577 579 1
87 87 1
91 93 1
823 825 1
578 579 1
524 525 1
705 705 1
470 471 1
627 627 1
955 957 1
622 624 1
7 9 1
785 786 1
265 267 1
300 300 1
209 210 1
711 711 1
430 432 1
59 60 1
700 702 1
100 102 1
626 627 1
760 762 1
50 51 1
241 243 1
521 522 1
502 504 1
718 720 1
960 960 1
215 216 1
912 912 1
463 465 1
278 279 1
45 45 1
668 669 1
14 15 1
201 201 1
553 555 1
769 771 1
683 684 1
929 930 1
513 513 1
73 75 1
371 372 1
34 36 1
1 3 1
479 480 1
388 390 1
497 498 1
175 177 1
386 387 1
735 735 0.87305
90 90 1
397 399 1
816 816 1
749 750 1
48 48 1
271 273 1
947 948 1
978 978 1
516 516 1
88 90 1
487 489 1
709 711 1
844 846 1
241 243 1
313 315 1
277 279 1
150 150 0.933547
906 906 1
865 867 1
93 93 1
305 306 0.708757
14 15 1
704 705 1
8 9 0.770168
658 660 1
259 261 1
74 75 1
189 189 1
284 285 1
231 231 1
389 390 1
99 99 1
6 6 1
708 708 1
560 561 1
262 264 1
809 810 1
228 228 1
540 540 1
112 114 1
663 663 1
604 606 1
774 774 1
72 72 1
125 126 0.781016
589 591 1
642 642 1
494 495 1
809 810 1
822 822 1
945 945 1
196 198 1
947 948 1
323 324 1
403 405 1
238 240 1
296 297 1
377 378 1
77 78 1
234 234 1
194 195 1
998 999 1
668 669 1
873 873 1
921 921 1
261 261 1
688 690 1
115 117 1
316 318 1
776 777 1
682 684 1
918 918 1
120 120 1
540 540 1
773 774 0.81939
744 744 1
159 159 1
88 90 1
688 690 1
824 825 1
570 570 1
437 438 0.927534
985 987 1
96 96 1
240 240 1
430 432 1
83 84 1
53 54 1
659 660 1
337 339 1
521 522 1
189 189 1
466 468 1
141 141 1
296 297 1
487 489 1
569 570 1
546 546 1
208 210 1
254 255 1
282 282 1
203 204 1
11 12 1
886 888 1
487 489 1
510 510 1
84 84 1
893 894 1
468 468 1
434 435 1
329 330 1
403 405 1
337 339 1
111 111 1
993 993 1
969 969 1
646 648 1
617 618 1
838 840 1
349 351 1
821 822 1
413 414 1
972 972 1
124 126 1
724 726 1
354 354 0.849918
944 945 1
46 48 1
591 591 1
969 969 0.968345
369 369 1
254 255 1
329 330 1
669 669 1
25 27 1
303 303 1
284 285 1
363 363 1
860 861 0.810398
79 81 1
235 237 1
483 483 1
583 585 1
527 528 1
279 279 1
76 78 1
506 507 1
736 738 1
103 105 1
115 117 0.767202
374 375 1
87 87 1
877 879 1
956 957 1
943 945 1
801 801 1
856 858 1
879 879 1
35 36 1
799 801 1
812 813 1
556 558 1
145 147 1
155 156 0.668264
899 900 1
679 681 1
251 252 1
153 153 1
887 888 1
132 132 1
667 669 1
694 696 1
532 534 1
387 387 1
913 915 1
988 990 1
506 507 1
885 885 1
770 771 1
51 51 1
729 729 1
796 798 1
930 930 1
289 291 1
468 468 1
454 456 1
971 972 1
507 507 1
638 639 1
147 147 1
163 165 1
689 690 1
543 543 0.950308
370 372 1
402 402 1
557 558 1
654 654 1
519 519 1
744 744 1
52 54 1
336 336 1
896 897 1
731 732 0.849382
611 612 1
512 513 1
826 828 1
343 345 1
266 267 1
836 837 1
232 234 1
363 363 1
212 213 1
46 48 1
716 717 1
882 882 1
141 141 1
264 264 1
316 318 0.894719
199 201 1
810 810 0.908021
550 552 1
118 120 1
63 63 1
300 300 1
151 153 1
923 924 1
443 444 1
572 573 1
324 324 1
967 969 1
683 684 1
856 858 1
447 447 1
614 615 1
859 861 1
36 36 1
213 213 1
25 27 0.955971
945 945 1
450 450 1
460 462 1
639 639 1
548 549 0.93159
506 507 1
213 213 1
923 924 1
606 606 0.723012
457 459 1
666 666 1
636 636 1
819 819 1
574 576 1
521 522 1
400 402 1
391 393 1
936 936 1
726 726 1
775 777 1
995 996 1
449 450 1
172 174 1
846 846 1
89 90 1
941 942 1
501 501 1
816 816 1
563 564 1
635 636 1
229 231 0.865889
806 807 0.827124
535 537 1
546 546 1
530 531 1
688 690 1
477 477 1
997 999 1
774 774 1
122 123 1
494 495 1
255 255 0.93486
819 819 1
807 807 1
647 648 1
943 945 1
565 567 1
169 171 1
339 339 1
741 741 1
227 228 1
230 231 1
348 348 1
402 402 1
718 720 1
852 852 1
307 309 1
580 582 1
360 360 1
493 495 1
515 516 1
23 24 1
686 687 1
379 381 1
465 465 0.966247
988 990 1
246 246 1
645 645 1
318 318 1
461 462 1
961 963 1
63 63 1
939 939 1
46 48 1
369 369 1
222 222 1
35 36 1
70 72 1
116 117 1
705 705 1
236 237 1
251 252 1
975 975 1
297 297 1
806 807 1
305 306 1
795 795 1
401 402 1
793 795 1
283 285 1
914 915 1
782 783 1
27 27 1
952 954 1
498 498 1
679 681 1
312 312 1
63 63 1
320 321 1
405 405 1
871 873 1
234 234 1
670 672 1
388 390 1
931 933 1
286 288 1
70 72 1
296 297 1
159 159 1
737 738 1
317 318 1
136 138 1
928 930 1
339 339 1
272 273 1
262 264 1
295 297 0.874554
749 750 1
921 921 1
869 870 1
468 468 1
468 468 1
146 147 0.953706
273 273 1
907 909 1
278 279 1
1000 1002 1
922 924 1
490 492 1
835 837 1
889 891 1
696 696 1
688 690 1
381 381 1
350 351 1
728 729 1
928 930 1
792 792 1
361 363 1
53 54 1
571 573 0.911337
506 507 1
695 696 1
207 207 1
617 618 1
939 939 1
127 129 1
183 183 1
352 354 1
262 264 1
649 651 1
616 618 1
35 36 1
622 624 1
160 162 1
167 168 1
892 894 0.892203
81 81 1
840 840 1
420 420 1
9 9 1
216 216 1
855 855 1
502 504 1
458 459 0.927069
12 12 1
631 633 1
482 483 1
456 456 1
770 771 1
794 795 1
565 567 1
608 609 1
455 456 1
637 639 1
492 492 1
654 654 1
877 879 1
645 645 1
283 285 1
850 852 1
140 141 1
116 117 1
754 756 1
397 399 1
441 441 1
132 132 1
169 171 1
84 84 1
49 51 1
90 90 0.891159
661 663 1
668 669 1
654 654 1
220 222 1
88 90 1
596 597 1
929 930 1
155 156 1
452 453 1
917 918 1
597 597 1
441 441 1
472 474 1
116 117 1
674 675 1
4 6 1
641 642 1
311 312 1
8 9 1
217 219 1
210 210 1
859 861 1
839 840 0.857148
505 507 1
940 942 1
620 621 1
765 765 1
46 48 1
758 759 1
