5000 73758
1 201 0.897416
1 201 0.862121
1 201 0.698723
1 201 0.820453
2 202 0.904665
2 202 0.962661
2 202 0.818022
2 202 0.986642
2 202 0.959329
2 202 0.87379
3 203 0.941595
3 203 0.988325
3 203 0.949616
3 203 0.97694
3 203 0.831944
3 203 0.929755
6 306 0.968324
6 306 0.882711
6 306 0.924111
4 204 0.99797
4 204 0.978746
5 205 0.919662
5 205 0.777252
5 205 0.970089
5 205 0.944296
5 205 0.780809
5 205 0.999012
5 205 0.953567
5 205 0.929893
5 205 0.986684
7 207 0.982721
7 207 0.961272
7 207 0.94287
7 207 0.870153
12 312 0.939104
12 312 0.89142
8 208 0.845013
8 208 0.998391
8 208 0.937352
8 208 0.914516
9 209 0.982353
9 209 0.972687
9 209 0.788823
10 210 0.993916
10 210 0.948375
10 210 0.988286
10 210 0.928037
10 210 0.999044
11 211 0.960895
11 211 0.974795
11 211 0.967292
11 211 0.950079
11 211 0.987522
18 318 0.921137
18 318 0.981954
18 318 0.880515
18 318 0.663158
13 213 0.667217
13 213 0.988583
13 213 0.897274
13 213 0.91251
13 213 0.944098
14 214 0.846514
14 214 0.995535
14 214 0.960254
14 214 0.991585
14 214 0.991173
14 214 0.931605
14 214 0.978706
15 215 0.972598
15 215 0.919106
15 215 0.984127
15 215 0.944826
15 215 0.988462
15 215 0.852481
15 215 0.860246
24 324 0.997514
24 324 0.934234
24 324 0.905654
24 324 0.986994
24 324 0.907535
16 216 0.980583
16 216 0.908204
16 216 0.940531
17 217 0.850372
17 217 0.903878
17 217 0.951385
17 217 0.964498
17 217 0.929828
19 219 0.964271
19 219 0.946932
19 219 0.966312
19 219 0.923476
30 330 0.838769
30 330 0.961942
30 330 0.969497
30 330 0.884993
20 220 0.72012
20 220 0.842637
20 220 0.973604
20 220 0.893293
20 220 0.9695
20 220 0.961811
20 220 0.891611
20 220 0.97572
20 220 0.888288
21 221 0.957554
21 221 0.928983
21 221 0.75692
21 221 0.904207
21 221 0.951958
21 221 0.965222
21 221 0.944574
21 221 0.945309
21 221 0.99745
22 222 0.973
22 222 0.886076
22 222 0.936517
22 222 0.850842
22 222 0.787706
22 222 0.838773
22 222 0.715458
23 223 0.965575
36 336 0.81427
36 336 0.947884
36 336 0.868901
36 336 0.748444
25 225 0.984238
25 225 0.76164
26 226 0.953938
26 226 0.972596
26 226 0.793004
26 226 0.904148
26 226 0.751247
26 226 0.939157
26 226 0.986191
26 226 0.972948
26 226 0.899839
26 226 0.929827
27 227 0.97374
27 227 0.902813
27 227 0.88876
27 227 0.986722
27 227 0.880962
27 227 0.968844
27 227 0.954813
42 342 0.913215
42 342 0.928784
42 342 0.87481
42 342 0.938552
42 342 0.990129
28 228 0.865462
28 228 0.961684
28 228 0.998624
28 228 0.990536
28 228 0.96282
28 228 0.992359
28 228 0.928671
28 228 0.796594
28 228 0.9776
29 229 0.947038
29 229 0.995346
29 229 0.933498
29 229 0.866895
29 229 0.854451
31 231 0.785336
31 231 0.862216
31 231 0.811269
31 231 0.944329
31 231 0.978696
31 231 0.972335
48 348 0.844173
48 348 0.846042
48 348 0.99609
48 348 0.9049
48 348 0.917598
48 348 0.885878
48 348 0.900261
32 232 0.816301
32 232 0.949717
32 232 0.97105
32 232 0.811619
33 233 0.715459
33 233 0.953609
33 233 0.958417
33 233 0.940796
34 234 0.914707
34 234 0.966628
34 234 0.965739
34 234 0.913481
34 234 0.911308
34 234 0.880634
34 234 0.96805
35 235 0.838688
35 235 0.920012
35 235 0.950881
35 235 0.944009
35 235 0.937741
35 235 0.986219
35 235 0.998979
35 235 0.966614
35 235 0.919096
54 354 0.913901
54 354 0.927952
54 354 0.999578
54 354 0.989364
54 354 0.901927
54 354 0.935318
54 354 0.932004
54 354 0.833551
37 237 0.791158
37 237 0.935821
37 237 0.993252
37 237 0.899226
37 237 0.930709
37 237 0.873274
37 237 0.966168
37 237 0.881734
37 237 0.911797
38 238 0.989221
38 238 0.994079
38 238 0.97697
38 238 0.992924
38 238 0.96993
38 238 0.934389
39 239 0.837837
39 239 0.963008
39 239 0.893434
39 239 0.816003
39 239 0.732499
60 360 0.915531
60 360 0.935293
60 360 0.892511
60 360 0.951313
60 360 0.964261
60 360 0.918019
60 360 0.977789
60 360 0.82837
60 360 0.934145
60 360 0.62693
60 360 0.996425
40 240 0.98592
40 240 0.980149
40 240 0.856051
40 240 0.970588
40 240 0.926151
41 241 0.953807
41 241 0.930957
41 241 0.912649
41 241 0.973268
41 241 0.926042
43 243 0.876261
43 243 0.776024
43 243 0.792711
43 243 0.909529
66 366 0.995476
66 366 0.991022
66 366 0.874777
66 366 0.971487
66 366 0.847375
66 366 0.821539
66 366 0.905632
66 366 0.934808
66 366 0.996796
44 244 0.899543
44 244 0.679254
44 244 0.929778
44 244 0.546566
44 244 0.83954
44 244 0.999349
45 245 0.923284
45 245 0.731197
45 245 0.989621
45 245 0.961369
45 245 0.875292
46 246 0.931438
46 246 0.960697
46 246 0.955505
46 246 0.921539
46 246 0.978241
47 247 0.930555
47 247 0.984417
47 247 0.92951
47 247 0.927268
47 247 0.939717
47 247 0.902996
47 247 0.991144
47 247 0.97675
72 372 0.964797
72 372 0.902685
72 372 0.903876
72 372 0.880798
72 372 0.898384
72 372 0.908334
72 372 0.927359
72 372 0.760234
49 249 0.960626
49 249 0.909876
49 249 0.885605
49 249 0.994001
49 249 0.890755
49 249 0.872763
49 249 0.985123
50 250 0.983612
50 250 0.774066
50 250 0.907783
50 250 0.958006
50 250 0.908443
51 251 0.92303
51 251 0.994465
51 251 0.995941
51 251 0.981465
51 251 0.880506
51 251 0.934875
51 251 0.798533
78 378 0.998027
78 378 0.935713
78 378 0.955094
52 252 0.99679
52 252 0.846476
52 252 0.972642
52 252 0.944939
52 252 0.934144
52 252 0.846864
52 252 0.756919
52 252 0.989357
53 253 0.979238
53 253 0.95825
53 253 0.881332
53 253 0.833381
53 253 0.970164
55 255 0.879503
55 255 0.948188
55 255 0.93964
55 255 0.992058
55 255 0.958602
55 255 0.995259
55 255 0.861202
55 255 0.864168
55 255 0.785466
55 255 0.906298
55 255 0.899087
55 255 0.895672
84 384 0.9494
84 384 0.869853
84 384 0.982971
84 384 0.908331
84 384 0.94551
84 384 0.928998
84 384 0.792668
84 384 0.997573
84 384 0.984696
56 256 0.946939
56 256 0.939762
56 256 0.977512
56 256 0.989665
56 256 0.995081
56 256 0.754516
56 256 0.971928
56 256 0.999956
57 257 0.956995
57 257 0.739465
57 257 0.931066
57 257 0.989657
57 257 0.98893
57 257 0.92559
57 257 0.98925
58 258 0.919151
58 258 0.837152
58 258 0.965818
58 258 0.963819
58 258 0.987985
58 258 0.974969
58 258 0.834441
59 259 0.980083
59 259 0.855735
59 259 0.627344
59 259 0.921998
90 390 0.88297
90 390 0.917972
90 390 0.827561
61 261 0.86267
61 261 0.779399
61 261 0.92664
62 262 0.917596
62 262 0.995352
62 262 0.842391
62 262 0.97185
63 263 0.9166
63 263 0.839562
63 263 0.999466
63 263 0.982798
63 263 0.913468
63 263 0.970126
63 263 0.925892
96 396 0.891681
96 396 0.848908
96 396 0.707121
96 396 0.968148
96 396 0.856386
64 264 0.80796
64 264 0.879885
64 264 0.955248
64 264 0.850417
65 265 0.953918
65 265 0.937879
65 265 0.868016
65 265 0.730694
67 267 0.816562
67 267 0.936861
67 267 0.558878
67 267 0.932111
67 267 0.984894
67 267 0.974676
67 267 0.943186
102 402 0.973182
102 402 0.93416
68 268 0.960933
68 268 0.815749
68 268 0.997576
68 268 0.985096
69 269 0.897731
69 269 0.981554
70 270 0.88502
70 270 0.983103
70 270 0.988186
70 270 0.999329
70 270 0.881987
70 270 0.898634
70 270 0.913848
71 271 0.958386
71 271 0.899403
71 271 0.910065
71 271 0.941962
108 408 0.793706
108 408 0.969872
108 408 0.897411
108 408 0.960588
108 408 0.969854
73 273 0.996628
73 273 0.988338
73 273 0.935268
73 273 0.999678
73 273 0.966651
73 273 0.790293
74 274 0.981409
74 274 0.9861
74 274 0.883197
75 275 0.743056
75 275 0.827025
75 275 0.883353
75 275 0.999123
75 275 0.892513
114 414 0.983399
114 414 0.889925
114 414 0.838777
114 414 0.879316
114 414 0.835418
114 414 0.967548
76 276 0.966601
76 276 0.908357
77 277 0.816436
77 277 0.995524
77 277 0.998384
77 277 0.989316
77 277 0.873656
77 277 0.859088
79 279 0.981903
79 279 0.91106
79 279 0.903953
79 279 0.923987
79 279 0.75384
120 420 0.934842
120 420 0.998825
80 280 0.859836
80 280 0.845899
80 280 0.902548
80 280 0.859124
80 280 0.744585
80 280 0.800077
81 281 0.999547
81 281 0.894025
81 281 0.985319
81 281 0.909943
82 282 0.950472
82 282 0.994822
82 282 0.992805
82 282 0.930765
82 282 0.766701
82 282 0.947377
82 282 0.860599
83 283 0.941254
83 283 0.892332
83 283 0.804902
126 426 0.899917
126 426 0.936844
126 426 0.817019
126 426 0.977778
126 426 0.860146
126 426 0.786641
126 426 0.701442
85 285 0.976066
85 285 0.984455
85 285 0.918947
85 285 0.982051
85 285 0.651112
85 285 0.946362
85 285 0.90512
86 286 0.732365
87 287 0.952952
87 287 0.942521
87 287 0.910116
87 287 0.880413
87 287 0.760954
87 287 0.922927
132 432 0.967806
132 432 0.990899
132 432 0.970948
132 432 0.994216
132 432 0.967085
132 432 0.983598
88 288 0.895488
88 288 0.788513
88 288 0.887191
88 288 0.958744
88 288 0.968874
88 288 0.999085
88 288 0.653505
89 289 0.987073
89 289 0.927896
89 289 0.959472
89 289 0.918726
89 289 0.976485
91 291 0.982636
91 291 0.988448
91 291 0.994615
91 291 0.96641
138 438 0.97827
138 438 0.912667
138 438 0.900661
138 438 0.989553
138 438 0.811213
138 438 0.901327
138 438 0.940435
92 292 0.997696
92 292 0.969184
92 292 0.945578
92 292 0.678705
92 292 0.918437
93 293 0.879124
93 293 0.888859
94 294 0.943514
94 294 0.916909
94 294 0.941101
94 294 0.987006
95 295 0.688438
95 295 0.921837
144 444 0.962965
144 444 0.943796
144 444 0.974172
144 444 0.967919
144 444 0.988929
144 444 0.843643
144 444 0.893018
97 297 0.855731
97 297 0.926416
98 298 0.973823
98 298 0.763224
98 298 0.986103
98 298 0.95449
98 298 0.893612
99 299 0.998622
99 299 0.786073
99 299 0.931523
99 299 0.913067
99 299 0.859189
99 299 0.820921
99 299 0.949888
150 450 0.887174
150 450 0.994325
150 450 0.911381
150 450 0.873143
150 450 0.993756
100 300 0.928885
100 300 0.97698
100 300 0.991881
100 300 0.928789
100 300 0.862482
101 301 0.945278
101 301 0.971399
101 301 0.79637
103 303 0.997528
103 303 0.920532
103 303 0.788991
103 303 0.888582
103 303 0.883607
103 303 0.933881
103 303 0.945876
156 456 0.949365
156 456 0.740078
156 456 0.93091
156 456 0.965291
156 456 0.970117
156 456 0.983358
156 456 0.763128
104 304 0.995769
104 304 0.881667
104 304 0.936532
104 304 0.987723
104 304 0.986194
105 305 0.889893
105 305 0.82362
105 305 0.852633
105 305 0.990139
105 305 0.938436
105 305 0.806021
105 305 0.985908
105 305 0.90665
106 306 0.985453
106 306 0.964506
106 306 0.980407
106 306 0.984948
107 307 0.946037
107 307 0.932289
107 307 0.677645
107 307 0.966446
162 462 0.974067
162 462 0.83779
162 462 0.837417
162 462 0.849567
162 462 0.980322
109 309 0.810671
109 309 0.974994
109 309 0.781179
109 309 0.909004
109 309 0.968362
109 309 0.887497
109 309 0.959038
109 309 0.94707
109 309 0.911087
109 309 0.954989
109 309 0.991754
109 309 0.996554
110 310 0.958871
110 310 0.70977
110 310 0.975373
110 310 0.909984
110 310 0.806839
110 310 0.562323
110 310 0.848846
110 310 0.879534
110 310 0.963606
111 311 0.923221
111 311 0.957881
111 311 0.663202
111 311 0.929284
111 311 0.982027
111 311 0.827909
111 311 0.973359
168 468 0.994356
168 468 0.950654
168 468 0.967987
168 468 0.834872
168 468 0.882039
168 468 0.919456
112 312 0.877112
112 312 0.903504
112 312 0.984521
112 312 0.929168
112 312 0.879679
112 312 0.974217
112 312 0.936815
112 312 0.93147
113 313 0.968849
113 313 0.907735
113 313 0.844023
115 315 0.793044
115 315 0.939761
115 315 0.848335
174 474 0.976644
174 474 0.943457
174 474 0.947642
116 316 0.96266
116 316 0.964246
116 316 0.988913
116 316 0.922188
117 317 0.819565
117 317 0.970904
117 317 0.945458
117 317 0.662076
117 317 0.949914
117 317 0.925512
118 318 0.947174
118 318 0.980462
118 318 0.871042
118 318 0.965753
118 318 0.871579
118 318 0.943284
118 318 0.973766
118 318 0.787259
118 318 0.934881
118 318 0.858877
118 318 0.942889
118 318 0.843674
119 319 0.933499
119 319 0.920068
119 319 0.898265
119 319 0.897814
180 480 0.93428
180 480 0.954751
180 480 0.874325
180 480 0.998113
180 480 0.854046
180 480 0.861342
180 480 0.863609
121 321 0.994965
121 321 0.881932
121 321 0.99187
121 321 0.918459
121 321 0.888457
121 321 0.993777
121 321 0.99857
122 322 0.954028
122 322 0.916954
122 322 0.880189
122 322 0.794859
122 322 0.991889
122 322 0.935457
122 322 0.930092
122 322 0.981507
123 323 0.810521
123 323 0.842235
123 323 0.892048
123 323 0.924506
123 323 0.81323
186 486 0.988167
186 486 0.991542
186 486 0.98902
186 486 0.817611
186 486 0.883049
186 486 0.999588
124 324 0.965371
124 324 0.953423
124 324 0.942175
125 325 0.970241
125 325 0.986725
125 325 0.844887
125 325 0.959355
125 325 0.844691
125 325 0.942077
125 325 0.974981
127 327 0.927808
127 327 0.709267
127 327 0.935317
127 327 0.850829
192 492 0.661116
192 492 0.991476
192 492 0.891595
192 492 0.763649
192 492 0.9255
192 492 0.99788
192 492 0.813762
128 328 0.870015
128 328 0.756157
129 329 0.986063
129 329 0.969252
129 329 0.923097
129 329 0.730802
129 329 0.981605
129 329 0.974372
129 329 0.847903
130 330 0.928778
130 330 0.894527
130 330 0.982571
130 330 0.834886
130 330 0.89516
130 330 0.933548
130 330 0.847263
130 330 0.945875
131 331 0.977366
131 331 0.873552
131 331 0.724584
198 498 0.962889
198 498 0.848875
198 498 0.992765
198 498 0.99931
198 498 0.951855
198 498 0.937286
198 498 0.992354
198 498 0.99177
198 498 0.950429
133 333 0.936973
133 333 0.990464
133 333 0.973207
134 334 0.920928
134 334 0.92936
134 334 0.976767
134 334 0.918327
135 335 0.912146
135 335 0.812369
135 335 0.986004
135 335 0.906241
135 335 0.809172
135 335 0.846386
135 335 0.956668
135 335 0.927718
204 504 0.973749
204 504 0.970723
204 504 0.869321
204 504 0.940783
204 504 0.989655
204 504 0.88969
136 336 0.970061
136 336 0.859394
137 337 0.969993
137 337 0.9563
139 339 0.8754
139 339 0.902145
139 339 0.927725
139 339 0.866661
139 339 0.993169
139 339 0.972987
139 339 0.798932
139 339 0.547938
139 339 0.734436
210 510 0.637358
210 510 0.997645
210 510 0.779266
210 510 0.984354
210 510 0.916183
140 340 0.979742
140 340 0.757661
140 340 0.940251
140 340 0.912372
140 340 0.828363
141 341 0.90283
141 341 0.925633
141 341 0.900608
141 341 0.873584
141 341 0.879941
141 341 0.809973
142 342 0.949778
142 342 0.715378
142 342 0.976638
142 342 0.944178
142 342 0.934674
142 342 0.979988
142 342 0.962618
142 342 0.849441
142 342 0.951417
143 343 0.776281
143 343 0.995108
216 516 0.984945
216 516 0.849825
145 345 0.876876
145 345 0.758429
145 345 0.944259
145 345 0.717636
145 345 0.961048
146 346 0.870017
146 346 0.894771
146 346 0.917325
146 346 0.770542
146 346 0.923152
146 346 0.955742
147 347 0.931918
147 347 0.978023
147 347 0.758256
147 347 0.998636
147 347 0.96097
147 347 0.917685
147 347 0.844603
222 522 0.972303
222 522 0.863124
222 522 0.846186
222 522 0.857842
148 348 0.931343
148 348 0.839597
148 348 0.941913
148 348 0.971554
148 348 0.973989
148 348 0.826853
149 349 0.986732
149 349 0.870734
149 349 0.93735
149 349 0.912462
149 349 0.988521
149 349 0.866195
151 351 0.957604
151 351 0.928621
228 528 0.996431
228 528 0.983168
228 528 0.845144
228 528 0.794407
228 528 0.927236
228 528 0.987488
152 352 0.941332
152 352 0.95205
152 352 0.98359
152 352 0.996672
152 352 0.8381
152 352 0.926284
153 353 0.997126
153 353 0.96036
153 353 0.938896
153 353 0.860517
153 353 0.972124
154 354 0.80473
154 354 0.892972
154 354 0.927829
155 355 0.974113
155 355 0.946327
155 355 0.977971
155 355 0.962581
155 355 0.938006
234 534 0.977266
234 534 0.948897
234 534 0.913116
234 534 0.945005
157 357 0.672205
157 357 0.995778
157 357 0.975977
157 357 0.963582
157 357 0.877607
157 357 0.824905
158 358 0.980837
158 358 0.934449
158 358 0.92632
159 359 0.994074
159 359 0.858068
159 359 0.964331
159 359 0.981797
159 359 0.974742
240 540 0.964816
240 540 0.920417
240 540 0.949765
240 540 0.867608
160 360 0.935344
160 360 0.910843
161 361 0.989589
161 361 0.935088
161 361 0.960298
161 361 0.967727
161 361 0.96728
161 361 0.785943
163 363 0.990162
163 363 0.909493
163 363 0.930033
163 363 0.97355
163 363 0.811283
163 363 0.886277
163 363 0.971082
246 546 0.989065
246 546 0.973075
246 546 0.858885
246 546 0.971688
246 546 0.790323
246 546 0.813993
164 364 0.982614
164 364 0.991787
164 364 0.880272
165 365 0.934126
165 365 0.817034
165 365 0.957261
165 365 0.950417
165 365 0.987885
166 366 0.940846
166 366 0.893211
166 366 0.983031
166 366 0.913275
167 367 0.722935
167 367 0.992645
167 367 0.942375
252 552 0.706502
252 552 0.955123
252 552 0.70176
169 369 0.907576
169 369 0.494953
169 369 0.916808
169 369 0.738713
169 369 0.761746
169 369 0.828643
169 369 0.986805
170 370 0.88547
170 370 0.996759
170 370 0.899694
170 370 0.983311
171 371 0.873885
171 371 0.972641
171 371 0.93274
171 371 0.989251
171 371 0.837803
171 371 0.943855
258 558 0.806946
258 558 0.933008
258 558 0.991202
172 372 0.970672
172 372 0.994798
172 372 0.936
172 372 0.806877
172 372 0.785331
173 373 0.948448
173 373 0.953443
173 373 0.853225
175 375 0.95088
175 375 0.944114
175 375 0.905005
175 375 0.801522
175 375 0.979398
175 375 0.89767
175 375 0.999241
264 564 0.977835
176 376 0.789712
176 376 0.924353
176 376 0.932855
176 376 0.976541
176 376 0.931695
177 377 0.896378
177 377 0.982555
178 378 0.989688
179 379 0.916749
179 379 0.763128
270 570 0.888249
270 570 0.97028
270 570 0.962008
270 570 0.846933
270 570 0.907477
181 381 0.951706
181 381 0.95065
181 381 0.994041
181 381 0.91793
181 381 0.955287
181 381 0.918532
182 382 0.77604
182 382 0.855669
182 382 0.983493
182 382 0.937605
182 382 0.985221
182 382 0.713754
183 383 0.865513
183 383 0.93759
183 383 0.961009
183 383 0.82658
183 383 0.942641
183 383 0.92507
183 383 0.876864
183 383 0.973357
183 383 0.90736
183 383 0.987865
183 383 0.923117
276 576 0.918193
276 576 0.847727
276 576 0.967714
276 576 0.989164
184 384 0.983561
184 384 0.963346
185 385 0.844222
185 385 0.988375
185 385 0.796829
187 387 0.991293
187 387 0.814877
187 387 0.988032
187 387 0.830389
187 387 0.994216
282 582 0.945099
282 582 0.957155
282 582 0.993007
282 582 0.958914
282 582 0.927122
188 388 0.763787
188 388 0.997407
188 388 0.948827
188 388 0.754239
188 388 0.77032
188 388 0.962987
188 388 0.861811
188 388 0.976884
189 389 0.834899
189 389 0.971323
189 389 0.977258
189 389 0.979912
190 390 0.967477
190 390 0.946012
190 390 0.966663
190 390 0.889626
191 391 0.976989
191 391 0.975372
191 391 0.791472
191 391 0.821582
191 391 0.987206
191 391 0.861631
288 588 0.988971
288 588 0.880645
288 588 0.756776
288 588 0.814828
193 393 0.859513
193 393 0.99549
193 393 0.886931
193 393 0.948533
193 393 0.990821
193 393 0.653812
194 394 0.820179
194 394 0.968063
194 394 0.972555
195 395 0.869189
195 395 0.913209
195 395 0.791835
195 395 0.812925
195 395 0.765865
195 395 0.995875
294 594 0.997191
294 594 0.661439
294 594 0.996108
294 594 0.938426
294 594 0.99649
196 396 0.823841
196 396 0.905236
196 396 0.993555
196 396 0.79437
196 396 0.913614
196 396 0.987698
196 396 0.997936
196 396 0.990367
197 397 0.921114
197 397 0.755786
197 397 0.911691
199 399 0.972817
199 399 0.736118
199 399 0.948173
199 399 0.813124
199 399 0.989958
199 399 0.996007
199 399 0.989588
300 600 0.867508
300 600 0.84806
300 600 0.940914
300 600 0.776177
300 600 0.9519
200 400 0.974639
200 400 0.90147
200 400 0.965914
200 400 0.999261
201 401 0.981278
201 401 0.932921
202 402 0.983478
202 402 0.997019
202 402 0.96731
203 403 0.932099
203 403 0.914578
203 403 0.863873
203 403 0.983491
306 606 0.959158
306 606 0.99866
306 606 0.89452
205 405 0.864281
205 405 0.994877
205 405 0.975232
206 406 0.799264
206 406 0.884137
206 406 0.844205
206 406 0.965894
206 406 0.973002
207 407 0.989558
207 407 0.986165
207 407 0.974383
207 407 0.808406
207 407 0.744556
207 407 0.986692
207 407 0.945153
207 407 0.990296
312 612 0.99825
312 612 0.928567
312 612 0.657474
208 408 0.930308
208 408 0.992913
208 408 0.64561
208 408 0.998414
209 409 0.966343
209 409 0.947662
209 409 0.901258
209 409 0.923385
209 409 0.9832
209 409 0.93638
209 409 0.882049
211 411 0.969198
211 411 0.975911
211 411 0.960907
211 411 0.915033
318 618 0.740402
318 618 0.941904
212 412 0.948951
212 412 0.809214
212 412 0.869829
212 412 0.811952
213 413 0.884241
213 413 0.990843
214 414 0.912018
214 414 0.924488
214 414 0.962497
215 415 0.790877
215 415 0.882678
215 415 0.953955
215 415 0.952257
215 415 0.992615
215 415 0.81967
215 415 0.917932
324 624 0.779382
324 624 0.871399
324 624 0.739517
217 417 0.925353
217 417 0.720736
217 417 0.848552
218 418 0.977411
218 418 0.888346
218 418 0.994793
218 418 0.964737
219 419 0.98767
219 419 0.820979
219 419 0.984175
219 419 0.989879
219 419 0.840023
330 630 0.839678
330 630 0.917652
330 630 0.965514
330 630 0.746143
330 630 0.979825
220 420 0.723438
220 420 0.955464
220 420 0.892281
220 420 0.982132
220 420 0.894452
220 420 0.972106
221 421 0.993288
221 421 0.953804
221 421 0.76273
221 421 0.98211
221 421 0.982534
221 421 0.98853
223 423 0.994154
223 423 0.832181
223 423 0.862922
223 423 0.884655
223 423 0.931285
223 423 0.96607
223 423 0.908505
223 423 0.925845
223 423 0.997184
336 636 0.976561
336 636 0.986062
224 424 0.964993
224 424 0.974954
225 425 0.994129
225 425 0.925373
225 425 0.709876
226 426 0.837697
226 426 0.91408
226 426 0.961766
227 427 0.826742
227 427 0.964219
227 427 0.785539
227 427 0.919163
227 427 0.987425
342 642 0.987258
342 642 0.968949
342 642 0.996734
342 642 0.85464
342 642 0.858862
229 429 0.951052
229 429 0.910353
229 429 0.701341
229 429 0.876339
230 430 0.884815
230 430 0.874074
230 430 0.981626
230 430 0.85848
230 430 0.945832
231 431 0.995727
231 431 0.747495
231 431 0.837195
231 431 0.846694
231 431 0.986166
348 648 0.985215
348 648 0.608479
348 648 0.936622
348 648 0.950658
348 648 0.792875
232 432 0.950435
232 432 0.993761
232 432 0.96529
232 432 0.920213
233 433 0.831372
233 433 0.945254
233 433 0.892525
233 433 0.867595
233 433 0.937886
233 433 0.991237
235 435 0.970443
235 435 0.657912
235 435 0.999553
235 435 0.954559
354 654 0.963411
354 654 0.930315
354 654 0.893537
354 654 0.993544
354 654 0.567325
236 436 0.987305
236 436 0.73993
236 436 0.95459
236 436 0.961389
236 436 0.717942
236 436 0.973899
237 437 0.793921
237 437 0.886989
237 437 0.839323
238 438 0.991455
239 439 0.99523
239 439 0.941495
239 439 0.983112
239 439 0.986413
239 439 0.995498
239 439 0.9475
360 660 0.875521
360 660 0.957166
360 660 0.893015
360 660 0.958902
360 660 0.945897
360 660 0.951747
360 660 0.835882
360 660 0.969085
360 660 0.979869
241 441 0.995647
241 441 0.914611
241 441 0.721809
241 441 0.953
242 442 0.956352
242 442 0.807419
242 442 0.997524
242 442 0.993772
242 442 0.96869
242 442 0.966993
243 443 0.909462
243 443 0.966363
243 443 0.940713
243 443 0.799109
243 443 0.938857
366 666 0.827221
366 666 0.856899
366 666 0.958752
366 666 0.92874
244 444 0.905886
244 444 0.948871
244 444 0.956199
244 444 0.972239
244 444 0.966256
244 444 0.782586
244 444 0.939849
244 444 0.99631
244 444 0.852151
244 444 0.921701
245 445 0.76667
247 447 0.899517
247 447 0.92456
247 447 0.972826
247 447 0.842726
247 447 0.961256
247 447 0.922798
247 447 0.982537
247 447 0.94487
247 447 0.977024
247 447 0.940993
372 672 0.802186
372 672 0.856887
372 672 0.865818
372 672 0.971418
372 672 0.982507
248 448 0.930168
248 448 0.997658
248 448 0.968692
248 448 0.984713
248 448 0.976443
248 448 0.98298
248 448 0.914526
249 449 0.779089
249 449 0.95751
249 449 0.658831
249 449 0.991496
249 449 0.983739
249 449 0.855832
250 450 0.974139
250 450 0.982363
251 451 0.66107
251 451 0.99502
251 451 0.839457
251 451 0.927161
251 451 0.987583
378 678 0.948339
378 678 0.801873
378 678 0.995017
253 453 0.950989
253 453 0.915443
253 453 0.813504
253 453 0.9011
253 453 0.960091
253 453 0.875648
253 453 0.971148
253 453 0.975531
254 454 0.866742
254 454 0.841651
254 454 0.970205
254 454 0.80513
255 455 0.902243
255 455 0.973356
255 455 0.996955
384 684 0.917742
384 684 0.940385
384 684 0.913337
384 684 0.921895
256 456 0.98162
256 456 0.991896
256 456 0.927963
256 456 0.941226
256 456 0.976943
257 457 0.975033
257 457 0.871978
257 457 0.936987
257 457 0.931576
257 457 0.908735
257 457 0.970308
259 459 0.934155
259 459 0.948407
259 459 0.973038
390 690 0.967497
390 690 0.895536
390 690 0.966834
260 460 0.859268
260 460 0.996694
260 460 0.953874
260 460 0.778109
260 460 0.946453
261 461 0.39473
261 461 0.988253
261 461 0.988288
261 461 0.818103
262 462 0.973107
262 462 0.760557
262 462 0.869631
262 462 0.809101
263 463 0.94515
263 463 0.651845
263 463 0.925636
263 463 0.746957
396 696 0.954785
396 696 0.899879
396 696 0.823557
265 465 0.90967
265 465 0.965182
265 465 0.97129
266 466 0.970095
266 466 0.993158
266 466 0.914928
266 466 0.932045
267 467 0.915733
267 467 0.955071
267 467 0.841979
267 467 0.792903
267 467 0.892655
267 467 0.960804
267 467 0.892347
267 467 0.979152
267 467 0.96679
402 702 0.865194
402 702 0.783368
402 702 0.937213
402 702 0.977083
402 702 0.983443
402 702 0.983704
402 702 0.750601
402 702 0.997591
402 702 0.944677
402 702 0.989277
402 702 0.809853
268 468 0.928341
268 468 0.972515
268 468 0.83136
268 468 0.869943
269 469 0.840322
269 469 0.868855
269 469 0.877691
269 469 0.985417
269 469 0.810181
271 471 0.835603
271 471 0.830312
271 471 0.91829
271 471 0.988851
271 471 0.94083
271 471 0.913892
408 708 0.983451
408 708 0.963637
408 708 0.918764
272 472 0.937682
272 472 0.94966
272 472 0.961462
272 472 0.932171
272 472 0.687702
272 472 0.90109
273 473 0.971287
273 473 0.976915
274 474 0.847193
274 474 0.716201
274 474 0.894004
274 474 0.9352
274 474 0.942048
274 474 0.840444
275 475 0.916708
275 475 0.946078
414 714 0.82946
414 714 0.795381
414 714 0.838289
277 477 0.93171
277 477 0.852149
277 477 0.973133
278 478 0.96237
278 478 0.889861
279 479 0.917735
279 479 0.946593
279 479 0.947846
279 479 0.740546
279 479 0.790612
279 479 0.825798
420 720 0.972885
420 720 0.9514
420 720 0.836244
420 720 0.943918
280 480 0.998491
280 480 0.983445
280 480 0.95181
280 480 0.924663
281 481 0.931833
281 481 0.925495
281 481 0.876078
283 483 0.953145
283 483 0.923618
283 483 0.985962
283 483 0.943303
283 483 0.803556
283 483 0.98898
426 726 0.786124
426 726 0.826391
426 726 0.747754
426 726 0.984138
426 726 0.742962
284 484 0.942911
284 484 0.851736
284 484 0.772597
284 484 0.949527
284 484 0.91098
285 485 0.945118
285 485 0.929127
285 485 0.998331
286 486 0.876945
286 486 0.856768
286 486 0.991486
286 486 0.97229
286 486 0.906436
287 487 0.791281
287 487 0.991812
287 487 0.972456
432 732 0.802885
432 732 0.966432
432 732 0.998621
432 732 0.797522
432 732 0.8446
432 732 0.828859
289 489 0.891564
289 489 0.921148
289 489 0.986142
289 489 0.957061
290 490 0.823339
290 490 0.977486
290 490 0.932803
290 490 0.961881
290 490 0.985435
290 490 0.843063
290 490 0.697028
290 490 0.993832
290 490 0.901224
291 491 0.948129
291 491 0.841583
438 738 0.925649
438 738 0.989252
438 738 0.999099
438 738 0.984631
438 738 0.96371
438 738 0.982499
438 738 0.822718
292 492 0.988693
292 492 0.968693
293 493 0.949778
293 493 0.892352
293 493 0.969878
293 493 0.944379
295 495 0.86126
295 495 0.977995
295 495 0.988838
295 495 0.956803
444 744 0.64739
444 744 0.861852
444 744 0.940048
444 744 0.69055
444 744 0.950077
444 744 0.894043
444 744 0.98536
444 744 0.951634
444 744 0.759966
444 744 0.963373
296 496 0.996484
296 496 0.950484
296 496 0.858615
297 497 0.793653
297 497 0.910649
297 497 0.902339
297 497 0.963822
297 497 0.951161
297 497 0.978166
298 498 0.935646
298 498 0.893703
298 498 0.909752
298 498 0.995222
298 498 0.863998
298 498 0.941982
298 498 0.921877
298 498 0.718742
298 498 0.907384
298 498 0.928903
298 498 0.962704
298 498 0.821977
299 499 0.773502
299 499 0.970316
299 499 0.971648
299 499 0.985994
299 499 0.925194
299 499 0.903045
299 499 0.9754
450 750 0.972126
450 750 0.93394
450 750 0.958833
301 501 0.811039
302 502 0.880556
302 502 0.929779
302 502 0.958535
302 502 0.580355
302 502 0.859522
303 503 0.984949
303 503 0.992488
303 503 0.890038
456 756 0.993687
456 756 0.99589
456 756 0.879605
456 756 0.919645
456 756 0.866838
456 756 0.930225
456 756 0.790819
304 504 0.983845
304 504 0.860399
304 504 0.853787
305 505 0.858503
305 505 0.809771
305 505 0.972861
305 505 0.997596
305 505 0.983548
305 505 0.962293
305 505 0.75408
305 505 0.994036
305 505 0.615903
307 507 0.901607
307 507 0.943408
307 507 0.997718
307 507 0.889629
307 507 0.761337
307 507 0.931945
307 507 0.841085
307 507 0.956776
307 507 0.977738
307 507 0.890311
462 762 0.953525
462 762 0.942049
462 762 0.935421
462 762 0.999835
462 762 0.903223
308 508 0.805522
308 508 0.930706
308 508 0.958774
309 509 0.941685
309 509 0.975026
309 509 0.960912
309 509 0.863473
310 510 0.920831
310 510 0.893768
310 510 0.776737
310 510 0.920503
310 510 0.975403
311 511 0.841467
311 511 0.941733
468 768 0.938798
468 768 0.879784
468 768 0.827573
468 768 0.869245
468 768 0.748064
468 768 0.895753
468 768 0.974898
313 513 0.89122
313 513 0.94198
313 513 0.642303
313 513 0.915211
313 513 0.99189
314 514 0.732727
315 515 0.932715
315 515 0.770336
315 515 0.940783
315 515 0.942458
315 515 0.981917
315 515 0.797274
315 515 0.940944
315 515 0.951679
315 515 0.79321
474 774 0.738572
474 774 0.985142
474 774 0.910858
474 774 0.936592
316 516 0.673485
316 516 0.76578
316 516 0.771594
316 516 0.960097
316 516 0.928438
316 516 0.745007
316 516 0.834756
316 516 0.881671
316 516 0.987907
317 517 0.920902
317 517 0.980086
317 517 0.989884
317 517 0.993035
317 517 0.992789
317 517 0.946402
319 519 0.915873
319 519 0.920791
319 519 0.872026
319 519 0.987524
319 519 0.988645
319 519 0.882049
319 519 0.842011
319 519 0.969988
319 519 0.860502
480 780 0.95357
480 780 0.981889
480 780 0.933516
480 780 0.812953
480 780 0.952243
480 780 0.990641
480 780 0.784868
480 780 0.822155
320 520 0.937134
320 520 0.98798
320 520 0.857264
320 520 0.911416
320 520 0.903802
320 520 0.806288
321 521 0.974376
321 521 0.840751
321 521 0.93827
321 521 0.899495
321 521 0.923225
322 522 0.929627
322 522 0.962468
322 522 0.833664
322 522 0.89889
323 523 0.951672
323 523 0.96451
323 523 0.965632
323 523 0.948305
486 786 0.921115
486 786 0.855416
486 786 0.892998
486 786 0.904785
486 786 0.959835
486 786 0.938762
486 786 0.862409
325 525 0.999518
325 525 0.982327
325 525 0.929763
326 526 0.866783
326 526 0.974417
326 526 0.982341
326 526 0.980734
326 526 0.738331
326 526 0.980031
326 526 0.818402
327 527 0.969489
327 527 0.981814
492 792 0.933382
492 792 0.901574
492 792 0.936589
328 528 0.67625
328 528 0.974394
328 528 0.977738
328 528 0.994399
328 528 0.950827
328 528 0.98036
328 528 0.714674
328 528 0.912766
329 529 0.866563
329 529 0.990107
329 529 0.966331
329 529 0.934712
329 529 0.951777
331 531 0.874575
331 531 0.773037
331 531 0.982619
331 531 0.971601
331 531 0.810587
331 531 0.973918
498 798 0.985411
498 798 0.980261
332 532 0.97021
332 532 0.561502
332 532 0.988401
333 533 0.481378
333 533 0.987943
333 533 0.979881
333 533 0.912571
334 534 0.952842
335 535 0.911082
335 535 0.991214
335 535 0.907034
335 535 0.964254
335 535 0.736772
335 535 0.643321
504 804 0.941995
504 804 0.766828
337 537 0.982163
337 537 0.573498
337 537 0.914394
337 537 0.929429
337 537 0.920075
338 538 0.945371
338 538 0.96012
338 538 0.896061
338 538 0.984264
338 538 0.89031
339 539 0.919154
339 539 0.882498
339 539 0.9479
339 539 0.97717
339 539 0.906605
510 810 0.846466
510 810 0.917505
510 810 0.729459
510 810 0.869787
510 810 0.878945
510 810 0.822158
340 540 0.778772
340 540 0.983968
340 540 0.924617
341 541 0.966539
341 541 0.979773
341 541 0.9599
341 541 0.959823
341 541 0.902561
341 541 0.946584
341 541 0.904962
341 541 0.646517
341 541 0.990565
341 541 0.987875
341 541 0.976616
341 541 0.81113
341 541 0.97404
341 541 0.898287
343 543 0.934853
343 543 0.949343
343 543 0.97863
343 543 0.870514
516 816 0.971919
516 816 0.990689
516 816 0.912027
516 816 0.880795
516 816 0.992581
516 816 0.995904
516 816 0.999895
516 816 0.901419
344 544 0.979866
345 545 0.884024
345 545 0.981954
345 545 0.940491
345 545 0.884162
345 545 0.913698
345 545 0.937528
345 545 0.951399
346 546 0.91159
346 546 0.920895
346 546 0.953035
346 546 0.992109
346 546 0.849169
347 547 0.984638
347 547 0.883485
347 547 0.930413
347 547 0.99583
347 547 0.987544
522 822 0.832364
522 822 0.82226
522 822 0.941649
522 822 0.917702
522 822 0.926924
522 822 0.985153
522 822 0.941321
522 822 0.918016
349 549 0.837515
349 549 0.867975
349 549 0.897047
349 549 0.806461
349 549 0.970708
349 549 0.968726
349 549 0.901205
349 549 0.992884
350 550 0.975413
350 550 0.994669
350 550 0.956651
351 551 0.916897
528 828 0.854565
528 828 0.959766
528 828 0.989889
528 828 0.917079
528 828 0.981498
352 552 0.954377
352 552 0.990776
352 552 0.81622
353 553 0.816378
353 553 0.885685
353 553 0.991072
353 553 0.973943
353 553 0.840811
353 553 0.95981
353 553 0.768613
355 555 0.717563
355 555 0.814754
355 555 0.840797
355 555 0.977423
534 834 0.959635
534 834 0.993126
534 834 0.902143
534 834 0.870917
534 834 0.863448
356 556 0.999159
356 556 0.910979
356 556 0.858887
356 556 0.942294
356 556 0.999989
356 556 0.828797
356 556 0.898293
356 556 0.773805
356 556 0.760069
357 557 0.894627
357 557 0.842978
357 557 0.912936
358 558 0.971177
358 558 0.954029
358 558 0.997175
358 558 0.840459
359 559 0.933831
359 559 0.897046
359 559 0.973066
359 559 0.932872
359 559 0.9164
540 840 0.988961
540 840 0.785864
540 840 0.982764
540 840 0.986764
540 840 0.818379
540 840 0.970432
540 840 0.996988
540 840 0.986823
361 561 0.99292
361 561 0.988611
362 562 0.987474
362 562 0.914925
362 562 0.918062
362 562 0.945178
363 563 0.989301
363 563 0.97385
546 846 0.799629
546 846 0.98082
546 846 0.871723
546 846 0.661762
546 846 0.839348
546 846 0.925774
364 564 0.943185
364 564 0.864862
364 564 0.857742
364 564 0.902442
364 564 0.944529
365 565 0.979105
365 565 0.852411
365 565 0.948377
365 565 0.932957
365 565 0.831612
365 565 0.976293
365 565 0.95704
367 567 0.897461
367 567 0.852638
367 567 0.968363
367 567 0.981307
367 567 0.965181
552 852 0.913954
552 852 0.946957
552 852 0.909936
368 568 0.843019
368 568 0.905426
368 568 0.99084
368 568 0.978897
368 568 0.980241
369 569 0.991931
369 569 0.741452
369 569 0.951469
369 569 0.936644
369 569 0.969299
370 570 0.858882
370 570 0.839988
370 570 0.764401
370 570 0.994104
370 570 0.707136
370 570 0.915955
370 570 0.853092
371 571 0.976745
371 571 0.730534
371 571 0.955924
371 571 0.951744
371 571 0.684325
371 571 0.946423
558 858 0.994827
558 858 0.981994
558 858 0.970133
558 858 0.958998
558 858 0.976727
558 858 0.95129
373 573 0.832281
373 573 0.905678
373 573 0.934117
373 573 0.95571
374 574 0.919047
374 574 0.996787
375 575 0.851911
375 575 0.820215
375 575 0.897171
375 575 0.937225
375 575 0.986824
375 575 0.983272
375 575 0.989968
375 575 0.872755
375 575 0.850561
375 575 0.792153
564 864 0.76728
564 864 0.877447
564 864 0.837907
564 864 0.977564
564 864 0.967666
564 864 0.830839
376 576 0.759483
376 576 0.900748
376 576 0.993759
376 576 0.803366
377 577 0.982256
377 577 0.943752
377 577 0.754659
377 577 0.822486
379 579 0.909569
379 579 0.766133
379 579 0.771535
570 870 0.958288
570 870 0.974852
380 580 0.987658
380 580 0.95113
380 580 0.975479
381 581 0.867209
381 581 0.898442
381 581 0.726165
381 581 0.82533
381 581 0.875024
381 581 0.894497
381 581 0.780003
382 582 0.918255
382 582 0.773513
382 582 0.989607
383 583 0.865815
383 583 0.952351
383 583 0.992707
383 583 0.916318
576 876 0.946148
576 876 0.84996
576 876 0.948317
576 876 0.931413
576 876 0.746283
576 876 0.942769
385 585 0.886045
385 585 0.908936
386 586 0.979599
386 586 0.791079
386 586 0.88786
386 586 0.945643
387 587 0.885188
387 587 0.98467
387 587 0.897124
387 587 0.889542
387 587 0.695631
387 587 0.961913
387 587 0.850729
582 882 0.974603
388 588 0.985744
388 588 0.851297
388 588 0.980241
388 588 0.865459
389 589 0.923387
389 589 0.961822
389 589 0.996518
389 589 0.955159
391 591 0.80477
391 591 0.996241
391 591 0.959772
588 888 0.846896
588 888 0.606777
588 888 0.937223
588 888 0.977278
588 888 0.953373
588 888 0.860975
588 888 0.898627
588 888 0.853342
588 888 0.938313
392 592 0.839398
392 592 0.934382
392 592 0.891437
392 592 0.939914
392 592 0.846601
392 592 0.978318
392 592 0.945849
392 592 0.773679
392 592 0.974556
392 592 0.975278
392 592 0.956537
393 593 0.915633
393 593 0.845731
393 593 0.865736
393 593 0.983074
393 593 0.917622
393 593 0.852816
394 594 0.980457
394 594 0.945999
394 594 0.974676
394 594 0.670155
395 595 0.978462
395 595 0.915105
395 595 0.994708
395 595 0.834086
395 595 0.929601
395 595 0.858505
395 595 0.942078
395 595 0.989645
594 894 0.943914
594 894 0.930476
594 894 0.985072
594 894 0.546487
397 597 0.995118
397 597 0.99914
397 597 0.869213
397 597 0.773649
397 597 0.952136
398 598 0.924256
398 598 0.838262
398 598 0.875889
398 598 0.959325
399 599 0.952746
399 599 0.965171
399 599 0.882611
399 599 0.957327
600 900 0.986791
600 900 0.911063
400 600 0.714944
400 600 0.883529
400 600 0.979945
400 600 0.922848
400 600 0.997599
400 600 0.944201
401 601 0.995029
401 601 0.987878
401 601 0.899252
401 601 0.951547
403 603 0.918531
403 603 0.778262
403 603 0.864967
403 603 0.931724
403 603 0.980134
606 906 0.878984
606 906 0.880094
606 906 0.984818
606 906 0.908168
606 906 0.807506
606 906 0.82894
606 906 0.935349
404 604 0.983274
404 604 0.908691
404 604 0.999104
404 604 0.828484
404 604 0.883177
405 605 0.927535
405 605 0.738666
405 605 0.677246
405 605 0.848773
405 605 0.998111
405 605 0.894495
405 605 0.695629
406 606 0.854309
406 606 0.957207
406 606 0.909432
406 606 0.975424
406 606 0.945835
406 606 0.821137
407 607 0.993642
407 607 0.988653
407 607 0.894576
407 607 0.999977
612 912 0.987243
612 912 0.951751
612 912 0.869828
612 912 0.915694
612 912 0.972323
612 912 0.93529
612 912 0.991021
612 912 0.88149
612 912 0.941868
612 912 0.977979
612 912 0.809611
612 912 0.875082
612 912 0.896789
409 609 0.970967
409 609 0.930832
409 609 0.921843
409 609 0.766253
409 609 0.787045
409 609 0.824409
410 610 0.953518
411 611 0.962141
411 611 0.880226
411 611 0.96727
411 611 0.979979
411 611 0.986306
618 918 0.91026
618 918 0.672752
618 918 0.999947
618 918 0.991161
412 612 0.943501
413 613 0.866095
413 613 0.957321
415 615 0.983274
624 924 0.99152
624 924 0.613084
624 924 0.814844
624 924 0.737298
624 924 0.947754
416 616 0.910224
416 616 0.862005
416 616 0.88904
416 616 0.87601
416 616 0.988081
416 616 0.941956
417 617 0.650866
417 617 0.940635
417 617 0.769894
417 617 0.893853
417 617 0.977962
417 617 0.866892
417 617 0.902401
418 618 0.97311
418 618 0.869137
418 618 0.948914
418 618 0.961364
418 618 0.972276
418 618 0.867321
419 619 0.88077
419 619 0.837561
419 619 0.784228
419 619 0.965404
419 619 0.979944
630 930 0.911379
630 930 0.874951
630 930 0.906857
421 621 0.734656
421 621 0.840844
421 621 0.957865
421 621 0.881301
421 621 0.796305
421 621 0.960862
422 622 0.922184
422 622 0.975723
422 622 0.984359
423 623 0.846577
423 623 0.920717
423 623 0.696101
423 623 0.98986
423 623 0.970813
636 936 0.956187
636 936 0.898683
636 936 0.722169
636 936 0.939707
636 936 0.828473
636 936 0.943359
636 936 0.974424
424 624 0.96266
424 624 0.815427
424 624 0.858439
424 624 0.916891
424 624 0.910056
424 624 0.905102
424 624 0.950669
425 625 0.985943
425 625 0.980321
425 625 0.929973
425 625 0.897102
425 625 0.703051
425 625 0.9908
425 625 0.826673
427 627 0.798126
427 627 0.822162
427 627 0.989224
427 627 0.752712
642 942 0.986161
642 942 0.863373
642 942 0.957729
642 942 0.976695
642 942 0.970851
642 942 0.922473
428 628 0.774659
428 628 0.953938
428 628 0.906347
429 629 0.970099
429 629 0.862027
429 629 0.975018
430 630 0.980068
430 630 0.886578
430 630 0.975364
430 630 0.989096
430 630 0.755662
430 630 0.892908
431 631 0.993027
431 631 0.858668
431 631 0.543933
431 631 0.991231
431 631 0.855682
431 631 0.922205
648 948 0.767374
648 948 0.962499
648 948 0.788602
648 948 0.946644
433 633 0.987859
433 633 0.935881
433 633 0.975564
433 633 0.974359
434 634 0.971665
434 634 0.918996
434 634 0.900879
435 635 0.912841
435 635 0.963037
435 635 0.947833
435 635 0.879555
435 635 0.902587
654 954 0.973664
654 954 0.954754
654 954 0.71839
654 954 0.914987
436 636 0.955137
436 636 0.894064
436 636 0.968372
437 637 0.961409
437 637 0.961601
437 637 0.960784
437 637 0.818083
437 637 0.963037
439 639 0.881429
439 639 0.988576
439 639 0.958603
439 639 0.929224
439 639 0.883622
439 639 0.945845
660 960 0.897471
660 960 0.977866
660 960 0.999377
660 960 0.884803
440 640 0.97559
440 640 0.841899
440 640 0.987784
440 640 0.810115
440 640 0.991205
441 641 0.920408
441 641 0.986342
441 641 0.967638
441 641 0.899926
441 641 0.76833
442 642 0.941586
443 643 0.948894
443 643 0.871413
443 643 0.976245
443 643 0.876919
443 643 0.727274
443 643 0.966844
666 966 0.964985
666 966 0.86032
666 966 0.696187
666 966 0.922783
666 966 0.941981
446 646 0.995363
446 646 0.920442
446 646 0.927494
446 646 0.939328
446 646 0.873132
446 646 0.809016
446 646 0.940063
447 647 0.957189
447 647 0.970319
447 647 0.801358
447 647 0.995025
672 972 0.957416
672 972 0.824219
672 972 0.945433
672 972 0.948705
672 972 0.957258
672 972 0.772648
672 972 0.911246
448 648 0.909231
448 648 0.771189
448 648 0.951207
448 648 0.963736
449 649 0.97384
449 649 0.966136
449 649 0.894108
449 649 0.996047
451 651 0.968209
451 651 0.774797
451 651 0.980287
451 651 0.969483
678 978 0.990662
678 978 0.789556
678 978 0.821912
678 978 0.908066
452 652 0.875835
452 652 0.952807
452 652 0.961434
452 652 0.96227
452 652 0.938103
452 652 0.921702
452 652 0.945068
452 652 0.95843
452 652 0.974039
453 653 0.918372
453 653 0.969836
454 654 0.84031
454 654 0.67611
454 654 0.992375
454 654 0.973285
454 654 0.803065
455 655 0.635653
455 655 0.990219
455 655 0.992465
455 655 0.835188
455 655 0.9001
455 655 0.948385
684 984 0.820463
684 984 0.939163
684 984 0.989683
457 657 0.925115
457 657 0.556785
457 657 0.866395
458 658 0.97585
458 658 0.98226
458 658 0.960166
458 658 0.935231
458 658 0.983552
459 659 0.960231
459 659 0.991803
459 659 0.94911
459 659 0.880048
459 659 0.97197
459 659 0.835993
459 659 0.909767
459 659 0.9136
459 659 0.984109
690 990 0.978509
690 990 0.990283
690 990 0.81776
690 990 0.905056
690 990 0.92158
690 990 0.996563
690 990 0.966089
460 660 0.757416
460 660 0.97226
460 660 1
460 660 1
460 660 1
460 660 1
461 661 1
461 661 1
461 661 1
461 661 1
461 661 1
461 661 1
463 663 1
463 663 1
463 663 1
463 663 1
696 996 1
696 996 1
696 996 1
464 664 1
464 664 1
464 664 1
464 664 1
464 664 1
464 664 1
465 665 1
465 665 1
465 665 1
465 665 1
465 665 1
466 666 1
466 666 1
466 666 1
467 667 1
467 667 1
702 1002 1
702 1002 1
702 1002 1
702 1002 1
702 1002 1
702 1002 1
702 1002 1
702 1002 1
702 1002 1
702 1002 1
702 1002 1
469 669 1
469 669 1
469 669 1
469 669 1
469 669 1
469 669 1
469 669 1
470 670 1
470 670 1
470 670 1
471 671 1
471 671 1
708 1008 1
708 1008 1
708 1008 1
708 1008 1
708 1008 1
708 1008 1
472 672 1
472 672 1
472 672 1
472 672 1
472 672 1
472 672 1
472 672 1
473 673 1
473 673 1
473 673 1
473 673 1
473 673 1
475 675 1
475 675 1
475 675 1
475 675 1
475 675 1
714 1014 1
714 1014 1
714 1014 1
714 1014 1
714 1014 1
714 1014 1
476 676 1
476 676 1
476 676 1
476 676 1
476 676 1
476 676 1
476 676 1
476 676 1
477 677 1
477 677 1
477 677 1
477 677 1
477 677 1
478 678 1
478 678 1
478 678 1
479 679 1
479 679 1
479 679 1
479 679 1
479 679 1
720 1020 1
720 1020 1
720 1020 1
720 1020 1
720 1020 1
720 1020 1
720 1020 1
481 681 1
481 681 1
481 681 1
481 681 1
482 682 1
482 682 1
482 682 1
482 682 1
482 682 1
482 682 1
482 682 1
482 682 1
482 682 1
483 683 1
483 683 1
483 683 1
483 683 1
483 683 1
483 683 1
483 683 1
726 1026 1
726 1026 1
726 1026 1
726 1026 1
484 684 1
484 684 1
484 684 1
484 684 1
484 684 1
484 684 1
485 685 1
485 685 1
485 685 1
485 685 1
485 685 1
487 687 1
732 1032 1
732 1032 1
732 1032 1
732 1032 1
732 1032 1
488 688 1
488 688 1
488 688 1
488 688 1
488 688 1
489 689 1
489 689 1
489 689 1
489 689 1
489 689 1
489 689 1
490 690 1
490 690 1
490 690 1
490 690 1
490 690 1
491 691 1
491 691 1
491 691 1
491 691 1
491 691 1
738 1038 1
738 1038 1
738 1038 1
738 1038 1
738 1038 1
493 693 1
493 693 1
493 693 1
493 693 1
493 693 1
494 694 1
494 694 1
495 695 1
495 695 1
495 695 1
495 695 1
495 695 1
495 695 1
495 695 1
744 1044 1
744 1044 1
744 1044 1
744 1044 1
744 1044 1
744 1044 1
744 1044 1
744 1044 1
496 696 1
496 696 1
496 696 1
496 696 1
496 696 1
496 696 1
496 696 1
497 697 1
497 697 1
497 697 1
497 697 1
497 697 1
497 697 1
499 699 1
499 699 1
499 699 1
499 699 1
499 699 1
499 699 1
499 699 1
750 1050 1
750 1050 1
750 1050 1
500 700 1
500 700 1
500 700 1
500 700 1
500 700 1
500 700 1
500 700 1
501 701 1
501 701 1
501 701 1
502 702 1
502 702 1
502 702 1
503 703 1
503 703 1
503 703 1
503 703 1
503 703 1
503 703 1
503 703 1
756 1056 1
756 1056 1
756 1056 1
756 1056 1
505 705 1
505 705 1
505 705 1
505 705 1
505 705 1
505 705 1
506 706 1
506 706 1
506 706 1
506 706 1
506 706 1
507 707 1
507 707 1
507 707 1
507 707 1
507 707 1
507 707 1
762 1062 1
762 1062 1
762 1062 1
762 1062 1
762 1062 1
762 1062 1
762 1062 1
762 1062 1
762 1062 1
762 1062 1
762 1062 1
508 708 1
508 708 1
508 708 1
508 708 1
509 709 1
509 709 1
509 709 1
509 709 1
509 709 1
509 709 1
509 709 1
509 709 1
511 711 1
511 711 1
511 711 1
768 1068 1
768 1068 1
768 1068 1
768 1068 1
512 712 1
512 712 1
512 712 1
512 712 1
512 712 1
513 713 1
513 713 1
513 713 1
513 713 1
513 713 1
513 713 1
513 713 1
514 714 1
514 714 1
514 714 1
514 714 1
514 714 1
514 714 1
514 714 1
514 714 1
514 714 1
515 715 1
515 715 1
515 715 1
515 715 1
515 715 1
774 1074 1
774 1074 1
774 1074 1
774 1074 1
774 1074 1
774 1074 1
517 717 1
517 717 1
517 717 1
517 717 1
518 718 1
518 718 1
518 718 1
518 718 1
518 718 1
518 718 1
519 719 1
519 719 1
519 719 1
519 719 1
519 719 1
780 1080 1
780 1080 1
780 1080 1
780 1080 1
780 1080 1
520 720 1
520 720 1
520 720 1
520 720 1
521 721 1
521 721 1
521 721 1
521 721 1
523 723 1
523 723 1
523 723 1
523 723 1
523 723 1
523 723 1
523 723 1
523 723 1
786 1086 1
786 1086 1
786 1086 1
786 1086 1
786 1086 1
524 724 1
525 725 1
525 725 1
525 725 1
525 725 1
526 726 1
526 726 1
526 726 1
526 726 1
526 726 1
526 726 1
526 726 1
526 726 1
526 726 1
527 727 1
527 727 1
527 727 1
527 727 1
527 727 1
527 727 1
792 1092 1
792 1092 1
529 729 1
529 729 1
529 729 1
529 729 1
529 729 1
529 729 1
529 729 1
529 729 1
529 729 1
530 730 1
530 730 1
530 730 1
530 730 1
531 731 1
531 731 1
531 731 1
531 731 1
531 731 1
531 731 1
798 1098 1
798 1098 1
532 732 1
532 732 1
532 732 1
532 732 1
533 733 1
533 733 1
535 735 1
535 735 1
535 735 1
535 735 1
535 735 1
804 1104 1
804 1104 1
804 1104 1
804 1104 1
804 1104 1
804 1104 1
804 1104 1
804 1104 1
804 1104 1
804 1104 1
536 736 1
536 736 1
536 736 1
536 736 1
537 737 1
537 737 1
537 737 1
537 737 1
538 738 1
538 738 1
538 738 1
538 738 1
539 739 1
539 739 1
539 739 1
539 739 1
810 1110 1
810 1110 1
810 1110 1
810 1110 1
810 1110 1
810 1110 1
810 1110 1
541 741 1
541 741 1
541 741 1
542 742 1
542 742 1
542 742 1
542 742 1
542 742 1
542 742 1
542 742 1
542 742 1
543 743 1
543 743 1
543 743 1
816 1116 1
816 1116 1
816 1116 1
816 1116 1
816 1116 1
544 744 1
544 744 1
544 744 1
545 745 1
545 745 1
545 745 1
545 745 1
545 745 1
547 747 1
547 747 1
547 747 1
822 1122 1
822 1122 1
822 1122 1
548 748 1
548 748 1
548 748 1
548 748 1
548 748 1
549 749 1
549 749 1
549 749 1
549 749 1
549 749 1
549 749 1
550 750 1
550 750 1
550 750 1
550 750 1
550 750 1
550 750 1
551 751 1
551 751 1
551 751 1
551 751 1
551 751 1
551 751 1
551 751 1
828 1128 1
828 1128 1
828 1128 1
828 1128 1
828 1128 1
828 1128 1
553 753 1
553 753 1
553 753 1
553 753 1
553 753 1
553 753 1
553 753 1
553 753 1
554 754 1
554 754 1
554 754 1
554 754 1
554 754 1
554 754 1
554 754 1
555 755 1
555 755 1
555 755 1
555 755 1
834 1134 1
834 1134 1
834 1134 1
834 1134 1
834 1134 1
834 1134 1
556 756 1
556 756 1
556 756 1
556 756 1
556 756 1
556 756 1
557 757 1
557 757 1
557 757 1
559 759 1
559 759 1
560 760 1
560 760 1
560 760 1
560 760 1
560 760 1
561 761 1
561 761 1
561 761 1
562 762 1
562 762 1
562 762 1
562 762 1
562 762 1
562 762 1
563 763 1
563 763 1
563 763 1
846 1146 1
565 765 1
565 765 1
565 765 1
565 765 1
565 765 1
565 765 1
565 765 1
566 766 1
566 766 1
566 766 1
566 766 1
566 766 1
566 766 1
567 767 1
567 767 1
567 767 1
567 767 1
567 767 1
852 1152 1
852 1152 1
852 1152 1
568 768 1
568 768 1
569 769 1
569 769 1
569 769 1
571 771 1
858 1158 1
858 1158 1
858 1158 1
858 1158 1
858 1158 1
858 1158 1
572 772 1
572 772 1
572 772 1
572 772 1
572 772 1
572 772 1
572 772 1
572 772 1
572 772 1
572 772 1
573 773 1
573 773 1
573 773 1
573 773 1
574 774 1
574 774 1
574 774 1
574 774 1
574 774 1
574 774 1
574 774 1
575 775 1
575 775 1
575 775 1
864 1164 1
864 1164 1
577 777 1
577 777 1
577 777 1
578 778 1
578 778 1
578 778 1
578 778 1
578 778 1
578 778 1
578 778 1
579 779 1
579 779 1
579 779 1
579 779 1
579 779 1
579 779 1
870 1170 1
870 1170 1
870 1170 1
870 1170 1
870 1170 1
580 780 1
580 780 1
580 780 1
580 780 1
581 781 1
581 781 1
581 781 1
581 781 1
581 781 1
581 781 1
581 781 1
583 783 1
583 783 1
583 783 1
876 1176 1
876 1176 1
584 784 1
584 784 1
585 785 1
585 785 1
585 785 1
586 786 1
586 786 1
586 786 1
586 786 1
586 786 1
586 786 1
586 786 1
586 786 1
587 787 1
587 787 1
587 787 1
587 787 1
882 1182 1
882 1182 1
882 1182 1
882 1182 1
589 789 1
589 789 1
589 789 1
590 790 1
590 790 1
590 790 1
590 790 1
590 790 1
590 790 1
590 790 1
591 791 1
591 791 1
591 791 1
591 791 1
591 791 1
591 791 1
591 791 1
888 1188 1
888 1188 1
888 1188 1
888 1188 1
888 1188 1
888 1188 1
592 792 1
592 792 1
592 792 1
592 792 1
592 792 1
592 792 1
592 792 1
592 792 1
592 792 1
592 792 1
593 793 1
593 793 1
593 793 1
593 793 1
593 793 1
593 793 1
593 793 1
593 793 1
595 795 1
595 795 1
595 795 1
595 795 1
595 795 1
595 795 1
595 795 1
894 1194 1
894 1194 1
894 1194 1
894 1194 1
894 1194 1
894 1194 1
596 796 1
596 796 1
596 796 1
597 797 1
597 797 1
597 797 1
597 797 1
598 798 1
598 798 1
598 798 1
598 798 1
598 798 1
598 798 1
598 798 1
599 799 1
599 799 1
599 799 1
900 1200 1
900 1200 1
900 1200 1
601 801 1
601 801 1
601 801 1
601 801 1
602 802 1
602 802 1
602 802 1
602 802 1
603 803 1
603 803 1
603 803 1
603 803 1
603 803 1
603 803 1
603 803 1
603 803 1
603 803 1
603 803 1
906 1206 1
906 1206 1
906 1206 1
906 1206 1
906 1206 1
604 804 1
604 804 1
605 805 1
607 807 1
607 807 1
607 807 1
607 807 1
607 807 1
607 807 1
912 1212 1
912 1212 1
912 1212 1
912 1212 1
912 1212 1
912 1212 1
608 808 1
608 808 1
608 808 1
608 808 1
608 808 1
608 808 1
608 808 1
608 808 1
608 808 1
609 809 1
609 809 1
609 809 1
609 809 1
609 809 1
609 809 1
609 809 1
610 810 1
610 810 1
610 810 1
611 811 1
611 811 1
611 811 1
611 811 1
611 811 1
611 811 1
918 1218 1
918 1218 1
918 1218 1
918 1218 1
918 1218 1
918 1218 1
613 813 1
613 813 1
613 813 1
613 813 1
613 813 1
613 813 1
613 813 1
613 813 1
613 813 1
613 813 1
614 814 1
614 814 1
615 815 1
924 1224 1
924 1224 1
616 816 1
616 816 1
616 816 1
616 816 1
617 817 1
617 817 1
617 817 1
617 817 1
617 817 1
617 817 1
619 819 1
619 819 1
619 819 1
930 1230 1
930 1230 1
930 1230 1
930 1230 1
620 820 1
620 820 1
620 820 1
620 820 1
620 820 1
620 820 1
621 821 1
621 821 1
621 821 1
621 821 1
621 821 1
621 821 1
621 821 1
621 821 1
622 822 1
622 822 1
622 822 1
622 822 1
622 822 1
623 823 1
936 1236 1
936 1236 1
625 825 1
625 825 1
625 825 1
625 825 1
626 826 1
626 826 1
626 826 1
626 826 1
626 826 1
626 826 1
627 827 1
627 827 1
627 827 1
627 827 1
942 1242 1
942 1242 1
942 1242 1
942 1242 1
628 828 1
628 828 1
628 828 1
628 828 1
628 828 1
628 828 1
629 829 1
629 829 1
629 829 1
629 829 1
631 831 1
631 831 1
631 831 1
631 831 1
948 1248 1
948 1248 1
948 1248 1
948 1248 1
948 1248 1
632 832 1
632 832 1
632 832 1
632 832 1
633 833 1
633 833 1
633 833 1
633 833 1
633 833 1
633 833 1
633 833 1
634 834 1
634 834 1
634 834 1
635 835 1
635 835 1
954 1254 1
954 1254 1
954 1254 1
954 1254 1
954 1254 1
954 1254 1
954 1254 1
954 1254 1
637 837 1
637 837 1
637 837 1
637 837 1
637 837 1
638 838 1
638 838 1
638 838 1
638 838 1
639 839 1
639 839 1
639 839 1
639 839 1
960 1260 1
960 1260 1
960 1260 1
960 1260 1
640 840 1
640 840 1
640 840 1
640 840 1
640 840 1
640 840 1
640 840 1
641 841 1
641 841 1
641 841 1
641 841 1
641 841 1
641 841 1
643 843 1
643 843 1
643 843 1
643 843 1
643 843 1
966 1266 1
966 1266 1
966 1266 1
966 1266 1
966 1266 1
966 1266 1
966 1266 1
966 1266 1
644 844 1
644 844 1
644 844 1
644 844 1
644 844 1
645 845 1
646 846 1
646 846 1
646 846 1
646 846 1
646 846 1
646 846 1
647 847 1
647 847 1
647 847 1
647 847 1
647 847 1
972 1272 1
972 1272 1
972 1272 1
649 849 1
649 849 1
649 849 1
649 849 1
649 849 1
649 849 1
650 850 1
650 850 1
651 851 1
651 851 1
651 851 1
651 851 1
978 1278 1
978 1278 1
978 1278 1
978 1278 1
978 1278 1
652 852 1
652 852 1
652 852 1
653 853 1
653 853 1
653 853 1
653 853 1
653 853 1
653 853 1
653 853 1
653 853 1
655 855 1
655 855 1
655 855 1
655 855 1
655 855 1
984 1284 1
984 1284 1
984 1284 1
984 1284 1
656 856 1
656 856 1
657 857 1
657 857 1
657 857 1
657 857 1
657 857 1
657 857 1
657 857 1
658 858 1
658 858 1
658 858 1
658 858 1
658 858 1
658 858 1
658 858 1
659 859 1
659 859 1
659 859 1
659 859 1
990 1290 1
990 1290 1
990 1290 1
990 1290 1
990 1290 1
990 1290 1
990 1290 1
661 861 1
661 861 1
661 861 1
661 861 1
661 861 1
662 862 1
662 862 1
662 862 1
663 863 1
663 863 1
663 863 1
663 863 1
996 1296 1
996 1296 1
996 1296 1
664 864 1
664 864 1
664 864 1
664 864 1
664 864 1
664 864 1
664 864 1
664 864 1
664 864 1
665 865 1
665 865 1
667 867 1
667 867 1
667 867 1
667 867 1
667 867 1
667 867 1
668 868 1
668 868 1
668 868 1
668 868 1
668 868 1
669 869 1
669 869 1
669 869 1
670 870 1
670 870 1
670 870 1
670 870 1
670 870 1
670 870 1
670 870 1
670 870 1
671 871 1
671 871 1
671 871 1
671 871 1
671 871 1
671 871 1
671 871 1
673 873 1
673 873 1
673 873 1
673 873 1
673 873 1
673 873 1
674 874 1
675 875 1
675 875 1
675 875 1
676 876 1
676 876 1
676 876 1
676 876 1
676 876 1
677 877 1
677 877 1
677 877 1
677 877 1
677 877 1
677 877 1
679 879 1
679 879 1
679 879 1
679 879 1
680 880 1
680 880 1
680 880 1
680 880 1
681 881 1
681 881 1
681 881 1
681 881 1
682 882 1
682 882 1
682 882 1
683 883 1
683 883 1
683 883 1
683 883 1
683 883 1
683 883 1
685 885 1
685 885 1
685 885 1
685 885 1
685 885 1
685 885 1
685 885 1
685 885 1
685 885 1
686 886 1
686 886 1
686 886 1
687 887 1
687 887 1
687 887 1
687 887 1
687 887 1
687 887 1
687 887 1
687 887 1
687 887 1
687 887 1
687 887 1
688 888 1
688 888 1
689 889 1
689 889 1
691 891 1
691 891 1
691 891 1
691 891 1
692 892 1
692 892 1
692 892 1
693 893 1
693 893 1
693 893 1
693 893 1
693 893 1
693 893 1
694 894 1
694 894 1
694 894 1
694 894 1
694 894 1
694 894 1
694 894 1
694 894 1
694 894 1
694 894 1
695 895 1
695 895 1
695 895 1
695 895 1
695 895 1
695 895 1
697 897 1
697 897 1
697 897 1
697 897 1
697 897 1
697 897 1
697 897 1
698 898 1
698 898 1
698 898 1
698 898 1
698 898 1
699 899 1
699 899 1
699 899 1
699 899 1
700 900 1
700 900 1
700 900 1
700 900 1
700 900 1
701 901 1
701 901 1
701 901 1
701 901 1
701 901 1
703 903 1
703 903 1
703 903 1
704 904 1
704 904 1
704 904 1
704 904 1
704 904 1
704 904 1
704 904 1
705 905 1
705 905 1
705 905 1
705 905 1
705 905 1
705 905 1
706 906 1
706 906 1
706 906 1
706 906 1
706 906 1
707 907 1
707 907 1
707 907 1
707 907 1
707 907 1
709 909 1
709 909 1
709 909 1
709 909 1
709 909 1
709 909 1
710 910 1
710 910 1
710 910 1
710 910 1
711 911 1
711 911 1
711 911 1
711 911 1
711 911 1
711 911 1
711 911 1
712 912 1
712 912 1
713 913 1
713 913 1
713 913 1
713 913 1
713 913 1
713 913 1
715 915 1
715 915 1
715 915 1
715 915 1
715 915 1
715 915 1
716 916 1
716 916 1
716 916 1
716 916 1
717 917 1
717 917 1
717 917 1
717 917 1
717 917 1
717 917 1
717 917 1
718 918 1
718 918 1
718 918 1
718 918 1
718 918 1
719 919 1
719 919 1
719 919 1
719 919 1
721 921 1
721 921 1
721 921 1
721 921 1
721 921 1
721 921 1
721 921 1
721 921 1
722 922 1
722 922 1
722 922 1
722 922 1
722 922 1
723 923 1
723 923 1
723 923 1
723 923 1
723 923 1
723 923 1
724 924 1
725 925 1
727 927 1
727 927 1
727 927 1
728 928 1
728 928 1
728 928 1
728 928 1
728 928 1
728 928 1
729 929 1
729 929 1
729 929 1
729 929 1
729 929 1
729 929 1
730 930 1
730 930 1
730 930 1
730 930 1
730 930 1
730 930 1
731 931 1
731 931 1
731 931 1
731 931 1
733 933 1
733 933 1
733 933 1
733 933 1
733 933 1
735 935 1
735 935 1
735 935 1
735 935 1
735 935 1
735 935 1
736 936 1
736 936 1
736 936 1
737 937 1
737 937 1
737 937 1
737 937 1
739 939 1
739 939 1
739 939 1
740 940 1
740 940 1
740 940 1
740 940 1
740 940 1
740 940 1
740 940 1
740 940 1
740 940 1
741 941 1
741 941 1
741 941 1
741 941 1
742 942 1
742 942 1
742 942 1
742 942 1
742 942 1
742 942 1
742 942 1
742 942 1
742 942 1
742 942 1
743 943 1
743 943 1
743 943 1
743 943 1
745 945 1
745 945 1
745 945 1
745 945 1
745 945 1
745 945 1
745 945 1
745 945 1
745 945 1
746 946 1
746 946 1
746 946 1
747 947 1
747 947 1
748 948 1
748 948 1
748 948 1
748 948 1
749 949 1
749 949 1
749 949 1
751 951 1
751 951 1
751 951 1
751 951 1
752 952 1
752 952 1
752 952 1
752 952 1
752 952 1
752 952 1
753 953 1
753 953 1
753 953 1
753 953 1
753 953 1
754 954 1
754 954 1
754 954 1
754 954 1
754 954 1
754 954 1
754 954 1
754 954 1
755 955 1
755 955 1
755 955 1
755 955 1
757 957 1
757 957 1
757 957 1
757 957 1
757 957 1
757 957 1
757 957 1
757 957 1
758 958 1
758 958 1
758 958 1
759 959 1
759 959 1
759 959 1
759 959 1
759 959 1
759 959 1
759 959 1
759 959 1
759 959 1
759 959 1
760 960 1
760 960 1
760 960 1
760 960 1
760 960 1
760 960 1
760 960 1
760 960 1
760 960 1
760 960 1
761 961 1
761 961 1
761 961 1
761 961 1
761 961 1
763 963 1
763 963 1
763 963 1
763 963 1
763 963 1
763 963 1
764 964 1
764 964 1
764 964 1
764 964 1
764 964 1
764 964 1
765 965 1
766 966 1
766 966 1
766 966 1
766 966 1
766 966 1
767 967 1
767 967 1
767 967 1
767 967 1
769 969 1
769 969 1
769 969 1
769 969 1
769 969 1
769 969 1
770 970 1
770 970 1
770 970 1
770 970 1
771 971 1
771 971 1
771 971 1
771 971 1
771 971 1
771 971 1
771 971 1
771 971 1
772 972 1
772 972 1
772 972 1
772 972 1
772 972 1
772 972 1
773 973 1
773 973 1
773 973 1
773 973 1
773 973 1
775 975 1
775 975 1
775 975 1
775 975 1
775 975 1
775 975 1
775 975 1
775 975 1
775 975 1
776 976 1
776 976 1
776 976 1
776 976 1
777 977 1
777 977 1
777 977 1
777 977 1
778 978 1
778 978 1
778 978 1
778 978 1
778 978 1
779 979 1
779 979 1
779 979 1
781 981 1
782 982 1
782 982 1
782 982 1
782 982 1
782 982 1
782 982 1
784 984 1
784 984 1
784 984 1
784 984 1
785 985 1
785 985 1
785 985 1
785 985 1
785 985 1
785 985 1
785 985 1
787 987 1
787 987 1
787 987 1
787 987 1
787 987 1
787 987 1
787 987 1
788 988 1
788 988 1
788 988 1
788 988 1
788 988 1
788 988 1
789 989 1
789 989 1
790 990 1
790 990 1
790 990 1
790 990 1
790 990 1
790 990 1
791 991 1
791 991 1
791 991 1
793 993 1
793 993 1
793 993 1
793 993 1
794 994 1
794 994 1
794 994 1
794 994 1
794 994 1
795 995 1
795 995 1
795 995 1
796 996 1
796 996 1
796 996 1
796 996 1
796 996 1
797 997 1
797 997 1
797 997 1
797 997 1
797 997 1
797 997 1
799 999 1
799 999 1
799 999 1
800 1000 1
800 1000 1
800 1000 1
800 1000 1
800 1000 1
800 1000 1
800 1000 1
800 1000 1
801 1001 1
801 1001 1
801 1001 1
801 1001 1
801 1001 1
801 1001 1
802 1002 1
802 1002 1
802 1002 1
802 1002 1
802 1002 1
802 1002 1
802 1002 1
802 1002 1
803 1003 1
803 1003 1
803 1003 1
803 1003 1
803 1003 1
803 1003 1
803 1003 1
803 1003 1
803 1003 1
803 1003 1
805 1005 1
805 1005 1
805 1005 1
806 1006 1
806 1006 1
806 1006 1
806 1006 1
806 1006 1
806 1006 1
806 1006 1
807 1007 1
807 1007 1
807 1007 1
808 1008 1
808 1008 1
808 1008 1
808 1008 1
809 1009 1
809 1009 1
809 1009 1
809 1009 1
809 1009 1
809 1009 1
811 1011 1
811 1011 1
811 1011 1
811 1011 1
811 1011 1
811 1011 1
811 1011 1
811 1011 1
811 1011 1
811 1011 1
811 1011 1
812 1012 1
812 1012 1
812 1012 1
812 1012 1
813 1013 1
813 1013 1
813 1013 1
813 1013 1
814 1014 1
814 1014 1
814 1014 1
814 1014 1
814 1014 1
814 1014 1
815 1015 1
815 1015 1
815 1015 1
815 1015 1
815 1015 1
815 1015 1
815 1015 1
815 1015 1
817 1017 1
817 1017 1
818 1018 1
818 1018 1
818 1018 1
819 1019 1
819 1019 1
819 1019 1
819 1019 1
819 1019 1
819 1019 1
820 1020 1
820 1020 1
820 1020 1
820 1020 1
820 1020 1
820 1020 1
821 1021 1
821 1021 1
821 1021 1
821 1021 1
823 1023 1
823 1023 1
823 1023 1
823 1023 1
824 1024 1
824 1024 1
824 1024 1
824 1024 1
824 1024 1
824 1024 1
824 1024 1
825 1025 1
825 1025 1
825 1025 1
825 1025 1
825 1025 1
825 1025 1
825 1025 1
826 1026 1
826 1026 1
826 1026 1
826 1026 1
827 1027 1
827 1027 1
827 1027 1
827 1027 1
827 1027 1
829 1029 1
829 1029 1
829 1029 1
829 1029 1
829 1029 1
829 1029 1
830 1030 1
830 1030 1
830 1030 1
830 1030 1
830 1030 1
831 1031 1
831 1031 1
831 1031 1
831 1031 1
831 1031 1
832 1032 1
832 1032 1
832 1032 1
832 1032 1
832 1032 1
833 1033 1
833 1033 1
833 1033 1
835 1035 1
835 1035 1
835 1035 1
835 1035 1
836 1036 1
836 1036 1
836 1036 1
836 1036 1
836 1036 1
836 1036 1
837 1037 1
837 1037 1
837 1037 1
837 1037 1
837 1037 1
838 1038 1
839 1039 1
839 1039 1
839 1039 1
839 1039 1
839 1039 1
839 1039 1
839 1039 1
839 1039 1
841 1041 1
841 1041 1
841 1041 1
841 1041 1
841 1041 1
841 1041 1
841 1041 1
842 1042 1
842 1042 1
843 1043 1
844 1044 1
844 1044 1
844 1044 1
844 1044 1
844 1044 1
845 1045 1
848 1048 1
848 1048 1
848 1048 1
848 1048 1
848 1048 1
849 1049 1
849 1049 1
849 1049 1
849 1049 1
849 1049 1
849 1049 1
850 1050 1
850 1050 1
850 1050 1
850 1050 1
850 1050 1
850 1050 1
850 1050 1
851 1051 1
851 1051 1
851 1051 1
853 1053 1
854 1054 1
854 1054 1
854 1054 1
854 1054 1
854 1054 1
854 1054 1
854 1054 1
854 1054 1
855 1055 1
855 1055 1
855 1055 1
855 1055 1
856 1056 1
856 1056 1
856 1056 1
856 1056 1
856 1056 1
856 1056 1
856 1056 1
857 1057 1
857 1057 1
857 1057 1
859 1059 1
859 1059 1
859 1059 1
859 1059 1
859 1059 1
859 1059 1
860 1060 1
860 1060 1
860 1060 1
860 1060 1
861 1061 1
861 1061 1
862 1062 1
862 1062 1
862 1062 1
862 1062 1
863 1063 1
863 1063 1
865 1065 1
865 1065 1
865 1065 1
865 1065 1
866 1066 1
866 1066 1
866 1066 1
867 1067 1
867 1067 1
867 1067 1
867 1067 1
867 1067 1
867 1067 1
867 1067 1
867 1067 1
868 1068 1
868 1068 1
868 1068 1
868 1068 1
868 1068 1
868 1068 1
869 1069 1
871 1071 1
871 1071 1
871 1071 1
871 1071 1
871 1071 1
872 1072 1
872 1072 1
872 1072 1
873 1073 1
873 1073 1
873 1073 1
873 1073 1
873 1073 1
873 1073 1
873 1073 1
874 1074 1
874 1074 1
874 1074 1
874 1074 1
875 1075 1
875 1075 1
875 1075 1
875 1075 1
875 1075 1
875 1075 1
877 1077 1
877 1077 1
877 1077 1
877 1077 1
877 1077 1
877 1077 1
877 1077 1
877 1077 1
878 1078 1
878 1078 1
878 1078 1
879 1079 1
879 1079 1
879 1079 1
880 1080 1
880 1080 1
880 1080 1
881 1081 1
881 1081 1
881 1081 1
881 1081 1
881 1081 1
881 1081 1
881 1081 1
881 1081 1
881 1081 1
883 1083 1
883 1083 1
883 1083 1
883 1083 1
883 1083 1
884 1084 1
884 1084 1
884 1084 1
884 1084 1
884 1084 1
884 1084 1
885 1085 1
885 1085 1
885 1085 1
885 1085 1
885 1085 1
885 1085 1
886 1086 1
886 1086 1
886 1086 1
886 1086 1
886 1086 1
886 1086 1
887 1087 1
887 1087 1
887 1087 1
887 1087 1
887 1087 1
889 1089 1
889 1089 1
889 1089 1
889 1089 1
889 1089 1
889 1089 1
889 1089 1
889 1089 1
889 1089 1
889 1089 1
890 1090 1
890 1090 1
890 1090 1
890 1090 1
890 1090 1
890 1090 1
890 1090 1
890 1090 1
890 1090 1
890 1090 1
891 1091 1
891 1091 1
891 1091 1
891 1091 1
891 1091 1
892 1092 1
892 1092 1
892 1092 1
892 1092 1
893 1093 1
893 1093 1
893 1093 1
895 1095 1
895 1095 1
895 1095 1
895 1095 1
895 1095 1
895 1095 1
896 1096 1
896 1096 1
896 1096 1
896 1096 1
896 1096 1
896 1096 1
896 1096 1
896 1096 1
897 1097 1
897 1097 1
897 1097 1
897 1097 1
898 1098 1
898 1098 1
898 1098 1
898 1098 1
899 1099 1
899 1099 1
899 1099 1
899 1099 1
899 1099 1
899 1099 1
899 1099 1
899 1099 1
899 1099 1
899 1099 1
901 1101 1
901 1101 1
901 1101 1
901 1101 1
901 1101 1
902 1102 1
902 1102 1
902 1102 1
902 1102 1
902 1102 1
902 1102 1
902 1102 1
903 1103 1
903 1103 1
903 1103 1
903 1103 1
903 1103 1
903 1103 1
903 1103 1
904 1104 1
904 1104 1
904 1104 1
905 1105 1
905 1105 1
905 1105 1
905 1105 1
907 1107 1
907 1107 1
907 1107 1
907 1107 1
907 1107 1
907 1107 1
907 1107 1
908 1108 1
908 1108 1
908 1108 1
908 1108 1
908 1108 1
908 1108 1
909 1109 1
909 1109 1
909 1109 1
909 1109 1
909 1109 1
909 1109 1
910 1110 1
910 1110 1
910 1110 1
910 1110 1
910 1110 1
910 1110 1
910 1110 1
911 1111 1
911 1111 1
911 1111 1
911 1111 1
911 1111 1
911 1111 1
911 1111 1
913 1113 1
913 1113 1
913 1113 1
913 1113 1
913 1113 1
913 1113 1
913 1113 1
913 1113 1
913 1113 1
913 1113 1
914 1114 1
914 1114 1
914 1114 1
914 1114 1
914 1114 1
914 1114 1
914 1114 1
915 1115 1
915 1115 1
915 1115 1
916 1116 1
916 1116 1
916 1116 1
917 1117 1
917 1117 1
917 1117 1
919 1119 1
920 1120 1
921 1121 1
921 1121 1
921 1121 1
921 1121 1
921 1121 1
921 1121 1
923 1123 1
923 1123 1
925 1125 1
925 1125 1
925 1125 1
925 1125 1
925 1125 1
926 1126 1
926 1126 1
926 1126 1
926 1126 1
927 1127 1
927 1127 1
927 1127 1
927 1127 1
927 1127 1
928 1128 1
928 1128 1
928 1128 1
928 1128 1
928 1128 1
928 1128 1
928 1128 1
929 1129 1
929 1129 1
929 1129 1
929 1129 1
929 1129 1
929 1129 1
931 1131 1
931 1131 1
931 1131 1
931 1131 1
931 1131 1
932 1132 1
932 1132 1
932 1132 1
932 1132 1
933 1133 1
934 1134 1
934 1134 1
934 1134 1
934 1134 1
934 1134 1
935 1135 1
935 1135 1
935 1135 1
935 1135 1
935 1135 1
935 1135 1
937 1137 1
937 1137 1
937 1137 1
937 1137 1
938 1138 1
938 1138 1
938 1138 1
938 1138 1
939 1139 1
939 1139 1
939 1139 1
939 1139 1
940 1140 1
940 1140 1
940 1140 1
940 1140 1
940 1140 1
940 1140 1
941 1141 1
941 1141 1
941 1141 1
941 1141 1
941 1141 1
941 1141 1
941 1141 1
943 1143 1
943 1143 1
943 1143 1
943 1143 1
944 1144 1
944 1144 1
944 1144 1
944 1144 1
944 1144 1
944 1144 1
945 1145 1
945 1145 1
945 1145 1
945 1145 1
945 1145 1
945 1145 1
946 1146 1
946 1146 1
946 1146 1
946 1146 1
946 1146 1
946 1146 1
946 1146 1
946 1146 1
947 1147 1
947 1147 1
947 1147 1
947 1147 1
949 1149 1
949 1149 1
949 1149 1
949 1149 1
949 1149 1
949 1149 1
949 1149 1
949 1149 1
950 1150 1
950 1150 1
950 1150 1
950 1150 1
950 1150 1
950 1150 1
950 1150 1
951 1151 1
951 1151 1
951 1151 1
951 1151 1
951 1151 1
951 1151 1
951 1151 1
951 1151 1
952 1152 1
952 1152 1
952 1152 1
952 1152 1
952 1152 1
952 1152 1
952 1152 1
952 1152 1
952 1152 1
952 1152 1
952 1152 1
952 1152 1
953 1153 1
953 1153 1
953 1153 1
955 1155 1
955 1155 1
955 1155 1
955 1155 1
955 1155 1
955 1155 1
956 1156 1
956 1156 1
956 1156 1
956 1156 1
957 1157 1
957 1157 1
957 1157 1
957 1157 1
958 1158 1
959 1159 1
959 1159 1
959 1159 1
961 1161 1
961 1161 1
961 1161 1
961 1161 1
962 1162 1
962 1162 1
962 1162 1
962 1162 1
963 1163 1
963 1163 1
964 1164 1
964 1164 1
964 1164 1
964 1164 1
964 1164 1
965 1165 1
965 1165 1
965 1165 1
965 1165 1
965 1165 1
965 1165 1
965 1165 1
967 1167 1
967 1167 1
967 1167 1
968 1168 1
968 1168 1
968 1168 1
968 1168 1
968 1168 1
968 1168 1
968 1168 1
968 1168 1
968 1168 1
969 1169 1
969 1169 1
969 1169 1
969 1169 1
970 1170 1
970 1170 1
970 1170 1
970 1170 1
970 1170 1
971 1171 1
971 1171 1
971 1171 1
971 1171 1
973 1173 1
973 1173 1
973 1173 1
974 1174 1
974 1174 1
974 1174 1
974 1174 1
974 1174 1
974 1174 1
974 1174 1
975 1175 1
975 1175 1
975 1175 1
975 1175 1
975 1175 1
975 1175 1
975 1175 1
976 1176 1
976 1176 1
976 1176 1
976 1176 1
976 1176 1
976 1176 1
977 1177 1
977 1177 1
977 1177 1
977 1177 1
977 1177 1
979 1179 1
979 1179 1
979 1179 1
979 1179 1
980 1180 1
980 1180 1
980 1180 1
980 1180 1
981 1181 1
981 1181 1
981 1181 1
981 1181 1
982 1182 1
982 1182 1
982 1182 1
982 1182 1
982 1182 1
983 1183 1
983 1183 1
983 1183 1
983 1183 1
983 1183 1
983 1183 1
983 1183 1
983 1183 1
983 1183 1
985 1185 1
985 1185 1
986 1186 1
986 1186 1
986 1186 1
986 1186 1
986 1186 1
986 1186 1
986 1186 1
987 1187 1
987 1187 1
987 1187 1
987 1187 1
987 1187 1
988 1188 1
988 1188 1
988 1188 1
988 1188 1
988 1188 1
988 1188 1
989 1189 1
989 1189 1
989 1189 1
989 1189 1
991 1191 1
991 1191 1
991 1191 1
991 1191 1
991 1191 1
991 1191 1
992 1192 1
992 1192 1
992 1192 1
993 1193 1
993 1193 1
993 1193 1
994 1194 1
994 1194 1
994 1194 1
994 1194 1
994 1194 1
994 1194 1
994 1194 1
995 1195 1
995 1195 1
995 1195 1
997 1197 1
997 1197 1
997 1197 1
997 1197 1
997 1197 1
998 1198 1
998 1198 1
998 1198 1
998 1198 1
998 1198 1
998 1198 1
998 1198 1
999 1199 1
999 1199 1
999 1199 1
1000 1200 1
1000 1200 1
1000 1200 1
1000 1200 1
1000 1200 1
1000 1200 1
