5000 100000
40 43 1
40 39 1
40 40 1
40 33 1
40 40 0.931982
40 43 1
40 43 1
40 48 1
40 43 1
40 40 1
40 38 0.887151
40 37 1
40 38 1
40 37 1
40 38 1
40 27 1
40 52 1
40 50 1
40 40 1
40 45 1
40 50 1
40 38 1
40 37 0.696054
40 45 1
40 44 1
40 46 1
40 39 1
40 43 1
40 41 1
40 45 1
40 31 1
40 48 1
40 37 1
40 37 1
40 39 1
40 48 1
40 40 1
40 44 1
40 48 1
40 35 1
40 42 1
40 42 1
40 44 1
40 38 1
40 38 1
40 48 1
40 51 1
40 36 1
40 37 1
40 49 1
40 40 1
40 42 1
40 39 1
40 49 1
40 29 1
40 46 1
40 39 1
40 43 1
40 40 1
40 42 1
40 41 1
40 43 1
40 39 1
40 41 1
40 38 1
40 40 1
40 42 1
40 35 1
40 40 1
40 42 1
40 46 1
40 37 1
40 38 1
40 37 1
40 40 1
40 36 1
40 43 1
40 41 1
40 36 1
40 40 1
40 29 0.714497
40 40 1
40 40 0.880747
40 35 1
40 38 1
40 43 1
40 41 1
40 41 1
40 40 1
40 41 1
40 47 0.769896
40 32 1
40 37 1
40 42 1
40 56 1
40 42 1
40 36 1
40 36 1
40 40 1
40 43 1
40 43 1
40 36 1
40 39 1
40 45 1
40 41 1
40 33 1
40 33 0.936453
40 36 0.96401
40 40 1
40 41 1
40 39 1
40 37 1
40 42 1
40 40 1
40 32 1
40 39 1
40 47 1
40 47 1
40 32 1
40 38 1
40 40 1
40 36 0.756411
40 39 1
40 38 1
40 41 1
40 37 1
40 38 1
40 41 1
40 40 1
40 35 1
40 37 1
40 42 1
40 40 1
40 38 1
40 42 1
40 39 1
40 42 1
40 43 1
40 41 1
40 44 1
40 47 1
40 33 1
40 44 1
40 34 1
40 43 1
40 38 1
40 38 1
40 46 1
40 40 1
40 37 1
40 36 1
40 29 1
40 29 1
40 46 1
40 43 1
40 47 1
40 40 1
40 44 1
40 40 1
40 48 1
40 40 1
40 45 1
40 34 1
40 34 1
40 35 1
40 42 1
40 47 1
40 40 1
40 45 1
40 39 1
40 44 1
40 35 1
40 42 1
40 40 1
40 39 0.832135
40 37 1
40 41 1
40 37 1
40 46 1
40 36 1
40 38 1
40 36 1
40 45 1
40 38 1
40 46 1
40 46 1
40 44 1
40 46 1
40 39 1
40 43 1
40 34 1
40 42 1
40 31 1
40 39 1
40 49 1
40 47 1
40 37 1
40 47 1
40 40 1
40 51 1
40 28 1
40 37 1
40 46 1
40 39 1
40 33 1
40 43 1
40 40 1
40 40 1
40 34 1
40 46 1
40 40 1
40 40 1
40 48 1
40 46 1
40 34 1
40 46 1
40 34 1
40 40 1
40 41 1
40 38 1
40 43 1
40 36 1
40 36 1
40 46 1
40 44 1
40 48 0.798481
40 41 1
40 45 1
40 35 1
40 53 1
40 42 1
40 43 1
40 39 1
40 46 1
40 44 1
40 44 1
40 44 1
40 43 1
40 41 1
40 37 1
40 46 1
40 40 1
40 48 1
40 40 1
40 41 1
40 41 1
40 43 1
40 45 1
40 41 1
40 38 1
40 32 1
40 38 1
40 46 1
40 43 1
40 37 0.740665
40 44 1
40 32 1
40 50 1
40 43 1
40 37 1
40 40 1
40 41 1
40 42 1
40 42 1
40 38 1
40 37 1
40 44 1
40 30 1
40 40 1
40 44 1
40 50 1
40 40 1
40 39 1
40 44 1
40 44 1
40 40 1
40 34 0.962365
40 36 1
40 38 1
40 33 0.770765
40 39 1
40 44 1
40 33 1
40 32 1
40 43 1
40 38 1
40 43 1
40 34 1
40 48 1
40 41 1
40 49 1
40 40 1
40 35 1
40 44 1
40 38 0.545376
40 40 1
40 44 1
40 41 1
40 43 1
40 35 1
40 40 1
40 42 1
40 35 1
40 41 0.844555
40 42 1
40 40 1
40 38 1
40 40 1
40 44 1
40 45 1
40 43 1
40 43 1
40 41 0.744408
40 40 1
40 40 1
40 35 1
40 50 1
40 42 1
40 38 1
40 41 1
40 33 1
40 32 1
40 45 1
40 41 1
40 44 1
40 42 1
40 49 1
40 44 1
40 44 1
40 50 1
40 46 1
40 42 1
40 36 1
40 44 1
40 37 1
40 37 1
40 37 1
40 49 1
40 30 1
40 47 1
40 32 1
40 41 1
40 47 0.814191
40 50 1
40 40 1
40 35 1
40 43 1
40 40 1
40 47 1
40 38 1
40 41 1
40 43 1
40 37 1
40 43 1
40 38 1
40 42 1
40 44 1
40 41 1
40 37 1
40 46 1
40 48 1
40 42 1
40 50 1
40 39 1
40 47 1
40 41 1
40 44 1
40 43 1
40 38 1
40 41 1
40 37 1
40 40 1
40 40 1
40 42 1
40 39 1
40 37 1
40 37 1
40 40 1
40 44 1
40 49 1
40 34 1
40 38 1
40 43 1
40 44 1
40 40 1
40 36 1
40 36 1
40 38 1
40 45 1
40 33 1
40 39 1
40 49 1
40 38 1
40 49 1
40 34 1
40 37 1
40 41 1
40 42 1
40 46 1
40 46 1
40 45 1
40 31 1
40 40 1
40 36 1
40 44 1
40 47 1
40 41 1
40 43 1
40 39 1
40 45 0.750966
40 40 1
40 39 1
40 40 1
40 44 1
40 38 1
40 41 1
40 44 1
40 38 1
40 47 1
40 37 1
40 37 1
40 40 1
40 45 1
40 40 1
40 33 1
40 40 1
40 39 1
40 30 1
40 37 1
40 26 1
40 37 0.778546
40 45 1
40 36 1
40 42 1
40 39 1
40 39 0.782505
40 43 1
40 31 1
40 31 1
40 47 1
40 40 1
40 51 1
40 37 1
40 38 1
40 42 1
40 37 1
40 43 1
40 37 1
40 36 1
40 42 1
40 36 1
40 45 1
40 40 1
40 41 0.914637
40 46 1
40 50 1
40 41 1
40 38 1
40 38 1
40 49 1
40 38 1
40 41 1
40 40 1
40 44 1
40 44 1
40 40 1
40 42 1
40 40 1
40 46 1
40 44 1
40 36 1
40 31 1
40 43 1
40 39 1
40 41 1
40 41 1
40 41 1
40 36 1
40 37 1
40 33 1
40 41 1
40 49 1
40 40 1
40 46 1
40 44 1
40 39 1
40 37 1
40 35 1
40 44 1
40 50 1
40 39 1
40 35 1
40 42 1
40 36 1
40 53 1
40 41 1
40 45 1
40 42 1
40 45 1
40 42 1
40 43 1
40 36 1
40 38 1
40 35 1
40 40 1
40 47 1
40 47 1
40 42 1
40 37 1
40 34 0.837948
40 38 1
40 42 1
40 47 1
40 40 1
40 44 1
40 43 1
40 36 1
40 39 1
40 32 1
40 38 1
40 35 1
40 36 1
40 39 1
40 40 1
40 44 1
40 38 1
40 43 1
40 34 1
40 41 1
40 36 1
40 39 1
40 38 1
40 40 1
40 41 1
40 42 1
40 42 1
40 42 1
40 44 1
40 40 1
40 43 1
40 33 1
40 41 0.676286
40 42 1
40 33 1
40 52 1
40 43 1
40 48 1
40 38 1
40 44 1
40 40 0.79274
40 49 1
40 52 1
40 44 1
40 34 1
40 37 0.925698
40 45 1
40 41 1
40 51 0.49649
40 40 1
40 36 1
40 39 1
40 53 1
40 44 1
40 42 1
40 38 1
40 43 1
40 43 1
40 40 1
40 35 1
40 47 1
40 35 1
40 44 1
40 42 1
40 39 1
40 49 1
40 41 1
40 35 1
40 35 1
40 44 1
40 30 1
40 39 0.668874
40 39 1
40 34 1
40 46 1
40 41 1
40 42 1
40 41 1
40 53 1
40 37 1
40 45 1
40 33 1
40 36 1
40 40 0.941217
40 37 1
40 46 1
40 44 1
40 44 1
40 42 0.823362
40 39 1
40 42 1
40 42 1
40 31 1
40 40 1
40 34 1
40 29 1
40 32 1
40 30 1
40 35 1
40 42 1
40 38 1
40 38 1
40 36 1
40 33 1
40 35 1
40 43 1
40 38 1
40 46 1
40 39 1
40 41 1
40 40 0.94588
40 37 1
40 44 1
40 39 1
40 43 1
40 43 1
40 39 1
40 44 1
40 43 1
40 43 1
40 40 1
40 38 1
40 42 1
40 38 1
40 48 1
40 51 1
40 41 1
40 45 1
40 42 1
40 38 1
40 47 1
40 36 1
40 34 1
40 39 1
40 32 1
40 42 1
40 39 1
40 38 1
40 41 1
40 36 1
40 42 1
40 28 1
40 44 1
40 40 1
40 42 1
40 45 1
40 42 1
40 40 1
40 42 1
40 36 0.89575
40 44 1
40 42 1
40 41 1
40 34 1
40 42 1
40 40 1
40 36 1
40 41 1
40 44 1
40 41 1
40 40 1
40 43 1
40 41 1
40 46 0.881093
40 38 1
40 47 1
40 38 1
40 33 1
40 46 1
40 42 1
40 41 1
40 46 1
40 34 1
40 43 1
40 44 1
40 38 1
40 51 1
40 43 1
40 48 1
40 39 1
40 43 1
40 44 1
40 41 1
40 40 1
40 43 1
40 42 1
40 37 1
40 43 1
40 48 1
40 37 1
40 39 1
40 36 1
40 34 1
40 36 1
40 37 1
40 40 1
40 37 0.800252
40 40 1
40 47 0.802983
40 43 1
40 42 1
40 39 1
40 40 1
40 43 1
40 38 1
40 50 1
40 49 1
40 40 1
40 37 1
40 51 1
40 45 1
40 41 1
40 35 1
40 38 1
40 42 1
40 30 1
40 36 1
40 41 1
40 39 1
40 43 0.598619
40 43 1
40 29 1
40 40 1
40 37 1
40 40 1
40 41 1
40 45 1
40 46 1
40 44 1
40 35 1
40 42 1
40 40 1
40 35 1
40 38 1
40 40 1
40 36 1
40 33 1
40 44 1
40 42 1
40 41 1
40 49 1
40 35 1
40 37 1
40 36 1
40 37 1
40 45 1
40 40 1
40 38 1
40 47 1
40 42 1
40 39 1
40 34 1
40 37 1
40 34 1
40 39 1
40 46 1
40 40 1
40 35 1
40 44 1
40 47 1
40 39 1
40 32 1
40 36 1
40 28 1
40 46 1
40 41 1
40 43 1
40 42 1
40 35 0.771765
40 47 1
40 38 1
40 39 1
40 48 1
40 35 1
40 42 1
40 43 1
40 30 1
40 40 1
40 41 1
40 44 1
40 32 1
40 40 1
40 39 1
40 47 1
40 33 1
40 40 1
40 34 1
40 33 1
40 46 1
40 39 1
40 37 1
40 39 1
40 36 0.846109
40 39 1
40 44 1
40 39 1
40 50 1
40 36 0.552706
40 37 1
40 41 1
40 35 1
40 36 1
40 46 1
40 39 1
40 44 1
40 36 1
40 47 0.553903
40 32 1
40 44 1
40 44 1
40 34 1
40 49 1
40 37 1
40 46 1
40 40 1
40 39 1
40 40 1
40 40 1
40 33 1
40 40 1
40 34 1
40 45 1
40 36 1
40 36 1
40 43 1
40 47 1
40 37 1
40 43 1
40 39 1
40 42 1
40 44 1
40 36 1
40 44 1
40 45 1
40 38 1
40 40 1
40 45 1
40 43 1
40 41 1
40 42 1
40 41 1
40 39 1
40 46 1
40 43 1
40 43 1
40 33 1
40 49 1
40 42 1
40 41 1
40 40 1
40 33 1
40 42 1
40 34 1
40 36 1
40 44 1
40 45 1
40 43 1
40 39 1
40 33 1
40 42 1
40 38 1
40 48 1
40 39 1
40 35 1
40 36 1
40 33 1
40 46 1
40 44 1
40 43 1
40 45 1
40 47 1
40 42 1
40 41 1
40 37 1
40 38 1
40 44 1
40 42 1
40 37 1
40 41 1
40 41 1
40 38 1
40 36 1
40 34 1
40 50 1
40 40 1
40 37 1
40 37 1
40 41 1
40 39 1
40 37 1
40 42 0.731757
40 43 1
40 49 1
40 30 1
40 38 1
40 42 1
40 41 1
40 40 1
40 44 1
40 41 1
40 44 1
40 42 1
40 45 1
40 40 1
40 41 1
40 34 1
40 41 1
40 36 1
40 32 1
40 43 1
40 37 0.771122
40 49 1
40 42 1
40 48 1
40 40 1
40 42 1
40 43 1
40 37 0.829446
40 36 1
40 33 1
40 41 1
40 41 1
40 43 1
40 41 1
40 42 1
40 38 1
40 44 1
40 37 1
40 41 0.781253
40 41 1
40 37 1
40 49 1
40 45 1
40 35 1
40 43 1
40 34 1
40 32 1
40 44 1
40 41 1
40 33 1
40 38 1
40 45 1
40 49 1
40 38 1
40 34 1
40 39 1
40 34 1
40 40 1
40 36 1
40 37 1
40 43 1
40 43 1
40 52 0.937508
40 42 1
40 30 1
40 37 1
40 38 1
40 39 1
40 42 1
40 41 1
40 38 0.806365
40 46 1
40 35 1
40 40 1
40 33 1
40 39 1
40 46 1
40 39 1
40 36 1
40 39 1
40 37 1
40 48 1
40 38 1
40 37 1
40 36 1
40 41 1
40 35 0.957634
40 49 1
40 30 1
40 31 0.705375
40 32 1
40 50 0.872617
40 43 1
40 35 1
40 35 1
40 41 1
40 49 1
40 34 1
40 40 1
40 39 1
40 44 1
40 46 1
40 33 1
40 37 1
40 35 1
40 38 1
40 43 1
40 42 1
40 38 1
40 40 1
40 43 1
40 48 1
40 39 1
40 37 1
40 39 1
40 39 1
40 46 1
40 48 1
40 42 1
40 42 0.716956
40 50 1
40 42 0.935793
40 39 1
40 44 1
40 38 1
40 45 1
40 46 1
40 35 1
40 35 1
40 38 1
40 34 0.92723
40 41 1
40 40 1
40 26 1
40 41 1
40 43 1
40 43 1
40 42 1
40 40 1
40 41 1
40 47 1
40 40 1
40 41 1
40 46 1
40 35 1
40 39 1
40 33 1
40 40 1
40 43 1
40 41 1
40 41 1
40 35 1
40 43 1
40 40 1
40 55 1
40 39 1
40 55 1
40 36 0.898147
40 43 1
40 41 1
40 37 0.659963
40 34 1
40 33 1
40 38 1
40 40 1
40 39 1
40 38 1
40 43 1
40 39 1
40 38 1
40 40 1
40 43 1
40 30 1
40 34 1
40 38 1
40 35 1
40 36 1
40 46 1
40 39 1
40 45 1
40 47 1
40 46 1
40 35 1
40 31 1
40 45 0.821709
40 35 0.886574
40 42 1
40 37 1
40 41 1
40 47 1
40 44 1
40 46 1
40 39 1
40 34 1
40 30 1
40 43 1
40 34 1
40 46 1
40 47 1
40 28 1
40 42 1
40 29 1
40 43 0.761914
40 42 1
40 33 1
40 33 1
40 39 1
40 39 1
40 41 1
40 46 1
40 45 1
40 40 1
40 29 1
40 31 1
40 39 1
40 34 1
40 42 1
40 44 1
40 46 1
40 32 1
40 39 1
40 42 1
40 37 1
40 40 1
40 33 1
40 39 1
40 54 1
40 45 1
40 44 0.712499
40 47 1
40 34 1
40 34 1
40 42 1
40 46 1
40 27 1
40 41 1
40 51 1
40 44 1
40 40 1
40 44 1
40 38 1
40 47 1
40 34 1
40 43 1
40 37 1
40 33 1
40 37 1
40 50 1
40 38 1
40 48 1
40 48 1
40 38 1
40 45 1
40 34 1
40 40 1
40 43 1
40 31 1
40 43 1
40 41 1
40 46 1
40 37 1
40 33 1
40 39 1
40 38 1
40 35 1
40 30 1
40 39 1
40 46 1
40 35 1
40 36 1
40 57 1
40 38 1
40 47 1
40 41 1
40 32 1
40 33 1
40 34 1
40 31 1
40 40 1
40 43 1
40 38 1
40 41 1
40 39 1
40 41 1
40 33 1
40 46 1
40 37 1
40 45 1
40 44 1
40 39 1
40 38 1
40 38 1
40 37 1
40 33 1
40 38 1
40 42 1
40 52 1
40 39 1
40 44 1
40 43 1
40 31 0.865768
40 32 1
40 58 1
40 42 1
40 43 0.78611
40 40 1
40 50 1
40 41 1
40 44 1
40 37 1
40 41 1
40 45 1
40 49 1
40 31 1
40 45 1
40 43 1
40 37 1
40 44 1
40 41 1
40 39 1
40 46 1
40 41 1
40 38 0.922368
40 46 1
40 43 1
40 41 1
40 38 1
40 34 1
40 43 1
40 33 1
40 39 0.868304
40 37 1
40 46 1
40 39 1
40 37 1
40 35 1
40 39 1
40 44 1
40 43 1
40 45 1
40 37 1
40 45 1
40 36 1
40 46 1
40 38 1
40 51 1
40 36 1
40 41 0.941892
40 45 1
40 38 1
40 39 1
40 44 1
40 34 1
40 38 1
40 29 1
40 32 1
40 48 1
40 43 1
40 36 0.795651
40 37 1
40 44 1
40 50 1
40 43 1
40 48 1
40 42 1
40 40 1
40 41 0.903006
40 43 1
40 30 0.789178
40 43 1
40 40 1
40 48 1
40 41 1
40 41 1
40 29 1
40 46 1
40 44 1
40 41 1
40 45 1
40 41 1
40 38 0.949351
40 43 1
40 37 1
40 47 1
40 45 1
40 38 1
40 38 1
40 33 1
40 38 1
40 38 1
40 36 1
40 41 1
40 38 1
40 45 0.891231
40 46 1
40 36 1
40 37 1
40 35 1
40 35 1
40 45 1
40 37 1
40 30 1
40 39 1
40 46 1
40 43 1
40 39 1
40 38 1
40 43 1
40 44 1
40 39 1
40 40 1
40 34 1
40 40 1
40 37 1
40 38 1
40 32 1
40 50 1
40 41 1
40 41 1
40 38 1
40 44 1
40 51 1
40 44 1
40 40 1
40 35 1
40 42 1
40 39 1
40 52 1
40 46 1
40 49 1
40 38 1
40 35 1
40 40 1
40 37 1
40 40 1
40 37 1
40 37 1
40 40 0.885886
40 39 1
40 39 1
40 42 1
40 39 1
40 47 1
40 38 1
40 41 1
40 43 1
40 43 1
40 33 1
40 44 1
40 38 0.832767
40 38 1
40 44 1
40 52 1
40 33 1
40 40 1
40 38 1
40 40 1
40 35 1
40 40 1
40 38 1
40 44 1
40 43 1
40 36 1
40 32 1
40 35 1
40 43 1
40 45 1
40 43 1
40 44 1
40 45 1
40 44 0.875146
40 48 1
40 36 1
40 50 1
40 49 1
40 50 1
40 42 1
40 38 1
40 36 1
40 44 1
40 48 1
40 36 1
40 43 1
40 41 1
40 41 1
40 49 1
40 42 1
40 47 1
40 41 1
40 37 1
40 33 1
40 33 1
40 38 1
40 45 1
40 54 1
40 46 1
40 41 0.843679
40 48 1
40 33 1
40 34 1
40 39 1
40 35 1
40 43 1
40 43 1
40 31 1
40 40 1
40 39 1
40 42 1
40 44 1
40 40 1
40 43 1
40 38 1
40 34 1
40 53 1
40 44 1
40 46 1
40 47 1
40 38 1
40 41 1
40 42 1
40 34 1
40 38 1
40 36 0.921738
40 37 1
40 44 1
40 41 1
40 43 1
40 41 0.916502
40 42 1
40 40 1
40 40 1
40 37 1
40 43 1
40 40 1
40 50 1
40 46 1
40 41 1
40 44 1
40 51 1
40 41 1
40 41 1
40 45 1
40 27 1
40 42 1
40 48 1
40 41 1
40 44 1
40 39 1
40 37 1
40 41 1
40 39 1
40 41 1
40 42 1
40 48 0.854907
40 37 1
40 35 1
40 47 1
40 43 1
40 37 1
40 43 1
40 34 1
40 37 1
40 34 1
40 36 1
40 37 1
40 40 1
40 46 1
40 33 1
40 37 1
40 37 1
40 43 1
40 45 1
40 31 1
40 37 1
40 40 1
40 40 1
40 44 1
40 49 1
40 44 1
40 37 1
40 50 1
40 46 1
40 44 1
40 53 1
40 46 1
40 42 1
40 39 1
40 39 1
40 39 1
40 41 1
40 41 1
40 48 1
40 42 1
40 39 1
40 41 1
40 41 1
40 37 1
40 35 1
40 39 0.925143
40 42 1
40 29 1
40 38 0.918588
40 42 1
40 33 1
40 47 1
40 39 1
40 42 1
40 43 1
40 44 1
40 31 1
40 38 1
40 39 1
40 41 1
40 35 1
40 43 1
40 45 1
40 44 1
40 40 1
40 53 1
40 33 1
40 44 1
40 46 1
40 39 1
40 36 1
40 39 1
40 46 1
40 39 1
40 34 1
40 42 0.916018
40 42 1
40 47 1
40 41 1
40 41 1
40 45 1
40 40 1
40 39 1
40 40 1
40 42 1
40 37 1
40 41 1
40 47 1
40 40 1
40 50 1
40 51 1
40 34 1
40 36 1
40 34 1
40 45 1
40 53 1
40 39 1
40 42 1
40 38 1
40 37 1
40 30 1
40 42 1
40 38 1
40 37 1
40 45 1
40 44 1
40 46 1
40 43 1
40 37 1
40 41 1
40 44 1
40 48 1
40 42 1
40 40 1
40 39 1
40 39 1
40 38 1
40 41 1
40 42 1
40 45 0.939176
40 35 1
40 46 1
40 43 1
40 38 1
40 45 1
40 31 1
40 33 1
40 51 1
40 37 1
40 41 1
40 38 1
40 46 1
40 42 1
40 45 1
40 44 1
40 54 1
40 36 1
40 39 1
40 36 1
40 41 1
40 42 0.446754
40 45 1
40 41 1
40 40 1
40 29 1
40 36 1
40 41 1
40 39 1
40 29 1
40 40 0.590782
40 35 1
40 41 1
40 52 0.765055
40 37 1
40 38 1
40 36 1
40 39 1
40 32 1
40 46 1
40 50 1
40 41 1
40 38 1
40 42 0.748221
40 44 1
40 38 1
40 38 1
40 45 1
40 43 1
40 46 1
40 42 1
40 29 1
40 31 1
40 42 1
40 39 1
40 42 1
40 47 1
40 38 1
40 41 1
40 33 1
40 43 1
40 39 1
40 39 1
40 43 1
40 37 1
40 43 1
40 45 1
40 41 1
40 34 1
40 38 1
40 38 1
40 48 1
40 42 1
40 35 1
40 41 1
40 41 1
40 39 1
40 44 1
40 49 1
40 39 1
40 38 1
40 38 1
40 38 1
40 45 1
40 41 1
40 38 1
40 53 1
40 45 1
40 41 1
40 43 1
40 48 1
40 41 1
40 36 1
40 29 1
40 41 1
40 45 1
40 38 1
40 37 1
40 45 0.949524
40 50 1
40 44 1
40 43 1
40 37 1
40 42 0.9505
40 52 1
40 32 1
40 50 1
40 35 1
40 43 1
40 36 1
40 39 1
40 46 1
40 46 1
40 37 1
40 37 1
40 36 1
40 41 1
40 43 1
40 32 1
40 40 1
40 45 1
40 32 1
40 40 1
40 40 1
40 46 1
40 40 1
40 40 1
40 40 1
40 50 1
40 36 1
40 41 1
40 51 1
40 37 1
40 44 1
40 41 1
40 41 1
40 43 1
40 44 1
40 42 1
40 47 1
40 34 1
40 38 1
40 33 1
40 43 1
40 50 1
40 36 1
40 40 1
40 43 1
40 39 1
40 35 1
40 43 1
40 33 1
40 40 1
40 32 0.973108
40 37 1
40 45 1
40 44 1
40 39 1
40 37 1
40 34 1
40 40 1
40 32 1
40 42 1
40 39 1
40 45 1
40 42 1
40 33 1
40 45 0.879298
40 44 1
40 42 1
40 40 1
40 38 1
40 47 1
40 42 1
40 39 1
40 46 1
40 34 1
40 38 1
40 45 1
40 42 1
40 48 0.955488
40 47 1
40 37 1
40 42 1
40 34 1
40 28 0.760901
40 40 1
40 44 1
40 48 1
40 28 1
40 37 1
40 45 1
40 46 1
40 41 1
40 32 1
40 37 1
40 36 1
40 41 1
40 40 1
40 38 1
40 32 1
40 43 1
40 34 1
40 43 1
40 38 1
40 42 1
40 35 1
40 36 1
40 47 1
40 54 1
40 35 1
40 44 1
40 43 1
40 45 1
40 30 1
40 40 1
40 38 1
40 31 1
40 39 1
40 40 1
40 34 1
40 43 1
40 49 0.818398
40 36 1
40 45 1
40 47 1
40 36 1
40 45 1
40 42 1
40 39 1
40 42 0.907078
40 41 1
40 39 1
40 40 1
40 42 1
40 46 1
40 39 1
40 43 1
40 40 1
40 38 1
40 43 1
40 38 1
40 33 1
40 40 1
40 50 1
40 39 1
40 40 1
40 36 1
40 39 1
40 40 1
40 43 1
40 53 1
40 43 1
40 51 1
40 35 1
40 51 1
40 39 1
40 39 1
40 42 1
40 50 1
40 47 1
40 38 1
40 40 1
40 34 1
40 41 1
40 44 1
40 34 1
40 42 1
40 43 1
40 37 1
40 40 1
40 42 1
40 40 1
40 37 1
40 43 1
40 40 1
40 43 1
40 50 1
40 38 1
40 45 1
40 44 1
40 45 1
40 48 1
40 44 1
40 38 1
40 40 1
40 45 1
40 36 1
40 39 1
40 45 1
40 34 1
40 41 1
40 43 1
40 38 1
40 39 1
40 38 1
40 48 1
40 40 1
40 44 1
40 33 0.768449
40 33 1
40 34 1
40 49 0.841032
40 42 1
40 34 1
40 29 1
40 30 0.97187
40 36 1
40 51 1
40 38 1
40 33 1
40 40 1
40 42 1
40 43 1
40 42 1
40 42 1
40 35 1
40 29 1
40 37 1
40 30 1
40 41 1
40 42 1
40 39 1
40 34 1
40 40 1
40 35 1
40 36 1
40 37 1
40 36 1
40 37 1
40 34 1
40 41 1
40 40 1
40 42 1
40 43 1
40 36 1
40 37 1
40 48 1
40 41 1
40 35 1
40 38 1
40 39 1
40 36 1
40 36 1
40 38 1
40 42 1
40 47 1
40 44 1
40 35 1
40 35 1
40 41 1
40 50 1
40 42 1
40 36 1
40 44 1
40 41 1
40 41 1
40 51 1
40 42 1
40 39 1
40 35 0.646688
40 47 1
40 45 1
40 41 1
40 31 1
40 42 1
40 41 1
40 49 0.780311
40 34 1
40 42 1
40 43 0.789691
40 45 1
40 41 1
40 41 1
40 48 1
40 42 1
40 45 1
40 35 1
40 44 1
40 31 1
40 42 1
40 31 1
40 47 1
40 36 1
40 32 1
40 31 1
40 32 1
40 44 1
40 43 1
40 48 1
40 46 1
40 37 1
40 36 1
40 32 1
40 39 1
40 37 1
40 46 1
40 40 1
40 36 1
40 45 1
40 45 1
40 40 1
40 37 1
40 47 1
40 40 1
40 36 1
40 39 1
40 50 1
40 39 1
40 34 1
40 45 1
40 32 1
40 40 1
40 51 1
40 32 1
40 48 1
40 49 1
40 47 1
40 34 1
40 36 1
40 44 1
40 34 1
40 40 1
40 36 1
40 49 1
40 41 1
40 42 1
40 38 1
40 38 1
40 41 1
40 44 1
40 45 1
40 44 1
40 40 1
40 42 1
40 39 1
40 43 1
40 36 1
40 50 1
40 42 1
40 43 1
40 45 1
40 32 0.781776
40 48 1
40 34 1
40 45 1
40 44 1
40 42 1
40 32 1
40 41 1
40 42 1
40 49 1
40 38 1
40 48 1
40 43 1
40 46 1
40 46 1
40 36 1
40 44 1
40 42 1
40 41 1
40 42 1
40 46 1
40 37 1
40 36 1
40 42 1
40 39 1
40 27 1
40 38 1
40 38 1
40 47 1
40 33 1
40 31 1
40 37 1
40 37 1
40 34 1
40 34 0.963257
40 42 1
40 43 1
40 34 1
40 37 1
40 44 1
40 30 1
40 44 1
40 48 1
40 35 1
40 42 1
40 49 1
40 40 1
40 36 0.827598
40 47 1
40 36 1
40 33 1
40 41 1
40 43 1
40 41 1
40 46 1
40 48 1
40 41 1
40 32 1
40 45 1
40 45 1
40 50 1
40 41 1
40 47 1
40 28 1
40 50 1
40 33 1
40 34 1
40 36 1
40 39 1
40 38 1
40 47 1
40 43 1
40 42 1
40 35 1
40 43 1
40 43 1
40 41 1
40 38 1
40 45 1
40 34 1
40 38 1
40 44 1
40 34 1
40 42 1
40 39 1
40 37 1
40 43 0.956111
40 49 1
40 40 1
40 38 1
40 43 1
40 45 1
40 36 1
40 38 1
40 35 1
40 49 1
40 50 1
40 41 1
40 44 1
40 31 1
40 37 1
40 41 1
40 41 1
40 34 1
40 42 1
40 38 1
40 47 1
40 43 1
40 46 1
40 30 1
40 31 1
40 37 1
40 44 1
40 38 1
40 43 1
40 33 1
40 41 1
40 43 1
40 37 1
40 39 1
40 35 1
40 36 1
40 49 1
40 42 1
40 27 1
40 46 1
40 36 1
40 43 1
40 40 1
40 38 1
40 54 1
40 29 1
40 42 1
40 46 1
40 29 1
40 37 1
40 43 1
40 46 1
40 48 1
40 39 1
40 33 1
40 41 1
40 39 1
40 48 1
40 37 1
40 37 1
40 42 1
40 37 1
40 38 1
40 41 1
40 36 1
40 38 1
40 38 1
40 40 1
40 42 1
40 36 1
40 44 1
40 44 0.724606
40 37 1
40 44 1
40 31 1
40 40 1
40 38 1
40 35 1
40 43 0.9025
40 31 1
40 46 1
40 34 1
40 40 1
40 42 1
40 42 1
40 41 1
40 34 1
40 37 1
40 44 1
40 39 1
40 33 1
40 43 1
40 40 1
40 42 1
40 39 1
40 42 1
40 38 1
40 43 1
40 32 1
40 38 1
40 31 1
40 33 1
40 46 1
40 45 1
40 50 1
40 37 1
40 52 1
40 41 1
40 42 1
40 43 1
40 36 1
40 44 1
40 42 0.767356
40 42 1
40 40 1
40 47 1
40 34 1
40 42 1
40 42 1
40 36 1
40 38 1
40 32 1
40 48 1
40 39 1
40 42 1
40 45 1
40 43 1
40 44 1
40 46 1
40 40 1
40 46 1
40 36 1
40 34 1
40 43 1
40 39 0.84798
40 36 0.628988
40 39 1
40 32 1
40 44 1
40 42 1
40 42 1
40 42 1
40 40 1
40 41 1
40 45 1
40 47 1
40 35 1
40 39 1
40 52 1
40 37 1
40 31 1
40 36 1
40 40 1
40 40 1
40 49 1
40 39 1
40 39 1
40 38 1
40 35 1
40 44 1
40 42 1
40 37 1
40 42 1
40 38 1
40 42 1
40 40 1
40 45 1
40 31 1
40 46 1
40 42 1
40 35 1
40 33 1
40 34 1
40 48 1
40 36 1
40 38 1
40 43 1
40 36 1
40 45 0.935003
40 42 1
40 34 1
40 50 1
40 41 1
40 55 1
40 38 1
40 37 1
40 39 1
40 38 1
40 43 1
40 36 1
40 46 1
40 40 1
40 49 1
40 38 1
40 43 1
40 45 1
40 40 1
40 38 1
40 39 1
40 40 1
40 35 1
40 34 1
40 45 1
40 39 1
40 39 1
40 33 0.860097
40 42 1
40 43 1
40 37 1
40 39 1
40 35 1
40 44 1
40 41 1
40 35 1
40 42 1
40 46 1
40 44 1
40 41 1
40 39 1
40 35 1
40 46 1
40 46 1
40 34 1
40 38 1
40 38 0.942034
40 38 1
40 41 0.813621
40 43 1
40 52 1
40 44 1
40 41 1
40 41 1
40 45 1
40 39 1
40 34 0.865794
40 36 1
40 38 1
40 37 1
40 37 1
40 39 1
40 26 1
40 46 1
40 44 1
40 36 1
40 41 1
40 39 1
40 43 1
40 40 1
40 45 1
40 40 1
40 34 1
40 47 1
40 41 1
40 33 1
40 33 1
40 45 1
40 40 1
40 49 1
40 45 1
40 38 1
40 43 1
40 45 1
40 38 1
40 42 1
40 36 1
40 42 1
40 51 1
40 37 1
40 42 1
40 40 1
40 41 1
40 37 1
40 31 1
40 46 1
40 37 1
40 42 1
40 45 1
40 41 1
40 40 1
40 45 1
40 43 1
40 41 1
40 35 1
40 49 1
40 37 1
40 48 1
40 42 1
40 34 1
40 45 1
40 51 1
40 53 0.948883
40 42 1
40 36 1
40 36 1
40 37 1
40 44 1
40 41 1
40 35 1
40 35 1
40 47 1
40 38 1
40 36 1
40 34 1
40 51 1
40 36 1
40 40 1
40 39 1
40 43 1
40 44 1
40 38 1
40 43 1
40 48 1
40 37 1
40 37 1
40 39 1
40 36 1
40 42 1
40 40 1
40 43 1
40 38 1
40 36 1
40 38 1
40 44 1
40 38 1
40 40 1
40 37 1
40 43 1
40 50 1
40 41 1
40 41 1
40 44 1
40 48 1
40 38 1
40 36 1
40 44 1
40 49 1
40 46 1
40 37 1
40 41 1
40 36 1
40 40 0.864159
40 50 1
40 42 1
40 35 0.795343
40 41 1
40 48 1
40 33 1
40 47 1
40 34 1
40 40 1
40 33 1
40 40 1
40 42 1
40 36 1
40 45 1
40 40 1
40 44 1
40 38 1
40 28 1
40 47 1
40 49 1
40 30 1
40 51 1
40 40 1
40 30 1
40 37 1
40 41 1
40 42 1
40 35 1
40 36 1
40 39 1
40 47 1
40 38 1
40 42 1
40 44 1
40 37 1
40 35 1
40 32 1
40 42 1
40 47 1
40 30 1
40 36 1
40 36 1
40 37 1
40 40 1
40 30 1
40 31 1
40 44 1
40 44 1
40 34 1
40 39 0.857185
40 39 1
40 39 1
40 45 1
40 43 1
40 37 1
40 36 1
40 45 1
40 43 1
40 38 1
40 43 1
40 44 1
40 44 1
40 52 1
40 38 1
40 40 1
40 34 1
40 34 1
40 42 0.907902
40 42 1
40 36 1
40 40 1
40 45 1
40 40 1
40 44 1
40 47 1
40 38 1
40 46 1
40 49 1
40 40 1
40 46 1
40 38 1
40 41 1
40 45 1
40 26 1
40 34 1
40 29 1
40 46 1
40 44 1
40 46 1
40 48 1
40 40 1
40 33 1
40 39 1
40 47 1
40 44 1
40 43 1
40 36 1
40 36 1
40 47 1
40 39 1
40 34 1
40 34 1
40 34 1
40 36 1
40 40 1
40 45 1
40 36 1
40 43 1
40 54 1
40 42 1
40 40 1
40 36 1
40 42 1
40 40 0.973586
40 40 1
40 40 0.855366
40 41 1
40 37 1
40 36 1
40 39 1
40 38 1
40 40 1
40 38 1
40 44 1
40 35 1
40 36 1
40 33 0.927465
40 50 1
40 31 1
40 47 1
40 39 1
40 30 1
40 37 1
40 40 1
40 43 1
40 45 1
40 42 0.916902
40 40 1
40 42 1
40 36 1
40 47 1
40 41 1
40 46 1
40 46 1
40 37 1
40 32 1
40 38 1
40 42 1
40 43 1
40 43 1
40 46 1
40 44 1
40 37 1
40 43 1
40 41 1
40 35 1
40 41 1
40 47 1
40 43 1
40 41 1
40 38 1
40 30 1
40 48 1
40 37 1
40 35 1
40 36 1
40 47 1
40 43 1
40 38 1
40 33 1
40 39 1
40 37 1
40 34 0.827101
40 38 1
40 36 1
40 50 1
40 46 1
40 36 1
40 37 1
40 45 0.838964
40 45 1
40 46 1
40 44 0.975619
40 37 1
40 43 1
40 32 1
40 40 0.845037
40 48 1
40 33 1
40 33 0.863528
40 39 1
40 34 1
40 41 1
40 33 1
40 41 1
40 42 1
40 52 1
40 40 1
40 37 1
40 47 1
40 40 1
40 42 1
40 47 1
40 31 1
40 27 1
40 45 1
40 42 1
40 39 1
40 46 1
40 28 1
40 41 1
40 45 1
40 34 1
40 36 1
40 35 1
40 39 1
40 37 1
40 35 1
40 41 1
40 43 1
40 40 1
40 38 1
40 28 1
40 48 1
40 44 1
40 39 1
40 37 1
40 44 1
40 33 1
40 49 1
40 39 1
40 38 0.767499
40 55 0.807368
40 40 1
40 46 1
40 37 1
40 40 1
40 37 1
40 50 1
40 44 1
40 41 0.885934
40 30 1
40 38 1
40 56 1
40 40 1
40 36 1
40 38 1
40 44 1
40 36 1
40 31 1
40 46 1
40 51 0.83018
40 45 1
40 38 1
40 35 0.884387
40 41 1
40 47 0.852035
40 39 1
40 45 1
40 35 1
40 34 1
40 42 1
40 47 1
40 37 1
40 39 1
40 45 1
40 51 1
40 32 1
40 43 1
40 33 0.872096
40 39 1
40 41 1
40 45 1
40 36 1
40 36 1
40 53 1
40 39 1
40 29 1
40 36 1
40 40 1
40 38 1
40 39 1
40 36 1
40 41 1
40 48 1
40 39 1
40 33 1
40 41 1
40 50 1
40 38 1
40 44 1
40 45 1
40 41 1
40 41 1
40 44 1
40 40 1
40 39 1
40 47 1
40 37 1
40 31 1
40 47 1
40 54 1
40 39 1
40 39 1
40 35 0.664174
40 45 1
40 39 1
40 36 1
40 40 1
40 43 1
40 41 1
40 40 1
40 47 1
40 42 1
40 53 1
40 42 0.89533
40 46 1
40 38 1
40 40 1
40 44 1
40 38 1
40 44 1
40 40 1
40 42 1
40 40 1
40 50 1
40 43 1
40 34 1
40 35 1
40 39 1
40 38 1
40 37 1
40 46 1
40 40 1
40 40 0.791815
40 34 1
40 39 1
40 39 0.880162
40 38 1
40 34 1
40 38 1
40 44 1
40 42 1
40 40 1
40 41 1
40 38 1
40 39 1
40 38 1
40 41 1
40 40 1
40 44 1
40 41 1
40 43 1
40 37 1
40 38 1
40 46 1
40 45 1
40 52 1
40 31 1
40 36 1
40 46 1
40 36 0.746756
40 53 1
40 31 0.966725
40 47 1
40 46 1
40 43 1
40 43 0.746006
40 39 1
40 38 1
40 45 1
40 47 1
40 42 1
40 35 1
40 46 1
40 41 1
40 38 1
40 37 1
40 43 1
40 37 1
40 34 1
40 37 1
40 32 1
40 43 1
40 31 1
40 48 1
40 38 1
40 38 1
40 34 1
40 40 1
40 30 1
40 42 1
40 37 1
40 38 0.925916
40 38 1
40 46 1
40 48 1
40 43 1
40 32 0.72715
40 40 1
40 49 1
40 41 1
40 41 1
40 47 1
40 41 1
40 49 1
40 52 1
40 47 1
40 30 1
40 35 1
40 42 1
40 35 1
40 45 1
40 46 1
40 45 1
40 42 1
40 28 1
40 43 1
40 41 1
40 39 1
40 32 1
40 41 1
40 45 1
40 49 1
40 40 1
40 37 1
40 34 1
40 40 1
40 36 1
40 38 1
40 41 1
40 21 1
40 37 1
40 46 1
40 30 1
40 45 1
40 44 1
40 44 1
40 32 1
40 38 1
40 45 0.893484
40 47 1
40 40 1
40 40 1
40 55 1
40 29 1
40 41 1
40 42 1
40 43 1
40 50 1
40 38 1
40 42 1
40 36 1
40 53 0.814091
40 38 1
40 50 1
40 46 1
40 38 1
40 47 1
40 37 0.938246
40 47 1
40 48 1
40 45 1
40 40 1
40 38 1
40 45 1
40 36 1
40 36 1
40 47 1
40 38 1
40 43 0.782582
40 42 0.808155
40 39 1
40 43 1
40 48 1
40 33 1
40 38 1
40 41 1
40 33 1
40 40 1
40 48 1
40 34 1
40 42 1
40 30 1
40 50 1
40 46 1
40 36 1
40 46 1
40 36 1
40 49 0.973799
40 41 1
40 42 1
40 44 1
40 38 1
40 38 1
40 49 1
40 40 1
40 37 1
40 42 1
40 45 1
40 47 1
40 40 1
40 53 1
40 43 1
40 45 1
40 33 1
40 41 0.963151
40 38 1
40 44 1
40 45 1
40 42 1
40 44 1
40 37 1
40 37 1
40 44 1
40 43 1
40 45 1
40 40 1
40 46 1
40 43 0.923469
40 35 1
40 39 1
40 44 1
40 40 1
40 46 1
40 40 1
40 39 1
40 46 1
40 37 1
40 31 1
40 43 1
40 34 1
40 43 1
40 38 1
40 36 1
40 47 1
40 47 1
40 41 1
40 38 1
40 43 1
40 40 1
40 39 1
40 35 1
40 38 1
40 38 0.889562
40 40 1
40 44 1
40 42 1
40 44 1
40 38 1
40 44 1
40 36 1
40 32 1
40 40 1
40 44 1
40 46 1
40 43 1
40 42 1
40 40 1
40 42 1
40 44 1
40 36 1
40 37 1
40 40 1
40 38 1
40 37 1
40 35 0.916412
40 35 1
40 36 1
40 39 1
40 40 1
40 38 1
40 43 1
40 40 1
40 29 1
40 46 1
40 43 1
40 42 1
40 37 1
40 38 1
40 43 1
40 43 1
40 46 1
40 40 1
40 38 1
40 43 1
40 34 1
40 47 0.98871
40 45 1
40 44 1
40 39 1
40 45 1
40 34 1
40 42 0.931873
40 31 1
40 39 1
40 41 1
40 42 1
40 36 1
40 49 1
40 41 1
40 36 1
40 33 1
40 42 1
40 36 1
40 45 1
40 43 1
40 32 1
40 45 1
40 45 1
40 37 1
40 30 1
40 38 1
40 35 1
40 40 1
40 33 1
40 37 1
40 41 1
40 37 1
40 43 1
40 36 0.770764
40 34 1
40 41 1
40 33 1
40 40 1
40 35 1
40 41 1
40 34 1
40 37 1
40 38 1
40 39 1
40 46 1
40 44 1
40 40 1
40 46 1
40 40 1
40 41 1
40 36 1
40 36 1
40 39 1
40 42 1
40 45 1
40 38 1
40 46 1
40 39 1
40 31 1
40 43 1
40 46 1
40 42 0.981738
40 45 1
40 38 1
40 40 1
40 41 1
40 38 1
40 37 1
40 48 1
40 44 1
40 46 1
40 44 1
40 41 1
40 43 1
40 47 1
40 48 1
40 47 1
40 33 1
40 46 1
40 35 1
40 42 1
40 38 0.97068
40 41 1
40 42 1
40 46 1
40 42 1
40 31 1
40 42 1
40 43 1
40 35 1
40 43 1
40 46 1
40 43 1
40 35 1
40 43 1
40 39 1
40 45 1
40 41 1
40 43 1
40 45 1
40 48 1
40 38 1
40 35 1
40 52 1
40 40 1
40 29 1
40 42 1
40 40 1
40 46 1
40 45 1
40 32 1
40 38 1
40 42 1
40 47 1
40 41 1
40 41 1
40 41 1
40 31 1
40 49 1
40 47 1
40 42 1
40 32 1
40 43 1
40 46 1
40 49 1
40 38 1
40 39 1
40 39 0.959995
40 41 1
40 45 1
40 35 1
40 42 1
40 39 1
40 38 1
40 38 1
40 52 1
40 40 0.788395
40 36 1
40 36 1
40 39 1
40 36 1
40 40 1
40 38 1
40 37 1
40 36 1
40 30 1
40 34 1
40 46 1
40 47 1
40 34 1
40 48 1
40 39 1
40 42 1
40 46 1
40 36 1
40 39 1
40 41 1
40 51 0.768078
40 37 1
40 38 1
40 47 1
40 47 1
40 38 1
40 51 1
40 38 1
40 36 1
40 49 1
40 50 1
40 38 1
40 37 1
40 41 1
40 44 1
40 32 1
40 39 1
40 39 1
40 45 1
40 39 1
40 41 1
40 36 0.960807
40 45 1
40 45 1
40 44 1
40 35 1
40 46 1
40 45 1
40 49 1
40 39 1
40 45 1
40 45 1
40 43 1
40 40 1
40 29 0.936203
40 46 1
40 38 1
40 45 1
40 45 1
40 41 1
40 36 1
40 46 1
40 47 1
40 38 1
40 36 1
40 37 1
40 41 0.695136
40 43 1
40 45 1
40 41 1
40 50 1
40 56 1
40 35 1
40 51 1
40 42 1
40 42 1
40 33 1
40 37 1
40 38 1
40 37 0.713678
40 39 1
40 48 1
40 37 1
40 36 1
40 39 1
40 44 1
40 39 1
40 47 1
40 50 1
40 42 1
40 44 1
40 35 1
40 45 1
40 45 1
40 41 1
40 44 1
40 41 1
40 48 1
40 42 1
40 42 1
40 45 1
40 40 1
40 33 1
40 39 1
40 39 1
40 35 1
40 33 1
40 40 1
40 42 1
40 37 1
40 44 1
40 32 1
40 41 1
40 38 1
40 36 1
40 37 1
40 52 1
40 51 1
40 30 0.609789
40 46 1
40 44 1
40 45 1
40 40 0.90619
40 33 1
40 41 1
40 38 1
40 36 1
40 44 1
40 38 1
40 42 1
40 42 1
40 46 1
40 43 1
40 46 1
40 49 1
40 43 1
40 37 1
40 28 1
40 39 1
40 37 1
40 36 1
40 37 1
40 38 1
40 38 1
40 47 1
40 43 1
40 42 1
40 48 1
40 44 1
40 42 1
40 42 1
40 35 1
40 40 1
40 43 1
40 45 1
40 45 1
40 37 1
40 49 1
40 30 1
40 42 1
40 42 1
40 45 1
40 40 1
40 45 1
40 45 1
40 41 1
40 38 1
40 43 1
40 37 1
40 26 1
40 37 1
40 43 1
40 35 1
40 48 1
40 41 1
40 39 1
40 45 1
40 34 0.804401
40 37 1
40 44 1
40 40 1
40 45 1
40 41 1
40 49 1
40 40 0.887159
40 45 1
40 36 1
40 50 1
40 30 1
40 35 1
40 36 1
40 48 1
40 47 1
40 42 1
40 42 1
40 43 1
40 39 1
40 39 0.800708
40 39 1
40 49 1
40 42 1
40 31 1
40 45 1
40 40 1
40 34 1
40 42 1
40 29 1
40 39 1
40 29 1
40 44 1
40 44 1
40 32 0.890117
40 26 1
40 33 1
40 34 1
40 34 0.948967
40 50 1
40 52 1
40 49 1
40 32 0.670318
40 35 1
40 51 1
40 37 1
40 44 1
40 47 1
40 46 1
40 42 1
40 49 1
40 41 1
40 52 1
40 32 1
40 42 1
40 41 1
40 40 1
40 42 1
40 37 1
40 49 1
40 46 1
40 36 1
40 38 1
40 33 1
40 41 1
40 38 1
40 45 1
40 49 1
40 47 1
40 41 1
40 34 1
40 45 1
40 46 1
40 35 1
40 39 1
40 46 1
40 45 0.924393
40 41 1
40 46 1
40 35 1
40 40 1
40 41 1
40 36 1
40 39 1
40 46 1
40 41 1
40 41 1
40 48 1
40 47 1
40 41 1
40 39 1
40 35 1
40 45 1
40 39 0.868223
40 37 1
40 42 1
40 40 1
40 48 1
40 46 1
40 43 1
40 49 1
40 45 1
40 40 0.593983
40 50 1
40 39 1
40 43 1
40 35 1
40 41 1
40 47 1
40 32 1
40 33 1
40 37 1
40 47 1
40 43 1
40 46 1
40 37 1
40 34 1
40 38 1
40 35 1
40 41 1
40 43 1
40 44 1
40 29 1
40 45 1
40 40 1
40 42 1
40 43 1
40 40 1
40 58 1
40 33 1
40 43 0.751747
40 38 1
40 41 1
40 51 1
40 39 1
40 42 1
40 41 1
40 31 1
40 40 1
40 39 1
40 40 1
40 42 1
40 41 1
40 35 1
40 40 1
40 37 1
40 40 1
40 40 1
40 42 1
40 42 1
40 43 1
40 40 0.811757
40 45 1
40 43 1
40 37 1
40 44 1
40 45 1
40 43 1
40 45 1
40 42 1
40 36 1
40 39 1
40 43 1
40 34 0.792284
40 40 1
40 48 1
40 46 1
40 50 1
40 37 1
40 38 1
40 28 1
40 40 1
40 38 1
40 41 1
40 45 1
40 41 1
40 44 1
40 39 1
40 35 1
40 43 1
40 43 1
40 33 1
40 38 1
40 44 1
40 40 1
40 41 1
40 43 1
40 39 1
40 45 1
40 45 0.860524
40 38 1
40 45 1
40 43 1
40 38 1
40 36 1
40 39 1
40 35 1
40 39 1
40 29 1
40 36 1
40 43 1
40 37 1
40 41 1
40 33 1
40 38 1
40 43 1
40 43 1
40 42 1
40 41 1
40 42 1
40 53 1
40 38 1
40 39 1
40 46 1
40 44 1
40 49 1
40 35 1
40 41 1
40 38 1
40 41 1
40 38 1
40 42 1
40 44 1
40 48 1
40 40 1
40 45 1
40 44 1
40 54 1
40 35 1
40 35 1
40 38 1
40 44 1
40 37 1
40 46 1
40 35 1
40 32 1
40 42 1
40 44 1
40 46 1
40 38 1
40 42 1
40 44 1
40 35 1
40 41 1
40 43 0.876535
40 34 1
40 36 1
40 37 1
40 41 1
40 42 1
40 45 1
40 36 0.89464
40 40 1
40 35 1
40 40 1
40 47 1
40 36 1
40 31 1
40 42 1
40 49 1
40 38 1
40 46 1
40 35 1
40 42 1
40 44 1
40 34 1
40 36 1
40 47 1
40 41 1
40 33 1
40 31 1
40 42 1
40 42 1
40 44 1
40 39 1
40 37 1
40 45 1
40 37 1
40 32 1
40 39 1
40 37 0.84064
40 35 1
40 39 1
40 48 1
40 45 1
40 36 1
40 45 1
40 44 1
40 40 1
40 46 1
40 43 1
40 42 1
40 35 1
40 39 1
40 37 1
40 50 1
40 39 1
40 39 1
40 42 1
40 43 1
40 39 1
40 35 1
40 41 1
40 37 1
40 40 1
40 43 1
40 44 1
40 50 1
40 30 0.897811
40 38 1
40 44 1
40 32 1
40 38 1
40 45 1
40 39 1
40 30 0.772451
40 42 1
40 41 1
40 38 1
40 48 1
40 40 1
40 38 1
40 35 1
40 42 1
40 41 1
40 36 1
40 40 1
40 42 1
40 26 1
40 48 1
40 41 1
40 43 1
40 45 1
40 37 1
40 40 1
40 37 1
40 44 1
40 36 1
40 40 1
40 44 1
40 39 1
40 49 1
40 37 1
40 36 1
40 41 1
40 56 1
40 38 1
40 36 1
40 31 1
40 32 1
40 32 1
40 41 1
40 40 1
40 30 1
40 40 0.876645
40 38 1
40 39 1
40 40 1
40 34 1
40 50 1
40 41 0.9734
40 33 0.847633
40 42 1
40 42 1
40 35 1
40 44 1
40 41 1
40 36 1
40 37 1
40 35 1
40 38 1
40 45 1
40 32 1
40 46 1
40 41 1
40 46 1
40 44 1
40 46 1
40 43 1
40 31 1
40 31 1
40 42 1
40 36 1
40 47 1
40 38 1
40 39 1
40 43 1
40 46 1
40 45 1
40 50 1
40 36 1
40 35 1
40 43 1
40 33 1
40 39 1
40 39 1
40 43 1
40 43 1
40 36 1
40 45 1
40 41 1
40 34 1
40 40 1
40 41 1
40 42 1
40 49 1
40 38 1
40 40 1
40 48 1
40 44 1
40 36 1
40 43 0.952593
40 32 1
40 35 1
40 39 1
40 41 1
40 39 1
40 44 1
40 40 1
40 37 1
40 48 1
40 43 1
40 40 1
40 39 1
40 31 1
40 46 1
40 37 1
40 46 1
40 43 1
40 39 1
40 33 1
40 40 1
40 38 1
40 50 1
40 35 0.839408
40 42 1
40 41 1
40 46 1
40 45 1
40 42 1
40 42 1
40 40 1
40 35 1
40 47 1
40 44 1
40 36 1
40 49 1
40 36 1
40 33 1
40 33 1
40 42 1
40 38 1
40 41 1
40 40 1
40 40 1
40 36 1
40 40 1
40 36 1
40 34 1
40 44 1
40 35 1
40 33 1
40 29 1
40 44 1
40 37 1
40 47 1
40 37 1
40 39 1
40 48 1
40 30 1
40 35 1
40 46 1
40 38 1
40 33 1
40 33 1
40 37 1
40 31 1
40 35 1
40 37 1
40 32 1
40 46 1
40 33 1
40 49 0.624657
40 42 1
40 38 1
40 37 1
40 38 1
40 34 1
40 43 1
40 35 1
40 39 1
40 42 1
40 40 1
40 41 1
40 48 0.885638
40 50 1
40 49 1
40 37 1
40 37 1
40 43 1
40 37 1
40 45 1
40 39 1
40 36 1
40 43 1
40 46 1
40 34 1
40 44 1
40 39 1
40 46 1
40 48 1
40 43 1
40 41 1
40 40 1
40 40 1
40 39 1
40 41 1
40 38 1
40 32 1
40 38 1
40 40 1
40 43 1
40 44 1
40 41 1
40 37 1
40 41 1
40 41 1
40 36 1
40 32 1
40 40 1
40 37 1
40 44 1
40 54 1
40 46 1
40 41 1
40 49 1
40 38 1
40 35 1
40 47 1
40 38 1
40 37 1
40 42 0.665964
40 40 0.548722
40 43 1
40 44 1
40 34 1
40 37 1
40 42 1
40 34 1
40 34 1
40 42 1
40 41 1
40 32 1
40 40 1
40 43 1
40 35 1
40 37 1
40 42 1
40 40 1
40 35 1
40 36 1
40 33 1
40 40 1
40 48 1
40 34 1
40 38 1
40 40 0.801728
40 40 1
40 39 1
40 34 1
40 48 1
40 46 1
40 46 1
40 38 1
40 39 1
40 35 1
40 34 1
40 34 1
40 44 1
40 44 1
40 33 1
40 39 1
40 39 1
40 39 1
40 38 1
40 40 1
40 37 1
40 39 1
40 38 1
40 50 1
40 37 1
40 41 1
40 35 1
40 34 1
40 40 1
40 42 1
40 36 1
40 32 1
40 39 1
40 45 1
40 38 1
40 37 1
40 39 1
40 43 1
40 40 1
40 36 1
40 42 1
40 38 1
40 42 1
40 39 1
40 33 1
40 45 1
40 39 1
40 47 1
40 42 1
40 45 1
40 42 1
40 36 1
40 44 0.924359
40 40 1
40 32 1
40 46 1
40 35 1
40 39 1
40 37 1
40 41 1
40 40 1
40 43 1
40 34 0.912067
40 37 1
40 43 1
40 41 1
40 46 1
40 40 1
40 34 1
40 41 1
40 36 1
40 47 1
40 40 1
40 42 1
40 40 1
40 33 1
40 47 1
40 52 1
40 40 0.767233
40 40 1
40 41 1
40 44 0.668306
40 48 1
40 36 1
40 39 1
40 47 1
40 44 1
40 32 1
40 53 1
40 40 1
40 45 1
40 36 1
40 35 1
40 37 1
40 42 1
40 40 1
40 43 1
40 42 1
40 50 1
40 44 1
40 38 1
40 40 1
40 35 1
40 48 1
40 44 1
40 33 1
40 25 0.821932
40 46 1
40 42 1
40 43 1
40 38 1
40 46 1
40 43 1
40 43 1
40 42 1
40 40 1
40 40 1
40 43 1
40 46 1
40 46 1
40 42 1
40 36 1
40 34 1
40 44 1
40 35 1
40 43 1
40 36 1
40 45 0.780686
40 36 1
40 38 0.814701
40 43 1
40 50 1
40 33 1
40 41 1
40 41 1
40 43 1
40 47 1
40 38 1
40 31 1
40 41 1
40 47 1
40 36 1
40 44 1
40 33 1
40 44 1
40 41 1
40 37 1
40 41 1
40 41 1
40 45 1
40 36 1
40 49 1
40 48 1
40 44 0.949539
40 46 1
40 35 1
40 42 1
40 39 0.823773
40 47 1
40 43 1
40 40 1
40 32 1
40 42 1
40 42 1
40 39 1
40 47 0.781008
40 35 1
40 42 1
40 41 1
40 34 1
40 44 1
40 39 1
40 44 1
40 40 1
40 37 1
40 44 1
40 38 1
40 48 1
40 53 1
40 45 1
40 41 1
40 52 1
40 33 1
40 45 1
40 52 1
40 39 0.826213
40 41 1
40 40 1
40 43 1
40 41 1
40 39 1
40 34 1
40 40 1
40 42 1
40 41 1
40 41 1
40 39 1
40 48 1
40 45 1
40 44 1
40 44 1
40 43 1
40 35 1
40 39 1
40 36 0.807031
40 35 1
40 34 1
40 42 1
40 43 1
40 32 1
40 42 1
40 40 0.764199
40 50 1
40 36 1
40 44 1
40 47 1
40 40 1
40 29 1
40 41 1
40 40 1
40 36 1
40 38 1
40 45 1
40 37 1
40 39 1
40 41 1
40 33 1
40 45 1
40 41 1
40 46 1
40 37 1
40 40 1
40 49 1
40 35 1
40 37 1
40 40 1
40 25 1
40 51 1
40 37 1
40 37 1
40 39 1
40 38 1
40 39 1
40 36 1
40 42 1
40 37 1
40 39 1
40 39 1
40 32 1
40 44 1
40 50 1
40 37 1
40 46 1
40 43 1
40 43 1
40 42 1
40 44 1
40 43 1
40 40 1
40 46 1
40 40 1
40 48 1
40 48 1
40 40 1
40 44 0.844516
40 37 1
40 36 1
40 35 1
40 41 1
40 47 1
40 50 1
40 40 1
40 48 1
40 44 1
40 45 0.793411
40 38 1
40 47 1
40 46 1
40 32 1
40 43 1
40 44 1
40 38 1
40 50 1
40 41 1
40 43 1
40 30 1
40 44 1
40 36 1
40 35 1
40 42 1
40 37 1
40 40 1
40 44 0.900774
40 37 1
40 39 1
40 43 1
40 50 1
40 37 1
40 37 1
40 31 1
40 38 1
40 38 1
40 43 1
40 43 1
40 43 1
40 40 1
40 46 1
40 46 1
40 39 1
40 41 1
40 42 1
40 40 1
40 39 1
40 41 1
40 35 1
40 50 1
40 37 1
40 35 1
40 38 1
40 38 1
40 48 1
40 35 1
40 39 1
40 36 1
40 39 1
40 37 1
40 44 1
40 46 1
40 45 1
40 37 1
40 42 1
40 38 1
40 34 1
40 38 1
40 44 1
40 44 1
40 48 1
40 46 1
40 44 1
40 39 1
40 36 1
40 40 1
40 37 1
40 36 1
40 43 1
40 39 1
40 34 1
40 36 1
40 39 1
40 41 1
40 42 0.838023
40 41 1
40 49 1
40 43 1
40 47 1
40 42 1
40 37 1
40 34 1
40 36 1
40 39 1
40 30 1
40 36 1
40 38 1
40 50 1
40 44 0.828328
40 42 1
40 37 1
40 36 1
40 42 1
40 41 1
40 41 1
40 41 1
40 39 1
40 36 1
40 38 1
40 39 1
40 38 1
40 47 1
40 49 1
40 38 1
40 45 1
40 39 1
40 46 1
40 37 1
40 49 1
40 44 1
40 48 0.881533
40 43 1
40 36 1
40 50 1
40 48 1
40 36 1
40 43 1
40 39 1
40 42 1
40 41 1
40 47 1
40 47 1
40 38 1
40 32 1
40 40 1
40 41 1
40 47 1
40 37 1
40 36 1
40 42 1
40 42 1
40 36 1
40 40 1
40 46 1
40 41 1
40 45 1
40 38 1
40 38 1
40 47 1
40 33 1
40 40 0.919166
40 35 1
40 35 1
40 47 1
40 39 1
40 39 1
40 45 1
40 35 1
40 42 1
40 37 1
40 38 1
40 35 1
40 38 1
40 42 1
40 38 1
40 39 1
40 31 0.807264
40 45 1
40 44 1
40 37 1
40 44 1
40 34 1
40 41 1
40 38 1
40 47 1
40 46 1
40 41 1
40 38 1
40 41 0.879955
40 43 0.763952
40 39 1
40 43 0.817568
40 40 1
40 36 1
40 37 1
40 40 1
40 43 1
40 38 1
40 36 1
40 39 1
40 30 1
40 31 1
40 35 1
40 40 1
40 41 1
40 45 1
40 32 1
40 45 1
40 44 1
40 31 0.828876
40 41 1
40 44 1
40 40 0.877703
40 31 1
40 48 1
40 34 1
40 39 1
40 40 1
40 41 1
40 43 1
40 35 1
40 34 1
40 45 1
40 38 1
40 38 1
40 35 1
40 46 1
40 32 1
40 36 1
40 42 1
40 42 1
40 45 1
40 36 1
40 37 1
40 43 0.896452
40 42 1
40 44 1
40 37 1
40 39 0.823868
40 37 1
40 38 1
40 44 1
40 37 1
40 35 1
40 43 0.742899
40 35 1
40 47 1
40 38 1
40 42 1
40 46 1
40 47 1
40 40 1
40 45 1
40 34 1
40 38 1
40 38 1
40 43 1
40 41 1
40 35 1
40 28 1
40 36 1
40 42 1
40 35 1
40 44 1
40 37 1
40 35 1
40 46 1
40 39 1
40 42 1
40 45 1
40 29 1
40 51 1
40 37 1
40 42 1
40 38 1
40 38 1
40 40 1
40 41 1
40 48 1
40 44 1
40 42 1
40 35 1
40 32 1
40 46 1
40 35 1
40 28 1
40 34 1
40 37 1
40 38 1
40 41 1
40 40 1
40 42 1
40 42 1
40 38 1
40 46 1
40 40 1
40 39 1
40 33 1
40 46 1
40 34 1
40 48 1
40 48 1
40 43 1
40 35 1
40 49 1
40 45 1
40 37 1
40 42 1
40 39 1
40 43 1
40 38 1
40 38 1
40 44 1
40 46 0.950083
40 47 1
40 50 1
40 39 1
40 44 1
40 44 1
40 39 1
40 41 1
40 35 1
40 48 1
40 42 1
40 38 1
40 33 1
40 40 1
40 50 1
40 42 1
40 35 1
40 42 1
40 43 1
40 32 1
40 43 1
40 46 1
40 45 1
40 42 0.728751
40 41 1
40 34 1
40 45 1
40 52 1
40 32 0.754996
40 37 1
40 41 1
40 46 1
40 42 1
40 34 1
40 39 1
40 38 1
40 34 1
40 51 1
40 37 1
40 41 1
40 46 1
40 37 1
40 37 1
40 42 1
40 50 0.90578
40 36 1
40 44 1
40 41 1
40 37 1
40 41 1
40 35 1
40 47 0.803843
40 33 1
40 38 1
40 45 1
40 41 1
40 39 1
40 42 1
40 43 1
40 38 1
40 45 0.906221
40 34 1
40 36 1
40 33 1
40 42 1
40 40 1
40 38 1
40 41 1
40 51 1
40 41 1
40 44 1
40 42 1
40 33 1
40 39 1
40 34 0.873741
40 46 1
40 45 1
40 47 1
40 41 1
40 44 1
40 36 1
40 36 0.777516
40 40 1
40 43 1
40 37 1
40 43 1
40 52 1
40 32 1
40 45 1
40 44 1
40 38 1
40 50 1
40 45 1
40 40 1
40 42 1
40 41 1
40 49 1
40 46 1
40 44 1
40 32 1
40 46 1
40 40 1
40 32 0.817679
40 41 1
40 34 1
40 41 0.918462
40 37 1
40 42 1
40 39 1
40 40 1
40 44 1
40 40 1
40 39 1
40 44 0.830443
40 47 1
40 41 1
40 36 1
40 39 1
40 41 1
40 46 1
40 46 1
40 36 1
40 36 1
40 39 1
40 41 1
40 47 1
40 45 1
40 37 1
40 39 1
40 48 1
40 34 1
40 49 1
40 35 1
40 38 1
40 48 1
40 38 1
40 39 1
40 37 1
40 44 1
40 31 1
40 36 1
40 39 1
40 37 1
40 43 1
40 42 1
40 35 1
40 41 1
40 44 1
40 30 1
40 45 1
40 36 1
40 44 1
40 35 1
40 33 1
40 35 1
40 39 1
40 38 1
40 39 1
40 46 1
40 45 1
40 34 1
40 42 1
40 44 1
40 42 1
40 48 1
40 43 1
40 47 1
40 45 1
40 39 1
40 41 1
40 38 1
40 52 1
40 39 1
40 42 1
40 44 1
40 33 1
40 36 1
40 35 0.646421
40 46 1
40 45 1
40 44 1
40 46 1
40 45 1
40 33 1
40 34 1
40 42 1
40 36 1
40 38 1
40 48 1
40 37 1
40 34 1
40 45 1
40 47 1
40 42 1
40 40 1
40 37 1
40 35 1
40 38 0.756394
40 39 0.916448
40 36 1
40 42 1
40 49 1
40 40 1
40 38 1
40 38 1
40 45 1
40 36 1
40 40 1
40 43 1
40 36 1
40 43 1
40 47 1
40 46 1
40 48 1
40 39 1
40 36 1
40 34 1
40 38 1
40 47 1
40 43 1
40 41 1
40 45 1
40 47 1
40 46 1
40 41 1
40 42 1
40 38 1
40 46 1
40 50 1
40 40 1
40 43 1
40 29 1
40 47 1
40 31 0.815883
40 41 1
40 40 1
40 39 1
40 45 1
40 40 0.900384
40 38 1
40 39 1
40 46 1
40 40 1
40 42 1
40 40 1
40 42 1
40 31 1
40 32 1
40 40 1
40 44 1
40 36 1
40 48 1
40 38 1
40 46 1
40 33 0.849473
40 44 1
40 38 1
40 38 1
40 39 1
40 38 1
40 37 1
40 47 1
40 40 1
40 34 1
40 40 1
40 44 1
40 42 1
40 45 1
40 49 1
40 38 1
40 41 1
40 35 1
40 34 1
40 42 1
40 41 1
40 37 1
40 34 1
40 36 1
40 36 1
40 37 1
40 44 0.733634
40 43 1
40 44 0.842987
40 38 1
40 41 1
40 39 1
40 34 1
40 38 1
40 37 1
40 39 1
40 42 1
40 49 1
40 34 1
40 46 0.85243
40 43 1
40 55 1
40 35 1
40 44 1
40 40 1
40 48 1
40 41 1
40 41 1
40 38 1
40 46 1
40 42 1
40 37 1
40 41 1
40 42 1
40 46 1
40 36 1
40 41 1
40 34 1
40 42 1
40 33 1
40 44 1
40 41 1
40 45 1
40 42 1
40 35 1
40 53 1
40 44 1
40 40 1
40 42 1
40 42 1
40 39 1
40 29 1
40 46 1
40 36 1
40 31 1
40 41 1
40 36 1
40 47 1
40 34 1
40 45 1
40 35 1
40 43 1
40 39 1
40 44 1
40 39 1
40 42 1
40 39 1
40 33 1
40 39 1
40 46 1
40 38 1
40 53 1
40 37 1
40 44 1
40 42 1
40 52 1
40 33 1
40 32 1
40 46 1
40 48 1
40 32 1
40 48 1
40 42 1
40 46 1
40 45 1
40 46 1
40 43 1
40 40 1
40 38 1
40 40 0.902748
40 36 1
40 46 1
40 32 1
40 38 1
40 43 1
40 47 1
40 45 1
40 39 1
40 42 1
40 41 1
40 42 1
40 38 1
40 46 1
40 33 1
40 43 0.906778
40 40 1
40 33 1
40 42 1
40 37 1
40 42 1
40 34 1
40 44 1
40 37 1
40 36 1
40 28 1
40 39 1
40 30 1
40 37 1
40 31 1
40 41 0.842308
40 46 1
40 41 0.925695
40 40 1
40 28 1
40 33 1
40 43 1
40 44 1
40 38 1
40 28 0.815326
40 43 1
40 47 1
40 42 1
40 50 1
40 49 1
40 28 1
40 35 1
40 39 1
40 31 1
40 46 1
40 47 1
40 44 1
40 37 1
40 40 1
40 39 1
40 39 1
40 38 1
40 33 1
40 40 1
40 37 1
40 41 1
40 52 1
40 46 1
40 33 1
40 49 1
40 34 1
40 41 1
40 42 1
40 36 1
40 39 1
40 34 1
40 48 1
40 43 0.878881
40 45 1
40 36 1
40 40 1
40 48 1
40 39 1
40 44 1
40 42 1
40 38 1
40 40 1
40 37 1
40 34 0.820134
40 51 1
40 35 1
40 38 1
40 40 1
40 51 1
40 40 1
40 39 1
40 34 1
40 42 1
40 40 1
40 46 1
40 44 1
40 46 1
40 37 1
40 31 1
40 39 1
40 46 0.513991
40 42 1
40 29 1
40 39 1
40 30 1
40 46 1
40 42 1
40 30 1
40 37 1
40 38 1
40 39 1
40 43 1
40 31 1
40 42 1
40 30 1
40 41 1
40 46 1
40 34 1
40 40 1
40 38 1
40 43 1
40 35 1
40 45 1
40 38 1
40 41 1
40 32 1
40 35 1
40 34 1
40 49 1
40 39 1
40 48 1
40 43 1
40 48 1
40 38 1
40 50 1
40 33 1
40 49 1
40 50 1
40 44 1
40 39 1
40 33 1
40 48 1
40 39 1
40 41 1
40 48 1
40 37 1
40 29 1
40 49 1
40 43 1
40 33 1
40 39 1
40 33 1
40 45 1
40 33 1
40 38 1
40 50 1
40 36 1
40 46 1
40 46 1
40 42 1
40 35 1
