1000 93213
85 87 0.843246
267 267 0.921189
386 387 0.741981
755 756 0.830426
193 195 0.809917
92 93 0.715107
314 315 0.825527
192 192 0.832253
25 27 0.75693
921 921 0.963913
452 453 0.79688
502 504 0.82203
451 453 0.63291
885 885 0.970055
388 390 0.943197
224 225 0.690092
335 336 0.941578
708 708 0.632636
990 990 0.716245
858 858 0.890892
906 906 0.790017
914 915 0.921957
264 264 0.915282
955 957 0.737306
931 933 0.777068
715 717 0.676799
137 138 0.841297
818 819 0.790013
885 885 0.890326
434 435 0.901702
515 516 0.923186
641 642 0.869268
105 105 0.937632
848 849 0.83017
687 687 0.916581
214 216 0.872709
325 327 0.889492
20 21 0.845034
26 27 0.819797
903 903 0.797425
629 630 0.863123
378 378 0.879153
302 303 0.992114
697 699 0.785115
33 33 0.893609
958 960 0.957445
199 201 0.605471
345 345 0.75996
679 681 0.938724
99 99 0.917818
103 105 0.873824
535 537 0.723872
96 96 0.946951
900 900 0.791146
49 51 0.776326
308 309 0.746151
155 156 0.817446
888 888 0.937745
173 174 0.847476
69 69 0.674555
561 561 0.887673
588 588 0.899197
916 918 0.916878
672 672 0.633618
149 150 0.837996
891 891 0.821032
509 510 0.767186
641 642 0.914055
159 159 0.897964
221 222 0.89207
247 249 0.729308
827 828 0.965265
72 72 0.913634
692 693 0.862669
506 507 0.527196
780 780 0.89082
967 969 0.80839
160 162 0.725142
512 513 0.775445
647 648 0.742697
947 948 0.940553
986 987 0.659046
486 486 0.900544
474 474 0.755363
55 57 0.79512
97 99 0.786718
49 51 0.775512
715 717 0.90542
818 819 0.981048
52 54 0.660497
741 741 0.769367
131 132 0.963382
823 825 0.964257
962 963 0.946743
459 459 0.93518
393 393 0.773129
559 561 0.845254
144 144 0.928357
538 540 0.825986
895 897 0.898749
837 837 0.69957
785 786 0.849219
208 210 0.631751
283 285 0.828802
831 831 0.896364
947 948 0.921851
425 426 0.96347
583 585 0.832694
502 504 0.830952
595 597 0.569503
633 633 0.824572
534 534 0.932166
541 543 0.733822
802 804 0.713264
135 135 0.956325
99 99 0.905504
985 987 0.899074
170 171 0.984486
584 585 0.919409
755 756 0.738923
656 657 0.82998
185 186 0.930004
633 633 0.852591
489 489 0.933978
468 468 0.906611
831 831 0.690225
558 558 0.705761
370 372 0.894884
591 591 0.784977
298 300 0.78104
444 444 0.877554
929 930 0.909737
706 708 0.690058
124 126 0.947879
128 129 0.902286
652 654 0.588147
20 21 0.932704
394 396 0.936126
621 621 0.777039
173 174 0.837621
681 681 0.841842
76 78 0.772284
328 330 0.875153
324 324 0.949541
654 654 0.615213
280 282 0.939837
698 699 0.90198
138 138 0.689468
224 225 0.887883
858 858 0.755252
759 759 0.723942
392 393 0.936116
911 912 0.856308
947 948 0.935617
631 633 0.881513
425 426 0.687324
610 612 0.922123
509 510 0.934942
469 471 0.895738
194 195 0.669505
803 804 0.907106
74 75 0.649001
99 99 0.829412
930 930 0.800435
484 486 0.641925
755 756 0.919834
131 132 0.902327
900 900 0.836569
550 552 0.915002
131 132 0.754599
387 387 0.942227
482 483 0.886826
312 312 0.825654
263 264 0.926027
940 942 0.828014
415 417 0.913552
496 498 0.860456
825 825 0.734047
253 255 0.979979
75 75 0.941168
542 543 0.720492
738 738 0.890734
466 468 0.762872
236 237 0.764873
480 480 0.890137
150 150 0.531898
801 801 0.897685
317 318 0.863583
180 180 0.897336
653 654 0.871114
269 270 0.932469
38 39 0.982624
111 111 0.96502
230 231 0.830689
411 411 0.949362
945 945 0.900887
13 15 0.631691
256 258 0.75618
393 393 0.814256
751 753 0.961909
390 390 0.981223
951 951 0.89448
790 792 0.957639
440 441 0.819569
125 126 0.846356
324 324 0.820131
737 738 0.778114
637 639 0.717476
604 606 0.874361
885 885 0.769466
110 111 0.728055
770 771 0.736737
696 696 0.895175
806 807 0.87305
141 141 0.933547
645 645 0.708757
222 222 0.770168
143 144 0.781016
43 45 0.81939
431 432 0.927534
530 531 0.849918
767 768 0.968345
553 555 0.810398
840 840 0.767202
247 249 0.668264
184 186 0.950308
519 519 0.849382
534 534 0.894719
999 999 0.908021
61 63 0.955971
165 165 0.93159
639 639 0.723012
357 357 0.865889
988 990 0.827124
298 300 0.93486
433 435 0.966247
553 555 0.874554
411 411 0.953706
398 399 0.911337
479 480 0.892203
242 243 0.927069
657 657 0.891159
303 303 0.857148
774 774 0.570055
563 564 0.709991
240 240 0.922194
243 243 0.917174
537 537 0.451374
161 162 0.832552
722 723 0.954591
246 246 0.920898
808 810 0.854916
275 276 0.859307
652 654 0.869687
911 912 0.74549
165 165 0.850782
348 348 0.946519
510 510 0.856378
464 465 0.885575
263 264 0.917868
963 963 0.923447
333 333 0.767195
176 177 0.754771
546 546 0.876759
787 789 0.933893
49 51 0.77067
649 651 0.668597
779 780 0.980009
323 324 0.639504
719 720 0.827379
29 30 0.765948
750 750 0.85133
268 270 0.82781
23 24 0.806744
116 117 0.898591
386 387 0.87455
284 285 0.632323
139 141 0.876001
986 987 0.899181
903 903 0.920657
570 570 0.856588
690 690 0.749801
238 240 0.864822
937 939 0.795256
535 537 0.839755
971 972 0.860726
265 267 0.985947
235 237 0.764303
125 126 0.837146
850 852 0.656265
628 630 0.547161
77 78 0.895727
17 18 0.877721
999 999 0.890007
974 975 0.849335
521 522 0.7854
776 777 0.813542
89 90 0.765727
337 339 0.992433
34 36 0.897121
450 450 0.70863
403 405 0.691025
34 36 0.791001
833 834 0.832184
302 303 0.87409
617 618 0.851196
614 615 0.907438
35 36 0.903166
129 129 0.867124
830 831 0.842068
69 69 0.871725
613 615 0.715938
93 93 0.641635
922 924 0.853191
448 450 0.738102
209 210 0.742536
596 597 0.889634
672 672 0.877407
901 903 0.83182
118 120 0.709672
921 921 0.915988
90 90 0.910213
123 123 0.858162
329 330 0.717858
415 417 0.904881
617 618 0.622315
675 675 0.848757
977 978 0.874753
116 117 0.405914
857 858 0.916458
751 753 0.596498
905 906 0.9164
33 33 0.916704
637 639 0.62484
522 522 0.801611
479 480 0.639458
365 366 0.767641
360 360 0.924072
816 816 0.611607
293 294 0.897116
897 897 0.858156
8 9 0.701481
185 186 0.886107
120 120 0.861764
589 591 0.853557
606 606 0.72329
587 588 0.939306
887 888 0.528155
461 462 0.932256
864 864 0.932401
909 909 0.897528
480 480 0.869743
138 138 0.870285
627 627 0.984912
924 924 0.935153
552 552 0.908141
591 591 0.744708
595 597 0.722625
41 42 0.94486
976 978 0.785808
430 432 0.958014
11 12 0.952917
419 420 0.823956
619 621 0.403066
209 210 0.878985
133 135 0.716207
1000 1002 0.82337
505 507 0.899474
546 546 0.655025
866 867 0.715742
435 435 0.962833
884 885 0.989284
152 153 0.806693
991 993 0.816521
429 429 0.703751
242 243 0.726038
963 963 0.906363
800 801 0.950312
579 579 0.874799
463 465 0.788007
373 375 0.70133
629 630 0.992539
394 396 0.831599
210 210 0.868373
959 960 0.945991
339 339 0.902057
828 828 0.976151
448 450 0.905042
945 945 0.945307
99 99 0.799851
591 591 0.973496
349 351 0.84751
25 27 0.912021
962 963 0.913703
692 693 0.662209
167 168 0.932388
818 819 0.754552
211 213 0.94848
86 87 0.630285
92 93 0.889086
357 357 0.957979
169 171 0.646524
965 966 0.940714
433 435 0.852394
167 168 0.832023
8 9 0.71907
179 180 0.942196
606 606 0.715031
481 483 0.757492
732 732 0.764574
224 225 0.703875
628 630 0.740796
996 996 0.733246
55 57 0.724378
363 363 0.959826
3 3 0.705611
1000 1002 0.887045
116 117 0.880472
501 501 0.955985
427 429 0.882089
353 354 0.598409
81 81 0.836333
634 636 0.655555
151 153 0.739699
657 657 0.906524
923 924 0.816362
301 303 0.845821
733 735 0.9083
884 885 0.925928
530 531 0.905704
247 249 0.736455
193 195 0.798011
988 990 0.840716
380 381 0.931476
830 831 0.957402
746 747 0.925909
660 660 0.971902
721 723 0.717568
931 933 0.860494
403 405 0.927007
370 372 0.849311
685 687 0.974483
425 426 0.874605
184 186 0.636762
727 729 0.90782
279 279 0.657968
100 102 0.805017
28 30 0.892855
201 201 0.680772
102 102 0.819069
34 36 0.968391
207 207 0.66831
314 315 0.750767
886 888 0.707466
792 792 0.63091
155 156 0.853378
890 891 0.968725
905 906 0.961016
138 138 0.832
577 579 0.897833
310 312 0.961288
521 522 0.851338
728 729 0.810087
310 312 0.73952
374 375 0.899858
132 132 0.85799
265 267 0.8492
684 684 0.947677
500 501 0.842276
698 699 0.736499
830 831 0.84038
485 486 0.82816
769 771 0.837667
12 12 0.590389
979 981 0.721338
474 474 0.953549
68 69 0.870706
943 945 0.997991
661 663 0.82458
117 117 0.957231
733 735 0.863135
427 429 0.850675
24 24 0.707487
600 600 0.945061
620 621 0.853452
74 75 0.919235
233 234 0.989259
40 42 0.979844
202 204 0.898563
678 678 0.890611
192 192 0.75701
963 963 0.821839
874 876 0.730324
734 735 0.795894
276 276 0.789858
317 318 0.928153
59 60 0.5964
802 804 0.860131
379 381 0.979624
213 213 0.764653
721 723 1
841 843 1
124 126 1
757 759 1
192 192 1
549 549 1
235 237 1
452 453 1
838 840 1
685 687 1
34 36 1
543 543 1
72 72 1
242 243 1
993 993 1
689 690 1
441 441 1
962 963 1
767 768 1
629 630 1
911 912 1
565 567 1
194 195 1
889 891 1
874 876 1
748 750 1
549 549 1
148 150 1
104 105 1
374 375 1
882 882 1
466 468 1
870 870 1
121 123 1
368 369 1
11 12 1
296 297 1
365 366 1
988 990 1
590 591 1
979 981 1
265 267 1
471 471 1
417 417 1
971 972 1
886 888 1
265 267 1
804 804 1
185 186 1
821 822 1
658 660 1
874 876 1
468 468 1
956 957 1
591 591 1
574 576 1
323 324 1
739 741 1
588 588 1
572 573 1
189 189 1
864 864 1
890 891 1
855 855 1
982 984 1
556 558 1
93 93 1
820 822 1
2 3 1
405 405 1
813 813 1
769 771 1
301 303 1
643 645 1
650 651 1
989 990 1
707 708 1
634 636 1
672 672 1
936 936 1
514 516 1
845 846 1
343 345 1
235 237 1
293 294 1
579 579 1
868 870 1
458 459 1
190 192 1
697 699 1
114 114 1
826 828 1
375 375 1
843 843 1
386 387 1
670 672 1
21 21 1
611 612 1
514 516 1
377 378 1
196 198 1
597 597 1
248 249 1
850 852 1
663 663 1
636 636 1
131 132 1
618 618 1
995 996 1
391 393 1
38 39 1
370 372 1
168 168 1
710 711 1
592 594 1
390 390 1
474 474 1
893 894 1
765 765 1
257 258 1
108 108 1
326 327 1
425 426 1
845 846 1
725 726 1
933 933 1
357 357 1
226 228 1
902 903 1
43 45 1
74 75 1
507 507 1
540 540 1
35 36 1
335 336 1
68 69 1
363 363 1
278 279 1
129 129 1
633 633 1
380 381 1
7 9 1
675 675 1
934 936 1
191 192 1
460 462 1
423 423 1
919 921 1
846 846 1
552 552 1
883 885 1
786 786 1
746 747 1
505 507 1
777 777 1
346 348 1
899 900 1
897 897 1
733 735 1
634 636 1
909 909 1
201 201 1
324 324 1
452 453 1
777 777 1
492 492 1
543 543 1
958 960 1
444 444 1
492 492 1
381 381 1
346 348 1
218 219 1
513 513 1
656 657 1
213 213 1
234 234 1
367 369 1
216 216 1
971 972 1
976 978 1
297 297 1
693 693 1
776 777 1
162 162 1
570 570 1
196 198 1
905 906 1
200 201 1
825 825 1
430 432 1
303 303 1
861 861 1
370 372 1
55 57 1
563 564 1
406 408 1
241 243 1
518 519 1
831 831 1
947 948 1
411 411 1
859 861 1
794 795 1
266 267 1
61 63 1
405 405 1
98 99 1
149 150 1
856 858 1
41 42 1
514 516 1
676 678 1
555 555 1
888 888 1
523 525 1
309 309 1
573 573 1
293 294 1
420 420 1
249 249 1
655 657 1
277 279 1
622 624 1
349 351 1
393 393 1
490 492 1
474 474 1
541 543 1
704 705 1
462 462 1
366 366 1
682 684 1
497 498 1
694 696 1
620 621 1
876 876 1
617 618 1
19 21 1
956 957 1
442 444 1
84 84 1
639 639 1
577 579 1
472 474 1
750 750 1
139 141 1
312 312 1
728 729 1
656 657 1
221 222 1
100 102 1
912 912 1
916 918 1
642 642 1
234 234 1
477 477 1
493 495 1
19 21 1
935 936 1
859 861 1
556 558 1
477 477 1
535 537 1
455 456 1
266 267 1
989 990 1
716 717 1
605 606 1
29 30 1
239 240 1
684 684 1
101 102 1
401 402 1
229 231 1
145 147 1
995 996 1
230 231 1
612 612 1
239 240 1
876 876 1
727 729 1
123 123 1
398 399 1
355 357 1
606 606 1
560 561 1
393 393 1
765 765 1
366 366 1
992 993 1
994 996 1
659 660 1
681 681 1
944 945 1
376 378 1
179 180 1
208 210 1
141 141 1
185 186 1
648 648 1
340 342 1
468 468 1
15 15 1
77 78 1
257 258 1
415 417 1
618 618 1
201 201 1
443 444 1
697 699 1
781 783 1
906 906 1
777 777 1
526 528 1
662 663 1
499 501 1
746 747 1
276 276 1
502 504 1
387 387 1
423 423 1
557 558 1
668 669 1
461 462 1
235 237 1
888 888 1
530 531 1
648 648 1
673 675 1
323 324 1
638 639 1
39 39 1
550 552 1
597 597 1
904 906 1
703 705 1
15 15 1
941 942 1
528 528 1
282 282 1
411 411 1
399 399 1
622 624 1
527 528 1
772 774 1
993 993 1
730 732 1
390 390 1
86 87 1
110 111 1
614 615 1
602 603 1
382 384 1
382 384 1
223 225 1
599 600 1
977 978 1
330 330 1
202 204 1
721 723 1
2 3 1
168 168 1
989 990 1
781 783 1
451 453 1
765 765 1
682 684 1
90 90 1
53 54 1
780 780 1
815 816 1
600 600 1
928 930 1
566 567 1
493 495 1
278 279 1
368 369 1
17 18 1
929 930 1
98 99 1
927 927 1
293 294 1
768 768 1
217 219 1
827 828 1
678 678 1
960 960 1
155 156 1
796 798 1
248 249 1
844 846 1
423 423 1
401 402 1
410 411 1
933 933 1
570 570 1
727 729 1
344 345 1
445 447 1
255 255 1
34 36 1
930 930 1
389 390 1
145 147 1
283 285 1
462 462 1
328 330 1
575 576 1
391 393 1
448 450 1
297 297 1
351 351 1
836 837 1
42 42 1
367 369 1
898 900 1
942 942 1
774 774 1
694 696 1
624 624 1
873 873 1
255 255 1
397 399 1
217 219 1
280 282 1
441 441 1
156 156 1
562 564 1
764 765 1
143 144 1
804 804 1
679 681 1
998 999 1
974 975 1
417 417 1
462 462 1
158 159 1
380 381 1
632 633 1
116 117 1
835 837 1
567 567 1
961 963 1
536 537 1
101 102 1
689 690 1
368 369 1
583 585 1
903 903 1
334 336 1
513 513 1
167 168 1
373 375 1
932 933 1
713 714 1
359 360 1
358 360 1
133 135 1
378 378 1
719 720 1
23 24 1
416 417 1
279 279 1
362 363 1
101 102 1
331 333 1
550 552 1
152 153 1
626 627 1
589 591 1
507 507 1
262 264 1
442 444 1
162 162 1
329 330 1
394 396 1
820 822 1
450 450 1
287 288 1
471 471 1
992 993 1
553 555 1
188 189 1
420 420 1
140 141 1
236 237 1
123 123 1
484 486 1
828 828 1
539 540 1
345 345 1
719 720 1
103 105 1
587 588 1
908 909 1
523 525 1
625 627 1
183 183 1
321 321 1
