5000 1776088
738 1034 0.020309
87 388 0.054124
692 1008 0.020833
438 832 0.02524
233 624 0.033654
633 973 0.021583
882 1105 0.019005
346 749 0.028037
678 1000 0.021
806 1069 0.019645
421 818 0.025672
46 284 0.073944
717 1022 0.020548
391 791 0.026549
398 798 0.026316
205 588 0.035714
798 1065 0.019718
155 514 0.040856
156 516 0.040698
417 814 0.025799
107 430 0.048837
836 1084 0.019373
557 923 0.022752
60 324 0.064815
674 998 0.021042
230 620 0.033871
454 845 0.024852
936 1128 0.018617
220 607 0.034596
224 613 0.034258
60 324 0.064815
529 903 0.023256
802 1067 0.019681
312 715 0.029371
483 868 0.024194
362 765 0.027451
747 1039 0.020212
147 501 0.041916
583 940 0.02234
870 1100 0.019091
478 865 0.024277
388 789 0.026616
401 800 0.02625
775 1053 0.019943
387 788 0.02665
281 681 0.030837
923 1123 0.0187
937 1129 0.018601
196 575 0.036522
941 1131 0.018568
164 528 0.039773
198 578 0.036332
764 1048 0.020038
205 588 0.035714
714 1021 0.020568
329 732 0.028689
694 1009 0.020813
302 704 0.02983
153 511 0.041096
405 804 0.026119
614 961 0.021852
776 1054 0.019924
431 826 0.025424
996 1153 0.018213
944 1132 0.018551
242 635 0.033071
161 524 0.040076
952 1135 0.018502
663 991 0.021191
392 792 0.026515
886 1107 0.01897
986 1149 0.018277
547 916 0.022926
570 932 0.022532
17 173 0.121387
120 454 0.046256
729 1029 0.020408
319 722 0.029086
377 779 0.026958
166 531 0.039548
748 1039 0.020212
262 659 0.031866
694 1009 0.020813
17 173 0.121387
218 605 0.034711
263 660 0.031818
76 364 0.057692
822 1077 0.019499
801 1067 0.019681
235 627 0.033493
582 940 0.02234
974 1144 0.018357
986 1149 0.018277
901 1113 0.018868
773 1052 0.019962
43 274 0.076642
552 919 0.022851
482 868 0.024194
569 931 0.022556
291 692 0.030347
195 574 0.036585
387 788 0.02665
767 1049 0.020019
926 1124 0.018683
837 1084 0.019373
607 956 0.021967
549 917 0.022901
224 613 0.034258
651 984 0.021341
801 1067 0.019681
680 1001 0.020979
346 749 0.028037
63 332 0.063253
570 932 0.022532
27 218 0.09633
905 1115 0.018834
806 1069 0.019645
499 881 0.023837
836 1084 0.019373
802 1067 0.019681
277 677 0.031019
208 592 0.035473
932 1127 0.018634
747 1039 0.020212
539 910 0.023077
387 788 0.02665
662 991 0.021191
205 588 0.035714
540 911 0.023052
128 469 0.044776
927 1125 0.018667
149 504 0.041667
685 1004 0.020916
43 274 0.076642
411 809 0.025958
765 1048 0.020038
983 1148 0.018293
884 1106 0.018987
495 878 0.023918
316 719 0.029207
799 1066 0.0197
591 946 0.022199
667 994 0.021127
396 796 0.026382
784 1058 0.019849
652 984 0.021341
772 1052 0.019962
923 1123 0.0187
578 937 0.022412
294 695 0.030216
157 517 0.040619
652 984 0.021341
469 857 0.024504
511 890 0.023596
711 1019 0.020608
681 1002 0.020958
453 845 0.024852
74 359 0.058496
476 863 0.024334
499 881 0.023837
274 673 0.031204
54 307 0.068404
443 836 0.02512
953 1136 0.018486
24 205 0.102439
450 842 0.024941
152 509 0.041257
386 787 0.026684
327 730 0.028767
853 1092 0.019231
389 790 0.026582
855 1093 0.019213
686 1005 0.020896
346 749 0.028037
867 1098 0.019126
908 1117 0.0188
442 836 0.02512
968 1142 0.018389
865 1097 0.019143
826 1079 0.019462
241 634 0.033123
503 884 0.023756
241 634 0.033123
80 373 0.0563
98 412 0.050971
670 995 0.021106
458 849 0.024735
718 1023 0.020528
589 944 0.022246
274 673 0.031204
503 884 0.023756
450 842 0.024941
987 1149 0.018277
839 1085 0.019355
130 472 0.044492
824 1078 0.019481
67 342 0.061404
62 329 0.06383
159 520 0.040385
634 973 0.021583
502 883 0.023783
449 841 0.02497
690 1007 0.020854
682 1002 0.020958
205 588 0.035714
254 650 0.032308
62 329 0.06383
752 1041 0.020173
977 1145 0.018341
508 887 0.023675
954 1136 0.018486
466 855 0.024561
172 540 0.038889
681 1002 0.020958
568 930 0.022581
580 938 0.022388
311 714 0.029412
263 660 0.031818
792 1062 0.019774
561 925 0.022703
925 1124 0.018683
51 299 0.070234
295 696 0.030172
145 498 0.042169
510 889 0.023622
647 981 0.021407
945 1132 0.018551
828 1080 0.019444
755 1043 0.020134
862 1096 0.019161
25 210 0.1
24 205 0.102439
499 881 0.023837
720 1024 0.020508
971 1143 0.018373
224 613 0.034258
380 781 0.026889
340 743 0.028264
578 937 0.022412
846 1088 0.019301
850 1090 0.019266
17 173 0.121387
864 1097 0.019143
871 1100 0.019091
440 834 0.02518
789 1061 0.019793
30 230 0.091304
62 329 0.06383
310 713 0.029453
753 1042 0.020154
949 1134 0.018519
527 901 0.023307
354 757 0.027741
968 1142 0.018389
604 954 0.022013
915 1120 0.01875
819 1076 0.019517
283 683 0.030747
790 1061 0.019793
258 655 0.032061
612 959 0.021898
972 1143 0.018373
313 716 0.02933
619 964 0.021784
294 695 0.030216
766 1049 0.020019
113 441 0.047619
313 716 0.02933
509 888 0.023649
163 527 0.039848
916 1120 0.01875
459 849 0.024735
374 776 0.027062
428 824 0.025485
201 582 0.036082
787 1060 0.019811
222 610 0.034426
459 849 0.024735
214 600 0.035
131 474 0.044304
960 1138 0.018453
829 1080 0.019444
476 863 0.024334
301 703 0.029872
414 812 0.025862
445 838 0.02506
825 1078 0.019481
470 858 0.024476
535 907 0.023153
854 1092 0.019231
351 754 0.027851
944 1132 0.018551
116 447 0.04698
917 1120 0.01875
435 830 0.025301
456 847 0.024793
484 869 0.024166
286 687 0.030568
758 1045 0.020096
978 1146 0.018325
680 1001 0.020979
702 1014 0.02071
721 1025 0.020488
798 1065 0.019718
185 560 0.0375
263 660 0.031818
227 616 0.034091
483 868 0.024194
253 649 0.032357
929 1126 0.01865
947 1133 0.018535
237 629 0.033386
814 1073 0.019571
637 975 0.021538
985 1148 0.018293
265 663 0.031674
741 1036 0.02027
850 1090 0.019266
504 884 0.023756
389 790 0.026582
103 422 0.049763
139 488 0.043033
841 1086 0.019337
674 998 0.021042
834 1083 0.019391
381 782 0.026854
203 585 0.035897
429 825 0.025455
112 439 0.047836
211 596 0.035235
34 244 0.086066
12 145 0.144828
144 496 0.042339
279 679 0.030928
829 1080 0.019444
75 361 0.058172
851 1091 0.019248
354 757 0.027741
615 961 0.021852
301 703 0.029872
757 1044 0.020115
289 690 0.030435
112 439 0.047836
216 602 0.034884
534 906 0.023179
13 151 0.139073
396 796 0.026382
269 667 0.031484
874 1101 0.019074
178 549 0.038251
109 434 0.048387
324 727 0.028886
697 1011 0.020772
456 847 0.024793
901 1113 0.018868
179 551 0.038113
754 1042 0.020154
998 1153 0.018213
168 534 0.039326
283 683 0.030747
880 1104 0.019022
921 1122 0.018717
494 877 0.023945
309 711 0.029536
100 416 0.050481
959 1138 0.018453
46 284 0.073944
243 636 0.033019
125 463 0.045356
446 839 0.02503
452 844 0.024882
657 988 0.021255
700 1013 0.020731
517 894 0.02349
706 1016 0.020669
149 504 0.041667
580 938 0.022388
534 906 0.023179
896 1111 0.018902
664 992 0.021169
32 237 0.088608
499 881 0.023837
195 574 0.036585
531 904 0.02323
943 1131 0.018568
269 667 0.031484
440 834 0.02518
384 785 0.026752
219 606 0.034653
843 1087 0.019319
697 1011 0.020772
466 855 0.024561
127 467 0.044968
367 769 0.027308
982 1147 0.018309
339 742 0.028302
652 984 0.021341
724 1026 0.020468
430 825 0.025455
422 819 0.025641
966 1141 0.018405
985 1148 0.018293
992 1151 0.018245
167 533 0.0394
902 1114 0.018851
819 1076 0.019517
203 585 0.035897
909 1117 0.0188
202 583 0.036021
26 214 0.098131
300 702 0.029915
471 859 0.024447
1000 1154 0.018198
586 942 0.022293
286 687 0.030568
267 665 0.031579
957 1137 0.01847
200 581 0.036145
967 1141 0.018405
466 855 0.024561
170 537 0.039106
244 638 0.032915
907 1116 0.018817
602 953 0.022036
540 911 0.023052
649 983 0.021363
942 1131 0.018568
411 809 0.025958
932 1127 0.018634
628 970 0.021649
192 570 0.036842
679 1001 0.020979
572 933 0.022508
658 988 0.021255
982 1147 0.018309
780 1056 0.019886
342 745 0.028188
916 1120 0.01875
811 1072 0.01959
289 690 0.030435
261 658 0.031915
235 627 0.033493
999 1154 0.018198
360 763 0.027523
500 881 0.023837
896 1111 0.018902
448 840 0.025
895 1111 0.018902
346 749 0.028037
226 615 0.034146
500 881 0.023837
72 354 0.059322
361 764 0.027487
430 825 0.025455
945 1132 0.018551
572 933 0.022508
49 293 0.071672
319 722 0.029086
480 866 0.024249
923 1123 0.0187
420 817 0.025704
928 1125 0.018667
180 552 0.038043
714 1021 0.020568
62 329 0.06383
113 441 0.047619
493 876 0.023973
435 830 0.025301
49 293 0.071672
578 937 0.022412
741 1036 0.02027
428 824 0.025485
104 424 0.049528
863 1096 0.019161
624 967 0.021717
159 520 0.040385
275 674 0.031157
254 650 0.032308
307 709 0.029619
330 733 0.028649
671 996 0.021084
826 1079 0.019462
906 1116 0.018817
423 820 0.02561
740 1035 0.02029
700 1013 0.020731
359 762 0.027559
956 1137 0.01847
215 601 0.034942
357 760 0.027632
545 914 0.022976
879 1104 0.019022
612 959 0.021898
923 1123 0.0187
502 883 0.023783
9 126 0.166667
174 543 0.038674
436 831 0.025271
58 318 0.066038
144 496 0.042339
907 1116 1
54 307 1
605 955 1
662 991 1
555 921 1
323 726 1
93 401 1
357 760 1
824 1078 1
73 356 1
14 157 1
753 1042 1
906 1116 1
362 765 1
221 609 1
869 1099 1
497 879 1
674 998 1
23 201 1
968 1142 1
480 866 1
654 986 1
688 1006 1
421 818 1
652 984 1
549 917 1
800 1066 1
87 388 1
810 1071 1
961 1139 1
183 557 1
204 586 1
260 657 1
437 831 1
214 600 1
723 1026 1
63 332 1
971 1143 1
306 708 1
284 684 1
288 689 1
976 1145 1
794 1063 1
155 514 1
376 778 1
319 722 1
674 998 1
96 408 1
350 753 1
412 810 1
184 558 1
24 205 1
232 623 1
129 471 1
627 969 1
202 583 1
135 481 1
383 784 1
68 344 1
52 302 1
209 593 1
238 630 1
550 918 1
495 878 1
423 820 1
390 791 1
416 814 1
858 1094 1
722 1025 1
326 729 1
291 692 1
127 467 1
791 1062 1
829 1080 1
113 441 1
45 281 1
833 1082 1
816 1074 1
91 397 1
563 927 1
398 798 1
266 664 1
327 730 1
764 1048 1
204 586 1
54 307 1
920 1122 1
13 151 1
385 786 1
926 1124 1
623 966 1
476 863 1
19 183 1
495 878 1
374 776 1
656 987 1
59 321 1
489 873 1
909 1117 1
190 567 1
64 334 1
309 711 1
245 639 1
276 675 1
964 1140 1
395 795 1
951 1135 1
997 1153 1
570 932 1
959 1138 1
707 1017 1
282 682 1
326 729 1
466 855 1
147 501 1
186 561 1
75 361 1
738 1034 1
701 1013 1
337 740 1
354 757 1
728 1028 1
894 1110 1
877 1103 1
713 1020 1
184 558 1
557 923 1
1000 1154 1
408 807 1
529 903 1
752 1041 1
117 449 1
315 718 1
128 469 1
606 956 1
934 1128 1
723 1026 1
421 818 1
338 741 1
112 439 1
797 1065 1
67 342 1
789 1061 1
505 885 1
438 832 1
296 698 1
146 500 1
700 1013 1
402 801 1
360 763 1
85 384 1
597 950 1
123 460 1
599 951 1
823 1077 1
648 982 1
36 251 1
372 774 1
854 1092 1
497 879 1
854 1092 1
737 1033 1
122 458 1
470 858 1
295 696 1
153 511 1
901 1113 1
473 861 1
634 973 1
389 790 1
552 919 1
628 970 1
575 935 1
510 889 1
33 241 1
946 1133 1
796 1064 1
327 730 1
985 1148 1
538 909 1
390 791 1
157 517 1
669 995 1
412 810 1
863 1096 1
390 791 1
490 874 1
748 1039 1
996 1153 1
947 1133 1
138 486 1
104 424 1
307 709 1
957 1137 1
462 852 1
978 1146 1
53 304 1
73 356 1
596 949 1
659 989 1
358 761 1
394 794 1
83 380 1
450 842 1
697 1011 1
172 540 1
612 959 1
600 952 1
830 1081 1
153 511 1
839 1085 1
622 966 1
150 506 1
706 1016 1
129 471 1
720 1024 1
910 1117 1
428 824 1
328 731 1
923 1123 1
149 504 1
746 1038 1
736 1033 1
744 1037 1
36 251 1
297 699 1
16 168 1
576 936 1
303 705 1
501 882 1
599 951 1
367 769 1
273 672 1
351 754 1
851 1091 1
587 943 1
699 1012 1
633 973 1
23 201 1
193 571 1
665 992 1
856 1093 1
213 598 1
228 618 1
495 878 1
251 646 1
832 1082 1
353 756 1
747 1039 1
228 618 1
537 909 1
775 1053 1
54 307 1
779 1056 1
400 800 1
721 1025 1
960 1138 1
59 321 1
61 326 1
220 607 1
592 946 1
640 977 1
119 453 1
815 1074 1
274 673 1
858 1094 1
344 747 1
15 162 1
174 543 1
511 890 1
941 1131 1
827 1079 1
101 418 1
414 812 1
712 1020 1
768 1050 1
897 1112 1
50 296 1
319 722 1
609 958 1
969 1142 1
187 562 1
261 658 1
498 880 1
213 598 1
601 952 1
6 103 1
993 1151 1
285 685 1
555 921 1
131 474 1
152 509 1
229 619 1
292 693 1
1000 1154 1
511 890 1
520 896 1
69 347 1
513 891 1
851 1091 1
412 810 1
188 564 1
85 384 1
627 969 1
663 991 1
344 747 1
300 702 1
589 944 1
752 1041 1
252 647 1
466 855 1
370 772 1
599 951 1
621 965 1
927 1125 1
404 803 1
282 682 1
173 542 1
325 728 1
968 1142 1
510 889 1
669 995 1
659 989 1
741 1036 1
929 1126 1
546 915 1
378 780 1
553 920 1
43 274 1
585 942 1
861 1095 1
698 1012 1
89 393 1
244 638 1
425 821 1
276 675 1
525 900 1
732 1031 1
735 1032 1
805 1069 1
69 347 1
231 622 1
291 692 1
122 458 1
837 1084 1
640 977 1
362 765 1
887 1107 1
984 1148 1
390 791 1
313 716 1
359 762 1
319 722 1
199 579 1
940 1130 1
551 919 1
286 687 1
841 1086 1
304 706 1
723 1026 1
336 739 1
405 804 1
432 827 1
276 675 1
107 430 1
244 638 1
18 178 1
413 811 1
766 1049 1
995 1152 1
829 1080 1
291 692 1
354 757 1
114 443 1
322 725 1
534 906 1
610 958 1
970 1142 1
94 403 1
547 916 1
184 558 1
659 989 1
798 1065 1
31 233 1
272 671 1
786 1059 1
73 356 1
120 454 1
37 255 1
464 853 1
491 875 1
260 657 1
73 356 1
501 882 1
136 483 1
388 789 1
331 734 1
141 491 1
499 881 1
952 1135 1
457 848 1
904 1115 1
898 1112 1
270 669 1
62 329 1
728 1028 1
585 942 1
235 627 1
698 1012 1
790 1061 1
808 1070 1
599 951 1
252 647 1
578 937 1
352 755 1
13 151 1
693 1009 1
304 706 1
780 1056 1
32 237 1
924 1123 1
355 758 1
950 1134 1
765 1048 1
980 1146 1
395 795 1
796 1064 1
662 991 1
560 925 1
370 772 1
125 463 1
254 650 1
662 991 1
506 886 1
74 359 1
988 1150 1
418 815 1
82 377 1
251 646 1
168 534 1
780 1056 1
72 354 1
81 375 1
657 988 1
457 848 1
710 1018 1
580 938 1
576 936 1
660 989 1
241 634 1
594 948 1
219 606 1
525 900 1
50 296 1
223 611 1
159 520 1
768 1050 1
952 1135 1
739 1034 1
130 472 1
562 926 1
626 968 1
387 788 1
257 653 1
190 567 1
568 930 1
564 928 1
54 307 1
314 717 1
659 989 1
943 1131 1
564 928 1
112 439 1
863 1096 1
829 1080 1
596 949 1
403 802 1
895 1111 1
852 1091 1
631 972 1
942 1131 1
613 960 1
620 965 1
253 649 1
875 1102 1
391 791 1
617 963 1
891 1109 1
453 845 1
162 525 1
450 842 1
806 1069 1
716 1022 1
396 796 1
415 813 1
558 923 1
383 784 1
812 1072 1
513 891 1
823 1077 1
193 571 1
480 866 1
186 561 1
311 714 1
262 659 1
937 1129 1
647 981 1
717 1022 1
784 1058 1
302 704 1
852 1091 1
345 748 1
625 968 1
227 616 1
455 846 1
442 836 1
305 707 1
549 917 1
193 571 1
596 949 1
152 509 1
849 1090 1
723 1026 1
504 884 1
167 533 1
311 714 1
576 936 1
995 1152 1
60 324 1
855 1093 1
213 598 1
571 932 1
224 613 1
220 607 1
149 504 1
611 959 1
122 458 1
344 747 1
65 337 1
991 1151 1
958 1138 1
529 903 1
202 583 1
874 1101 1
464 853 1
61 326 1
712 1020 1
639 976 1
508 887 1
204 586 1
518 895 1
955 1136 1
758 1045 1
427 823 1
581 939 1
585 942 1
712 1020 1
673 997 1
154 513 1
77 366 1
861 1095 1
427 823 1
684 1004 1
926 1124 1
32 237 1
452 844 1
707 1017 1
224 613 1
828 1080 1
416 814 1
495 878 1
128 469 1
958 1138 1
829 1080 1
514 892 1
916 1120 1
892 1110 1
128 469 1
932 1127 1
483 868 1
919 1121 1
298 700 1
833 1082 1
123 460 1
424 820 1
839 1085 1
627 969 1
644 980 1
158 519 1
960 1138 1
568 930 1
257 653 1
494 877 1
883 1106 1
97 410 1
447 840 1
764 1048 1
860 1095 1
651 984 1
352 755 1
20 188 1
372 774 1
639 976 1
81 375 1
673 997 1
179 551 1
726 1027 1
280 680 1
481 867 1
881 1105 1
654 986 1
312 715 1
86 386 1
548 916 1
437 831 1
309 711 1
510 889 1
308 710 1
630 971 1
740 1035 1
534 906 1
587 943 1
805 1069 1
112 439 1
752 1041 1
109 434 1
510 889 1
385 786 1
424 820 1
582 940 1
356 759 1
1 42 1
878 1103 1
783 1058 1
547 916 1
654 986 1
484 869 1
361 764 1
95 406 1
852 1091 1
53 304 1
420 817 1
666 993 1
749 1040 1
99 414 1
227 616 1
252 647 1
207 590 1
717 1022 1
610 958 1
101 418 1
393 793 1
970 1142 1
320 723 1
316 719 1
906 1116 1
738 1034 1
663 991 1
125 463 1
134 479 1
880 1104 1
6 103 1
665 992 1
573 934 1
100 416 1
314 717 1
767 1049 1
244 638 1
262 659 1
531 904 1
90 395 1
998 1153 1
489 873 1
331 734 1
158 519 1
451 843 1
315 718 1
180 552 1
791 1062 1
741 1036 1
176 546 1
590 945 1
732 1031 1
672 996 1
446 839 1
143 495 1
284 684 1
434 829 1
540 911 1
151 508 1
171 539 1
378 780 1
507 887 1
807 1070 1
380 781 1
536 908 1
257 653 1
597 950 1
118 451 1
485 870 1
701 1013 1
639 976 1
543 913 1
10 133 1
874 1101 1
82 377 1
813 1073 1
44 278 1
573 934 1
323 726 1
344 747 1
461 851 1
767 1049 1
903 1114 1
394 794 1
367 769 1
363 766 1
342 745 1
545 914 1
19 183 1
321 724 1
193 571 1
139 488 1
125 463 1
161 524 1
217 604 1
1 42 1
552 919 1
435 830 1
896 1111 1
483 868 1
266 664 1
759 1045 1
335 738 1
471 859 1
760 1046 1
400 800 1
718 1023 1
888 1108 1
907 1116 1
264 662 1
969 1142 1
976 1145 1
303 705 1
305 707 1
493 876 1
269 667 1
474 861 1
677 999 1
648 982 1
653 985 1
221 609 1
52 302 1
68 344 1
443 836 1
318 721 1
18 178 1
28 222 1
54 307 1
188 564 1
23 201 1
873 1101 1
614 961 1
949 1134 1
847 1089 1
112 439 1
312 715 1
241 634 1
849 1090 1
2 59 1
52 302 1
640 977 1
618 963 1
429 825 1
890 1109 1
570 932 1
750 1040 1
721 1025 1
600 952 1
849 1090 1
205 588 1
822 1077 1
902 1114 1
138 486 1
539 910 1
945 1132 1
266 664 1
722 1025 1
92 399 1
51 299 1
682 1002 1
590 945 1
585 942 1
194 572 1
49 293 1
410 808 1
148 503 1
996 1153 1
172 540 1
850 1090 1
788 1060 1
216 602 1
305 707 1
389 790 1
484 869 1
9 126 1
583 940 1
625 968 1
710 1018 1
115 445 1
576 936 1
861 1095 1
753 1042 1
560 925 1
295 696 1
230 620 1
82 377 1
35 248 1
251 646 1
402 801 1
222 610 1
507 887 1
865 1097 1
355 758 1
319 722 1
787 1060 1
186 561 1
183 557 1
666 993 1
558 923 1
30 230 1
661 990 1
10 133 1
343 746 1
402 801 1
500 881 1
359 762 1
3 73 1
702 1014 1
157 517 1
973 1144 1
746 1038 1
513 891 1
795 1064 1
170 537 1
662 991 1
610 958 1
972 1143 1
968 1142 1
22 197 1
612 959 1
283 683 1
790 1061 1
299 701 1
587 943 1
46 284 1
431 826 1
340 743 1
339 742 1
717 1022 1
467 856 1
516 893 1
274 673 1
998 1153 1
436 831 1
935 1128 1
169 536 1
76 364 1
116 447 1
405 804 1
739 1034 1
729 1029 1
950 1134 1
803 1068 1
528 902 1
517 894 1
778 1055 1
266 664 1
406 805 1
547 916 1
694 1009 1
222 610 1
834 1083 1
573 934 1
922 1123 1
547 916 1
644 980 1
487 871 1
688 1006 1
873 1101 1
102 420 1
248 643 1
727 1028 1
781 1057 1
187 562 1
953 1136 1
869 1099 1
207 590 1
615 961 1
574 934 1
54 307 1
642 978 1
96 408 1
705 1016 1
732 1031 1
333 736 1
605 955 1
674 998 1
760 1046 1
331 734 1
212 597 1
193 571 1
337 740 1
60 324 1
329 732 1
269 667 1
351 754 1
446 839 1
285 685 1
744 1037 1
622 966 1
937 1129 1
170 537 1
851 1091 1
907 1116 1
215 601 1
821 1077 1
429 825 1
645 980 1
979 1146 1
697 1011 1
101 418 1
889 1108 1
723 1026 1
57 316 1
422 819 1
811 1072 1
33 241 1
178 549 1
61 326 1
172 540 1
158 519 1
30 230 1
367 769 1
227 616 1
245 639 1
727 1028 1
69 347 1
595 948 1
883 1106 1
333 736 1
775 1053 1
227 616 1
729 1029 1
249 644 1
637 975 1
75 361 1
187 562 1
281 681 1
854 1092 1
914 1119 1
388 789 1
429 825 1
515 893 1
457 848 1
647 981 1
51 299 1
156 516 1
172 540 1
199 579 1
492 875 1
451 843 1
427 823 1
136 483 1
662 991 1
328 731 1
763 1047 1
723 1026 1
637 975 1
796 1064 1
88 391 1
480 866 1
899 1113 1
202 583 1
698 1012 1
862 1096 1
649 983 1
976 1145 1
768 1050 1
918 1121 1
931 1126 1
975 1144 1
350 753 1
163 527 1
798 1065 1
418 815 1
815 1074 1
304 706 1
59 321 1
13 151 1
558 923 1
532 905 1
310 713 1
322 725 1
877 1103 1
64 334 1
617 963 1
936 1128 1
59 321 1
871 1100 1
443 836 1
739 1034 1
67 342 1
435 830 1
457 848 1
188 564 1
705 1016 1
265 663 1
617 963 1
965 1140 1
888 1108 1
17 173 1
781 1057 1
859 1095 1
399 799 1
673 997 1
838 1085 1
146 500 1
453 845 1
628 970 1
975 1144 1
14 157 1
926 1124 1
268 666 1
183 557 1
414 812 1
689 1006 1
827 1079 1
840 1086 1
997 1153 1
941 1131 1
800 1066 1
896 1111 1
973 1144 1
427 823 1
459 849 1
858 1094 1
74 359 1
812 1072 1
725 1027 1
386 787 1
42 271 1
890 1109 1
946 1133 1
256 652 1
985 1148 1
345 748 1
708 1017 1
791 1062 1
382 783 1
345 748 1
553 920 1
971 1143 1
343 746 1
648 982 1
290 691 1
467 856 1
197 577 1
936 1128 1
713 1020 1
441 835 1
9 126 1
395 795 1
353 756 1
947 1133 1
89 393 1
511 890 1
281 681 1
349 752 1
588 944 1
799 1066 1
731 1030 1
321 724 1
700 1013 1
651 984 1
829 1080 1
491 875 1
538 909 1
902 1114 1
521 897 1
890 1109 1
260 657 1
224 613 1
146 500 1
167 533 1
663 991 1
721 1025 1
398 798 1
173 542 1
333 736 1
952 1135 1
740 1035 1
849 1090 1
985 1148 1
591 946 1
969 1142 1
776 1054 1
921 1122 1
706 1016 1
830 1081 1
864 1097 1
354 757 1
804 1068 1
600 952 1
966 1141 1
904 1115 1
92 399 1
990 1150 1
805 1069 1
247 641 1
964 1140 1
473 861 1
540 911 1
764 1048 1
669 995 1
637 975 1
715 1021 1
940 1130 1
353 756 1
491 875 1
116 447 1
282 682 1
266 664 1
563 927 1
779 1056 1
645 980 1
828 1080 1
547 916 1
200 581 1
644 980 1
627 969 1
150 506 1
218 605 1
322 725 1
327 730 1
585 942 1
888 1108 1
748 1039 1
210 594 1
593 947 1
704 1015 1
756 1044 1
63 332 1
817 1075 1
905 1115 1
614 961 1
139 488 1
762 1047 1
295 696 1
911 1118 1
879 1104 1
582 940 1
115 445 1
827 1079 1
530 904 1
545 914 1
19 183 1
162 525 1
234 625 1
443 836 1
665 992 1
311 714 1
833 1082 1
791 1062 1
838 1085 1
569 931 1
446 839 1
477 864 1
947 1133 1
771 1051 1
906 1116 1
198 578 1
701 1013 1
448 840 1
206 589 1
218 605 1
874 1101 1
883 1106 1
454 845 1
162 525 1
364 766 1
161 524 1
278 678 1
24 205 1
333 736 1
61 326 1
861 1095 1
451 843 1
137 484 1
158 519 1
454 845 1
107 430 1
21 192 1
491 875 1
970 1142 1
37 255 1
816 1074 1
953 1136 1
62 329 1
541 911 1
332 735 1
165 530 1
478 865 1
919 1121 1
34 244 1
995 1152 1
316 719 1
499 881 1
712 1020 1
349 752 1
251 646 1
986 1149 1
801 1067 1
295 696 1
849 1090 1
945 1132 1
396 796 1
895 1111 1
648 982 1
283 683 1
657 988 1
747 1039 1
137 484 1
13 151 1
290 691 1
610 958 1
715 1021 1
388 789 1
325 728 1
794 1063 1
537 909 1
62 329 1
340 743 1
265 663 1
765 1048 1
144 496 1
42 271 1
153 511 1
178 549 1
885 1106 1
494 877 1
245 639 1
101 418 1
383 784 1
328 731 1
315 718 1
791 1062 1
835 1083 1
943 1131 1
228 618 1
171 539 1
119 453 1
240 633 1
335 738 1
332 735 1
665 992 1
765 1048 1
459 849 1
299 701 1
945 1132 1
46 284 1
778 1055 1
367 769 1
112 439 1
119 453 1
988 1150 1
223 611 1
538 909 1
562 926 1
988 1150 1
290 691 1
927 1125 1
185 560 1
563 927 1
557 923 1
841 1086 1
915 1120 1
867 1098 1
799 1066 1
737 1033 1
50 296 1
297 699 1
424 820 1
356 759 1
699 1012 1
779 1056 1
305 707 1
169 536 1
779 1056 1
714 1021 1
37 255 1
579 938 1
282 682 1
173 542 1
184 558 1
274 673 1
55 310 1
644 980 1
345 748 1
320 723 1
494 877 1
566 929 1
504 884 1
354 757 1
956 1137 1
518 895 1
424 820 1
894 1110 1
603 954 1
653 985 1
803 1068 1
886 1107 1
867 1098 1
394 794 1
940 1130 1
59 321 1
418 815 1
711 1019 1
734 1032 1
597 950 1
162 525 1
423 820 1
767 1049 1
836 1084 1
395 795 1
864 1097 1
840 1086 1
605 955 1
968 1142 1
913 1119 1
161 524 1
175 545 1
265 663 1
563 927 1
828 1080 1
413 811 1
165 530 1
398 798 1
375 777 1
754 1042 1
673 997 1
997 1153 1
418 815 1
495 878 1
703 1014 1
170 537 1
176 546 1
590 945 1
444 837 1
347 750 1
927 1125 1
544 914 1
608 957 1
446 839 1
124 462 1
713 1020 1
603 954 1
357 760 1
368 770 1
417 814 1
433 828 1
962 1139 1
345 748 1
170 537 1
852 1091 1
722 1025 1
699 1012 1
71 352 1
269 667 1
83 380 1
856 1093 1
393 793 1
81 375 1
837 1084 1
328 731 1
136 483 1
283 683 1
740 1035 1
204 586 1
241 634 1
584 941 1
812 1072 1
210 594 1
371 773 1
71 352 1
749 1040 1
358 761 1
283 683 1
748 1039 1
368 770 1
880 1104 1
421 818 1
587 943 1
644 980 1
516 893 1
759 1045 1
393 793 1
8 119 1
107 430 1
189 565 1
174 543 1
669 995 1
931 1126 1
392 792 1
27 218 1
738 1034 1
787 1060 1
963 1140 1
837 1084 1
431 826 1
437 831 1
90 395 1
582 940 1
173 542 1
641 978 1
176 546 1
491 875 1
455 846 1
435 830 1
81 375 1
674 998 1
420 817 1
810 1071 1
109 434 1
132 476 1
109 434 1
391 791 1
589 944 1
109 434 1
60 324 1
960 1138 1
389 790 1
763 1047 1
924 1123 1
217 604 1
720 1024 1
746 1038 1
81 375 1
760 1046 1
949 1134 1
644 980 1
945 1132 1
647 981 1
582 940 1
784 1058 1
781 1057 1
535 907 1
738 1034 1
731 1030 1
714 1021 1
219 606 1
434 829 1
416 814 1
582 940 1
701 1013 1
911 1118 1
74 359 1
638 976 1
31 233 1
963 1140 1
514 892 1
82 377 1
899 1113 1
240 633 1
853 1092 1
688 1006 1
308 710 1
719 1023 1
614 961 1
164 528 1
150 506 1
460 850 1
626 968 1
406 805 1
114 443 1
114 443 1
766 1049 1
534 906 1
577 936 1
985 1148 1
418 815 1
734 1032 1
137 484 1
886 1107 1
112 439 1
155 514 1
251 646 1
221 609 1
771 1051 1
597 950 1
784 1058 1
464 853 1
488 872 1
401 800 1
764 1048 1
753 1042 1
988 1150 1
874 1101 1
375 777 1
28 222 1
284 684 1
876 1102 1
195 574 1
314 717 1
470 858 1
711 1019 1
8 119 1
216 602 1
609 958 1
537 909 1
529 903 1
650 983 1
431 826 1
896 1111 1
98 412 1
302 704 1
845 1088 1
521 897 1
389 790 1
886 1107 1
456 847 1
62 329 1
325 728 1
104 424 1
501 882 1
844 1088 1
213 598 1
569 931 1
760 1046 1
879 1104 1
212 597 1
413 811 1
488 872 1
94 403 1
317 720 1
306 708 1
847 1089 1
139 488 1
48 290 1
439 833 1
568 930 1
228 618 1
303 705 1
822 1077 1
663 991 1
202 583 1
817 1075 1
209 593 1
926 1124 1
934 1128 1
556 922 1
59 321 1
509 888 1
530 904 1
523 899 1
879 1104 1
882 1105 1
328 731 1
447 840 1
290 691 1
229 619 1
100 416 1
461 851 1
547 916 1
567 930 1
91 397 1
943 1131 1
139 488 1
125 463 1
288 689 1
15 162 1
378 780 1
914 1119 1
127 467 1
656 987 1
125 463 1
354 757 1
165 530 1
967 1141 1
963 1140 1
445 838 1
452 844 1
595 948 1
134 479 1
912 1118 1
155 514 1
103 422 1
998 1153 1
92 399 1
362 765 1
793 1063 1
308 710 1
222 610 1
480 866 1
235 627 1
475 862 1
797 1065 1
972 1143 1
397 797 1
350 753 1
966 1141 1
869 1099 1
848 1089 1
429 825 1
832 1082 1
429 825 1
462 852 1
991 1151 1
665 992 1
13 151 1
115 445 1
348 751 1
135 481 1
229 619 1
595 948 1
556 922 1
726 1027 1
822 1077 1
343 746 1
127 467 1
446 839 1
111 438 1
25 210 1
969 1142 1
918 1121 1
708 1017 1
90 395 1
567 930 1
680 1001 1
606 956 1
546 915 1
66 339 1
868 1099 1
665 992 1
579 938 1
673 997 1
972 1143 1
216 602 1
610 958 1
470 858 1
595 948 1
408 807 1
549 917 1
71 352 1
644 980 1
631 972 1
37 255 1
674 998 1
381 782 1
433 828 1
963 1140 1
275 674 1
785 1059 1
81 375 1
817 1075 1
107 430 1
522 898 1
957 1137 1
483 868 1
790 1061 1
792 1062 1
789 1061 1
537 909 1
743 1037 1
571 932 1
288 689 1
454 845 1
934 1128 1
161 524 1
937 1129 1
420 817 1
331 734 1
639 976 1
219 606 1
198 578 1
516 893 1
887 1107 1
776 1054 1
168 534 1
343 746 1
147 501 1
974 1144 1
383 784 1
420 817 1
365 767 1
249 644 1
803 1068 1
427 823 1
470 858 1
573 934 1
691 1008 1
719 1023 1
710 1018 1
126 465 1
907 1116 1
258 655 1
844 1088 1
235 627 1
677 999 1
600 952 1
857 1094 1
784 1058 1
616 962 1
110 436 1
908 1117 1
968 1142 1
416 814 1
736 1033 1
334 737 1
279 679 1
257 653 1
715 1021 1
619 964 1
487 871 1
965 1140 1
167 533 1
790 1061 1
817 1075 1
228 618 1
443 836 1
684 1004 1
362 765 1
330 733 1
293 694 1
842 1087 1
186 561 1
557 923 1
970 1142 1
619 964 1
830 1081 1
769 1050 1
312 715 1
352 755 1
396 796 1
291 692 1
347 750 1
968 1142 1
688 1006 1
671 996 1
629 970 1
467 856 1
991 1151 1
29 226 1
160 522 1
60 324 1
356 759 1
805 1069 1
977 1145 1
70 349 1
712 1020 1
850 1090 1
60 324 1
984 1148 1
42 271 1
154 513 1
704 1015 1
105 426 1
79 371 1
429 825 1
519 896 1
361 764 1
469 857 1
367 769 1
847 1089 1
693 1009 1
403 802 1
143 495 1
403 802 1
994 1152 1
104 424 1
775 1053 1
760 1046 1
492 875 1
81 375 1
688 1006 1
725 1027 1
155 514 1
421 818 1
177 548 1
720 1024 1
311 714 1
208 592 1
239 632 1
741 1036 1
330 733 1
158 519 1
65 337 1
524 899 1
990 1150 1
429 825 1
371 773 1
544 914 1
883 1106 1
924 1123 1
105 426 1
130 472 1
181 554 1
677 999 1
2 59 1
531 904 1
173 542 1
700 1013 1
143 495 1
227 616 1
638 976 1
36 251 1
512 890 1
602 953 1
634 973 1
922 1123 1
883 1106 1
736 1033 1
209 593 1
644 980 1
645 980 1
44 278 1
58 318 1
667 994 1
983 1148 1
541 911 1
274 673 1
563 927 1
88 391 1
684 1004 1
796 1064 1
940 1130 1
530 904 1
267 665 1
490 874 1
359 762 1
462 852 1
472 860 1
691 1008 1
661 990 1
125 463 1
510 889 1
647 981 1
712 1020 1
584 941 1
873 1101 1
241 634 1
966 1141 1
598 950 1
384 785 1
623 966 1
960 1138 1
137 484 1
991 1151 1
837 1084 1
172 540 1
70 349 1
614 961 1
103 422 1
458 849 1
811 1072 1
384 785 1
54 307 1
197 577 1
793 1063 1
814 1073 1
855 1093 1
113 441 1
186 561 1
505 885 1
728 1028 1
577 936 1
774 1053 1
259 656 1
719 1023 1
875 1102 1
347 750 1
929 1126 1
508 887 1
895 1111 1
776 1054 1
114 443 1
578 937 1
883 1106 1
454 845 1
837 1084 1
103 422 1
605 955 1
400 800 1
978 1146 1
155 514 1
64 334 1
8 119 1
95 406 1
865 1097 1
326 729 1
361 764 1
222 610 1
441 835 1
481 867 1
905 1115 1
674 998 1
440 834 1
486 871 1
856 1093 1
518 895 1
473 861 1
694 1009 1
433 828 1
899 1113 1
36 251 1
674 998 1
562 926 1
80 373 1
352 755 1
236 628 1
304 706 1
6 103 1
717 1022 1
580 938 1
976 1145 1
978 1146 1
365 767 1
230 620 1
504 884 1
975 1144 1
565 928 1
209 593 1
349 752 1
943 1131 1
831 1081 1
89 393 1
115 445 1
599 951 1
367 769 1
740 1035 1
309 711 1
745 1038 1
783 1058 1
86 386 1
577 936 1
680 1001 1
174 543 1
777 1054 1
489 873 1
235 627 1
854 1092 1
531 904 1
695 1010 1
915 1120 1
906 1116 1
689 1006 1
482 868 1
442 836 1
697 1011 1
427 823 1
646 981 1
882 1105 1
676 999 1
296 698 1
34 244 1
960 1138 1
78 368 1
307 709 1
780 1056 1
737 1033 1
46 284 1
484 869 1
809 1071 1
349 752 1
899 1113 1
1 42 1
18 178 1
550 918 1
196 575 1
615 961 1
219 606 1
753 1042 1
270 669 1
825 1078 1
766 1049 1
396 796 1
785 1059 1
318 721 1
171 539 1
495 878 1
402 801 1
976 1145 1
429 825 1
741 1036 1
792 1062 1
796 1064 1
465 854 1
954 1136 1
83 380 1
284 684 1
1000 1154 1
777 1054 1
280 680 1
470 858 1
211 596 1
161 524 1
503 884 1
54 307 1
460 850 1
178 549 1
715 1021 1
915 1120 1
111 438 1
563 927 1
982 1147 1
771 1051 1
137 484 1
684 1004 1
538 909 1
147 501 1
420 817 1
939 1130 1
524 899 1
492 875 1
771 1051 1
38 258 1
86 386 1
363 766 1
946 1133 1
128 469 1
14 157 1
194 572 1
534 906 1
639 976 1
715 1021 1
228 618 1
581 939 1
438 832 1
786 1059 1
514 892 1
179 551 1
395 795 1
482 868 1
801 1067 1
939 1130 1
994 1152 1
226 615 1
436 831 1
60 324 1
534 906 1
679 1001 1
774 1053 1
208 592 1
670 995 1
668 994 1
69 347 1
828 1080 1
763 1047 1
809 1071 1
254 650 1
667 994 1
692 1008 1
955 1136 1
426 822 1
948 1133 1
129 471 1
633 973 1
241 634 1
308 710 1
915 1120 1
158 519 1
575 935 1
730 1030 1
844 1088 1
475 862 1
857 1094 1
106 428 1
139 488 1
35 248 1
465 854 1
433 828 1
606 956 1
814 1073 1
313 716 1
773 1052 1
223 611 1
958 1138 1
365 767 1
963 1140 1
287 688 1
539 910 1
715 1021 1
681 1002 1
511 890 1
169 536 1
213 598 1
316 719 1
593 947 1
98 412 1
772 1052 1
161 524 1
484 869 1
679 1001 1
970 1142 1
447 840 1
228 618 1
698 1012 1
482 868 1
755 1043 1
838 1085 1
74 359 1
839 1085 1
674 998 1
527 901 1
382 783 1
686 1005 1
350 753 1
1 42 1
210 594 1
412 810 1
918 1121 1
951 1135 1
26 214 1
766 1049 1
708 1017 1
82 377 1
920 1122 1
658 988 1
405 804 1
99 414 1
506 886 1
930 1126 1
966 1141 1
31 233 1
841 1086 1
3 73 1
962 1139 1
397 797 1
65 337 1
862 1096 1
172 540 1
731 1030 1
513 891 1
162 525 1
368 770 1
286 687 1
714 1021 1
636 975 1
976 1145 1
809 1071 1
195 574 1
115 445 1
782 1057 1
34 244 1
259 656 1
744 1037 1
797 1065 1
499 881 1
342 745 1
235 627 1
903 1114 1
931 1126 1
421 818 1
810 1071 1
32 237 1
673 997 1
835 1083 1
202 583 1
69 347 1
200 581 1
766 1049 1
25 210 1
90 395 1
506 886 1
912 1118 1
104 424 1
845 1088 1
651 984 1
174 543 1
282 682 1
845 1088 1
388 789 1
508 887 1
1 42 1
975 1144 1
294 695 1
728 1028 1
185 560 1
899 1113 1
482 868 1
705 1016 1
451 843 1
144 496 1
334 737 1
590 945 1
452 844 1
779 1056 1
967 1141 1
514 892 1
451 843 1
74 359 1
439 833 1
515 893 1
265 663 1
607 956 1
533 906 1
849 1090 1
265 663 1
250 645 1
97 410 1
341 744 1
219 606 1
748 1039 1
425 821 1
313 716 1
218 605 1
933 1127 1
882 1105 1
272 671 1
216 602 1
822 1077 1
525 900 1
669 995 1
828 1080 1
390 791 1
230 620 1
395 795 1
978 1146 1
198 578 1
663 991 1
477 864 1
732 1031 1
30 230 1
855 1093 1
737 1033 1
4 84 1
875 1102 1
226 615 1
692 1008 1
34 244 1
853 1092 1
279 679 1
874 1101 1
135 481 1
496 878 1
184 558 1
141 491 1
437 831 1
798 1065 1
866 1098 1
362 765 1
524 899 1
197 577 1
111 438 1
652 984 1
611 959 1
151 508 1
720 1024 1
761 1046 1
344 747 1
169 536 1
665 992 1
635 974 1
391 791 1
655 986 1
308 710 1
14 157 1
273 672 1
167 533 1
472 860 1
220 607 1
675 998 1
776 1054 1
662 991 1
958 1138 1
307 709 1
505 885 1
559 924 1
349 752 1
47 287 1
212 597 1
909 1117 1
392 792 1
74 359 1
598 950 1
60 324 1
826 1079 1
710 1018 1
752 1041 1
647 981 1
473 861 1
158 519 1
142 493 1
121 456 1
180 552 1
4 84 1
668 994 1
448 840 1
716 1022 1
350 753 1
575 935 1
860 1095 1
936 1128 1
800 1066 1
563 927 1
502 883 1
793 1063 1
246 640 1
954 1136 1
438 832 1
865 1097 1
880 1104 1
641 978 1
688 1006 1
510 889 1
478 865 1
769 1050 1
773 1052 1
744 1037 1
400 800 1
437 831 1
165 530 1
142 493 1
417 814 1
713 1020 1
85 384 1
916 1120 1
254 650 1
690 1007 1
64 334 1
955 1136 1
220 607 1
107 430 1
522 898 1
162 525 1
604 954 1
694 1009 1
482 868 1
648 982 1
323 726 1
171 539 1
674 998 1
396 796 1
852 1091 1
343 746 1
452 844 1
755 1043 1
501 882 1
695 1010 1
45 281 1
830 1081 1
852 1091 1
857 1094 1
538 909 1
523 899 1
63 332 1
403 802 1
282 682 1
763 1047 1
801 1067 1
384 785 1
494 877 1
747 1039 1
658 988 1
276 675 1
401 800 1
472 860 1
217 604 1
233 624 1
828 1080 1
675 998 1
941 1131 1
693 1009 1
876 1102 1
858 1094 1
858 1094 1
755 1043 1
64 334 1
336 739 1
206 589 1
949 1134 1
829 1080 1
164 528 1
537 909 1
141 491 1
532 905 1
798 1065 1
46 284 1
18 178 1
485 870 1
917 1120 1
174 543 1
106 428 1
50 296 1
906 1116 1
447 840 1
324 727 1
509 888 1
859 1095 1
464 853 1
835 1083 1
936 1128 1
991 1151 1
788 1060 1
533 906 1
701 1013 1
108 432 1
7 111 1
954 1136 1
947 1133 1
892 1110 1
57 316 1
906 1116 1
722 1025 1
321 724 1
76 364 1
317 720 1
674 998 1
684 1004 1
170 537 1
179 551 1
794 1063 1
256 652 1
869 1099 1
908 1117 1
638 976 1
216 602 1
782 1057 1
109 434 1
204 586 1
448 840 1
547 916 1
318 721 1
303 705 1
22 197 1
272 671 1
848 1089 1
460 850 1
745 1038 1
868 1099 1
448 840 1
650 983 1
844 1088 1
138 486 1
164 528 1
40 265 1
786 1059 1
138 486 1
567 930 1
32 237 1
39 262 1
426 822 1
533 906 1
927 1125 1
604 954 1
335 738 1
490 874 1
692 1008 1
907 1116 1
37 255 1
67 342 1
324 727 1
176 546 1
5 94 1
231 622 1
769 1050 1
762 1047 1
256 652 1
335 738 1
155 514 1
87 388 1
835 1083 1
565 928 1
853 1092 1
895 1111 1
59 321 1
392 792 1
602 953 1
130 472 1
249 644 1
65 337 1
749 1040 1
478 865 1
474 861 1
680 1001 1
95 406 1
419 816 1
721 1025 1
244 638 1
924 1123 1
731 1030 1
699 1012 1
846 1088 1
768 1050 1
916 1120 1
589 944 1
677 999 1
669 995 1
544 914 1
805 1069 1
234 625 1
774 1053 1
688 1006 1
14 157 1
113 441 1
657 988 1
1000 1154 1
701 1013 1
964 1140 1
341 744 1
767 1049 1
728 1028 1
464 853 1
409 807 1
232 623 1
640 977 1
142 493 1
875 1102 1
650 983 1
612 959 1
715 1021 1
441 835 1
601 952 1
989 1150 1
267 665 1
814 1073 1
847 1089 1
45 281 1
125 463 1
86 386 1
637 975 1
977 1145 1
707 1017 1
575 935 1
126 465 1
870 1100 1
989 1150 1
82 377 1
502 883 1
287 688 1
660 989 1
398 798 1
37 255 1
800 1066 1
169 536 1
253 649 1
924 1123 1
43 274 1
955 1136 1
108 432 1
435 830 1
186 561 1
640 977 1
373 775 1
737 1033 1
560 925 1
573 934 1
237 629 1
845 1088 1
790 1061 1
91 397 1
282 682 1
143 495 1
480 866 1
881 1105 1
166 531 1
589 944 1
169 536 1
981 1147 1
420 817 1
821 1077 1
686 1005 1
698 1012 1
215 601 1
677 999 1
362 765 1
473 861 1
53 304 1
222 610 1
148 503 1
34 244 1
91 397 1
504 884 1
857 1094 1
100 416 1
268 666 1
810 1071 1
557 923 1
1000 1154 1
522 898 1
769 1050 1
31 233 1
958 1138 1
639 976 1
253 649 1
719 1023 1
722 1025 1
920 1122 1
551 919 1
171 539 1
821 1077 1
256 652 1
587 943 1
763 1047 1
106 428 1
979 1146 1
696 1010 1
213 598 1
753 1042 1
313 716 1
373 775 1
525 900 1
865 1097 1
90 395 1
598 950 1
800 1066 1
79 371 1
953 1136 1
135 481 1
553 920 1
541 911 1
925 1124 1
728 1028 1
116 447 1
293 694 1
598 950 1
907 1116 1
640 977 1
594 948 1
75 361 1
690 1007 1
234 625 1
216 602 1
475 862 1
668 994 1
884 1106 1
418 815 1
20 188 1
276 675 1
127 467 1
985 1148 1
633 973 1
435 830 1
543 913 1
929 1126 1
263 660 1
576 936 1
252 647 1
146 500 1
908 1117 1
24 205 1
954 1136 1
630 971 1
119 453 1
975 1144 1
961 1139 1
439 833 1
79 371 1
355 758 1
345 748 1
724 1026 1
963 1140 1
671 996 1
434 829 1
440 834 1
77 366 1
111 438 1
845 1088 1
775 1053 1
708 1017 1
119 453 1
887 1107 1
44 278 1
358 761 1
828 1080 1
963 1140 1
798 1065 1
835 1083 1
834 1083 1
625 968 1
251 646 1
102 420 1
624 967 1
956 1137 1
362 765 1
223 611 1
848 1089 1
236 628 1
793 1063 1
71 352 1
200 581 1
623 966 1
875 1102 1
854 1092 1
304 706 1
737 1033 1
536 908 1
471 859 1
744 1037 1
966 1141 1
564 928 1
108 432 1
339 742 1
974 1144 1
472 860 1
253 649 1
856 1093 1
890 1109 1
284 684 1
801 1067 1
355 758 1
392 792 1
711 1019 1
825 1078 1
143 495 1
404 803 1
282 682 1
340 743 1
129 471 1
204 586 1
249 644 1
942 1131 1
489 873 1
4 84 1
189 565 1
278 678 1
832 1082 1
538 909 1
868 1099 1
528 902 1
390 791 1
332 735 1
211 596 1
265 663 1
301 703 1
220 607 1
96 408 1
116 447 1
38 258 1
15 162 1
615 961 1
572 933 1
759 1045 1
510 889 1
601 952 1
528 902 1
549 917 1
221 609 1
675 998 1
513 891 1
759 1045 1
428 824 1
295 696 1
86 386 1
573 934 1
213 598 1
363 766 1
842 1087 1
265 663 1
195 574 1
702 1014 1
450 842 1
94 403 1
84 382 1
817 1075 1
563 927 1
582 940 1
572 933 1
479 865 1
819 1076 1
488 872 1
402 801 1
770 1051 1
480 866 1
317 720 1
652 984 1
185 560 1
157 517 1
221 609 1
788 1060 1
58 318 1
602 953 1
277 677 1
94 403 1
961 1139 1
235 627 1
739 1034 1
421 818 1
72 354 1
105 426 1
292 693 1
568 930 1
39 262 1
579 938 1
68 344 1
254 650 1
112 439 1
746 1038 1
803 1068 1
413 811 1
204 586 1
393 793 1
569 931 1
780 1056 1
341 744 1
292 693 1
972 1143 1
506 886 1
660 989 1
357 760 1
365 767 1
18 178 1
163 527 1
160 522 1
339 742 1
601 952 1
251 646 1
379 780 1
286 687 1
413 811 1
313 716 1
5 94 1
113 441 1
553 920 1
412 810 1
520 896 1
345 748 1
360 763 1
796 1064 1
189 565 1
346 749 1
680 1001 1
648 982 1
205 588 1
944 1132 1
469 857 1
902 1114 1
105 426 1
904 1115 1
274 673 1
537 909 1
540 911 1
501 882 1
967 1141 1
944 1132 1
128 469 1
28 222 1
717 1022 1
691 1008 1
468 857 1
624 967 1
921 1122 1
365 767 1
853 1092 1
18 178 1
295 696 1
368 770 1
36 251 1
310 713 1
296 698 1
222 610 1
775 1053 1
501 882 1
95 406 1
410 808 1
861 1095 1
623 966 1
500 881 1
249 644 1
57 316 1
271 670 1
849 1090 1
509 888 1
491 875 1
197 577 1
509 888 1
683 1003 1
452 844 1
902 1114 1
646 981 1
324 727 1
811 1072 1
643 979 1
458 849 1
279 679 1
154 513 1
572 933 1
863 1096 1
939 1130 1
811 1072 1
825 1078 1
566 929 1
350 753 1
158 519 1
178 549 1
900 1113 1
17 173 1
436 831 1
828 1080 1
833 1082 1
942 1131 1
932 1127 1
569 931 1
769 1050 1
744 1037 1
151 508 1
931 1126 1
227 616 1
797 1065 1
74 359 1
375 777 1
979 1146 1
984 1148 1
921 1122 1
72 354 1
173 542 1
929 1126 1
399 799 1
600 952 1
425 821 1
170 537 1
40 265 1
116 447 1
915 1120 1
335 738 1
919 1121 1
605 955 1
265 663 1
396 796 1
990 1150 1
394 794 1
352 755 1
925 1124 1
937 1129 1
477 864 1
759 1045 1
41 268 1
772 1052 1
999 1154 1
990 1150 1
393 793 1
758 1045 1
214 600 1
959 1138 1
198 578 1
599 951 1
175 545 1
319 722 1
71 352 1
838 1085 1
864 1097 1
209 593 1
668 994 1
736 1033 1
548 916 1
219 606 1
674 998 1
295 696 1
1 42 1
755 1043 1
123 460 1
495 878 1
928 1125 1
193 571 1
982 1147 1
589 944 1
682 1002 1
142 493 1
81 375 1
115 445 1
814 1073 1
497 879 1
647 981 1
36 251 1
165 530 1
686 1005 1
924 1123 1
256 652 1
615 961 1
253 649 1
647 981 1
235 627 1
608 957 1
26 214 1
880 1104 1
887 1107 1
966 1141 1
584 941 1
378 780 1
702 1014 1
102 420 1
615 961 1
921 1122 1
414 812 1
497 879 1
410 808 1
996 1153 1
535 907 1
996 1153 1
239 632 1
723 1026 1
614 961 1
726 1027 1
428 824 1
902 1114 1
971 1143 1
826 1079 1
171 539 1
110 436 1
657 988 1
441 835 1
450 842 1
382 783 1
960 1138 1
673 997 1
932 1127 1
782 1057 1
671 996 1
718 1023 1
133 478 1
507 887 1
270 669 1
585 942 1
166 531 1
762 1047 1
43 274 1
336 739 1
307 709 1
803 1068 1
67 342 1
490 874 1
366 768 1
888 1108 1
551 919 1
698 1012 1
75 361 1
619 964 1
478 865 1
23 201 1
136 483 1
534 906 1
569 931 1
838 1085 1
375 777 1
787 1060 1
82 377 1
405 804 1
409 807 1
553 920 1
525 900 1
907 1116 1
651 984 1
382 783 1
5 94 1
917 1120 1
195 574 1
652 984 1
491 875 1
246 640 1
512 890 1
72 354 1
254 650 1
899 1113 1
931 1126 1
292 693 1
615 961 1
71 352 1
73 356 1
198 578 1
473 861 1
409 807 1
47 287 1
290 691 1
611 959 1
577 936 1
862 1096 1
628 970 1
108 432 1
592 946 1
762 1047 1
263 660 1
382 783 1
853 1092 1
597 950 1
121 456 1
703 1014 1
423 820 1
758 1045 1
371 773 1
521 897 1
800 1066 1
285 685 1
809 1071 1
74 359 1
314 717 1
122 458 1
692 1008 1
965 1140 1
717 1022 1
709 1018 1
562 926 1
694 1009 1
734 1032 1
66 339 1
104 424 1
841 1086 1
460 850 1
329 732 1
504 884 1
210 594 1
190 567 1
252 647 1
128 469 1
333 736 1
78 368 1
371 773 1
880 1104 1
800 1066 1
2 59 1
181 554 1
70 349 1
899 1113 1
321 724 1
993 1151 1
917 1120 1
165 530 1
554 921 1
349 752 1
360 763 1
551 919 1
565 928 1
650 983 1
664 992 1
48 290 1
30 230 1
184 558 1
754 1042 1
528 902 1
901 1113 1
731 1030 1
943 1131 1
586 942 1
596 949 1
933 1127 1
361 764 1
187 562 1
410 808 1
96 408 1
746 1038 1
728 1028 1
615 961 1
177 548 1
558 923 1
496 878 1
135 481 1
89 393 1
754 1042 1
126 465 1
892 1110 1
408 807 1
51 299 1
161 524 1
543 913 1
550 918 1
415 813 1
712 1020 1
571 932 1
318 721 1
447 840 1
555 921 1
907 1116 1
916 1120 1
904 1115 1
626 968 1
63 332 1
591 946 1
123 460 1
161 524 1
977 1145 1
159 520 1
427 823 1
557 923 1
328 731 1
228 618 1
576 936 1
542 912 1
257 653 1
416 814 1
397 797 1
867 1098 1
698 1012 1
961 1139 1
417 814 1
544 914 1
302 704 1
877 1103 1
223 611 1
734 1032 1
36 251 1
366 768 1
330 733 1
846 1088 1
580 938 1
697 1011 1
74 359 1
826 1079 1
739 1034 1
255 651 1
478 865 1
564 928 1
57 316 1
622 966 1
201 582 1
202 583 1
765 1048 1
963 1140 1
744 1037 1
423 820 1
953 1136 1
486 871 1
83 380 1
1 42 1
979 1146 1
642 978 1
475 862 1
803 1068 1
117 449 1
948 1133 1
532 905 1
814 1073 1
427 823 1
962 1139 1
175 545 1
628 970 1
261 658 1
116 447 1
583 940 1
223 611 1
30 230 1
867 1098 1
775 1053 1
939 1130 1
162 525 1
882 1105 1
745 1038 1
69 347 1
846 1088 1
836 1084 1
109 434 1
777 1054 1
627 969 1
971 1143 1
264 662 1
336 739 1
603 954 1
18 178 1
513 891 1
549 917 1
36 251 1
693 1009 1
178 549 1
881 1105 1
112 439 1
557 923 1
255 651 1
574 934 1
763 1047 1
728 1028 1
893 1110 1
166 531 1
613 960 1
662 991 1
817 1075 1
20 188 1
206 589 1
90 395 1
119 453 1
680 1001 1
962 1139 1
995 1152 1
302 704 1
18 178 1
676 999 1
247 641 1
308 710 1
226 615 1
913 1119 1
270 669 1
517 894 1
372 774 1
473 861 1
475 862 1
920 1122 1
890 1109 1
699 1012 1
849 1090 1
499 881 1
633 973 1
799 1066 1
76 364 1
355 758 1
502 883 1
287 688 1
635 974 1
203 585 1
939 1130 1
46 284 1
139 488 1
57 316 1
73 356 1
78 368 1
23 201 1
170 537 1
953 1136 1
743 1037 1
557 923 1
496 878 1
849 1090 1
496 878 1
947 1133 1
101 418 1
858 1094 1
381 782 1
296 698 1
409 807 1
180 552 1
544 914 1
562 926 1
773 1052 1
859 1095 1
121 456 1
439 833 1
21 192 1
208 592 1
756 1044 1
519 896 1
827 1079 1
53 304 1
563 927 1
649 983 1
170 537 1
590 945 1
20 188 1
757 1044 1
244 638 1
253 649 1
544 914 1
328 731 1
799 1066 1
412 810 1
403 802 1
983 1148 1
681 1002 1
102 420 1
698 1012 1
508 887 1
144 496 1
74 359 1
859 1095 1
529 903 1
928 1125 1
392 792 1
169 536 1
444 837 1
379 780 1
293 694 1
444 837 1
972 1143 1
38 258 1
947 1133 1
412 810 1
933 1127 1
496 878 1
30 230 1
483 868 1
750 1040 1
342 745 1
858 1094 1
742 1036 1
965 1140 1
380 781 1
48 290 1
222 610 1
424 820 1
305 707 1
338 741 1
300 702 1
5 94 1
413 811 1
443 836 1
875 1102 1
429 825 1
742 1036 1
756 1044 1
428 824 1
863 1096 1
988 1150 1
623 966 1
469 857 1
703 1014 1
364 766 1
487 871 1
87 388 1
17 173 1
422 819 1
855 1093 1
979 1146 1
610 958 1
793 1063 1
113 441 1
510 889 1
614 961 1
889 1108 1
499 881 1
156 516 1
108 432 1
973 1144 1
287 688 1
515 893 1
517 894 1
739 1034 1
404 803 1
121 456 1
105 426 1
779 1056 1
691 1008 1
776 1054 1
59 321 1
196 575 1
310 713 1
920 1122 1
827 1079 1
992 1151 1
156 516 1
309 711 1
140 490 1
633 973 1
64 334 1
812 1072 1
672 996 1
212 597 1
768 1050 1
339 742 1
372 774 1
621 965 1
770 1051 1
629 970 1
839 1085 1
113 441 1
25 210 1
872 1101 1
964 1140 1
974 1144 1
741 1036 1
132 476 1
157 517 1
648 982 1
271 670 1
457 848 1
247 641 1
814 1073 1
942 1131 1
436 831 1
708 1017 1
64 334 1
809 1071 1
279 679 1
940 1130 1
885 1106 1
494 877 1
286 687 1
393 793 1
892 1110 1
990 1150 1
960 1138 1
837 1084 1
174 543 1
182 555 1
156 516 1
395 795 1
942 1131 1
823 1077 1
985 1148 1
122 458 1
550 918 1
138 486 1
579 938 1
561 925 1
695 1010 1
860 1095 1
736 1033 1
742 1036 1
587 943 1
583 940 1
719 1023 1
428 824 1
92 399 1
876 1102 1
626 968 1
593 947 1
244 638 1
905 1115 1
851 1091 1
973 1144 1
270 669 1
10 133 1
264 662 1
37 255 1
468 857 1
222 610 1
479 865 1
123 460 1
131 474 1
151 508 1
162 525 1
143 495 1
301 703 1
286 687 1
113 441 1
87 388 1
590 945 1
299 701 1
505 885 1
466 855 1
68 344 1
131 474 1
170 537 1
390 791 1
934 1128 1
262 659 1
972 1143 1
587 943 1
86 386 1
837 1084 1
951 1135 1
565 928 1
684 1004 1
261 658 1
439 833 1
189 565 1
150 506 1
321 724 1
907 1116 1
893 1110 1
191 568 1
70 349 1
730 1030 1
889 1108 1
682 1002 1
976 1145 1
741 1036 1
1000 1154 1
65 337 1
307 709 1
654 986 1
779 1056 1
218 605 1
139 488 1
97 410 1
77 366 1
213 598 1
717 1022 1
234 625 1
140 490 1
487 871 1
814 1073 1
210 594 1
427 823 1
141 491 1
654 986 1
520 896 1
206 589 1
903 1114 1
429 825 1
990 1150 1
647 981 1
589 944 1
425 821 1
178 549 1
307 709 1
191 568 1
99 414 1
522 898 1
52 302 1
960 1138 1
336 739 1
721 1025 1
999 1154 1
19 183 1
387 788 1
239 632 1
534 906 1
772 1052 1
586 942 1
71 352 1
292 693 1
100 416 1
203 585 1
46 284 1
924 1123 1
863 1096 1
164 528 1
869 1099 1
666 993 1
779 1056 1
205 588 1
751 1041 1
478 865 1
675 998 1
879 1104 1
938 1129 1
940 1130 1
898 1112 1
969 1142 1
552 919 1
651 984 1
911 1118 1
850 1090 1
312 715 1
847 1089 1
522 898 1
722 1025 1
811 1072 1
842 1087 1
186 561 1
105 426 1
497 879 1
823 1077 1
338 741 1
407 806 1
944 1132 1
98 412 1
58 318 1
66 339 1
137 484 1
530 904 1
865 1097 1
945 1132 1
379 780 1
874 1101 1
640 977 1
888 1108 1
85 384 1
645 980 1
377 779 1
682 1002 1
768 1050 1
953 1136 1
486 871 1
699 1012 1
627 969 1
739 1034 1
116 447 1
885 1106 1
557 923 1
437 831 1
425 821 1
96 408 1
60 324 1
568 930 1
950 1134 1
690 1007 1
810 1071 1
163 527 1
316 719 1
611 959 1
4 84 1
46 284 1
607 956 1
522 898 1
316 719 1
814 1073 1
635 974 1
739 1034 1
739 1034 1
581 939 1
90 395 1
26 214 1
73 356 1
141 491 1
825 1078 1
154 513 1
66 339 1
368 770 1
812 1072 1
146 500 1
3 73 1
272 671 1
392 792 1
628 970 1
283 683 1
723 1026 1
622 966 1
461 851 1
661 990 1
698 1012 1
818 1075 1
538 909 1
658 988 1
992 1151 1
447 840 1
305 707 1
911 1118 1
845 1088 1
582 940 1
871 1100 1
843 1087 1
235 627 1
620 965 1
73 356 1
293 694 1
695 1010 1
129 471 1
34 244 1
889 1108 1
607 956 1
154 513 1
492 875 1
576 936 1
154 513 1
286 687 1
491 875 1
718 1023 1
944 1132 1
69 347 1
533 906 1
581 939 1
538 909 1
732 1031 1
578 937 1
965 1140 1
48 290 1
341 744 1
32 237 1
814 1073 1
933 1127 1
508 887 1
373 775 1
655 986 1
858 1094 1
508 887 1
767 1049 1
465 854 1
118 451 1
519 896 1
947 1133 1
976 1145 1
334 737 1
371 773 1
84 382 1
523 899 1
728 1028 1
453 845 1
542 912 1
163 527 1
973 1144 1
625 968 1
64 334 1
458 849 1
497 879 1
703 1014 1
503 884 1
631 972 1
463 853 1
482 868 1
92 399 1
935 1128 1
204 586 1
760 1046 1
476 863 1
456 847 1
539 910 1
694 1009 1
514 892 1
798 1065 1
48 290 1
67 342 1
710 1018 1
416 814 1
615 961 1
985 1148 1
954 1136 1
773 1052 1
919 1121 1
397 797 1
258 655 1
803 1068 1
986 1149 1
976 1145 1
56 313 1
378 780 1
169 536 1
687 1005 1
712 1020 1
449 841 1
386 787 1
944 1132 1
9 126 1
323 726 1
802 1067 1
590 945 1
311 714 1
550 918 1
448 840 1
361 764 1
658 988 1
157 517 1
324 727 1
19 183 1
776 1054 1
755 1043 1
883 1106 1
517 894 1
482 868 1
11 139 1
678 1000 1
462 852 1
156 516 1
876 1102 1
813 1073 1
568 930 1
438 832 1
650 983 1
202 583 1
7 111 1
961 1139 1
279 679 1
655 986 1
836 1084 1
471 859 1
837 1084 1
626 968 1
393 793 1
748 1039 1
269 667 1
571 932 1
183 557 1
400 800 1
810 1071 1
282 682 1
103 422 1
632 972 1
840 1086 1
72 354 1
206 589 1
426 822 1
428 824 1
117 449 1
875 1102 1
57 316 1
769 1050 1
869 1099 1
394 794 1
593 947 1
659 989 1
874 1101 1
591 946 1
711 1019 1
501 882 1
718 1023 1
119 453 1
437 831 1
334 737 1
686 1005 1
506 886 1
77 366 1
409 807 1
499 881 1
971 1143 1
188 564 1
630 971 1
131 474 1
416 814 1
254 650 1
734 1032 1
805 1069 1
82 377 1
368 770 1
288 689 1
934 1128 1
976 1145 1
386 787 1
917 1120 1
37 255 1
161 524 1
371 773 1
703 1014 1
499 881 1
921 1122 1
765 1048 1
4 84 1
535 907 1
283 683 1
174 543 1
174 543 1
639 976 1
943 1131 1
902 1114 1
47 287 1
440 834 1
694 1009 1
967 1141 1
86 386 1
108 432 1
62 329 1
83 380 1
754 1042 1
566 929 1
90 395 1
514 892 1
693 1009 1
664 992 1
722 1025 1
941 1131 1
409 807 1
680 1001 1
164 528 1
448 840 1
389 790 1
873 1101 1
729 1029 1
875 1102 1
269 667 1
988 1150 1
60 324 1
160 522 1
773 1052 1
830 1081 1
235 627 1
665 992 1
368 770 1
870 1100 1
688 1006 1
157 517 1
204 586 1
128 469 1
241 634 1
750 1040 1
782 1057 1
767 1049 1
320 723 1
497 879 1
294 695 1
482 868 1
702 1014 1
48 290 1
164 528 1
977 1145 1
247 641 1
649 983 1
996 1153 1
354 757 1
402 801 1
439 833 1
278 678 1
912 1118 1
634 973 1
872 1101 1
766 1049 1
407 806 1
826 1079 1
164 528 1
699 1012 1
584 941 1
667 994 1
11 139 1
215 601 1
486 871 1
360 763 1
774 1053 1
556 922 1
904 1115 1
953 1136 1
738 1034 1
370 772 1
741 1036 1
275 674 1
372 774 1
886 1107 1
132 476 1
583 940 1
801 1067 1
625 968 1
222 610 1
307 709 1
919 1121 1
540 911 1
875 1102 1
387 788 1
645 980 1
836 1084 1
618 963 1
189 565 1
992 1151 1
299 701 1
446 839 1
649 983 1
876 1102 1
809 1071 1
875 1102 1
82 377 1
150 506 1
154 513 1
750 1040 1
91 397 1
498 880 1
856 1093 1
150 506 1
431 826 1
915 1120 1
722 1025 1
888 1108 1
86 386 1
82 377 1
386 787 1
485 870 1
63 332 1
916 1120 1
261 658 1
537 909 1
250 645 1
158 519 1
85 384 1
694 1009 1
583 940 1
555 921 1
355 758 1
240 633 1
223 611 1
441 835 1
230 620 1
249 644 1
930 1126 1
859 1095 1
523 899 1
394 794 1
402 801 1
84 382 1
593 947 1
360 763 1
601 952 1
424 820 1
400 800 1
745 1038 1
748 1039 1
822 1077 1
788 1060 1
882 1105 1
821 1077 1
867 1098 1
657 988 1
956 1137 1
539 910 1
24 205 1
413 811 1
66 339 1
13 151 1
400 800 1
917 1120 1
472 860 1
613 960 1
221 609 1
479 865 1
389 790 1
344 747 1
674 998 1
321 724 1
861 1095 1
356 759 1
73 356 1
631 972 1
280 680 1
399 799 1
596 949 1
883 1106 1
568 930 1
445 838 1
564 928 1
200 581 1
371 773 1
620 965 1
166 531 1
237 629 1
35 248 1
828 1080 1
374 776 1
646 981 1
279 679 1
813 1073 1
744 1037 1
431 826 1
407 806 1
880 1104 1
230 620 1
913 1119 1
459 849 1
135 481 1
270 669 1
247 641 1
824 1078 1
651 984 1
988 1150 1
495 878 1
575 935 1
784 1058 1
675 998 1
11 139 1
917 1120 1
611 959 1
397 797 1
916 1120 1
523 899 1
21 192 1
879 1104 1
65 337 1
91 397 1
401 800 1
678 1000 1
555 921 1
900 1113 1
559 924 1
537 909 1
220 607 1
306 708 1
732 1031 1
470 858 1
507 887 1
967 1141 1
749 1040 1
767 1049 1
713 1020 1
706 1016 1
513 891 1
56 313 1
106 428 1
98 412 1
23 201 1
2 59 1
620 965 1
444 837 1
446 839 1
590 945 1
856 1093 1
737 1033 1
652 984 1
585 942 1
641 978 1
679 1001 1
198 578 1
550 918 1
412 810 1
34 244 1
243 636 1
334 737 1
1000 1154 1
829 1080 1
570 932 1
77 366 1
126 465 1
950 1134 1
836 1084 1
888 1108 1
140 490 1
86 386 1
844 1088 1
646 981 1
34 244 1
434 829 1
96 408 1
435 830 1
872 1101 1
760 1046 1
107 430 1
547 916 1
694 1009 1
508 887 1
493 876 1
783 1058 1
716 1022 1
548 916 1
427 823 1
224 613 1
491 875 1
22 197 1
946 1133 1
677 999 1
971 1143 1
781 1057 1
785 1059 1
68 344 1
578 937 1
886 1107 1
58 318 1
907 1116 1
557 923 1
661 990 1
279 679 1
558 923 1
953 1136 1
378 780 1
425 821 1
468 857 1
682 1002 1
421 818 1
550 918 1
2 59 1
912 1118 1
261 658 1
730 1030 1
549 917 1
489 873 1
400 800 1
748 1039 1
39 262 1
513 891 1
227 616 1
846 1088 1
372 774 1
202 583 1
629 970 1
31 233 1
663 991 1
522 898 1
377 779 1
8 119 1
494 877 1
778 1055 1
311 714 1
179 551 1
454 845 1
939 1130 1
690 1007 1
786 1059 1
314 717 1
674 998 1
628 970 1
778 1055 1
160 522 1
651 984 1
150 506 1
75 361 1
18 178 1
114 443 1
559 924 1
476 863 1
498 880 1
555 921 1
402 801 1
191 568 1
277 677 1
866 1098 1
860 1095 1
397 797 1
787 1060 1
267 665 1
668 994 1
210 594 1
932 1127 1
415 813 1
990 1150 1
779 1056 1
414 812 1
551 919 1
446 839 1
777 1054 1
821 1077 1
798 1065 1
141 491 1
805 1069 1
229 619 1
954 1136 1
270 669 1
385 786 1
442 836 1
579 938 1
681 1002 1
393 793 1
19 183 1
732 1031 1
226 615 1
363 766 1
824 1078 1
315 718 1
693 1009 1
705 1016 1
67 342 1
958 1138 1
246 640 1
734 1032 1
160 522 1
403 802 1
135 481 1
164 528 1
774 1053 1
904 1115 1
256 652 1
200 581 1
512 890 1
471 859 1
695 1010 1
646 981 1
299 701 1
84 382 1
245 639 1
873 1101 1
830 1081 1
226 615 1
862 1096 1
227 616 1
317 720 1
92 399 1
285 685 1
665 992 1
314 717 1
625 968 1
141 491 1
926 1124 1
140 490 1
86 386 1
801 1067 1
394 794 1
36 251 1
253 649 1
529 903 1
36 251 1
141 491 1
46 284 1
676 999 1
440 834 1
511 890 1
159 520 1
12 145 1
439 833 1
131 474 1
166 531 1
312 715 1
874 1101 1
679 1001 1
936 1128 1
780 1056 1
777 1054 1
863 1096 1
226 615 1
81 375 1
896 1111 1
66 339 1
938 1129 1
965 1140 1
414 812 1
796 1064 1
196 575 1
225 614 1
912 1118 1
903 1114 1
211 596 1
424 820 1
459 849 1
203 585 1
245 639 1
204 586 1
972 1143 1
848 1089 1
531 904 1
740 1035 1
213 598 1
703 1014 1
190 567 1
744 1037 1
108 432 1
548 916 1
520 896 1
536 908 1
633 973 1
322 725 1
358 761 1
91 397 1
895 1111 1
382 783 1
258 655 1
396 796 1
724 1026 1
805 1069 1
299 701 1
105 426 1
702 1014 1
714 1021 1
561 925 1
673 997 1
501 882 1
992 1151 1
756 1044 1
51 299 1
772 1052 1
408 807 1
945 1132 1
212 597 1
348 751 1
893 1110 1
695 1010 1
702 1014 1
787 1060 1
591 946 1
689 1006 1
374 776 1
683 1003 1
374 776 1
68 344 1
437 831 1
546 915 1
534 906 1
945 1132 1
926 1124 1
442 836 1
62 329 1
157 517 1
145 498 1
711 1019 1
610 958 1
602 953 1
227 616 1
885 1106 1
967 1141 1
742 1036 1
509 888 1
9 126 1
631 972 1
83 380 1
902 1114 1
473 861 1
674 998 1
530 904 1
747 1039 1
418 815 1
4 84 1
958 1138 1
837 1084 1
279 679 1
465 854 1
796 1064 1
184 558 1
611 959 1
527 901 1
510 889 1
861 1095 1
177 548 1
212 597 1
572 933 1
186 561 1
462 852 1
895 1111 1
473 861 1
875 1102 1
503 884 1
777 1054 1
825 1078 1
395 795 1
188 564 1
626 968 1
872 1101 1
628 970 1
267 665 1
995 1152 1
160 522 1
150 506 1
400 800 1
893 1110 1
15 162 1
518 895 1
156 516 1
30 230 1
368 770 1
92 399 1
755 1043 1
688 1006 1
810 1071 1
404 803 1
749 1040 1
819 1076 1
309 711 1
917 1120 1
745 1038 1
947 1133 1
85 384 1
455 846 1
757 1044 1
675 998 1
397 797 1
541 911 1
927 1125 1
255 651 1
119 453 1
804 1068 1
131 474 1
134 479 1
389 790 1
325 728 1
343 746 1
992 1151 1
407 806 1
414 812 1
