5000 100000
36 38 1
36 35 0.931982
36 36 0.887151
36 29 0.696054
36 36 0.714497
36 38 1
36 39 0.880747
36 43 0.769896
36 39 0.936453
36 36 1
36 34 0.96401
36 34 0.756411
36 34 1
36 33 1
36 34 0.832135
36 25 1
36 47 1
36 45 0.798481
36 36 1
36 40 1
36 45 1
36 34 1
36 33 0.740665
36 40 0.962365
36 39 0.770765
36 41 0.545376
36 35 0.844555
36 39 0.744408
36 37 0.814191
36 41 1
36 28 0.750966
36 43 1
36 34 0.778546
36 33 1
36 36 1
36 44 1
36 36 0.782505
36 40 0.914637
36 43 1
36 32 1
36 38 1
36 37 0.837948
36 40 1
36 34 1
36 34 0.676286
36 44 0.79274
36 46 0.925698
36 33 1
36 34 1
36 44 0.49649
36 36 0.668874
36 37 1
36 35 1
36 44 1
36 26 1
36 41 0.941217
36 35 0.823362
36 39 0.94588
36 36 1
36 38 1
36 37 1
36 39 1
36 36 0.89575
36 37 1
36 34 0.881093
36 36 0.800252
36 38 1
36 31 0.802983
36 36 1
36 37 1
36 42 1
36 33 1
36 35 0.598619
36 33 1
36 36 0.771765
36 33 1
36 38 1
36 37 0.846109
36 32 1
36 36 0.552706
36 27 0.553903
36 36 0.731757
36 36 0.771122
36 32 1
36 35 0.829446
36 39 1
36 37 0.781253
36 37 0.937508
36 36 1
36 37 0.806365
36 43 0.957634
36 29 1
36 34 0.705375
36 38 1
36 51 0.872617
36 38 1
36 32 1
36 32 1
36 36 1
36 39 1
36 39 1
36 33 0.716956
36 35 0.935793
36 41 0.92723
36 37 0.898147
36 30 1
36 30 0.659963
36 32 0.821709
36 36 0.886574
36 37 0.761914
36 35 1
36 33 1
36 38 0.712499
36 36 0.865768
36 29 0.78611
36 35 1
36 42 0.922368
36 42 1
36 29 1
36 34 0.868304
36 36 0.941892
36 32 1
36 35 1
36 35 0.795651
36 37 1
36 33 1
36 35 1
36 37 1
36 36 0.903006
36 31 1
36 34 0.789178
36 38 0.949351
36 36 1
36 34 1
36 38 1
36 35 0.891231
36 38 1
36 39 0.885886
36 37 0.832767
36 40 1
36 43 1
36 30 0.875146
36 39 1
36 30 1
36 39 0.843679
36 34 1
36 34 1
36 41 1
36 36 1
36 34 0.921738
36 32 1
36 26 0.916502
36 26 0.854907
36 41 0.925143
36 39 1
36 43 0.918588
36 36 0.916018
36 39 1
36 36 1
36 43 1
36 36 1
36 40 0.939176
36 31 0.446754
36 31 0.590782
36 32 1
36 38 1
36 43 1
36 36 1
36 41 0.765055
36 35 0.748221
36 40 0.949524
36 32 1
36 37 1
36 36 1
36 36 0.9505
36 34 1
36 37 1
36 33 0.973108
36 41 0.879298
36 32 0.955488
36 34 0.760901
36 32 1
36 40 0.818398
36 34 0.907078
36 42 0.768449
36 42 1
36 39 1
36 41 0.841032
36 35 1
36 39 1
36 31 1
36 38 1
36 28 1
36 35 0.97187
36 44 0.646688
36 42 1
36 33 1
36 42 1
36 36 1
36 46 1
36 25 0.780311
36 33 0.789691
36 42 0.781776
36 35 0.963257
36 30 1
36 38 0.827598
36 36 1
36 36 0.956111
36 31 1
36 41 1
36 36 1
36 36 1
36 44 1
36 41 0.724606
36 30 0.9025
36 41 0.767356
36 30 0.84798
36 36 0.628988
36 37 1
36 34 0.935003
36 39 1
36 32 1
36 32 1
36 42 0.860097
36 40 1
36 43 0.942034
36 37 1
36 40 0.813621
36 32 1
36 48 1
36 38 0.865794
36 39 1
36 35 1
36 42 0.948883
36 40 1
36 40 0.864159
36 40 1
36 39 1
36 37 1
36 34 1
36 42 0.795343
36 36 1
36 43 0.857185
36 36 1
36 37 1
36 37 0.907902
36 38 0.973586
36 40 0.855366
36 37 0.927465
36 34 1
36 29 1
36 34 1
36 41 1
36 39 0.916902
36 33 0.827101
36 40 0.838964
36 29 1
36 45 1
36 39 0.975619
36 33 1
36 36 0.845037
36 37 0.863528
36 38 1
36 38 0.767499
36 34 0.807368
36 33 1
36 40 0.885934
36 27 1
36 36 0.83018
36 39 1
36 45 0.884387
36 36 1
36 35 0.852035
36 40 0.872096
36 40 0.664174
36 36 0.89533
36 30 0.791815
36 32 0.880162
36 35 0.746756
36 30 0.966725
36 35 0.746006
36 40 1
36 30 0.925916
36 29 0.72715
36 39 1
36 34 1
36 38 0.893484
36 31 1
36 43 0.814091
36 37 0.938246
36 44 0.782582
36 36 1
36 31 0.808155
36 40 0.973799
36 34 1
36 36 0.963151
36 40 0.923469
36 37 0.889562
36 38 1
36 32 0.916412
36 36 1
36 38 0.98871
36 31 1
36 37 1
36 38 1
36 36 1
36 35 1
36 36 1
36 40 0.931873
36 41 0.770764
36 39 0.981738
36 39 1
36 37 1
36 36 0.97068
36 36 0.959995
36 32 1
36 45 1
36 38 0.788395
36 34 0.768078
36 37 0.960807
36 29 1
36 29 1
36 40 0.936203
36 37 1
36 40 0.695136
36 38 0.713678
36 44 0.609789
36 40 1
36 40 0.90619
36 45 1
36 41 0.804401
36 38 1
36 33 0.887159
36 40 0.800708
36 33 0.890117
36 33 1
36 34 1
36 44 0.948967
36 27 1
36 42 1
36 29 1
36 37 0.670318
36 42 0.924393
36 45 1
36 36 1
36 32 0.868223
36 39 1
36 36 0.593983
36 43 0.751747
36 34 1
36 37 0.811757
36 39 1
36 34 0.792284
36 39 1
36 34 0.860524
36 38 1
36 39 0.876535
36 37 1
36 34 0.89464
36 41 0.84064
36 43 1
36 38 1
36 45 0.897811
36 35 0.772451
36 42 0.876645
36 37 1
36 40 0.9734
36 39 1
36 34 0.847633
36 37 1
36 33 1
36 36 1
36 36 0.952593
36 38 0.839408
36 35 0.624657
36 33 1
36 33 1
36 36 0.885638
36 40 1
36 44 1
36 31 0.665964
36 34 0.548722
36 39 1
36 40 0.801728
36 36 0.924359
36 33 0.912067
36 32 0.767233
36 35 0.668306
36 40 1
36 29 0.821932
36 35 1
36 44 1
36 34 1
36 44 1
36 30 0.780686
36 33 1
36 37 0.814701
36 37 1
36 41 0.949539
36 42 0.823773
36 40 1
36 28 0.781008
36 36 1
36 32 0.826213
36 39 1
36 42 1
36 37 0.807031
36 38 0.764199
36 35 0.844516
36 40 1
36 36 1
36 35 1
36 36 1
36 40 0.793411
36 35 0.900774
36 37 0.838023
36 40 1
36 34 1
36 43 0.828328
36 34 1
36 33 0.881533
36 36 1
36 40 0.919166
36 36 0.807264
36 30 1
36 36 0.879955
36 35 1
36 27 0.763952
36 33 0.817568
36 24 0.828876
36 33 1
36 40 0.877703
36 32 0.896452
36 38 0.823868
36 35 1
36 35 0.742899
36 39 0.950083
36 28 0.728751
36 28 0.754996
36 42 0.90578
36 36 0.803843
36 46 0.906221
36 33 0.873741
36 35 0.777516
36 38 1
36 34 1
36 38 1
36 33 0.817679
36 32 1
36 38 0.918462
36 32 1
36 40 1
36 36 1
36 37 0.830443
36 42 0.646421
36 45 1
36 37 1
36 35 0.756394
36 34 0.916448
36 44 1
36 35 0.815883
36 37 1
36 36 1
36 39 0.900384
36 39 0.849473
36 36 1
36 38 1
36 36 1
36 41 1
36 40 1
36 32 1
36 28 1
36 39 0.733634
36 35 1
36 37 0.842987
36 37 0.85243
36 37 1
36 32 1
36 34 1
36 30 1
36 37 0.902748
36 44 0.906778
36 36 1
36 41 1
36 39 0.842308
36 35 1
36 33 0.925695
36 31 1
36 40 0.815326
36 45 0.878881
36 35 0.820134
36 32 0.513991
36 38 0.951119
36 33 1
36 47 1
36 37 1
36 40 0.941138
36 38 1
36 41 1
36 38 0.910401
36 38 0.823865
36 32 1
36 35 0.976213
36 32 0.891647
36 36 0.696113
36 43 0.94258
36 43 1
36 38 0.537893
36 34 0.915279
36 31 0.798921
36 34 1
36 37 0.888093
36 43 0.953126
36 36 0.856509
36 39 0.890298
36 38 0.924649
36 32 1
36 35 0.907627
36 29 1
36 34 1
36 32 0.868151
36 33 0.946764
36 36 0.883727
36 36 0.935802
36 40 1
36 34 1
36 39 0.945863
36 31 0.849845
36 37 0.68937
36 32 0.658733
36 35 0.824458
36 35 1
36 36 0.674144
36 37 1
36 38 1
36 37 1
36 37 0.961028
36 39 0.865392
36 36 1
36 39 0.714454
36 30 1
36 37 1
36 38 0.959325
36 30 0.799848
36 46 0.869285
36 39 0.89549
36 43 0.629787
36 34 1
36 39 1
36 36 1
36 44 1
36 47 1
36 39 0.8289
36 31 0.959197
36 33 1
36 40 0.90852
36 37 1
36 46 1
36 36 0.933596
36 32 1
36 35 0.677829
36 47 1
36 40 0.831314
36 37 0.900781
36 34 0.44241
36 39 1
36 38 1
36 36 0.969599
36 31 1
36 42 1
36 32 0.904111
36 40 1
36 38 1
36 35 0.950637
36 44 1
36 37 0.492332
36 32 0.877565
36 32 1
36 39 0.929026
36 27 0.803969
36 35 1
36 36 1
36 30 0.782446
36 42 0.932843
36 37 1
36 38 1
36 37 1
36 48 1
36 34 1
36 41 0.794969
36 30 0.900535
36 32 0.83232
36 36 1
36 34 1
36 41 1
36 39 0.692455
36 40 1
36 38 1
36 35 1
36 38 0.718172
36 38 1
36 28 0.822341
36 36 0.88678
36 31 0.803715
36 26 0.771992
36 29 0.942833
36 27 0.929927
36 31 0.877966
36 38 1
36 35 1
36 34 1
36 32 1
36 30 1
36 32 1
36 38 0.928876
36 35 0.942049
36 42 1
36 35 1
36 37 1
36 36 1
36 33 1
36 39 1
36 36 1
36 38 1
36 39 1
36 35 0.767374
36 40 0.797259
36 39 1
36 38 1
36 36 0.728293
36 34 0.934384
36 38 1
36 34 1
36 43 1
36 46 1
36 37 0.970787
36 41 1
36 38 0.869024
36 34 0.943597
36 43 1
36 32 0.844811
36 31 0.890487
36 35 1
36 29 1
36 38 0.592164
36 35 0.732236
36 34 0.857243
36 37 0.993137
36 32 1
36 38 1
36 25 0.758568
36 40 1
36 36 1
36 38 1
36 41 0.720418
36 38 1
36 36 1
36 38 0.805609
36 32 0.965064
36 40 0.815832
36 38 1
36 37 0.977952
36 31 0.935156
36 38 1
36 36 1
36 32 1
36 37 0.566661
36 40 0.964722
36 37 1
36 36 1
36 39 1
36 37 0.778011
36 41 0.986555
36 34 1
36 42 0.8445
36 34 0.866656
36 30 0.880133
36 41 0.876058
36 37 1
36 37 0.902344
36 41 1
36 31 1
36 39 1
36 39 1
36 34 1
36 46 1
36 39 0.738472
36 43 0.792952
36 35 1
36 39 0.896514
36 39 1
36 37 1
36 36 0.75995
36 39 1
36 38 0.888111
36 34 0.778226
36 39 0.896809
36 44 0.782858
36 34 0.898981
36 35 1
36 32 0.712968
36 31 0.855355
36 33 0.954302
36 33 0.798083
36 36 0.990752
36 33 0.802879
36 36 1
36 42 0.742207
36 39 0.702313
36 38 0.888417
36 35 1
36 36 0.746357
36 39 0.821926
36 34 1
36 45 1
36 44 1
36 36 0.940477
36 34 1
36 46 0.811716
36 41 1
36 37 0.925576
36 31 1
36 34 0.939276
36 38 0.924445
36 27 0.774508
36 33 0.833441
36 37 1
36 35 0.669842
36 39 1
36 39 0.886078
36 26 0.749128
36 36 1
36 33 0.930487
36 36 0.756261
36 37 0.87481
36 41 0.766263
36 41 0.684356
36 39 0.888591
36 31 0.884891
36 38 1
36 36 1
36 31 1
36 35 1
36 36 1
36 33 0.738187
36 29 1
36 40 0.584413
36 38 0.601051
36 37 0.936795
36 44 0.827565
36 31 1
36 33 0.911398
36 32 0.928351
36 33 1
36 41 0.889738
36 36 1
36 34 0.673991
36 42 0.904422
36 38 1
36 35 0.909846
36 30 1
36 33 0.594828
36 30 1
36 35 0.811376
36 41 0.756364
36 36 0.679954
36 31 0.808873
36 40 1
36 42 1
36 35 0.932621
36 29 1
36 33 0.836584
36 26 0.765776
36 42 1
36 37 0.902674
36 39 0.964723
36 37 0.888174
36 31 1
36 43 1
36 35 1
36 35 1
36 44 1
36 32 1
36 38 1
36 38 0.988902
36 27 0.824014
36 36 1
36 37 0.955258
36 40 1
36 29 1
36 36 1
36 35 0.871416
36 42 0.800157
36 30 1
36 36 0.886871
36 31 1
36 29 0.635091
36 42 0.889136
36 35 1
36 33 1
36 35 0.923068
36 32 0.824549
36 36 0.92148
36 40 1
36 35 0.774329
36 45 0.90176
36 33 0.806188
36 33 1
36 37 1
36 31 0.984731
36 33 0.926836
36 41 0.792235
36 35 1
36 40 1
36 32 0.779983
36 42 1
36 29 1
36 39 1
36 39 0.61591
36 30 1
36 44 0.974165
36 33 1
36 41 0.869851
36 36 0.778254
36 35 0.6397
36 36 1
36 36 1
36 30 0.771411
36 36 1
36 31 1
36 40 1
36 32 1
36 32 0.982819
36 39 0.871886
36 42 1
36 34 0.872551
36 38 0.824544
36 36 1
36 38 0.961681
36 40 1
36 32 1
36 40 1
36 41 1
36 35 0.981024
36 36 1
36 41 1
36 39 1
36 37 1
36 38 1
36 37 1
36 35 1
36 41 1
36 39 0.725004
36 39 0.780996
36 30 1
36 44 0.72525
36 38 0.924862
36 37 1
36 36 1
36 30 0.604093
36 38 0.781724
36 31 0.659665
36 33 0.825663
36 40 0.75938
36 41 1
36 39 1
36 35 1
36 30 0.85944
36 38 1
36 34 1
36 43 0.87915
36 35 0.909962
36 32 1
36 33 0.758281
36 30 1
36 41 1
36 40 1
36 38 1
36 41 1
36 42 1
36 38 0.980637
36 37 0.76398
36 33 0.987545
36 34 1
36 39 0.744331
36 38 1
36 33 0.778352
36 37 0.958029
36 37 1
36 35 1
36 33 0.917634
36 31 1
36 45 0.889795
36 36 0.934398
36 34 1
36 33 1
36 37 0.827298
36 35 1
36 34 1
36 38 0.825642
36 39 1
36 45 0.943075
36 27 0.822623
36 34 1
36 38 0.797688
36 37 0.874178
36 36 1
36 40 0.709238
36 37 0.84694
36 40 0.81114
36 37 1
36 41 0.814988
36 36 0.907468
36 37 1
36 31 0.892523
36 37 1
36 33 1
36 29 1
36 39 0.955814
36 33 1
36 44 0.940578
36 38 1
36 43 0.64256
36 36 1
36 38 0.852647
36 38 1
36 33 0.91258
36 32 1
36 30 1
36 37 0.759698
36 37 1
36 39 0.834516
36 37 0.831046
36 38 0.978841
36 35 1
36 39 0.835177
36 34 1
36 37 0.794141
36 37 0.969231
36 33 0.979621
36 44 1
36 41 1
36 32 0.691748
36 38 0.914234
36 31 0.879658
36 29 0.79853
36 39 1
36 37 1
36 30 0.955403
36 35 0.758183
36 41 0.719832
36 44 1
36 34 1
36 31 1
36 36 1
36 31 1
36 36 1
36 33 0.903343
36 34 0.915089
36 39 0.816821
36 38 1
36 47 1
36 38 1
36 27 0.884986
36 33 1
36 35 0.938102
36 35 0.761665
36 38 1
36 37 0.924343
36 35 0.679398
36 41 0.805981
36 32 0.954516
36 36 0.932561
36 30 1
36 35 1
36 42 1
36 35 1
36 32 1
36 35 0.968233
36 33 1
36 43 1
36 34 1
36 34 1
36 33 1
36 37 0.948599
36 32 0.865794
36 45 1
36 27 0.954718
36 28 1
36 29 1
36 45 1
36 39 0.937079
36 32 1
36 31 1
36 37 1
36 44 0.934921
36 31 0.944672
36 36 1
36 35 0.659819
36 39 1
36 41 0.928643
36 30 0.876313
36 33 1
36 31 1
36 34 0.799943
36 39 0.743945
36 38 0.927213
36 34 0.890916
36 36 0.982054
36 39 0.755093
36 44 1
36 36 1
36 33 1
36 35 1
36 35 1
36 42 1
36 43 0.888962
36 38 0.956223
36 38 0.767027
36 45 0.904847
36 38 0.64352
36 35 1
36 39 0.834444
36 34 1
36 40 1
36 42 1
36 32 1
36 32 0.703255
36 34 0.90049
36 30 1
36 37 1
36 36 0.983938
36 23 1
36 37 0.863971
36 39 0.907407
36 39 0.931086
36 38 1
36 36 0.912165
36 37 1
36 42 1
36 36 0.872074
36 37 1
36 42 0.542184
36 32 0.650292
36 35 1
36 29 0.840772
36 36 0.825753
36 38 1
36 37 1
36 37 1
36 31 0.905043
36 39 1
36 36 0.961792
36 49 0.859933
36 35 0.549269
36 49 0.9029
36 32 0.867437
36 39 1
36 37 1
36 33 1
36 30 1
36 30 1
36 34 1
36 36 0.880687
36 35 0.776748
36 34 0.930945
36 39 0.859218
36 35 1
36 34 0.845811
36 36 1
36 39 0.87795
36 27 0.861258
36 31 0.873901
36 34 0.73406
36 32 0.732145
36 32 1
36 41 0.761365
36 35 1
36 40 1
36 42 0.988812
36 41 0.663269
36 32 0.900113
36 28 1
36 40 1
36 32 1
36 38 1
36 33 1
36 37 1
36 42 1
36 39 0.95114
36 42 0.720756
36 35 1
36 31 0.807392
36 27 0.778007
36 38 1
36 31 1
36 42 1
36 42 0.831955
36 25 1
36 38 0.876424
36 26 0.837364
36 39 0.862466
36 38 1
36 29 1
36 30 1
36 35 1
36 35 0.968794
36 37 1
36 41 1
36 41 1
36 36 1
36 26 1
36 28 1
36 36 0.800449
36 31 1
36 38 0.798351
36 40 0.726927
36 41 0.90504
36 29 1
36 35 0.558477
36 38 0.942624
36 33 1
36 36 0.8184
36 30 1
36 35 0.892257
36 49 1
36 40 0.942209
36 39 0.794114
36 42 0.929626
36 30 1
36 30 0.947019
36 37 0.918717
36 42 0.935605
36 25 0.869925
36 37 0.806386
36 46 1
36 39 0.78874
36 36 0.850141
36 40 1
36 34 0.808245
36 42 1
36 30 0.71872
36 39 0.563607
36 34 1
36 30 1
36 34 1
36 45 1
36 35 0.770902
36 43 1
36 44 0.857982
36 34 1
36 41 1
36 31 0.639815
36 36 1
36 38 0.849452
36 28 1
36 39 1
36 37 1
36 41 0.820612
36 33 1
36 30 0.548185
36 35 1
36 34 0.996014
36 32 0.897001
36 27 0.631988
36 35 0.659755
36 41 1
36 31 0.803527
36 33 1
36 51 1
36 34 0.58327
36 42 0.932842
36 37 0.626327
36 29 1
36 30 1
36 30 1
36 28 1
36 36 1
36 39 1
36 34 1
36 37 0.786757
36 35 0.772201
36 37 1
36 30 1
36 42 0.653537
36 34 1
36 41 1
36 40 1
36 35 0.881104
36 35 1
36 34 0.912745
36 34 0.76465
36 29 1
36 34 1
36 37 0.77824
36 47 0.833044
36 35 0.795773
36 39 0.892371
36 39 1
36 28 0.902142
36 29 1
36 53 1
36 38 1
36 39 1
36 36 0.943936
36 45 1
36 37 1
36 39 0.882352
36 33 1
36 37 1
36 40 1
36 44 0.856359
36 28 1
36 41 1
36 39 1
36 33 1
36 40 1
36 37 0.834378
36 35 1
36 41 0.647915
36 37 0.974454
36 34 0.791752
36 41 1
36 39 0.783392
36 37 0.914003
36 35 1
36 30 1
36 39 1
36 30 1
36 35 0.918519
36 34 0.661687
36 42 1
36 35 1
36 33 0.63067
36 32 0.895311
36 35 1
36 40 0.910458
36 39 0.938819
36 41 0.879412
36 33 1
36 41 1
36 32 1
36 41 1
36 34 0.948321
36 46 0.841476
36 32 0.904582
36 37 1
36 41 0.838442
36 34 1
36 35 0.949487
36 40 1
36 31 1
36 34 1
36 26 1
36 29 0.673001
36 43 0.956848
36 39 1
36 32 1
36 33 1
36 40 1
36 45 0.93
36 39 0.957266
36 44 1
36 37 1
36 36 1
36 37 1
36 39 0.726018
36 27 1
36 39 0.878766
36 36 0.750162
36 43 0.872384
36 37 0.958889
36 37 0.80574
36 27 0.667455
36 41 1
36 39 0.929353
36 37 1
36 41 1
36 37 0.975687
36 35 1
36 39 0.931009
36 33 0.872571
36 42 0.791982
36 41 0.91949
36 34 1
36 34 1
36 30 0.924763
36 34 1
36 34 0.842956
36 32 1
36 37 1
36 34 0.924612
36 41 0.908731
36 41 0.937695
36 32 1
36 33 0.935971
36 31 1
36 31 1
36 41 0.7745
36 34 0.754979
36 27 1
36 35 0.972535
36 41 1
36 38 0.914169
36 35 0.812781
36 34 1
36 39 1
36 40 0.976116
36 35 1
36 36 0.776396
36 30 1
36 36 1
36 33 1
36 34 0.913758
36 29 1
36 45 1
36 37 0.957495
36 37 0.660576
36 34 1
36 39 1
36 46 0.629691
36 40 0.913976
36 36 0.753557
36 31 0.789299
36 37 0.823013
36 35 1
36 47 0.676754
36 42 1
36 44 0.759681
36 35 1
36 32 1
36 36 1
36 34 1
36 36 1
36 33 1
36 33 1
36 36 1
36 36 1
36 36 0.976218
36 37 1
36 35 1
36 42 1
36 34 1
36 37 0.809416
36 39 0.874864
36 39 0.920123
36 30 1
36 39 1
36 34 1
36 34 1
36 39 1
36 47 0.956817
36 30 1
36 36 0.885555
36 35 1
36 36 0.913842
36 32 0.921967
36 36 1
36 34 1
36 40 1
36 39 0.978007
36 33 1
36 29 1
36 32 1
36 39 1
36 40 0.885092
36 39 1
36 39 1
36 41 0.86275
36 40 1
36 43 1
36 33 1
36 45 1
36 44 1
36 45 0.925367
36 38 0.904273
36 34 1
36 32 1
36 39 1
36 43 1
36 32 0.755073
36 39 0.975081
36 37 1
36 37 1
36 44 0.950152
36 38 1
36 42 0.800784
36 37 1
36 33 0.879945
36 30 1
36 30 1
36 34 1
36 41 1
36 49 0.955901
36 41 1
36 37 0.984768
36 44 0.960018
36 30 0.978639
36 30 0.927035
36 35 1
36 32 1
36 38 1
36 38 1
36 28 0.636646
36 36 0.872106
36 35 1
36 37 1
36 39 0.772146
36 36 1
36 39 1
36 34 1
36 31 1
36 48 1
36 40 0.877147
36 41 1
36 42 1
36 34 0.954749
36 37 0.947448
36 38 0.782753
36 30 1
36 34 1
36 32 0.870827
36 33 0.811995
36 40 0.724256
36 37 0.840823
36 39 1
36 37 0.938389
36 38 1
36 36 0.882103
36 36 0.867757
36 34 1
36 39 0.756473
36 36 1
36 45 0.570979
36 41 0.961862
36 37 0.86834
36 40 1
36 46 1
36 37 0.828221
36 37 1
36 41 1
36 24 1
36 38 1
36 43 1
36 37 0.938004
36 39 0.902319
36 35 1
36 34 1
36 37 0.911845
36 35 1
36 37 1
36 38 1
36 44 0.930195
36 34 0.969998
36 32 0.469456
36 42 1
36 39 0.824535
36 33 1
36 38 1
36 31 1
36 34 0.80969
36 30 1
36 32 1
36 34 1
36 36 1
36 41 0.944934
36 29 0.934136
36 33 0.858714
36 34 0.932277
36 39 0.900656
36 41 0.775639
36 28 0.962969
36 33 0.814656
36 36 0.881563
36 36 0.827504
36 40 1
36 44 1
36 39 0.892133
36 33 1
36 45 0.900051
36 41 0.957837
36 40 1
36 47 0.855431
36 41 0.866884
36 38 0.758053
36 35 1
36 36 1
36 35 0.835008
36 37 1
36 37 0.655619
36 43 1
36 38 1
36 35 1
36 37 1
36 37 1
36 34 1
36 32 1
36 35 0.906635
36 38 1
36 26 1
36 35 0.764356
36 38 0.653283
36 29 1
36 43 0.875297
36 35 1
36 38 1
36 39 0.823525
36 40 0.752345
36 28 1
36 34 1
36 35 0.56607
36 37 1
36 31 0.887791
36 38 1
36 40 0.801014
36 40 0.661317
36 36 1
36 48 1
36 29 0.758236
36 39 0.672718
36 41 0.72736
36 35 1
36 32 0.915894
36 35 0.860617
36 41 1
36 35 0.760964
36 31 1
36 38 0.945855
36 38 0.717947
36 42 0.713622
36 37 1
36 37 1
36 41 0.798106
36 36 1
36 35 0.816455
36 36 0.77803
36 38 0.553305
36 33 1
36 37 0.702642
36 42 1
36 36 0.745432
36 45 1
36 46 1
36 31 1
36 32 1
36 31 1
36 41 1
36 47 0.563758
36 35 0.950943
36 38 0.949011
36 34 0.804315
36 33 1
36 27 1
36 38 1
36 34 0.787764
36 34 0.76366
36 41 0.881432
36 39 1
36 41 1
36 39 0.956623
36 33 0.889858
36 37 0.940578
36 40 1
36 43 1
36 38 1
36 36 0.866034
36 35 0.855726
36 35 0.711356
36 34 1
36 37 0.974531
36 38 0.803146
36 41 1
36 32 1
36 41 0.969723
36 39 1
36 34 1
36 40 1
36 28 1
36 30 1
36 46 1
36 33 1
36 37 0.939704
36 34 0.896034
36 41 1
36 38 0.834655
36 41 0.910308
36 40 1
36 48 1
36 32 0.919703
36 35 0.792313
36 33 0.852223
36 37 1
36 38 1
36 40 0.928132
36 37 0.558825
36 36 1
36 26 1
36 32 1
36 37 1
36 35 0.644998
36 27 0.887427
36 36 0.843423
36 31 0.880481
36 37 0.871936
36 46 1
36 34 1
36 34 1
36 32 1
36 35 0.93205
36 29 1
36 41 0.932631
36 45 0.980767
36 37 1
36 34 0.765493
36 38 0.956972
36 40 0.954745
36 34 0.950035
36 34 0.809675
36 41 0.810224
36 38 0.89401
36 41 1
36 38 0.908029
36 27 1
36 28 0.891689
36 38 1
36 35 1
36 37 1
36 43 1
36 34 0.892281
36 37 1
36 30 0.773615
36 39 0.761408
36 35 0.87365
36 35 0.766192
36 39 1
36 34 0.9728
36 39 0.970839
36 40 1
36 37 1
36 31 0.803125
36 34 1
36 34 1
36 44 0.882228
36 38 0.876007
36 32 0.924868
36 37 1
36 37 0.744663
36 35 0.810611
36 39 0.818237
36 44 1
36 35 0.916359
36 35 1
36 34 1
36 34 1
36 41 0.768703
36 37 1
36 35 1
36 48 1
36 40 1
36 37 0.93907
36 39 0.950952
36 43 1
36 37 0.72014
36 33 1
36 26 0.70285
36 37 0.977395
36 41 0.693569
36 34 1
36 33 1
36 41 0.95023
36 45 0.935821
36 40 1
36 38 1
36 33 1
36 38 1
36 47 1
36 29 0.951525
36 45 1
36 31 0.762194
36 39 1
36 33 0.7536
36 35 1
36 42 1
36 42 1
36 33 1
36 33 1
36 33 1
36 37 0.936729
36 39 1
36 29 1
36 36 0.872141
36 40 0.917465
36 28 0.882361
36 36 1
36 36 1
36 41 0.78707
36 36 0.726766
36 36 1
36 36 1
36 45 0.93252
36 32 0.755905
36 37 0.920502
36 46 0.979933
36 34 1
36 40 1
36 37 0.890679
36 37 1
36 39 0.814211
36 40 0.92291
36 38 0.846705
36 42 1
36 31 0.779211
36 34 1
36 30 0.926007
36 39 0.791639
36 45 1
36 33 1
36 36 0.817144
36 39 1
36 35 1
36 32 1
36 39 0.803715
36 30 0.93223
36 36 1
36 29 0.948149
36 33 0.90835
36 40 1
36 40 1
36 35 1
36 33 0.8858
36 30 0.922862
36 36 1
36 29 1
36 38 0.97987
36 35 0.803602
36 40 1
36 38 0.690888
36 30 0.925027
36 40 0.852567
36 39 1
36 38 1
36 36 1
36 35 0.988675
36 42 1
36 38 1
36 35 1
36 41 0.85758
36 30 0.648277
36 35 0.82522
36 40 0.673295
36 38 1
36 43 1
36 43 1
36 33 0.863856
36 38 1
36 30 0.726932
36 26 0.726569
36 36 1
36 40 1
36 43 1
36 26 1
36 34 1
36 40 0.898031
36 42 1
36 37 0.881126
36 29 1
36 33 1
36 33 0.616829
36 37 1
36 36 1
36 34 1
36 29 1
36 38 0.605649
36 31 1
36 39 0.846387
36 34 1
36 38 1
36 32 0.884979
36 33 0.940957
36 43 0.895826
36 48 1
36 31 0.781712
36 40 0.890151
36 39 1
36 40 0.50584
36 27 1
36 36 0.723309
36 34 0.713051
36 28 0.922537
36 35 1
36 36 1
36 30 0.88914
36 38 0.913893
36 44 1
36 32 1
36 40 0.815774
36 42 0.923587
36 33 1
36 41 1
36 38 0.811604
36 35 1
36 38 0.819864
36 37 0.686623
36 35 0.895479
36 36 1
36 38 0.992871
36 41 0.735909
36 35 0.949968
36 39 1
36 36 1
36 35 1
36 38 1
36 34 0.864918
36 30 0.799835
36 36 1
36 45 0.82381
36 35 1
36 36 1
36 33 1
36 36 0.884558
36 36 1
36 39 0.930635
36 48 0.948787
36 39 1
36 46 1
36 31 1
36 46 1
36 35 0.929722
36 35 0.949094
36 38 1
36 45 1
36 42 0.681661
36 34 0.873772
36 36 1
36 30 0.678392
36 37 0.809536
36 40 0.849982
36 31 0.867442
36 38 0.978135
36 38 0.868073
36 34 1
36 36 0.925097
36 38 1
36 36 1
36 33 0.832202
36 39 1
36 36 0.91348
36 38 1
36 45 0.778151
36 34 1
36 40 1
36 40 1
36 41 1
36 43 1
36 40 0.81344
36 34 1
36 36 0.700259
36 41 1
36 32 1
36 35 0.814368
36 40 1
36 31 0.928383
36 37 0.634275
36 39 1
36 34 0.838411
36 35 1
36 34 1
36 44 1
36 36 1
36 39 1
36 30 1
36 30 0.846171
36 31 1
36 44 1
36 37 1
36 30 0.990753
36 26 1
36 27 0.925021
36 33 1
36 46 1
36 34 1
36 30 0.900383
36 36 1
36 38 1
36 39 1
36 38 1
36 38 0.965543
36 31 0.659383
36 26 1
36 33 0.887397
36 27 0.594959
36 37 1
36 38 0.784565
36 35 1
36 31 1
36 36 1
36 32 1
36 33 1
36 33 1
36 33 0.857246
36 34 0.933745
36 30 0.727034
36 37 0.738049
36 36 1
36 38 0.860197
36 38 1
36 32 0.917644
36 34 1
36 43 0.907903
36 37 0.895618
36 32 0.878059
36 34 0.927063
36 35 1
36 32 0.918609
36 32 0.770727
36 34 1
36 38 1
36 42 1
36 40 0.922496
36 31 0.908294
36 31 0.832463
36 37 0.9721
36 45 1
36 38 1
36 33 1
36 40 0.821273
36 37 1
36 37 1
36 46 0.892979
36 37 1
36 35 1
36 32 0.980982
36 42 1
36 41 0.953573
36 37 1
36 28 1
36 37 1
36 37 0.877231
36 45 0.800149
36 31 1
36 38 0.850132
36 39 1
36 40 1
36 37 0.827676
36 37 0.883949
36 44 0.947089
36 38 1
36 41 0.741603
36 32 1
36 40 1
36 28 0.954265
36 38 1
36 28 0.622039
36 42 1
36 32 0.859692
36 29 0.960427
36 28 1
36 29 0.92351
36 39 1
36 39 1
36 43 0.985936
36 41 0.862319
36 33 0.867944
36 32 1
36 29 1
36 35 1
36 33 0.884838
36 41 1
36 36 1
36 32 0.818779
36 41 0.885376
36 41 1
36 36 0.759836
36 33 1
36 43 0.920753
36 36 0.657496
36 32 0.972817
36 35 0.759704
36 45 0.793585
36 35 0.612805
36 31 1
36 40 1
36 29 1
36 36 1
36 46 1
36 29 1
36 43 0.944926
36 44 1
36 43 0.949634
36 30 0.894692
36 33 1
36 39 0.937258
36 31 1
36 36 1
36 32 0.831462
36 44 0.66929
36 37 0.96233
36 38 1
36 34 1
36 34 1
36 37 0.673084
36 39 1
36 41 0.777745
36 40 0.968417
36 36 0.921372
36 38 1
36 35 1
36 38 0.894322
36 32 1
36 45 1
36 38 1
36 38 0.842685
36 41 1
36 29 1
36 43 0.928033
36 31 0.78234
36 40 1
36 40 1
36 38 1
36 29 1
36 37 1
36 37 0.711471
36 45 0.687433
36 34 1
36 43 0.693824
36 39 1
36 41 1
36 42 0.850577
36 32 0.623302
36 40 1
36 38 0.734187
36 37 0.913428
36 38 1
36 41 0.907395
36 33 0.828871
36 32 0.866611
36 38 1
36 35 0.916412
36 24 0.935159
36 34 0.776701
36 34 0.820897
36 42 1
36 29 0.74626
36 28 0.92413
36 33 1
36 33 0.700292
36 31 1
36 31 1
36 38 0.589046
36 38 0.932288
36 31 1
36 33 1
36 40 0.940582
36 27 1
36 39 0.944389
36 43 1
36 32 0.912897
36 38 0.834096
36 45 0.86369
36 36 1
36 32 1
36 42 0.957503
36 32 0.900559
36 30 1
36 37 1
36 39 0.761856
36 37 0.786537
36 41 1
36 43 1
36 37 0.79062
36 29 1
36 40 1
36 40 1
36 45 0.782655
36 37 0.846025
36 42 0.79561
36 25 0.789229
36 45 1
36 30 1
36 30 0.828139
36 32 1
36 35 1
36 34 0.947636
36 42 1
36 39 1
36 38 0.728613
36 32 0.974093
36 39 0.858688
36 39 1
36 37 1
36 35 0.786129
36 41 0.854889
36 31 1
36 35 1
36 40 0.736113
36 31 1
36 38 0.851899
36 35 0.768267
36 33 1
36 39 0.952246
36 44 1
36 36 0.949906
36 34 1
36 39 1
36 40 1
36 32 1
36 34 1
36 32 0.698359
36 44 1
36 45 0.756758
36 37 0.843794
36 39 1
36 28 0.583512
36 34 0.798472
36 37 0.824959
36 37 0.855412
36 31 1
36 38 1
36 34 0.7949
36 43 1
36 39 0.763305
36 41 0.835666
36 27 1
36 28 0.834114
36 34 1
36 39 0.922866
36 35 0.450303
36 38 0.757299
36 30 1
36 37 0.952787
36 39 1
36 33 0.825476
36 35 1
36 31 0.910896
36 33 1
36 44 0.898739
36 38 1
36 24 0.991462
36 42 0.894847
36 32 0.616431
36 39 0.948878
36 36 1
36 34 1
36 48 1
36 26 0.917613
36 38 1
36 42 0.83071
36 26 1
36 34 1
36 38 0.722055
36 41 0.884296
36 43 0.714107
36 35 1
36 30 1
36 37 1
36 35 0.629821
36 43 1
36 34 1
36 33 1
36 38 1
36 33 0.629759
36 34 0.837534
36 37 0.957818
36 33 0.913341
36 34 0.934433
36 34 0.835105
36 36 1
36 38 0.644337
36 33 1
36 40 1
36 39 0.892848
36 33 0.949582
36 40 0.919726
36 28 1
36 36 0.788939
36 34 1
36 32 1
36 39 1
36 28 0.835128
36 41 1
36 31 0.913591
36 36 0.84674
36 37 1
36 38 0.826311
36 37 1
36 30 0.474848
36 33 0.6977
36 39 0.944047
36 35 0.905513
36 29 1
36 39 1
36 36 1
36 38 1
36 35 1
36 38 0.834085
36 35 1
36 38 1
36 29 1
36 34 1
36 28 0.989604
36 30 0.729226
36 41 1
36 41 0.888772
36 45 0.823321
36 34 1
36 46 0.951274
36 37 0.803443
36 38 0.86472
36 39 1
36 33 0.829796
36 39 0.631322
36 38 0.867768
36 38 0.679052
36 36 1
36 43 1
36 31 1
36 38 1
36 38 1
36 32 1
36 34 0.945193
36 29 1
36 43 0.828375
36 35 0.964955
36 38 1
36 41 1
36 38 1
36 40 1
36 41 0.949018
36 36 1
36 41 1
36 32 1
36 31 0.883915
36 39 1
36 35 0.917708
36 32 0.830187
36 35 1
36 28 1
36 40 1
36 38 0.877483
36 38 1
36 38 0.955002
36 36 0.657184
36 37 1
36 41 0.906468
36 43 1
36 32 1
36 35 1
36 46 1
36 34 0.767675
36 28 1
36 33 1
36 36 0.988885
36 36 1
36 44 0.920427
36 35 0.889691
36 35 1
36 34 1
36 32 1
36 40 0.892349
36 38 1
36 34 1
36 38 1
36 34 1
36 38 0.924097
36 36 1
36 40 0.816295
36 28 1
36 41 1
36 38 1
36 32 1
36 30 0.726289
36 31 1
36 43 1
36 32 1
36 34 0.649066
36 39 0.754365
36 32 1
36 40 1
36 38 0.927358
36 31 0.909047
36 45 1
36 37 0.860745
36 49 0.947564
36 34 0.833719
36 33 0.922097
36 35 0.866685
36 34 0.639126
36 38 1
36 32 0.917498
36 42 0.846256
36 36 1
36 44 1
36 34 0.885852
36 39 1
36 41 1
36 36 0.874889
36 34 0.940067
36 36 1
36 36 0.986199
36 31 0.872331
36 30 1
36 40 1
36 35 1
36 35 0.698725
36 30 0.953283
36 38 0.623661
36 39 0.930807
36 34 0.843416
36 35 0.701077
36 32 0.699165
36 40 0.926574
36 37 0.892593
36 31 0.791646
36 38 1
36 41 0.613236
36 40 1
36 37 1
36 35 1
36 32 0.546143
36 41 0.963247
36 41 1
36 31 1
36 35 0.803989
36 34 0.940538
36 34 1
36 37 1
36 38 1
36 47 0.763201
36 40 0.771684
36 37 1
36 37 0.747926
36 40 0.858153
36 35 1
36 30 1
36 33 0.82617
36 34 1
36 34 0.887485
36 33 0.806874
36 35 1
36 24 1
36 41 1
36 40 1
36 33 1
36 37 0.574844
36 35 0.800399
36 39 1
36 36 1
36 40 1
36 36 1
36 31 0.77012
36 42 1
36 37 1
36 30 0.879725
36 30 0.893378
36 40 1
36 36 1
36 44 0.637175
36 41 0.742198
36 34 0.879844
36 39 0.950427
36 41 1
36 34 1
36 38 1
36 32 0.812266
36 38 0.924987
36 46 0.912221
36 34 0.876122
36 38 0.846679
36 36 1
36 37 1
36 33 0.667262
36 28 0.817768
36 41 1
36 33 1
36 38 0.925628
36 41 0.794222
36 37 1
36 36 0.82713
36 40 1
36 39 1
36 37 1
36 32 0.758975
36 44 0.940014
36 34 0.901083
36 43 1
36 38 1
36 31 1
36 40 1
36 46 1
36 48 1
36 38 0.855147
36 32 0.987794
36 33 0.755349
36 34 1
36 40 0.951222
36 37 0.866607
36 32 0.935939
36 32 0.648912
36 42 0.743635
36 34 1
36 32 1
36 30 1
36 46 1
36 32 0.587295
36 36 0.843563
36 35 0.525402
36 39 0.705118
36 40 0.971135
36 34 0.76023
36 39 1
36 43 0.912813
36 33 0.940971
36 33 1
36 35 0.798356
36 32 0.967917
36 38 0.881527
36 36 1
36 39 1
36 35 1
36 32 1
36 34 0.859107
36 40 1
36 35 0.902127
36 36 0.81747
36 33 0.924057
36 39 1
36 45 1
36 37 0.849698
36 37 1
36 39 1
36 43 0.806339
36 34 0.871156
36 32 0.629082
36 40 1
36 44 1
36 41 1
36 33 0.869646
36 37 0.680912
36 32 0.875345
36 36 1
36 45 1
36 38 0.902393
36 32 0.984627
36 37 1
36 43 0.799119
36 30 0.793529
36 43 1
36 31 1
36 36 1
36 30 1
36 36 1
36 38 0.656515
36 32 1
36 41 1
36 36 0.881698
36 40 1
36 34 0.765189
36 25 1
36 42 1
36 44 0.819856
36 27 0.85266
36 46 0.607065
36 36 0.878619
36 27 1
36 34 1
36 37 0.973168
36 38 1
36 31 0.914027
36 32 0.91025
36 35 0.912118
36 42 1
36 34 0.946417
36 37 0.912065
36 39 1
36 34 0.904306
36 32 0.712932
36 29 1
36 38 0.976041
36 42 0.900465
36 27 1
36 33 0.844076
36 33 0.812149
36 34 1
36 36 0.684315
36 27 0.863988
36 28 0.813831
36 39 0.828279
36 40 0.558624
36 30 1
36 35 1
36 35 0.76487
36 35 1
36 41 1
36 39 0.926313
36 33 1
36 32 1
36 40 1
36 39 0.792766
36 34 0.950325
36 38 1
36 40 0.738391
36 40 0.801998
36 47 1
36 34 1
36 36 1
36 31 1
36 31 0.762706
36 38 0.942316
36 37 1
36 33 1
36 36 1
36 40 0.920983
36 36 1
36 40 0.790585
36 42 1
36 34 0.974058
36 42 1
36 44 1
36 36 0.935279
36 41 1
36 34 0.940128
36 37 1
36 40 0.769554
36 23 0.92053
36 30 1
36 26 0.670821
36 41 0.895586
36 40 1
36 41 0.903694
36 43 0.718613
36 36 0.753167
36 29 1
36 35 0.941616
36 42 0.718147
36 40 1
36 39 1
36 32 0.693178
36 33 0.711941
36 42 0.649477
36 35 0.837618
36 30 0.898945
36 31 1
36 31 1
36 32 0.955649
36 36 0.5549
36 40 1
36 32 0.770145
36 39 1
36 48 1
36 38 0.869419
36 36 1
36 32 1
36 37 0.844105
36 36 1
36 36 1
36 36 1
36 37 1
36 34 0.890596
36 33 1
36 36 1
36 34 0.852197
36 36 0.720191
36 34 0.937699
36 39 0.856959
36 31 1
36 32 1
36 30 1
36 45 1
36 28 0.827935
36 42 0.819276
36 35 1
36 27 0.647865
36 33 0.64914
36 36 0.925323
36 39 0.932753
36 40 1
36 38 1
36 36 0.916462
36 38 0.924479
36 32 1
36 42 0.903377
36 37 1
36 42 1
36 41 1
36 33 1
36 29 0.823359
36 35 0.693177
36 38 0.691453
36 39 0.914076
36 39 0.81684
36 41 0.882909
36 39 0.838351
36 33 0.93833
36 38 0.737599
36 37 1
36 32 1
36 37 1
36 42 0.731161
36 39 0.529176
36 37 0.775238
36 34 0.929928
36 27 1
36 43 0.548559
36 34 1
36 32 1
36 32 0.45039
36 42 0.97527
36 39 0.89746
36 34 0.761092
36 30 1
36 35 0.901502
36 33 0.935055
36 31 1
36 35 0.784817
36 33 1
36 45 1
36 42 0.672309
36 32 1
36 34 0.928397
36 41 1
36 40 1
36 42 0.877258
36 40 0.697296
36 33 0.902092
36 38 0.980501
36 29 1
36 36 1
36 43 0.793869
36 30 0.947341
36 30 1
36 35 0.834276
36 31 0.769032
36 37 0.762478
36 30 1
36 37 0.926962
36 38 0.960016
36 47 1
36 36 1
36 34 0.691403
36 42 0.730262
36 36 0.830201
36 38 1
36 42 0.794739
36 28 1
36 24 0.918302
36 41 0.939146
36 38 0.930601
36 35 1
36 41 0.776237
36 25 1
36 37 0.868121
36 40 1
36 31 0.779937
36 33 1
36 32 1
36 35 0.590377
36 33 0.827644
36 32 0.785869
36 37 1
36 38 0.909189
36 36 0.816773
36 34 0.945381
36 25 1
36 43 0.669282
36 39 0.900954
36 35 1
36 33 0.793392
36 39 0.59206
36 30 0.891059
36 44 1
36 35 1
36 35 0.584721
36 50 1
36 36 0.923499
36 42 1
36 34 0.82428
36 36 1
36 34 1
36 45 1
36 40 1
36 37 0.764802
36 27 1
36 34 1
36 50 0.86892
36 36 0.909598
36 32 1
36 34 1
36 39 1
36 33 0.913569
36 28 0.925621
36 42 1
36 46 1
36 40 1
36 34 1
36 32 1
36 37 1
36 42 0.817288
36 35 0.973479
36 41 0.914206
36 32 1
36 30 1
36 38 0.522464
36 42 0.686754
36 33 0.842029
36 35 0.561697
36 40 0.981191
36 46 0.86698
36 29 1
36 38 0.959703
36 30 1
36 35 0.795596
36 37 0.768836
36 40 0.879499
36 32 1
36 33 0.714671
36 48 0.740804
36 35 0.702513
36 27 1
36 33 1
36 36 1
36 34 1
36 35 0.925182
36 33 0.670203
36 37 1
36 43 1
36 35 0.800716
36 30 1
36 37 0.415785
36 45 0.802466
36 34 1
36 40 0.842036
36 40 0.561199
36 37 1
36 37 0.832417
36 39 1
36 36 1
36 35 1
36 42 0.716384
36 34 1
36 28 0.671201
36 42 1
36 48 0.598764
36 35 1
36 36 1
36 32 0.726954
36 41 0.869236
36 35 1
36 33 0.802301
36 36 1
36 39 1
36 37 1
36 36 0.879031
36 42 1
36 38 0.690176
36 48 0.929935
36 38 1
36 42 1
36 34 1
36 36 1
36 40 0.820308
36 34 1
36 39 1
36 36 0.851041
36 38 0.786561
36 36 0.876289
36 45 1
36 39 1
36 31 0.846516
36 32 0.832991
36 36 0.942704
36 34 1
36 33 1
36 41 1
36 36 1
36 36 0.95548
36 31 1
36 35 1
36 35 1
36 34 0.736886
36 31 0.891076
36 34 0.671155
36 40 0.825735
36 38 0.855383
36 36 1
36 37 1
36 34 0.986913
36 35 0.760739
36 34 0.600117
36 37 0.96907
36 36 0.978435
36 40 0.810717
36 37 0.794858
36 39 1
36 34 0.587682
36 34 1
36 41 1
36 40 0.669742
36 47 1
36 28 0.789833
36 32 1
36 41 1
36 33 0.869255
36 47 0.836569
36 28 0.872554
36 42 1
36 42 0.845566
36 38 1
36 39 0.710571
36 35 0.918549
36 34 1
36 40 0.721169
36 42 1
36 38 0.73369
36 32 0.895014
36 42 0.767447
36 37 1
36 35 0.854225
36 33 0.848931
36 39 1
36 33 0.779699
36 31 0.924567
36 33 1
36 29 1
36 39 1
36 28 1
36 43 1
36 34 0.898627
36 34 0.905513
36 31 1
36 36 0.806788
36 27 1
36 37 1
36 34 0.83337
36 35 0.926992
36 35 0.801768
36 42 0.943725
36 43 0.718009
36 38 1
36 29 0.776921
36 36 0.659529
36 44 1
36 37 1
36 37 1
36 42 0.980534
36 37 0.986245
36 44 0.838938
36 47 1
36 42 0.669327
36 27 0.952437
36 31 0.858283
36 37 0.745461
36 31 0.832135
36 40 1
36 41 0.822863
36 41 0.861348
36 38 1
36 25 0.914952
36 39 0.834448
36 37 0.9407
36 35 0.926536
36 29 0.702381
36 37 0.939275
36 41 0.862461
36 44 0.716483
36 36 0.560588
36 34 1
36 30 1
36 36 0.926437
36 33 0.905325
36 34 0.755488
36 37 1
36 19 1
36 33 1
36 41 1
36 27 0.879704
36 40 1
36 40 0.663286
36 39 0.993055
36 29 0.682619
36 35 1
36 41 1
36 42 1
36 36 1
36 36 0.713907
36 49 1
36 26 1
36 37 1
36 37 0.765222
36 39 1
36 45 0.728305
36 34 1
36 38 1
36 32 1
36 47 0.830812
36 34 1
36 45 0.880984
36 41 0.844775
36 34 0.819453
36 42 1
36 33 0.854029
36 42 1
36 44 0.854199
36 40 1
36 36 0.98043
36 34 1
36 41 1
36 33 0.694073
36 33 0.908593
36 42 1
36 34 1
36 39 0.560651
36 38 0.903948
36 35 1
36 39 1
36 43 0.88017
36 30 1
36 35 1
36 37 0.805942
36 29 1
36 36 1
36 43 1
36 31 0.925968
36 38 1
36 27 0.838805
36 45 1
36 42 1
36 32 1
36 42 0.794491
36 33 0.842437
36 44 0.670736
36 37 0.97521
36 38 0.799493
36 40 0.735698
36 34 0.852178
36 34 1
36 44 1
36 36 0.841705
36 34 1
36 38 1
36 40 1
36 43 0.767337
36 36 0.73183
36 48 0.937839
36 39 0.901894
36 41 0.994459
36 30 0.695239
36 37 0.934169
36 34 0.888901
36 40 1
36 41 0.765249
36 37 1
36 40 1
36 33 0.936837
36 33 1
36 39 0.851649
36 39 0.647581
36 40 0.877745
36 36 1
36 41 1
36 39 0.818759
36 32 1
36 35 0.911977
36 40 1
36 36 1
36 42 0.914134
36 36 1
36 35 1
36 42 0.772917
36 33 0.818854
36 28 1
36 39 0.693083
36 31 0.926498
36 38 1
36 34 1
36 32 1
36 43 0.867049
36 42 0.799765
36 37 0.847817
36 34 1
36 39 0.852673
36 36 1
36 35 1
36 31 1
36 34 1
36 34 0.818006
36 36 0.961651
36 40 0.929073
36 38 0.908245
36 39 1
36 34 1
36 40 1
36 33 0.673731
36 29 0.935809
36 36 1
36 39 0.921262
36 41 0.768922
36 38 1
36 37 1
36 36 0.859316
36 38 1
36 39 0.852596
36 33 0.910192
36 33 1
36 36 0.946236
36 34 1
36 33 1
36 31 1
36 32 0.929784
36 32 0.894561
36 35 1
36 36 1
36 35 0.62998
36 39 1
36 36 1
36 26 0.74902
36 41 1
36 38 1
36 37 0.712039
36 33 0.986362
36 34 0.971959
36 39 0.93156
36 39 1
36 41 0.956726
36 36 0.741709
36 34 0.886322
36 38 1
36 31 0.933044
36 42 1
36 41 0.88399
36 40 0.914681
36 35 0.701081
36 41 1
36 31 1
36 37 1
36 28 1
36 35 0.818942
36 37 0.596026
36 38 1
36 32 1
36 44 1
36 37 1
36 32 0.847454
36 29 0.864257
36 38 1
36 33 0.779285
36 41 1
36 38 0.901641
36 29 0.861874
36 41 0.782909
36 40 0.815115
36 34 1
36 27 1
36 34 0.536781
36 32 1
36 36 0.780795
36 30 0.814262
36 34 1
36 37 1
36 33 0.884405
36 39 1
36 33 0.865477
36 31 0.797056
36 37 0.9272
36 30 0.667021
36 36 1
36 31 0.874192
36 37 0.786364
36 30 0.824106
36 34 1
36 34 1
36 35 0.837159
36 41 0.752312
36 40 0.83219
36 36 0.80648
36 41 0.941053
36 36 0.894246
36 37 0.939629
36 32 1
36 33 0.937437
36 35 0.93319
36 38 0.898442
36 40 0.8485
36 35 0.80958
36 42 0.731961
36 35 0.757641
36 28 1
36 38 0.946447
36 41 1
36 38 0.806457
36 41 0.763103
36 34 0.793258
36 36 0.76128
36 37 0.858945
36 34 1
36 33 1
36 43 0.764466
36 39 1
36 41 0.860024
36 39 1
36 37 0.915108
36 38 1
36 42 0.959811
36 43 1
36 42 1
36 30 0.708452
36 42 0.855245
36 32 1
36 38 0.870674
36 34 1
36 37 1
36 38 1
36 42 1
36 38 0.770059
36 28 1
36 37 1
36 39 1
36 31 0.950059
36 39 0.782331
36 41 1
36 39 1
36 31 0.937855
36 39 1
36 36 0.75263
36 41 0.731832
36 37 0.580057
36 39 1
36 41 0.879441
36 43 0.976873
36 35 1
36 31 1
36 47 1
36 36 1
36 26 1
36 38 1
36 36 1
36 42 1
36 40 1
36 29 1
36 34 0.923315
36 37 0.750566
36 42 0.855717
36 37 1
36 37 1
36 37 1
36 28 1
36 44 0.698299
36 42 0.955531
36 38 1
36 29 0.660314
36 39 1
36 42 0.808481
36 44 0.880995
36 34 1
36 36 1
36 35 0.862668
36 37 1
36 41 1
36 32 0.834262
36 38 0.922378
36 35 0.800446
36 35 1
36 34 1
36 47 1
36 36 1
36 32 0.591403
36 33 1
36 35 0.778122
36 33 1
36 36 1
36 35 0.839434
36 34 0.670146
36 33 1
36 27 0.894674
36 31 0.895627
36 42 1
36 43 1
36 30 1
36 43 1
36 35 0.925497
36 38 1
36 41 0.906556
36 32 1
36 35 0.671186
36 37 0.890452
36 46 1
36 33 1
36 34 1
36 42 1
36 42 1
36 34 1
36 46 1
36 34 0.954932
36 32 1
36 44 1
36 45 0.89059
36 34 0.801055
36 33 0.655889
36 37 0.82235
36 39 1
36 29 1
36 35 0.997837
36 35 0.933189
36 40 0.694673
36 35 1
36 37 0.83844
36 33 1
36 40 0.802168
36 40 0.827191
36 40 1
36 32 1
36 42 0.973178
36 40 0.928966
36 44 1
36 36 0.883739
36 40 1
36 41 1
36 39 1
36 36 0.918884
36 26 1
36 41 0.897464
36 34 0.73859
36 41 1
36 40 0.830694
36 37 1
36 33 1
36 41 0.775859
36 42 1
36 34 1
36 33 1
36 33 0.943716
36 37 1
36 38 1
36 41 1
36 37 1
36 45 0.978519
36 50 0.775001
36 32 1
36 46 1
36 38 0.722764
36 38 0.906063
36 29 0.94342
36 34 0.766401
36 34 1
36 34 1
36 35 0.759171
36 44 0.920775
36 34 0.70354
36 32 1
36 35 0.806359
36 39 1
36 35 1
36 42 0.652009
36 45 0.826253
36 38 1
36 40 0.588492
36 31 1
36 40 1
36 40 0.770403
36 37 1
36 39 0.670575
36 37 0.780957
36 43 0.893155
36 38 1
36 38 1
36 41 0.680871
36 36 0.841437
36 30 0.986313
36 35 1
36 36 1
36 32 0.922569
36 30 1
36 36 1
36 38 0.732796
36 33 0.924644
36 40 0.794022
36 29 0.753876
36 37 0.9579
36 35 1
36 33 0.843725
36 33 0.668793
36 46 1
36 46 1
36 27 1
36 41 0.852704
36 40 0.904541
36 41 1
36 36 1
36 29 0.842966
36 37 0.971849
36 34 1
36 33 0.88334
36 40 0.944469
36 34 1
36 38 0.887876
36 38 0.902366
36 42 1
36 39 1
36 41 1
36 44 1
36 39 1
36 33 1
36 25 0.762065
36 35 0.882712
36 33 1
36 33 0.803716
36 34 1
36 34 1
36 34 1
36 43 1
36 39 0.962131
36 38 1
36 43 0.75446
36 40 0.676276
36 37 0.986748
36 38 0.909356
36 32 1
36 36 1
36 38 0.9683
36 40 0.806574
36 40 0.840882
36 33 1
36 44 1
36 27 1
36 38 1
36 38 1
36 41 1
36 36 0.963423
36 41 1
36 41 1
36 37 0.615123
36 34 0.822848
36 39 0.594098
36 33 0.865962
36 23 0.667142
36 33 1
36 38 0.97937
36 32 1
36 43 0.904558
36 37 0.800884
36 35 0.85696
36 41 0.738102
36 31 0.799846
36 34 0.823301
36 40 1
36 36 1
36 40 1
36 37 1
36 44 0.96444
36 36 1
36 40 1
36 32 0.985431
36 45 0.94301
36 27 1
36 32 0.663162
36 32 0.919247
36 43 1
36 42 0.597136
36 38 1
36 38 1
36 39 0.992349
36 35 0.894419
36 35 1
36 36 0.793597
36 44 0.937469
36 38 0.803033
36 28 1
36 41 1
36 36 0.816099
36 30 1
36 38 1
36 27 0.826337
36 35 1
36 26 0.856447
36 39 0.863261
36 40 1
36 29 0.732013
36 23 0.902828
36 30 1
36 31 0.934137
36 31 0.868434
36 45 0.838044
36 46 1
36 44 0.782437
36 28 0.960484
36 32 0.75082
36 46 0.95944
36 33 0.847994
36 39 0.663584
36 42 1
36 41 1
36 38 1
36 44 0.884898
36 37 1
36 47 1
36 29 0.921417
36 37 0.847574
36 37 1
36 36 0.831068
36 38 0.882044
36 34 0.937948
36 44 0.94204
36 41 1
36 32 1
36 34 0.583508
36 29 0.917853
36 37 0.691879
36 34 0.829993
36 41 1
36 44 0.847966
36 42 0.660634
36 37 1
36 31 1
36 40 0.826168
36 42 1
36 32 1
36 35 1
36 41 0.688543
36 41 1
36 37 0.913616
36 41 1
36 32 0.798726
36 36 1
36 37 1
36 33 0.914368
36 35 1
36 42 0.944907
36 37 1
36 37 0.903651
36 43 0.780761
36 42 1
36 37 1
36 36 0.705422
36 32 1
36 41 0.754062
36 35 1
36 33 1
36 38 0.966443
36 36 0.972927
36 43 1
36 42 1
36 38 0.853595
36 44 1
36 41 1
36 36 1
36 45 0.922118
36 35 1
36 39 1
36 32 1
36 37 0.841748
36 42 0.904921
36 29 1
36 30 0.856867
36 33 0.749402
36 43 0.735916
36 39 0.635048
36 41 0.917492
36 34 1
36 30 0.933494
36 34 0.765957
36 31 1
36 37 0.919951
36 39 0.813211
36 39 1
36 26 0.886654
36 40 1
36 36 0.805318
36 38 0.655163
36 39 1
36 36 0.656308
36 52 0.799172
36 30 1
36 39 0.788261
36 34 0.923627
36 37 0.97433
36 46 0.704295
36 35 1
36 38 1
36 37 1
36 28 1
36 36 1
36 35 0.822254
36 36 0.877489
36 38 1
36 37 1
36 31 1
36 36 1
36 34 0.790317
36 36 0.757954
36 36 1
36 38 0.898934
36 38 1
36 39 1
36 36 1
36 40 0.597413
36 38 0.876854
36 33 0.906421
36 39 1
36 41 0.892031
36 39 0.555926
36 41 1
36 38 0.990945
36 32 0.529328
36 35 1
36 39 1
36 31 1
36 36 1
36 43 0.703175
36 41 1
36 45 1
36 34 1
36 34 0.662514
36 26 1
36 36 0.865556
36 34 1
36 37 0.779781
36 41 0.858656
36 37 0.835902
36 40 0.901961
36 35 0.821846
36 32 1
36 39 0.869937
36 39 1
36 30 0.853652
36 34 0.969205
36 40 0.848692
36 36 0.929504
36 37 0.923792
36 39 0.944404
36 35 0.64307
36 41 1
36 40 1
36 34 1
36 41 1
36 39 0.794473
36 34 0.977786
36 32 1
36 35 1
36 32 1
36 35 0.878004
36 26 0.968149
36 33 1
36 39 1
36 33 0.890912
36 37 1
36 30 1
36 34 0.943997
36 39 1
36 39 1
36 38 0.816497
36 37 0.961288
36 37 0.944233
36 48 0.965142
36 34 1
36 35 0.942867
36 42 1
36 39 1
36 44 1
36 32 1
36 37 0.954192
36 34 1
36 37 1
36 34 0.703911
36 38 1
36 40 0.761277
36 43 1
36 36 0.870932
36 40 1
36 40 1
36 48 1
36 32 1
36 32 0.958002
36 34 1
36 39 1
36 34 0.818661
36 41 1
36 32 0.73907
36 29 1
36 38 0.693991
36 40 0.788864
36 42 1
36 34 0.953416
36 38 1
36 39 1
36 32 0.917203
36 37 0.640637
36 39 1
36 30 0.852658
36 32 1
36 34 1
36 37 1
36 37 1
36 41 0.886253
36 32 1
36 36 1
36 31 1
36 36 0.882685
36 42 1
36 33 0.754033
36 28 1
36 38 1
36 44 0.82674
36 35 0.971282
36 42 1
36 31 0.81048
36 38 0.902991
36 40 1
36 30 1
36 32 0.908414
36 42 0.860048
36 37 1
36 29 1
36 28 0.920064
36 38 1
36 38 1
36 40 0.62374
36 35 0.818538
36 33 0.88396
36 40 0.785585
36 33 1
36 29 1
36 35 0.949
36 34 0.941042
36 32 1
36 35 0.842181
36 43 0.714848
36 41 1
36 33 0.910417
36 41 0.79047
36 40 1
36 36 1
36 42 0.587871
36 39 1
36 38 1
36 31 1
36 35 1
36 33 0.849726
36 45 0.715839
36 35 1
36 35 1
36 38 1
36 39 1
36 35 1
36 31 1
36 37 1
36 34 1
36 36 0.90176
36 39 1
36 40 1
36 45 1
36 27 1
36 34 1
36 40 1
36 29 0.902194
36 35 0.904596
36 40 0.707676
36 35 1
36 27 1
36 38 1
36 37 1
36 34 0.855153
36 43 0.574903
36 36 1
36 34 0.69183
36 31 0.803386
36 38 1
36 37 1
36 33 1
36 36 1
36 37 0.706676
36 24 1
36 43 0.932177
36 37 1
36 39 1
36 41 1
36 33 0.824399
36 36 1
36 33 1
36 40 0.89345
36 33 0.874072
36 36 1
36 39 0.689864
36 35 1
36 44 0.829525
36 34 1
36 32 0.745389
36 37 0.671126
36 51 1
36 35 0.933105
36 32 1
36 28 1
36 29 1
36 29 1
36 37 1
36 36 1
36 27 1
36 36 1
36 34 1
36 35 0.799753
36 36 0.832635
36 30 1
36 45 1
36 37 0.734631
36 30 0.9159
36 38 0.767453
36 38 0.722339
36 31 0.91641
36 40 1
36 37 0.913963
36 32 0.848269
36 33 0.927558
36 32 1
36 34 1
36 40 0.967207
36 29 1
36 41 1
36 37 0.847365
36 42 0.895669
36 40 0.939351
36 41 0.670423
36 39 0.963679
36 28 0.809742
36 28 1
36 38 0.821577
36 33 1
36 43 1
36 34 1
36 35 1
36 39 0.776034
36 41 0.696432
36 41 0.839302
36 45 0.839474
36 32 0.709938
36 32 1
36 39 0.947031
36 30 0.881314
36 35 1
36 35 1
36 39 1
36 39 0.880794
36 33 0.875171
36 40 1
36 37 1
36 30 0.68088
36 36 1
36 37 0.948902
36 38 1
36 44 0.901238
36 34 1
36 36 0.880994
36 44 1
36 40 1
36 32 0.671445
36 39 0.896513
36 28 1
36 31 1
36 35 1
36 37 0.841514
36 35 1
36 39 1
36 36 0.899135
36 33 0.860675
36 44 0.932039
36 38 1
36 36 1
36 35 1
36 28 1
36 41 1
36 33 1
36 41 1
36 39 1
36 35 1
36 29 0.909526
36 36 1
36 34 0.701285
36 45 0.785932
36 31 0.92048
36 38 1
36 37 0.598229
36 42 1
36 41 0.782118
36 38 0.979893
36 38 0.839374
36 36 1
36 31 0.808945
36 42 1
36 40 1
36 33 1
36 44 1
36 32 0.689112
36 30 1
36 29 0.819325
36 37 0.910259
36 34 1
36 37 1
36 36 1
36 36 0.913397
36 33 0.952923
36 36 1
36 33 0.84973
36 31 1
36 40 0.962766
36 31 0.843699
36 30 1
36 26 0.893967
36 39 1
36 33 0.831688
36 42 1
36 34 1
36 35 0.797314
36 44 0.750146
36 27 0.894693
36 32 0.761242
36 41 1
36 34 0.778204
36 30 0.940392
36 30 1
36 34 1
36 28 0.803904
36 31 1
36 33 0.974231
36 29 0.619407
36 41 0.925669
36 30 0.855268
36 44 1
36 37 0.623108
36 35 1
36 33 0.971604
36 34 1
36 30 1
36 39 1
36 32 0.897969
36 35 1
36 37 1
36 36 0.751382
36 37 0.922961
36 43 1
36 45 1
36 44 0.717488
36 33 1
36 34 0.875224
36 39 0.918218
36 34 0.944214
36 41 0.813221
36 35 1
36 33 0.864412
36 39 1
36 41 1
36 30 1
36 40 1
36 36 0.730274
36 41 1
36 43 0.554475
36 39 1
36 37 0.959496
36 36 1
36 36 1
36 35 1
36 37 1
36 34 0.777854
36 29 0.805645
36 34 0.813314
36 36 0.832718
36 39 0.833265
36 40 0.747859
36 37 1
36 33 1
36 37 0.778629
36 37 0.725757
36 33 1
36 29 1
36 36 1
36 34 0.633372
36 40 1
36 48 1
36 42 1
36 37 1
36 44 0.767137
36 35 1
36 32 1
36 43 1
36 34 1
36 33 0.806272
36 38 0.891518
36 36 1
36 39 0.960918
36 39 0.808483
36 31 0.923835
36 33 0.74887
36 37 1
36 30 1
36 30 0.814661
36 38 0.734517
36 37 1
36 29 0.809187
36 36 1
36 39 0.803043
36 32 1
36 34 1
36 38 0.671492
36 36 1
36 32 1
36 33 1
36 30 1
36 36 1
36 43 1
36 31 0.871542
36 34 0.707457
36 36 0.843022
36 36 1
36 35 1
36 31 1
36 43 1
36 41 0.803905
36 42 0.672624
36 34 0.953737
36 35 0.889646
36 31 1
36 31 0.814193
36 31 0.814851
36 39 0.752256
36 40 1
36 30 1
36 35 1
36 35 0.645077
36 36 1
36 34 1
36 36 0.927568
36 33 0.945039
36 35 1
36 34 0.61645
36 45 1
36 33 1
36 37 1
36 32 0.77991
36 31 1
36 36 0.783228
36 38 1
36 33 0.991766
36 29 1
36 35 0.934098
36 40 1
36 34 1
36 33 1
36 35 0.853579
36 39 0.932737
36 36 1
36 33 0.920172
36 38 0.932195
36 34 0.909085
36 38 1
36 35 1
36 30 1
36 40 1
36 35 1
36 42 0.843517
36 38 0.638888
36 41 0.688274
36 38 1
36 33 1
36 40 1
36 36 0.745869
36 29 0.915065
36 42 0.877038
36 31 0.85755
36 35 1
36 34 0.891779
36 37 0.797059
36 36 1
36 38 1
36 31 1
36 33 1
36 38 0.797572
36 37 1
36 41 1
36 36 1
36 30 1
36 37 1
36 32 0.8301
36 42 0.817368
36 36 1
36 38 0.9252
36 36 1
36 30 0.849631
36 42 1
36 46 0.945492
36 36 0.707085
36 36 1
36 37 0.915826
36 40 0.979287
36 43 1
36 32 1
36 35 0.765329
36 42 0.736448
36 40 1
36 29 0.859695
36 47 1
36 36 0.706454
36 41 0.946896
36 32 1
36 32 1
36 33 1
36 38 1
36 36 1
36 39 0.865348
36 38 0.990362
36 45 1
36 39 1
36 34 1
36 36 1
36 31 0.931131
36 43 1
36 40 0.933365
36 30 1
36 23 1
36 41 1
36 38 0.852003
36 38 0.738904
36 34 0.809647
36 42 1
36 39 1
36 39 1
36 38 0.974064
36 36 0.789786
36 36 0.956546
36 39 1
36 42 0.928392
36 41 1
36 38 0.624592
36 32 1
36 31 1
36 40 0.756186
36 32 1
36 38 1
36 33 0.850223
36 41 1
36 33 1
36 34 0.796301
36 39 1
36 45 0.840718
36 30 1
36 37 1
36 37 1
36 39 1
36 42 0.623435
36 35 0.711553
36 28 1
36 37 0.86076
36 42 1
36 33 0.856753
36 40 1
36 30 1
36 40 0.796042
36 37 0.754103
36 34 1
36 37 1
36 37 0.927199
36 41 1
36 32 0.894544
36 44 1
36 44 0.864701
36 40 0.804977
36 42 0.821034
36 32 1
36 38 0.861267
36 35 0.911132
36 42 0.856397
36 39 1
36 36 0.970437
36 29 0.916334
36 38 1
36 38 1
36 35 0.759987
36 42 0.887125
36 32 0.573976
36 37 0.978466
36 37 0.712673
36 31 0.840879
36 40 0.674061
36 35 0.975599
36 40 1
36 36 1
36 33 0.669358
36 40 0.778857
36 35 1
36 43 0.886478
36 48 1
36 41 1
36 37 1
36 47 0.961155
36 30 0.961494
36 40 1
36 47 0.706465
36 35 0.862782
36 37 1
36 36 0.797412
36 39 1
36 37 0.964552
36 35 0.803468
36 31 0.732732
36 36 0.709583
36 38 0.886163
36 37 0.95517
36 37 0.967487
36 35 1
36 43 1
36 41 0.880806
36 40 1
36 40 0.578799
36 39 0.732807
36 31 0.8558
36 35 0.680192
36 32 1
36 32 1
36 31 0.860317
36 38 0.885768
36 39 0.880477
36 29 1
36 38 0.965763
36 36 0.838914
36 45 0.88467
36 32 1
36 40 0.924948
36 42 1
36 36 1
36 26 0.764798
36 37 0.932377
36 36 0.702615
36 32 0.838252
36 34 1
36 40 1
36 33 1
36 35 0.809377
36 37 0.777301
36 29 0.675267
36 41 1
36 37 1
36 41 0.84699
36 34 1
36 36 1
36 44 1
36 32 1
36 33 0.948051
36 36 0.907829
36 23 0.874258
36 46 1
36 34 0.703441
36 33 0.798078
36 35 0.735698
36 34 0.728099
36 35 1
36 33 1
36 38 0.826939
36 34 0.699163
36 35 0.99119
36 36 0.747734
36 29 0.856366
36 39 0.935885
36 45 1
36 34 1
36 41 1
36 39 0.82716
36 38 1
36 38 0.792858
36 40 1
36 39 0.923347
36 36 1
36 42 1
36 36 1
36 44 0.852193
36 44 0.677033
36 36 0.882894
36 40 1
36 33 1
36 32 1
36 31 0.978824
36 37 0.938942
36 42 1
36 45 0.936399
36 36 1
36 43 0.908291
36 40 0.847767
36 41 1
36 35 1
36 43 0.928623
36 41 0.90273
36 29 0.948819
36 39 0.991847
36 39 0.716806
36 34 0.833363
36 45 1
36 37 1
36 38 1
36 27 0.715374
36 40 0.596414
36 32 0.90922
36 31 1
36 38 0.760548
36 33 1
36 36 1
36 39 0.65628
36 33 0.789831
36 35 0.836018
36 38 0.876972
36 45 1
36 33 0.853968
36 34 0.949489
36 28 0.917383
36 35 0.815378
36 34 0.699637
36 39 0.834629
36 39 0.996287
36 39 1
36 36 0.858692
36 42 0.900682
36 41 1
36 35 0.92852
36 37 0.556963
36 38 0.749868
36 36 0.928863
36 35 1
36 37 1
36 32 0.921356
36 45 0.954969
36 34 1
36 32 1
36 34 0.761509
36 34 0.92392
36 43 1
36 32 0.835907
36 35 1
36 33 1
36 35 1
36 33 0.829349
36 40 1
36 41 1
36 40 1
36 33 0.878196
36 38 0.678416
36 34 1
36 31 0.747361
36 34 0.892505
36 39 0.860088
36 40 0.853925
36 43 1
36 41 1
36 40 1
36 35 1
36 32 1
36 36 0.887661
36 33 0.822682
36 33 0.899265
36 39 1
36 35 0.861877
36 31 1
36 33 1
36 35 0.746846
36 37 0.892192
36 38 0.922065
36 37 1
36 44 1
36 39 1
36 43 1
36 38 0.864554
36 33 1
36 31 0.875171
36 33 0.734018
36 35 1
36 27 0.961142
36 32 1
36 35 0.882377
36 45 1
36 40 0.732839
36 38 1
36 33 1
36 33 1
36 38 0.881387
36 37 0.777093
36 37 0.799952
36 37 0.893123
36 35 0.775004
36 32 0.770922
36 34 0.876901
36 35 0.980082
36 35 0.918677
36 42 0.501633
36 44 1
36 34 1
36 40 0.829167
36 35 0.971841
36 41 1
36 33 1
36 44 0.701926
36 39 1
36 44 0.70219
36 38 1
36 32 1
36 45 1
36 43 1
36 33 1
36 39 0.96139
36 35 1
36 38 1
36 37 1
36 43 1
36 42 0.938068
36 34 1
36 28 0.909614
36 36 0.869625
36 37 1
36 43 0.922388
36 34 0.884978
36 33 1
36 38 0.921257
36 38 0.738488
36 33 1
36 36 0.89401
36 42 1
36 37 0.765866
36 41 1
36 34 1
36 34 1
36 42 1
36 30 1
36 36 1
36 31 1
36 31 0.698523
36 42 0.913057
36 35 1
36 35 1
36 41 1
36 31 0.475887
36 38 0.97918
36 34 1
36 34 0.86097
36 32 0.913534
36 34 0.791894
36 38 0.762203
36 35 1
36 35 0.908217
36 28 1
36 40 1
36 40 0.890847
36 34 0.668568
36 40 1
36 30 1
36 37 0.891151
36 35 1
36 42 0.901379
36 41 0.874042
36 37 0.81493
36 34 0.809213
36 37 0.82796
36 39 1
36 35 0.918676
36 38 0.888656
36 36 1
36 32 1
36 33 1
36 36 0.781692
36 39 1
36 34 1
36 32 0.588699
36 35 0.948295
36 27 1
36 28 1
36 31 0.872512
36 36 0.781364
36 37 1
36 40 0.870246
36 29 0.905038
36 41 1
36 40 0.880377
36 28 1
36 37 1
36 40 0.698383
36 36 1
36 28 0.845948
36 43 1
36 31 1
36 35 1
36 36 0.839974
36 37 1
36 39 0.638585
36 31 1
36 31 1
36 41 1
36 34 1
36 34 1
36 32 0.907282
36 41 0.952836
36 29 0.845764
36 32 1
36 38 0.813785
36 38 0.865616
36 40 0.824612
36 33 1
36 33 0.82791
36 39 0.955969
36 38 1
36 39 0.922928
36 33 0.768327
36 35 0.943369
36 33 0.830765
36 35 0.940287
36 40 0.890203
36 34 1
36 32 1
36 39 0.91719
36 32 0.759163
36 42 0.909544
36 34 1
36 37 1
36 42 0.644455
36 42 1
36 36 1
36 41 0.707701
36 31 0.805384
36 34 1
36 34 1
36 39 0.791737
36 37 0.913359
36 31 0.686069
36 25 1
36 32 0.817652
36 37 0.863586
36 31 0.883931
36 39 1
36 33 1
36 32 0.849963
36 41 0.937462
36 35 1
36 38 1
36 40 1
36 26 1
36 46 1
36 33 0.833779
36 37 0.879847
36 34 0.867771
36 34 0.782033
36 36 0.912121
36 37 1
36 43 0.824934
36 40 1
36 38 1
36 31 1
36 29 1
36 41 1
36 31 1
36 25 0.949196
36 31 1
36 34 0.81787
36 34 1
36 37 1
36 36 1
36 38 0.876033
36 38 1
36 34 1
36 41 0.925026
36 36 1
36 35 1
36 30 0.762712
36 41 0.860605
36 31 1
36 44 1
36 43 0.899838
36 39 1
36 32 0.872591
36 44 0.82049
36 41 0.741692
36 34 0.891975
36 38 0.881288
36 35 0.790111
36 39 0.672043
36 34 0.901555
36 34 1
36 40 0.845678
36 41 1
36 42 0.863016
36 45 1
36 35 0.649097
36 39 0.906938
36 40 1
36 35 1
36 37 1
36 32 1
36 43 1
36 37 0.825156
36 35 1
36 29 1
36 36 0.760923
36 45 0.761142
36 38 1
36 32 1
36 38 0.934197
36 39 1
36 29 0.866458
36 39 0.884203
36 42 0.946253
36 41 0.771514
36 38 1
36 37 0.965979
36 31 1
36 41 0.918332
36 47 1
36 29 0.874509
36 33 0.618947
36 37 1
36 42 1
36 38 1
36 31 1
36 35 1
36 34 0.818686
36 31 0.949322
36 46 0.787752
36 33 0.831607
36 37 1
36 41 1
36 34 1
36 34 1
36 38 0.780133
36 45 1
36 33 0.754319
36 40 0.897501
36 37 0.646641
36 33 0.839413
36 37 1
36 31 1
36 42 0.817439
36 30 1
36 34 0.716517
36 41 0.87354
36 37 1
36 35 0.75449
36 38 0.85129
36 39 1
36 35 0.86885
36 40 1
36 31 1
36 32 0.863945
36 30 1
36 37 0.762391
36 36 0.798249
36 34 1
36 37 0.758971
36 46 1
36 37 0.783488
36 40 0.854284
36 37 0.903076
36 30 0.753454
36 35 0.77469
36 31 1
36 42 0.855352
36 41 0.813345
36 42 1
36 37 1
36 39 1
36 32 0.807043
36 33 0.9408
36 36 0.860817
36 39 0.609992
36 34 1
36 39 1
36 47 0.845693
36 29 1
36 40 1
36 40 1
36 34 0.945166
36 45 1
36 40 1
36 36 1
36 38 0.54271
36 37 1
36 44 1
36 42 0.897371
36 40 0.878098
36 29 1
36 42 0.729689
36 36 1
36 28 1
36 37 0.810166
36 31 0.902777
36 37 0.882562
36 33 1
36 37 0.882411
36 35 0.580108
36 36 1
36 40 0.748377
36 36 1
36 35 1
36 40 0.895462
36 42 1
36 37 1
36 32 1
36 36 0.944058
36 37 0.963904
36 41 0.978461
36 41 1
36 32 0.90422
36 32 0.825835
36 35 1
36 37 1
36 43 1
36 40 1
36 34 1
36 35 1
36 43 0.850441
36 30 0.908729
36 44 0.77174
36 32 1
36 34 1
36 43 0.861619
36 34 1
36 35 0.725369
36 34 1
36 40 1
36 28 0.691404
36 32 1
36 35 0.750099
36 33 0.954693
36 39 1
36 38 1
36 31 0.94238
36 37 1
36 40 1
36 27 0.794033
36 40 1
36 33 0.943059
36 39 1
36 31 1
36 30 1
36 31 1
36 36 1
36 34 0.958785
36 36 1
36 42 1
36 40 1
36 31 0.772443
36 38 1
36 39 1
36 37 1
36 44 1
36 39 0.733817
36 42 1
36 40 1
36 35 0.811801
36 37 1
36 34 0.903312
36 47 0.895293
36 35 1
36 38 1
36 39 1
36 30 0.742938
36 33 1
36 32 0.876419
36 41 0.961428
36 41 1
36 39 1
36 41 1
36 40 1
36 30 1
36 30 0.842016
36 38 0.950952
36 32 0.73558
36 34 1
36 43 1
36 33 0.898061
36 30 0.890062
36 41 0.855274
36 42 0.691758
36 38 0.695307
36 36 1
36 33 0.932653
36 32 0.79223
36 34 0.774978
36 36 0.830508
36 33 0.976096
36 37 0.993063
36 44 1
36 36 1
36 34 1
36 34 1
36 41 1
36 32 0.826621
36 36 0.677937
36 39 0.910815
36 32 1
36 39 1
36 42 1
36 41 1
36 43 0.947727
36 35 0.975928
36 33 1
36 31 1
36 35 1
36 42 0.826381
36 39 0.873346
36 37 1
36 40 0.782458
36 42 0.89151
36 41 0.706226
36 37 1
36 38 1
36 34 1
36 41 0.88914
36 45 1
36 36 1
36 38 1
36 27 0.629567
36 43 0.975022
36 28 0.722033
36 37 0.608987
36 36 1
36 35 1
36 40 0.857149
36 36 1
36 35 0.696698
36 35 0.939756
36 42 0.878483
36 36 1
36 38 1
36 36 1
36 38 0.91963
36 28 1
36 29 0.881903
36 36 1
36 40 0.937826
36 32 0.951287
36 43 0.888094
36 34 0.709648
36 42 0.855311
36 29 1
36 40 0.803635
36 34 0.892249
36 35 0.663808
36 35 0.828177
36 34 1
36 33 1
36 43 0.970633
36 36 1
36 31 0.978744
36 36 0.84315
36 40 1
36 37 0.788603
36 40 0.980609
36 44 0.771573
36 34 1
36 37 0.924044
36 31 0.709549
36 31 0.946087
36 38 1
36 37 0.810538
36 34 1
36 31 1
36 33 1
36 33 0.862554
36 33 1
36 39 0.717485
36 39 0.64871
36 40 1
36 35 1
36 37 1
36 35 0.748111
36 31 0.949768
36 34 1
36 34 1
36 35 0.881606
36 38 1
36 44 1
36 31 0.836287
36 42 1
36 38 1
36 50 0.647749
36 31 0.841793
36 40 0.876168
36 36 0.873764
36 43 1
36 37 1
36 37 1
36 34 1
36 41 1
36 38 0.907393
36 33 1
36 37 0.627386
36 38 1
36 41 1
36 33 1
36 37 0.886371
36 31 1
36 38 0.703072
36 29 1
36 40 1
36 37 1
36 41 1
36 38 1
36 31 0.593124
36 47 0.93943
36 40 0.796645
36 36 1
36 38 0.699747
36 38 0.979854
36 35 0.950389
36 26 1
36 41 1
36 33 0.748159
36 28 0.816043
36 37 0.537456
36 32 0.981179
36 43 0.713028
36 31 0.859245
36 41 0.881273
36 32 1
36 39 0.810274
36 35 1
36 40 1
36 35 0.722305
36 37 0.625965
36 35 0.935146
36 30 0.816534
36 35 0.698854
36 41 0.825684
36 35 0.92199
36 48 0.76583
36 33 1
36 40 0.746229
36 38 0.575297
36 47 1
36 30 1
36 29 0.814226
36 41 1
36 43 0.909843
36 29 0.783886
36 43 1
36 38 1
36 41 1
36 40 1
36 41 1
36 39 0.726347
36 36 0.75045
36 34 1
36 36 0.83141
36 32 0.700322
36 41 0.886182
36 29 0.935416
36 34 0.819059
36 39 1
36 42 1
36 41 0.965439
36 35 1
36 38 0.864281
36 37 0.721543
36 38 1
36 34 0.781455
36 42 1
36 29 1
36 39 0.810872
36 36 0.655803
36 30 0.875718
36 38 0.69892
36 34 0.90333
36 38 1
36 30 1
36 39 0.752101
36 33 0.991853
36 32 0.87903
36 26 1
36 35 0.973107
36 27 0.918418
36 33 1
36 28 0.797801
36 37 0.660564
36 42 1
36 37 0.89365
36 36 1
36 25 0.916585
36 30 1
36 39 0.870661
36 40 0.787408
36 34 1
36 25 0.895072
36 39 0.785325
36 43 0.964325
36 37 1
36 45 0.905792
36 44 1
36 25 1
36 31 1
36 35 1
36 28 1
36 42 0.721747
36 42 0.78185
36 40 1
36 33 0.589054
36 36 0.85408
36 35 1
36 35 0.966354
36 34 0.913231
36 30 0.94323
36 36 0.63174
36 34 0.787976
36 37 0.926619
36 47 1
36 42 0.819975
36 30 0.721859
36 44 1
36 31 0.8765
36 37 0.775209
36 38 0.796831
36 33 0.737557
36 35 0.70855
36 31 0.802477
36 43 1
36 39 1
36 40 1
36 32 0.963693
36 36 0.655204
36 43 1
36 35 1
36 40 1
36 38 1
36 34 1
36 36 1
36 34 0.755436
36 31 0.797547
36 46 1
36 31 1
36 34 0.872555
36 36 0.937378
36 46 1
36 36 1
36 36 1
36 31 1
36 38 0.883743
36 36 0.935276
36 42 0.848874
36 40 1
36 42 0.794694
36 33 0.859874
36 28 1
36 35 0.918478
36 42 0.901683
36 38 0.693542
36 26 0.645698
36 35 1
36 27 1
36 41 0.971838
36 37 0.965449
36 27 1
36 34 0.932734
36 34 1
36 35 0.861015
36 39 0.754736
36 28 0.976271
36 38 0.680415
36 27 0.791464
36 37 0.885069
36 42 0.793796
36 31 0.858851
36 36 1
36 34 0.883876
36 39 1
36 32 1
36 40 0.796732
36 34 1
36 37 0.938852
36 29 0.88455
36 31 0.832859
36 30 0.896655
36 44 0.927715
36 35 1
36 43 1
36 38 0.932987
36 43 0.699097
36 34 1
36 45 0.901477
36 30 1
36 44 1
36 45 1
36 40 1
36 36 1
36 29 0.511358
36 43 1
36 35 0.686484
36 37 0.919636
36 44 0.84995
36 33 1
36 26 1
36 44 1
36 39 0.780397
36 30 1
36 35 1
36 30 1
36 41 1
36 30 0.910764
36 34 1
36 45 0.977098
36 33 1
36 41 1
36 41 1
36 38 1
36 32 1
