1000 374227
2 202 0.9
2 202 0.9
4 204 0.950211
5 205 0.960254
5 205 0.960254
8 208 0.975317
9 209 0.978107
9 209 0.978107
11 211 0.982164
11 211 0.982164
18 318 0.983686
18 318 0.983686
13 213 0.984973
15 215 0.987033
15 215 0.987033
15 215 0.987033
24 324 0.98787
16 216 0.98787
17 217 0.988608
17 217 0.988608
19 219 0.989852
19 219 0.989852
30 330 0.990381
20 220 0.990381
21 221 0.990859
21 221 0.990859
21 221 0.990859
36 336 0.992054
36 336 0.992054
26 226 0.992698
26 226 0.992698
27 227 0.992984
27 227 0.992984
28 228 0.99325
28 228 0.99325
29 229 0.993497
29 229 0.993497
31 231 0.993944
31 231 0.993944
48 348 0.994146
48 348 0.994146
32 232 0.994146
32 232 0.994146
33 233 0.994337
34 234 0.994516
35 235 0.994684
37 237 0.994995
37 237 0.994995
37 237 0.994995
37 237 0.994995
38 238 0.995137
38 238 0.995137
60 360 0.995402
40 240 0.995402
41 241 0.995524
41 241 0.995524
41 241 0.995524
43 243 0.995752
43 243 0.995752
44 244 0.995858
45 245 0.99596
46 246 0.996057
47 247 0.99615
50 250 0.996406
51 251 0.996485
78 378 0.99656
78 378 0.99656
52 252 0.99656
53 253 0.996633
53 253 0.996633
53 253 0.996633
55 255 0.996771
57 257 0.996899
58 258 0.99696
59 259 0.997019
63 263 0.997235
96 396 0.997285
96 396 0.997285
65 265 0.997333
102 402 0.997469
68 268 0.997469
69 269 0.997512
70 270 0.997554
71 271 0.997594
108 408 0.997633
108 408 0.997633
75 275 0.997745
114 414 0.99778
114 414 0.99778
77 277 0.997814
80 280 0.997912
80 280 0.997912
81 281 0.997943
85 285 0.99806
85 285 0.99806
88 288 0.99814
89 289 0.998166
138 438 0.99824
92 292 0.99824
92 292 0.99824
93 293 0.998263
95 295 0.998309
95 295 0.998309
95 295 0.998309
144 444 0.998331
97 297 0.998352
97 297 0.998352
98 298 0.998373
150 450 0.998414
150 450 0.998414
100 300 0.998414
156 456 0.998492
156 456 0.998492
156 456 0.998492
104 304 0.998492
162 462 0.998563
162 462 0.998563
162 462 0.998563
110 310 0.998597
168 468 0.99863
112 312 0.99863
113 313 0.998645
113 313 0.998645
113 313 0.998645
113 313 0.998645
174 474 0.998691
117 317 0.998706
117 317 0.998706
118 318 0.998721
119 319 0.998735
119 319 0.998735
119 319 0.998735
123 323 0.99879
124 324 0.998803
124 324 0.998803
128 328 0.998854
128 328 0.998854
128 328 0.998854
130 330 0.998878
131 331 0.99889
131 331 0.99889
131 331 0.99889
131 331 0.99889
131 331 0.99889
131 331 0.99889
198 498 0.998901
198 498 0.998901
198 498 0.998901
133 333 0.998913
133 333 0.998913
136 336 0.998946
210 510 0.998988
210 510 0.998988
141 341 0.998998
141 341 0.998998
142 342 0.999008
142 342 0.999008
142 342 0.999008
143 343 0.999018
216 516 0.999028
145 345 0.999038
147 347 0.999057
147 347 0.999057
222 522 0.999066
148 348 0.999066
149 349 0.999075
151 351 0.999093
151 351 0.999093
228 528 0.999101
152 352 0.999101
153 353 0.99911
154 354 0.999119
157 357 0.999144
157 357 0.999144
158 358 0.999152
158 358 0.999152
158 358 0.999152
240 540 0.999168
240 540 0.999168
161 361 0.999175
161 361 0.999175
161 361 0.999175
163 363 0.999191
246 546 0.999198
246 546 0.999198
246 546 0.999198
164 364 0.999198
167 367 0.99922
167 367 0.99922
252 552 0.999227
258 558 0.999255
258 558 0.999255
173 373 0.999262
264 564 0.999282
176 376 0.999282
177 377 0.999288
177 377 0.999288
179 379 0.999301
179 379 0.999301
179 379 0.999301
181 381 0.999313
181 381 0.999313
181 381 0.999313
181 381 0.999313
183 383 0.999325
183 383 0.999325
276 576 0.999331
184 384 0.999331
187 387 0.999349
187 387 0.999349
188 388 0.999355
188 388 0.999355
188 388 0.999355
189 389 0.99936
190 390 0.999366
288 588 0.999377
193 393 0.999382
194 394 0.999388
195 395 0.999393
294 594 0.999398
196 396 0.999398
197 397 0.999403
300 600 0.999419
201 401 0.999424
202 402 0.999429
306 606 0.999438
306 606 0.999438
206 406 0.999448
207 407 0.999453
208 408 0.999457
209 409 0.999462
211 411 0.999471
213 413 0.99948
214 414 0.999484
324 624 0.999493
324 624 0.999493
217 417 0.999497
217 417 0.999497
217 417 0.999497
218 418 0.999502
218 418 0.999502
219 419 0.999506
330 630 0.99951
220 420 0.99951
220 420 0.99951
223 423 0.999522
224 424 0.999526
224 424 0.999526
225 425 0.99953
226 426 0.999534
227 427 0.999538
227 427 0.999538
342 642 0.999542
342 642 0.999542
229 429 0.999546
231 431 0.999553
235 435 0.999568
354 654 0.999572
236 436 0.999572
239 439 0.999582
360 660 0.999586
241 441 0.999589
242 442 0.999593
242 442 0.999593
243 443 0.999596
243 443 0.999596
366 666 0.9996
244 444 0.9996
247 447 0.99961
247 447 0.99961
372 672 0.999613
378 678 0.999626
378 678 0.999626
253 453 0.999629
253 453 0.999629
254 454 0.999632
384 684 0.999638
256 456 0.999638
256 456 0.999638
257 457 0.999641
259 459 0.999647
259 459 0.999647
260 460 0.99965
262 462 0.999656
262 462 0.999656
263 463 0.999659
266 466 0.999668
267 467 0.999671
402 702 0.999673
268 468 0.999673
271 471 0.999682
408 708 0.999684
274 474 0.99969
275 475 0.999692
414 714 0.999695
414 714 0.999695
278 478 0.9997
279 479 0.999703
279 479 0.999703
420 720 0.999706
280 480 0.999706
281 481 0.999708
281 481 0.999708
281 481 0.999708
284 484 0.999716
285 485 0.999718
285 485 0.999718
286 486 0.999721
287 487 0.999723
287 487 0.999723
287 487 0.999723
432 732 0.999725
289 489 0.999728
289 489 0.999728
289 489 0.999728
290 490 0.99973
291 491 0.999733
438 738 0.999735
292 492 0.999735
295 495 0.999742
295 495 0.999742
444 744 0.999744
296 496 0.999744
296 496 0.999744
297 497 0.999747
297 497 0.999747
450 750 0.999753
450 750 0.999753
301 501 0.999756
302 502 0.999758
303 503 0.99976
303 503 0.99976
456 756 0.999762
304 504 0.999762
304 504 0.999762
307 507 0.999769
307 507 0.999769
310 510 0.999775
310 510 0.999775
313 513 0.999781
314 514 0.999783
474 774 0.999787
316 516 0.999787
316 516 0.999787
317 517 0.999789
317 517 0.999789
319 519 0.999793
320 520 0.999795
321 521 0.999797
323 523 0.999801
486 786 0.999803
486 786 0.999803
486 786 0.999803
325 525 0.999805
325 525 0.999805
328 528 0.99981
331 531 0.999816
332 532 0.999818
332 532 0.999818
333 533 0.99982
333 533 0.99982
333 533 0.99982
333 533 0.99982
334 534 0.999821
334 534 0.999821
334 534 0.999821
335 535 0.999823
338 538 0.999829
510 810 0.999832
340 540 0.999832
343 543 0.999837
516 816 0.999839
516 816 0.999839
345 545 0.999841
349 549 0.999847
350 550 0.999849
351 551 0.999851
528 828 0.999852
353 553 0.999854
355 555 0.999857
355 555 0.999857
534 834 0.999859
534 834 0.999859
534 834 0.999859
357 557 0.99986
358 558 0.999862
359 559 0.999863
359 559 0.999863
540 840 0.999865
361 561 0.999866
363 563 0.99987
364 564 0.999871
365 565 0.999873
552 852 0.999877
552 852 0.999877
369 569 0.999879
369 569 0.999879
370 570 0.99988
371 571 0.999881
371 571 0.999881
374 574 0.999886
374 574 0.999886
374 574 0.999886
377 577 0.99989
377 577 0.99989
377 577 0.99989
379 579 0.999893
379 579 0.999893
380 580 0.999894
381 581 0.999896
382 582 0.999897
385 585 0.999901
387 587 0.999904
388 588 0.999905
389 589 0.999907
391 591 0.999909
391 591 0.999909
588 888 0.99991
392 592 0.99991
392 592 0.99991
393 593 0.999912
393 593 0.999912
394 594 0.999913
395 595 0.999914
594 894 0.999916
594 894 0.999916
398 598 0.999918
399 599 0.999919
399 599 0.999919
401 601 0.999922
401 601 0.999922
401 601 0.999922
606 906 0.999926
405 605 0.999927
405 605 0.999927
407 607 0.999929
409 609 0.999932
411 611 0.999934
412 612 0.999935
415 615 0.999939
416 616 0.99994
416 616 0.99994
416 616 0.99994
418 618 0.999942
419 619 0.999943
419 619 0.999943
636 936 0.999949
424 624 0.999949
427 627 0.999952
427 627 0.999952
642 942 0.999954
430 630 0.999956
431 631 0.999957
431 631 0.999957
433 633 0.999959
433 633 0.999959
434 634 0.99996
435 635 0.999961
435 635 0.999961
654 954 0.999962
436 636 0.999962
437 637 0.999963
437 637 0.999963
439 639 0.999965
440 640 0.999966
442 642 0.999968
666 966 0.99997
448 648 0.999975
449 649 0.999976
451 651 0.999977
678 978 0.999978
678 978 0.999978
678 978 0.999978
454 654 0.99998
454 654 0.99998
455 655 0.999981
684 984 0.999982
457 657 0.999983
457 657 0.999983
459 659 0.999985
459 659 0.999985
459 659 0.999985
690 990 0.999986
461 661 0.999987
461 661 0.999987
463 663 0.999989
464 664 0.99999
464 664 0.99999
464 664 0.99999
466 666 0.999992
467 667 0.999993
469 669 0.999995
470 670 0.999996
470 670 0.999996
471 671 0.999996
708 1008 0.999997
708 1008 0.999997
472 672 0.999997
472 672 0.999997
473 673 0.999998
475 675 1
476 676 1
477 677 1
478 678 1
479 679 1
720 1020 1
481 681 1
726 1026 1
484 684 1
485 685 1
485 685 1
485 685 1
488 688 1
488 688 1
491 691 1
738 1038 1
493 693 1
494 694 1
494 694 1
744 1044 1
497 697 1
499 699 1
750 1050 1
500 700 1
502 702 1
502 702 1
502 702 1
503 703 1
506 706 1
507 707 1
507 707 1
508 708 1
509 709 1
511 711 1
511 711 1
768 1068 1
512 712 1
513 713 1
514 714 1
515 715 1
774 1074 1
518 718 1
518 718 1
519 719 1
519 719 1
519 719 1
523 723 1
524 724 1
525 725 1
526 726 1
526 726 1
526 726 1
526 726 1
527 727 1
527 727 1
792 1092 1
529 729 1
530 730 1
798 1098 1
532 732 1
533 733 1
533 733 1
804 1104 1
536 736 1
537 737 1
537 737 1
539 739 1
542 742 1
542 742 1
816 1116 1
545 745 1
545 745 1
822 1122 1
549 749 1
550 750 1
551 751 1
551 751 1
828 1128 1
834 1134 1
834 1134 1
834 1134 1
557 757 1
557 757 1
840 1140 1
840 1140 1
560 760 1
560 760 1
560 760 1
562 762 1
562 762 1
563 763 1
565 765 1
565 765 1
566 766 1
567 767 1
852 1152 1
568 768 1
568 768 1
858 1158 1
574 774 1
575 775 1
575 775 1
864 1164 1
864 1164 1
578 778 1
578 778 1
578 778 1
578 778 1
870 1170 1
580 780 1
580 780 1
581 781 1
583 783 1
876 1176 1
876 1176 1
876 1176 1
585 785 1
587 787 1
589 789 1
590 790 1
590 790 1
888 1188 1
593 793 1
894 1194 1
596 796 1
599 799 1
599 799 1
900 1200 1
601 801 1
604 804 1
609 809 1
610 810 1
610 810 1
611 811 1
611 811 1
918 1218 1
614 814 1
614 814 1
614 814 1
614 814 1
614 814 1
614 814 1
614 814 1
924 1224 1
616 816 1
617 817 1
930 1230 1
620 820 1
621 821 1
623 823 1
623 823 1
625 825 1
625 825 1
625 825 1
627 827 1
627 827 1
942 1242 1
628 828 1
632 832 1
632 832 1
633 833 1
633 833 1
634 834 1
634 834 1
634 834 1
960 1260 1
640 840 1
641 841 1
641 841 1
641 841 1
643 843 1
643 843 1
966 1266 1
966 1266 1
966 1266 1
647 847 1
649 849 1
651 851 1
651 851 1
653 853 1
653 853 1
653 853 1
655 855 1
659 859 1
990 1290 1
990 1290 1
990 1290 1
661 861 1
661 861 1
663 863 1
996 1296 1
664 864 1
665 865 1
669 869 1
669 869 1
670 870 1
671 871 1
673 873 1
673 873 1
673 873 1
676 876 1
676 876 1
676 876 1
682 882 1
682 882 1
682 882 1
682 882 1
686 886 1
687 887 1
687 887 1
688 888 1
689 889 1
689 889 1
692 892 1
693 893 1
693 893 1
694 894 1
694 894 1
697 897 1
697 897 1
697 897 1
698 898 1
698 898 1
698 898 1
699 899 1
699 899 1
700 900 1
703 903 1
703 903 1
703 903 1
705 905 1
706 906 1
707 907 1
707 907 1
707 907 1
709 909 1
709 909 1
709 909 1
709 909 1
710 910 1
710 910 1
712 912 1
712 912 1
712 912 1
712 912 1
715 915 1
715 915 1
716 916 1
718 918 1
719 919 1
719 919 1
723 923 1
725 925 1
725 925 1
725 925 1
725 925 1
727 927 1
728 928 1
728 928 1
729 929 1
730 930 1
730 930 1
731 931 1
731 931 1
731 931 1
733 933 1
733 933 1
733 933 1
734 934 1
735 935 1
736 936 1
736 936 1
737 937 1
741 941 1
742 942 1
743 943 1
745 945 1
746 946 1
747 947 1
748 948 1
749 949 1
751 951 1
751 951 1
751 951 1
752 952 1
754 954 1
757 957 1
757 957 1
757 957 1
757 957 1
757 957 1
758 958 1
760 960 1
761 961 1
763 963 1
763 963 1
764 964 1
764 964 1
766 966 1
767 967 1
769 969 1
769 969 1
769 969 1
770 970 1
772 972 1
772 972 1
773 973 1
773 973 1
775 975 1
777 977 1
779 979 1
781 981 1
783 983 1
784 984 1
785 985 1
787 987 1
787 987 1
788 988 1
789 989 1
790 990 1
793 993 1
797 997 1
800 1000 1
800 1000 1
801 1001 1
802 1002 1
802 1002 1
805 1005 1
805 1005 1
807 1007 1
808 1008 1
808 1008 1
809 1009 1
809 1009 1
811 1011 1
811 1011 1
811 1011 1
813 1013 1
815 1015 1
815 1015 1
821 1021 1
821 1021 1
824 1024 1
825 1025 1
825 1025 1
825 1025 1
827 1027 1
829 1029 1
830 1030 1
830 1030 1
831 1031 1
832 1032 1
832 1032 1
832 1032 1
833 1033 1
835 1035 1
836 1036 1
836 1036 1
839 1039 1
841 1041 1
843 1043 1
845 1045 1
847 1047 1
847 1047 1
848 1048 1
849 1049 1
851 1051 1
853 1053 1
854 1054 1
856 1056 1
856 1056 1
857 1057 1
857 1057 1
859 1059 1
859 1059 1
861 1061 1
862 1062 1
862 1062 1
862 1062 1
871 1071 1
871 1071 1
877 1077 1
877 1077 1
878 1078 1
880 1080 1
881 1081 1
883 1083 1
883 1083 1
883 1083 1
887 1087 1
889 1089 1
889 1089 1
889 1089 1
890 1090 1
890 1090 1
892 1092 1
892 1092 1
895 1095 1
896 1096 1
897 1097 1
898 1098 1
898 1098 1
899 1099 1
899 1099 1
901 1101 1
901 1101 1
903 1103 1
904 1104 1
907 1107 1
907 1107 1
907 1107 1
908 1108 1
909 1109 1
910 1110 1
910 1110 1
911 1111 1
913 1113 1
913 1113 1
914 1114 1
917 1117 1
917 1117 1
919 1119 1
922 1122 1
923 1123 1
925 1125 1
926 1126 1
927 1127 1
929 1129 1
929 1129 1
929 1129 1
933 1133 1
935 1135 1
937 1137 1
938 1138 1
938 1138 1
939 1139 1
940 1140 1
940 1140 1
941 1141 1
943 1143 1
943 1143 1
944 1144 1
945 1145 1
949 1149 1
949 1149 1
950 1150 1
950 1150 1
950 1150 1
950 1150 1
950 1150 1
951 1151 1
951 1151 1
956 1156 1
956 1156 1
957 1157 1
957 1157 1
957 1157 1
961 1161 1
962 1162 1
963 1163 1
964 1164 1
964 1164 1
965 1165 1
965 1165 1
968 1168 1
968 1168 1
970 1170 1
970 1170 1
973 1173 1
974 1174 1
974 1174 1
975 1175 1
976 1176 1
977 1177 1
979 1179 1
979 1179 1
980 1180 1
980 1180 1
980 1180 1
981 1181 1
981 1181 1
982 1182 1
982 1182 1
983 1183 1
983 1183 1
987 1187 1
987 1187 1
988 1188 1
989 1189 1
991 1191 1
991 1191 1
991 1191 1
993 1193 1
994 1194 1
997 1197 1
998 1198 1
999 1199 1
999 1199 1
1000 1200 1
1000 1200 1
