1000 413501
2 59 0.9
4 84 0.930641
4 84 0.930641
5 94 0.938571
5 94 0.938571
8 119 0.95272
9 126 0.955874
10 133 0.958397
11 139 0.960789
16 168 0.968491
16 168 0.968491
17 173 0.969657
18 178 0.970694
18 178 0.970694
19 183 0.971621
21 192 0.973383
26 214 0.976671
26 214 0.976671
26 214 0.976671
30 230 0.978704
30 230 0.978704
30 230 0.978704
32 237 0.979643
33 241 0.980015
34 244 0.980471
35 248 0.980798
36 251 0.981207
38 258 0.981866
39 262 0.982124
40 265 0.982459
40 265 0.982459
40 265 0.982459
41 268 0.982778
41 268 0.982778
42 271 0.983081
43 274 0.983371
46 284 0.984085
51 299 0.985207
51 299 0.985207
51 299 0.985207
54 307 0.985847
54 307 0.985847
54 307 0.985847
56 313 0.986193
56 313 0.986193
56 313 0.986193
56 313 0.986193
57 316 0.986356
57 316 0.986356
59 321 0.986728
59 321 0.986728
59 321 0.986728
60 324 0.986875
60 324 0.986875
60 324 0.986875
64 334 0.987528
65 337 0.987651
66 339 0.987825
67 342 0.98794
67 342 0.98794
69 347 0.988212
70 349 0.988368
71 352 0.988469
73 356 0.988761
73 356 0.988761
74 359 0.988853
75 361 0.98899
76 364 0.989076
77 366 0.989206
78 368 0.989334
78 368 0.989334
79 371 0.989412
82 377 0.989768
85 384 0.990056
86 386 0.990161
86 386 0.990161
86 386 0.990161
90 395 0.99052
91 397 0.990614
93 401 0.990798
93 401 0.990798
96 408 0.99102
98 412 0.991186
98 412 0.991186
98 412 0.991186
100 416 0.991345
101 418 0.991422
103 422 0.991572
104 424 0.991644
108 432 0.991922
108 432 0.991922
109 434 0.991988
109 434 0.991988
110 436 0.992053
110 436 0.992053
113 441 0.992272
113 441 0.992272
114 443 0.992333
114 443 0.992333
115 445 0.992392
115 445 0.992392
116 447 0.99245
116 447 0.99245
116 447 0.99245
117 449 0.992507
119 453 0.992618
119 453 0.992618
120 454 0.992703
121 456 0.992756
123 460 0.992859
123 460 0.992859
126 465 0.993037
127 467 0.993085
127 467 0.993085
128 469 0.993133
128 469 0.993133
133 478 0.993385
133 478 0.993385
134 479 0.993455
135 481 0.993497
138 486 0.993646
140 490 0.993724
141 491 0.993788
141 491 0.993788
141 491 0.993788
145 498 0.99396
145 498 0.99396
146 500 0.993996
146 500 0.993996
148 503 0.994089
149 504 0.994147
149 504 0.994147
150 506 0.994181
152 509 0.994269
153 511 0.994301
154 513 0.994333
155 514 0.994387
155 514 0.994387
156 516 0.994417
157 517 0.99447
161 524 0.994608
161 524 0.994608
161 524 0.994608
163 527 0.994686
165 530 0.994762
167 533 0.994836
167 533 0.994836
167 533 0.994836
168 534 0.994883
168 534 0.994883
169 536 0.994908
171 539 0.994978
171 539 0.994978
171 539 0.994978
172 540 0.995023
172 540 0.995023
175 545 0.995114
176 546 0.995158
177 548 0.99518
179 551 0.995244
179 551 0.995244
179 551 0.995244
181 554 0.995307
182 555 0.995348
183 557 0.995369
184 558 0.995409
185 560 0.995429
185 560 0.995429
186 561 0.995468
187 562 0.995507
188 564 0.995526
189 565 0.995564
190 567 0.995583
190 567 0.995583
191 568 0.995621
192 570 0.995639
192 570 0.995639
193 571 0.995676
194 572 0.995712
195 574 0.99573
195 574 0.99573
195 574 0.99573
196 575 0.995765
196 575 0.995765
196 575 0.995765
197 577 0.995783
197 577 0.995783
198 578 0.995818
198 578 0.995818
202 583 0.995937
202 583 0.995937
203 585 0.995953
204 586 0.995986
206 589 0.996034
209 593 0.996113
210 594 0.996144
210 594 0.996144
210 594 0.996144
210 594 0.996144
211 596 0.996158
213 598 0.99622
213 598 0.99622
213 598 0.99622
215 601 0.996264
216 602 0.996294
216 602 0.996294
216 602 0.996294
217 604 0.996307
217 604 0.996307
218 605 0.996337
218 605 0.996337
219 606 0.996366
219 606 0.996366
221 609 0.996407
223 611 0.996464
224 613 0.996476
225 614 0.996504
225 614 0.996504
226 615 0.996531
226 615 0.996531
227 616 0.996559
228 618 0.99657
231 622 0.996634
231 622 0.996634
232 623 0.996661
233 624 0.996687
233 624 0.996687
234 625 0.996713
236 628 0.996748
236 628 0.996748
237 629 0.996774
238 630 0.996799
239 632 0.996808
240 633 0.996833
240 633 0.996833
241 634 0.996858
241 634 0.996858
243 636 0.996906
246 640 0.996962
247 641 0.996986
249 644 0.997017
250 645 0.99704
250 645 0.99704
251 646 0.997063
251 646 0.997063
252 647 0.997086
252 647 0.997086
255 651 0.997138
255 651 0.997138
256 652 0.99716
256 652 0.99716
256 652 0.99716
257 653 0.997181
259 656 0.99721
259 656 0.99721
259 656 0.99721
260 657 0.997232
260 657 0.997232
260 657 0.997232
260 657 0.997232
261 658 0.997253
262 659 0.997274
265 663 0.997322
266 664 0.997342
268 666 0.997383
268 666 0.997383
269 667 0.997402
269 667 0.997402
269 667 0.997402
271 670 0.997429
273 672 0.997467
273 672 0.997467
277 677 0.99753
277 677 0.99753
277 677 0.99753
279 679 0.997568
280 680 0.997586
281 681 0.997605
281 681 0.997605
281 681 0.997605
282 682 0.997623
282 682 0.997623
282 682 0.997623
284 684 0.997659
284 684 0.997659
284 684 0.997659
285 685 0.997677
285 685 0.997677
286 687 0.997682
286 687 0.997682
287 688 0.997699
287 688 0.997699
288 689 0.997717
288 689 0.997717
288 689 0.997717
288 689 0.997717
288 689 0.997717
289 690 0.997734
289 690 0.997734
290 691 0.997751
290 691 0.997751
292 693 0.997786
293 694 0.997802
295 696 0.997836
295 696 0.997836
296 698 0.99784
297 699 0.997857
297 699 0.997857
297 699 0.997857
298 700 0.997873
298 700 0.997873
301 703 0.997922
301 703 0.997922
301 703 0.997922
301 703 0.997922
302 704 0.997937
302 704 0.997937
303 705 0.997953
306 708 0.998
307 709 0.998016
308 710 0.998031
309 711 0.998046
309 711 0.998046
309 711 0.998046
309 711 0.998046
310 713 0.99805
311 714 0.998065
311 714 0.998065
313 716 0.998095
313 716 0.998095
314 717 0.998109
314 717 0.998109
315 718 0.998124
316 719 0.998139
317 720 0.998153
318 721 0.998168
319 722 0.998182
321 724 0.99821
322 725 0.998224
323 726 0.998238
325 728 0.998266
325 728 0.998266
325 728 0.998266
325 728 0.998266
326 729 0.99828
327 730 0.998293
327 730 0.998293
329 732 0.99832
331 734 0.998347
332 735 0.99836
332 735 0.99836
333 736 0.998373
336 739 0.998412
336 739 0.998412
337 740 0.998425
337 740 0.998425
340 743 0.998463
341 744 0.998476
342 745 0.998488
348 751 0.998561
349 752 0.998573
349 752 0.998573
350 753 0.998585
351 754 0.998597
351 754 0.998597
351 754 0.998597
352 755 0.998609
354 757 0.998632
355 758 0.998644
361 764 0.998712
363 766 0.998734
364 766 0.998755
364 766 0.998755
365 767 0.998766
366 768 0.998777
367 769 0.998787
367 769 0.998787
367 769 0.998787
367 769 0.998787
369 771 0.998809
369 771 0.998809
371 773 0.99883
375 777 0.998872
375 777 0.998872
376 778 0.998882
377 779 0.998892
380 781 0.998932
380 781 0.998932
381 782 0.998942
383 784 0.998962
383 784 0.998962
383 784 0.998962
385 786 0.998981
385 786 0.998981
387 788 0.999001
387 788 0.999001
387 788 0.999001
388 789 0.99901
389 790 0.99902
389 790 0.99902
391 791 0.999048
393 793 0.999067
394 794 0.999076
394 794 0.999076
394 794 0.999076
396 796 0.999095
397 797 0.999104
397 797 0.999104
401 800 0.999149
402 801 0.999158
402 801 0.999158
405 804 0.999185
407 806 0.999202
409 807 0.999228
410 808 0.999237
412 810 0.999254
412 810 0.999254
418 815 0.999312
419 816 0.99932
420 817 0.999329
421 818 0.999337
421 818 0.999337
421 818 0.999337
421 818 0.999337
422 819 0.999345
423 820 0.999353
426 822 0.999385
432 827 0.99944
432 827 0.99944
435 830 0.999463
435 830 0.999463
436 831 0.99947
437 831 0.999486
437 831 0.999486
437 831 0.999486
437 831 0.999486
438 832 0.999493
440 834 0.999508
441 835 0.999515
441 835 0.999515
442 836 0.999523
442 836 0.999523
444 837 0.999545
445 838 0.999552
445 838 0.999552
446 839 0.999559
447 840 0.999567
449 841 0.999589
449 841 0.999589
450 842 0.999596
452 844 0.99961
452 844 0.99961
452 844 0.99961
453 845 0.999617
453 845 0.999617
455 846 0.999638
456 847 0.999645
456 847 0.999645
458 849 0.999658
460 850 0.99968
461 851 0.999686
463 853 0.999699
463 853 0.999699
464 853 0.999714
465 854 0.99972
466 855 0.999727
466 855 0.999727
466 855 0.999727
466 855 0.999727
467 856 0.999733
467 856 0.999733
467 856 0.999733
471 859 0.999766
471 859 0.999766
471 859 0.999766
471 859 0.999766
473 861 0.999779
474 861 0.999793
475 862 0.999799
477 864 0.999811
478 865 0.999817
480 866 0.999837
481 867 0.999843
483 868 0.999863
483 868 0.999863
484 869 0.999868
484 869 0.999868
484 869 0.999868
486 871 0.99988
487 871 0.999894
489 873 0.999905
491 875 0.999917
491 875 0.999917
492 875 0.99993
494 877 0.999941
496 878 0.99996
497 879 0.999965
499 881 0.999976
501 882 0.999995
501 882 0.999995
502 883 1
504 884 1
505 885 1
506 886 1
507 887 1
507 887 1
507 887 1
507 887 1
507 887 1
509 888 1
510 889 1
511 890 1
513 891 1
515 893 1
516 893 1
519 896 1
519 896 1
520 896 1
522 898 1
525 900 1
525 900 1
525 900 1
527 901 1
527 901 1
528 902 1
528 902 1
529 903 1
534 906 1
534 906 1
536 908 1
536 908 1
539 910 1
539 910 1
539 910 1
540 911 1
540 911 1
540 911 1
541 911 1
542 912 1
543 913 1
544 914 1
545 914 1
545 914 1
547 916 1
547 916 1
548 916 1
551 919 1
551 919 1
553 920 1
554 921 1
554 921 1
555 921 1
555 921 1
557 923 1
560 925 1
561 925 1
561 925 1
561 925 1
562 926 1
562 926 1
563 927 1
563 927 1
563 927 1
564 928 1
565 928 1
565 928 1
565 928 1
566 929 1
566 929 1
566 929 1
566 929 1
567 930 1
570 932 1
570 932 1
573 934 1
574 934 1
576 936 1
576 936 1
578 937 1
578 937 1
580 938 1
580 938 1
583 940 1
584 941 1
584 941 1
585 942 1
585 942 1
588 944 1
588 944 1
590 945 1
591 946 1
591 946 1
594 948 1
595 948 1
597 950 1
601 952 1
601 952 1
602 953 1
603 954 1
604 954 1
605 955 1
607 956 1
608 957 1
608 957 1
610 958 1
610 958 1
611 959 1
612 959 1
612 959 1
614 961 1
615 961 1
616 962 1
616 962 1
619 964 1
621 965 1
621 965 1
624 967 1
624 967 1
625 968 1
626 968 1
627 969 1
630 971 1
630 971 1
631 972 1
631 972 1
633 973 1
634 973 1
634 973 1
635 974 1
636 975 1
636 975 1
636 975 1
636 975 1
636 975 1
638 976 1
639 976 1
641 978 1
641 978 1
642 978 1
643 979 1
645 980 1
646 981 1
649 983 1
650 983 1
651 984 1
652 984 1
653 985 1
654 986 1
656 987 1
657 988 1
657 988 1
657 988 1
657 988 1
657 988 1
661 990 1
661 990 1
662 991 1
663 991 1
665 992 1
665 992 1
666 993 1
668 994 1
668 994 1
670 995 1
670 995 1
671 996 1
671 996 1
671 996 1
672 996 1
673 997 1
673 997 1
678 1000 1
679 1001 1
681 1002 1
682 1002 1
685 1004 1
686 1005 1
687 1005 1
687 1005 1
687 1005 1
688 1006 1
688 1006 1
689 1006 1
689 1006 1
690 1007 1
690 1007 1
691 1008 1
691 1008 1
692 1008 1
693 1009 1
693 1009 1
694 1009 1
694 1009 1
695 1010 1
695 1010 1
695 1010 1
697 1011 1
697 1011 1
698 1012 1
698 1012 1
698 1012 1
699 1012 1
703 1014 1
704 1015 1
705 1016 1
708 1017 1
709 1018 1
711 1019 1
714 1021 1
715 1021 1
717 1022 1
718 1023 1
719 1023 1
721 1025 1
722 1025 1
722 1025 1
723 1026 1
725 1027 1
726 1027 1
727 1028 1
729 1029 1
729 1029 1
730 1030 1
730 1030 1
733 1031 1
733 1031 1
734 1032 1
734 1032 1
735 1032 1
735 1032 1
735 1032 1
736 1033 1
737 1033 1
738 1034 1
741 1036 1
742 1036 1
742 1036 1
743 1037 1
743 1037 1
744 1037 1
744 1037 1
745 1038 1
745 1038 1
745 1038 1
747 1039 1
748 1039 1
749 1040 1
750 1040 1
752 1041 1
753 1042 1
754 1042 1
755 1043 1
757 1044 1
757 1044 1
758 1045 1
758 1045 1
758 1045 1
759 1045 1
759 1045 1
761 1046 1
761 1046 1
762 1047 1
762 1047 1
762 1047 1
764 1048 1
765 1048 1
766 1049 1
766 1049 1
767 1049 1
767 1049 1
768 1050 1
768 1050 1
769 1050 1
769 1050 1
769 1050 1
770 1051 1
771 1051 1
774 1053 1
775 1053 1
776 1054 1
776 1054 1
778 1055 1
778 1055 1
780 1056 1
780 1056 1
783 1058 1
786 1059 1
787 1060 1
787 1060 1
787 1060 1
788 1060 1
789 1061 1
789 1061 1
792 1062 1
793 1063 1
795 1064 1
795 1064 1
796 1064 1
796 1064 1
797 1065 1
798 1065 1
798 1065 1
799 1066 1
801 1067 1
801 1067 1
802 1067 1
802 1067 1
803 1068 1
803 1068 1
804 1068 1
806 1069 1
806 1069 1
806 1069 1
807 1070 1
809 1071 1
809 1071 1
810 1071 1
812 1072 1
812 1072 1
812 1072 1
813 1073 1
813 1073 1
815 1074 1
816 1074 1
817 1075 1
819 1076 1
819 1076 1
820 1076 1
820 1076 1
821 1077 1
823 1077 1
825 1078 1
825 1078 1
826 1079 1
827 1079 1
828 1080 1
830 1081 1
832 1082 1
835 1083 1
835 1083 1
836 1084 1
840 1086 1
840 1086 1
841 1086 1
841 1086 1
842 1087 1
843 1087 1
845 1088 1
846 1088 1
848 1089 1
849 1090 1
854 1092 1
856 1093 1
857 1094 1
857 1094 1
860 1095 1
861 1095 1
862 1096 1
862 1096 1
864 1097 1
866 1098 1
866 1098 1
866 1098 1
868 1099 1
868 1099 1
871 1100 1
871 1100 1
871 1100 1
871 1100 1
872 1101 1
873 1101 1
873 1101 1
874 1101 1
874 1101 1
875 1102 1
875 1102 1
877 1103 1
877 1103 1
878 1103 1
878 1103 1
879 1104 1
880 1104 1
882 1105 1
883 1106 1
884 1106 1
887 1107 1
890 1109 1
892 1110 1
892 1110 1
893 1110 1
893 1110 1
896 1111 1
897 1112 1
898 1112 1
903 1114 1
906 1116 1
906 1116 1
906 1116 1
907 1116 1
907 1116 1
909 1117 1
913 1119 1
916 1120 1
916 1120 1
917 1120 1
920 1122 1
920 1122 1
920 1122 1
921 1122 1
921 1122 1
923 1123 1
924 1123 1
927 1125 1
927 1125 1
928 1125 1
929 1126 1
930 1126 1
930 1126 1
930 1126 1
930 1126 1
930 1126 1
931 1126 1
931 1126 1
932 1127 1
936 1128 1
937 1129 1
938 1129 1
941 1131 1
942 1131 1
942 1131 1
943 1131 1
943 1131 1
944 1132 1
946 1133 1
946 1133 1
947 1133 1
948 1133 1
948 1133 1
949 1134 1
951 1135 1
952 1135 1
953 1136 1
953 1136 1
953 1136 1
953 1136 1
954 1136 1
954 1136 1
955 1136 1
955 1136 1
955 1136 1
960 1138 1
960 1138 1
962 1139 1
962 1139 1
963 1140 1
964 1140 1
965 1140 1
966 1141 1
967 1141 1
969 1142 1
969 1142 1
970 1142 1
970 1142 1
970 1142 1
972 1143 1
973 1144 1
978 1146 1
979 1146 1
979 1146 1
980 1146 1
981 1147 1
981 1147 1
982 1147 1
982 1147 1
982 1147 1
983 1148 1
984 1148 1
984 1148 1
984 1148 1
985 1148 1
986 1149 1
986 1149 1
986 1149 1
986 1149 1
986 1149 1
988 1150 1
989 1150 1
990 1150 1
991 1151 1
991 1151 1
991 1151 1
992 1151 1
996 1153 1
996 1153 1
997 1153 1
998 1153 1
998 1153 1
999 1154 1
999 1154 1
1000 1154 1
