5000 721516
148 150 1
832 834 1
654 654 1
110 111 1
815 816 1
75 75 1
351 351 1
181 183 1
540 540 1
268 270 1
373 375 1
541 543 1
841 843 1
12 12 1
93 93 1
70 72 1
468 468 1
76 78 1
112 114 1
915 915 1
183 183 1
977 978 1
210 210 1
858 858 1
47 48 1
592 594 1
926 927 1
777 777 1
408 408 1
986 987 0.843246
651 651 1
594 594 1
250 252 1
713 714 1
217 219 1
855 855 1
911 912 1
353 354 1
172 174 1
389 390 1
34 36 1
119 120 1
783 783 1
221 222 1
288 288 1
517 519 1
906 906 1
230 231 1
466 468 1
19 21 1
885 885 1
620 621 1
369 369 1
559 561 1
50 51 1
108 108 1
320 321 1
430 432 1
814 816 1
469 471 1
406 408 1
248 249 1
703 705 1
783 783 1
656 657 1
863 864 1
719 720 1
831 831 1
834 834 1
679 681 1
63 63 1
481 483 1
519 519 1
727 729 1
28 30 1
980 981 1
644 645 0.921189
471 471 1
686 687 1
329 330 1
873 873 1
176 177 1
299 300 1
628 630 1
343 345 1
510 510 1
1000 1002 1
921 921 1
114 114 1
432 432 1
528 528 1
783 783 1
687 687 1
294 294 1
370 372 1
344 345 1
183 183 1
866 867 0.741981
998 999 1
310 312 1
98 99 1
255 255 1
80 81 1
743 744 1
549 549 1
701 702 1
348 348 1
746 747 1
100 102 1
394 396 1
943 945 1
488 489 1
207 207 1
769 771 1
204 204 1
35 36 1
609 609 1
127 129 1
556 558 1
345 345 1
555 555 1
192 192 1
220 222 1
209 210 1
325 327 1
974 975 1
602 603 1
628 630 1
45 45 1
858 858 1
776 777 1
261 261 1
190 192 1
432 432 1
535 537 1
417 417 0.830426
898 900 1
7 9 1
421 423 1
295 297 1
152 153 1
606 606 1
375 375 1
113 114 1
886 888 1
192 192 1
503 504 1
793 795 1
494 495 1
384 384 1
22 24 1
140 141 1
301 303 1
221 222 1
994 996 1
898 900 1
167 168 1
351 351 1
185 186 1
283 285 1
820 822 1
71 72 1
788 789 1
571 573 1
110 111 0.809917
507 507 1
589 591 1
62 63 1
200 201 1
591 591 1
416 417 1
324 324 1
440 441 1
444 444 1
589 591 1
934 936 1
581 582 1
876 876 1
44 45 1
222 222 1
369 369 1
891 891 1
911 912 1
659 660 1
327 327 1
263 264 1
819 819 1
914 915 1
837 837 1
505 507 1
862 864 1
557 558 1
779 780 1
162 162 1
18 18 1
847 849 1
746 747 1
758 759 1
696 696 1
62 63 1
302 303 1
491 492 1
766 768 1
504 504 1
332 333 1
386 387 1
873 873 1
349 351 1
716 717 1
557 558 1
363 363 1
27 27 1
63 63 1
327 327 1
957 957 1
396 396 1
689 690 1
575 576 1
293 294 1
617 618 1
479 480 1
876 876 1
25 27 1
938 939 1
914 915 1
689 690 1
306 306 0.715107
299 300 1
106 108 1
474 474 1
138 138 1
817 819 1
484 486 1
581 582 1
389 390 1
914 915 1
588 588 1
634 636 1
155 156 1
528 528 1
3 3 1
27 27 1
396 396 1
926 927 1
97 99 1
924 924 1
938 939 1
401 402 1
11 12 1
467 468 1
794 795 1
495 495 1
822 822 1
56 57 1
906 906 1
819 819 1
561 561 1
158 159 1
460 462 1
470 471 1
295 297 1
648 648 1
233 234 1
959 960 1
234 234 1
212 213 1
591 591 1
684 684 1
177 177 1
763 765 1
595 597 1
230 231 1
650 651 1
870 870 1
991 993 1
905 906 1
744 744 1
322 324 1
453 453 1
888 888 1
901 903 1
709 711 1
769 771 1
261 261 1
800 801 1
438 438 1
202 204 1
70 72 1
489 489 1
728 729 1
984 984 1
297 297 1
679 681 1
583 585 1
639 639 1
240 240 1
400 402 1
720 720 1
219 219 1
301 303 1
297 297 1
237 237 1
666 666 1
487 489 1
593 594 1
687 687 1
556 558 1
314 315 1
666 666 1
633 633 1
382 384 1
235 237 1
264 264 1
187 189 1
2 3 1
209 210 1
151 153 1
180 180 1
143 144 1
533 534 1
344 345 1
79 81 1
719 720 1
18 18 1
396 396 1
118 120 1
259 261 1
405 405 1
31 33 1
657 657 1
569 570 1
21 21 1
542 543 1
480 480 1
30 30 1
547 549 1
361 363 1
412 414 1
692 693 1
651 651 1
161 162 1
122 123 1
437 438 1
65 66 1
354 354 1
599 600 1
733 735 1
253 255 1
802 804 1
204 204 1
539 540 0.825527
359 360 1
383 384 1
947 948 1
96 96 1
650 651 1
341 342 1
359 360 1
549 549 1
364 366 1
757 759 1
768 768 1
185 186 1
948 948 1
335 336 1
508 510 1
689 690 1
323 324 1
184 186 1
255 255 1
958 960 1
131 132 1
676 678 1
683 684 1
90 90 1
770 771 1
157 159 1
528 528 1
98 99 1
992 993 1
641 642 1
517 519 1
316 318 1
436 438 1
927 927 1
868 870 1
842 843 1
834 834 1
442 444 1
425 426 1
254 255 1
191 192 1
164 165 1
339 339 1
587 588 1
731 732 1
860 861 1
585 585 1
330 330 1
973 975 1
152 153 1
950 951 0.832253
89 90 1
234 234 1
115 117 1
462 462 1
357 357 1
719 720 1
615 615 1
254 255 1
777 777 1
921 921 1
196 198 1
975 975 1
796 798 1
796 798 1
319 321 1
834 834 1
175 177 1
72 72 1
531 531 1
708 708 1
644 645 1
413 414 1
531 531 1
764 765 1
80 81 1
816 816 1
789 789 1
32 33 1
760 762 1
123 123 1
272 273 1
875 876 1
887 888 1
568 570 1
998 999 1
449 450 1
142 144 1
302 303 1
186 186 1
473 474 1
259 261 1
442 444 0.75693
59 60 1
954 954 1
410 411 1
919 921 1
207 207 1
806 807 1
326 327 1
406 408 1
848 849 1
689 690 1
24 24 1
942 942 1
490 492 1
657 657 1
526 528 1
565 567 1
330 330 1
1000 1002 1
973 975 1
212 213 1
968 969 1
69 69 1
607 609 1
590 591 1
533 534 1
926 927 1
254 255 1
672 672 1
949 951 1
817 819 1
662 663 1
131 132 1
798 798 1
230 231 1
446 447 1
669 669 1
735 735 1
358 360 1
503 504 1
235 237 1
273 273 0.963913
774 774 1
147 147 1
786 786 1
297 297 1
596 597 1
223 225 1
624 624 1
75 75 1
104 105 1
161 162 1
647 648 1
560 561 1
468 468 1
673 675 1
826 828 1
544 546 1
588 588 1
220 222 1
854 855 1
224 225 1
103 105 1
772 774 1
626 627 1
965 966 1
659 660 1
592 594 1
14 15 1
183 183 1
612 612 1
298 300 1
703 705 1
415 417 1
293 294 1
892 894 1
857 858 1
904 906 1
412 414 1
793 795 1
35 36 1
577 579 1
378 378 1
250 252 1
630 630 1
936 936 1
216 216 1
894 894 1
478 480 1
776 777 1
459 459 1
831 831 1
119 120 1
972 972 1
785 786 1
388 390 1
24 24 1
721 723 1
401 402 1
153 153 1
603 603 1
95 96 1
294 294 1
824 825 1
810 810 1
16 18 1
100 102 1
507 507 1
451 453 1
407 408 1
105 105 1
294 294 1
373 375 1
778 780 1
133 135 1
393 393 1
72 72 1
264 264 1
722 723 1
404 405 1
929 930 1
347 348 1
900 900 1
433 435 1
163 165 1
471 471 1
217 219 1
942 942 1
646 648 1
72 72 1
425 426 1
879 879 1
843 843 1
800 801 1
310 312 1
943 945 1
213 213 1
870 870 1
157 159 1
816 816 1
345 345 1
943 945 1
667 669 1
285 285 1
918 918 1
304 306 1
625 627 1
383 384 1
302 303 1
377 378 1
680 681 1
949 951 1
58 60 1
531 531 1
285 285 1
641 642 1
10 12 1
250 252 1
629 630 1
618 618 1
658 660 1
676 678 1
442 444 1
900 900 1
653 654 1
896 897 1
275 276 1
881 882 1
862 864 1
344 345 1
551 552 1
227 228 1
337 339 1
718 720 1
59 60 1
110 111 1
438 438 1
66 66 1
206 207 1
610 612 1
862 864 1
769 771 1
772 774 1
703 705 1
931 933 1
679 681 1
544 546 1
808 810 1
716 717 1
350 351 1
31 33 1
88 90 1
502 504 1
196 198 1
643 645 1
23 24 1
483 483 1
361 363 1
502 504 1
980 981 1
983 984 1
525 525 1
954 954 1
172 174 1
469 471 1
678 678 1
319 321 1
682 684 1
830 831 1
136 138 1
109 111 1
308 309 1
689 690 1
402 402 1
749 750 1
844 846 1
340 342 1
175 177 1
11 12 1
508 510 1
745 747 1
258 258 1
550 552 1
512 513 1
97 99 1
632 633 1
222 222 1
7 9 1
884 885 1
209 210 1
765 765 1
138 138 1
182 183 1
871 873 1
470 471 1
235 237 1
260 261 1
358 360 1
609 609 1
47 48 1
316 318 1
474 474 1
12 12 1
36 36 1
680 681 1
227 228 1
10 12 1
619 621 1
555 555 1
891 891 1
144 144 1
294 294 1
849 849 1
166 168 1
858 858 1
802 804 1
907 909 1
504 504 1
170 171 1
526 528 1
241 243 1
722 723 1
465 465 1
386 387 1
309 309 1
878 879 1
564 564 1
473 474 1
230 231 1
430 432 1
903 903 1
54 54 0.79688
674 675 1
328 330 1
469 471 0.82203
450 450 1
394 396 0.63291
164 165 1
221 222 1
260 261 1
809 810 1
963 963 1
902 903 1
599 600 1
565 567 1
970 972 1
44 45 1
447 447 1
452 453 1
356 357 1
567 567 1
19 21 1
872 873 1
987 987 1
219 219 1
204 204 1
331 333 1
552 552 1
842 843 1
364 366 1
75 75 1
326 327 1
507 507 1
576 576 1
254 255 1
378 378 1
942 942 1
150 150 1
207 207 1
453 453 1
301 303 1
583 585 1
167 168 1
424 426 1
821 822 1
661 663 1
676 678 1
406 408 1
210 210 1
894 894 1
548 549 1
117 117 1
78 78 1
831 831 1
754 756 1
596 597 1
489 489 1
224 225 1
424 426 1
558 558 1
346 348 1
254 255 1
659 660 1
310 312 1
516 516 1
108 108 1
626 627 1
17 18 1
945 945 1
144 144 1
783 783 1
158 159 1
275 276 1
260 261 1
179 180 1
744 744 1
389 390 1
610 612 1
181 183 1
522 522 1
470 471 1
550 552 1
460 462 1
73 75 1
301 303 1
128 129 1
984 984 1
366 366 1
301 303 1
367 369 1
676 678 1
273 273 1
914 915 1
830 831 1
662 663 1
982 984 1
618 618 1
226 228 1
589 591 1
75 75 1
13 15 1
409 411 1
698 699 1
639 639 1
789 789 1
652 654 1
583 585 1
701 702 1
238 240 1
565 567 1
234 234 1
638 639 1
718 720 1
49 51 1
258 258 1
410 411 1
38 39 1
679 681 1
264 264 1
855 855 1
214 216 1
423 423 1
943 945 1
991 993 1
300 300 1
740 741 1
805 807 1
823 825 1
973 975 1
250 252 1
879 879 1
170 171 1
722 723 1
823 825 1
736 738 1
881 882 1
381 381 1
309 309 1
426 426 1
797 798 1
936 936 1
838 840 1
226 228 1
755 756 1
860 861 1
718 720 1
40 42 1
63 63 1
223 225 1
245 246 1
716 717 1
913 915 1
44 45 1
314 315 1
82 84 1
162 162 1
7 9 1
952 954 1
262 264 1
815 816 1
190 192 1
524 525 1
248 249 1
253 255 1
728 729 1
20 21 1
153 153 1
194 195 1
873 873 1
873 873 0.970055
996 996 1
490 492 1
172 174 1
269 270 1
365 366 1
167 168 1
999 999 1
670 672 1
517 519 1
24 24 1
18 18 1
713 714 1
779 780 1
426 426 1
15 15 1
199 201 1
739 741 1
881 882 1
931 933 1
82 84 1
771 771 1
576 576 1
379 381 1
16 18 1
921 921 1
188 189 1
312 312 1
735 735 1
686 687 1
20 21 1
115 117 1
807 807 1
421 423 1
547 549 1
553 555 1
603 603 1
883 885 1
220 222 1
839 840 1
447 447 1
465 465 1
669 669 1
566 567 1
482 483 1
493 495 1
284 285 1
64 66 1
557 558 1
596 597 1
836 837 1
24 24 1
987 987 1
867 867 1
337 339 1
958 960 1
662 663 1
976 978 1
775 777 1
944 945 1
128 129 1
229 231 1
750 750 1
610 612 0.943197
119 120 1
421 423 1
96 96 1
430 432 1
238 240 1
621 621 1
633 633 1
460 462 1
642 642 1
732 732 1
350 351 1
907 909 1
74 75 1
930 930 1
302 303 1
757 759 1
830 831 1
444 444 1
331 333 1
463 465 1
321 321 1
814 816 1
417 417 1
581 582 1
199 201 1
335 336 1
502 504 1
658 660 1
719 720 1
896 897 1
464 465 1
374 375 1
217 219 1
28 30 1
105 105 1
61 63 1
784 786 1
929 930 1
430 432 1
782 783 1
312 312 1
862 864 1
787 789 1
561 561 1
928 930 1
946 948 1
416 417 1
128 129 1
969 969 1
195 195 1
55 57 1
726 726 1
902 903 1
964 966 1
978 978 1
418 420 1
330 330 1
724 726 1
745 747 1
732 732 1
180 180 1
758 759 1
818 819 1
687 687 1
509 510 1
979 981 1
15 15 1
661 663 1
743 744 1
377 378 1
907 909 1
870 870 1
120 120 1
983 984 1
892 894 1
320 321 1
301 303 1
198 198 1
434 435 1
711 711 1
199 201 1
785 786 1
982 984 1
350 351 1
680 681 1
269 270 1
204 204 1
148 150 1
678 678 1
433 435 1
289 291 1
296 297 1
39 39 1
319 321 1
604 606 1
237 237 1
83 84 1
793 795 1
632 633 1
502 504 1
837 837 1
476 477 1
864 864 1
978 978 1
985 987 1
551 552 1
634 636 1
305 306 1
127 129 1
660 660 1
292 294 1
612 612 1
150 150 1
414 414 1
618 618 1
832 834 1
97 99 1
113 114 1
749 750 1
931 933 1
837 837 1
101 102 1
404 405 1
189 189 1
760 762 1
195 195 1
927 927 1
232 234 1
187 189 1
693 693 1
590 591 1
920 921 1
809 810 1
450 450 1
510 510 1
924 924 1
645 645 1
711 711 1
923 924 1
226 228 1
447 447 1
766 768 1
39 39 1
366 366 1
743 744 1
866 867 1
369 369 1
499 501 1
528 528 1
649 651 1
638 639 1
471 471 1
790 792 1
648 648 1
252 252 1
979 981 1
160 162 1
410 411 1
529 531 1
833 834 1
622 624 1
921 921 1
824 825 1
108 108 1
979 981 1
603 603 1
163 165 1
306 306 1
475 477 1
973 975 0.690092
529 531 1
621 621 1
798 798 0.941578
155 156 1
377 378 1
125 126 1
203 204 1
390 390 1
21 21 1
295 297 1
645 645 1
451 453 1
888 888 1
401 402 1
841 843 1
946 948 1
80 81 1
59 60 1
13 15 1
956 957 1
92 93 1
30 30 1
451 453 1
772 774 1
501 501 1
184 186 1
523 525 1
263 264 1
41 42 1
54 54 1
580 582 1
51 51 1
323 324 1
345 345 1
107 108 1
691 693 1
252 252 1
697 699 1
409 411 1
24 24 1
877 879 1
124 126 1
560 561 1
681 681 1
930 930 1
983 984 1
158 159 1
220 222 1
743 744 1
835 837 1
761 762 1
746 747 1
734 735 1
201 201 1
329 330 1
382 384 1
975 975 1
462 462 1
905 906 1
158 159 1
782 783 1
879 879 1
142 144 1
896 897 1
313 315 1
573 573 1
965 966 1
630 630 1
31 33 1
258 258 1
625 627 1
658 660 1
57 57 1
458 459 1
602 603 1
266 267 1
59 60 1
971 972 1
526 528 1
484 486 1
140 141 1
892 894 1
123 123 1
810 810 1
601 603 1
329 330 1
874 876 1
999 999 1
885 885 1
157 159 1
926 927 1
1000 1002 1
300 300 1
293 294 1
578 579 1
876 876 1
587 588 1
123 123 1
294 294 1
812 813 1
322 324 1
273 273 1
602 603 1
995 996 1
929 930 1
913 915 1
577 579 1
942 942 1
389 390 1
75 75 1
119 120 1
884 885 1
900 900 1
175 177 1
683 684 1
134 135 1
372 372 1
862 864 1
925 927 1
888 888 1
936 936 1
364 366 1
976 978 1
982 984 1
298 300 1
481 483 1
825 825 1
287 288 1
945 945 1
683 684 1
789 789 1
5 6 1
109 111 1
916 918 1
967 969 1
27 27 1
117 117 1
274 276 1
191 192 1
797 798 1
711 711 1
705 705 1
27 27 1
250 252 1
944 945 1
563 564 1
33 33 1
565 567 1
727 729 1
464 465 1
738 738 1
775 777 1
822 822 1
949 951 1
25 27 1
534 534 1
480 480 1
545 546 1
666 666 1
241 243 1
132 132 1
547 549 1
171 171 1
274 276 1
616 618 1
229 231 1
789 789 1
122 123 1
406 408 1
595 597 1
963 963 1
951 951 1
385 387 1
908 909 1
849 849 1
264 264 1
352 354 1
471 471 1
533 534 1
527 528 1
146 147 1
567 567 1
18 18 1
638 639 1
592 594 1
48 48 1
640 642 1
706 708 1
655 657 1
559 561 1
28 30 1
115 117 1
346 348 1
436 438 1
990 990 1
201 201 1
507 507 1
67 69 1
965 966 1
80 81 1
738 738 1
814 816 1
580 582 1
868 870 1
324 324 1
340 342 1
505 507 1
189 189 1
797 798 1
773 774 1
280 282 1
108 108 1
326 327 1
372 372 1
99 99 1
508 510 1
991 993 1
131 132 1
37 39 1
281 282 1
765 765 1
985 987 1
361 363 1
611 612 1
189 189 1
351 351 1
815 816 1
324 324 1
574 576 1
374 375 1
504 504 1
637 639 1
835 837 1
858 858 1
700 702 1
861 861 1
998 999 1
625 627 1
843 843 1
209 210 1
830 831 1
460 462 1
984 984 1
244 246 1
321 321 1
333 333 1
991 993 1
600 600 1
290 291 1
335 336 1
800 801 1
739 741 1
467 468 1
553 555 1
640 642 1
979 981 1
460 462 1
858 858 1
215 216 1
938 939 1
818 819 1
662 663 1
724 726 1
754 756 1
664 666 1
839 840 1
11 12 1
280 282 1
9 9 1
204 204 1
679 681 1
989 990 1
195 195 1
685 687 1
119 120 1
40 42 1
733 735 1
44 45 1
380 381 1
892 894 1
273 273 1
997 999 1
345 345 1
16 18 1
338 339 1
94 96 1
865 867 1
306 306 1
814 816 1
535 537 1
61 63 1
650 651 1
957 957 1
755 756 1
483 483 1
997 999 1
641 642 1
45 45 1
615 615 1
791 792 1
563 564 1
219 219 1
933 933 1
831 831 1
699 699 1
710 711 1
380 381 1
718 720 1
320 321 1
487 489 1
316 318 1
312 312 1
724 726 1
507 507 1
408 408 1
712 714 1
273 273 1
704 705 1
357 357 1
208 210 1
797 798 1
669 669 1
984 984 1
366 366 1
985 987 1
149 150 1
140 141 1
840 840 1
982 984 1
604 606 1
217 219 1
145 147 1
166 168 1
80 81 1
845 846 1
472 474 1
185 186 1
368 369 1
247 249 1
472 474 1
772 774 1
448 450 1
982 984 1
10 12 1
51 51 1
731 732 1
94 96 1
788 789 1
280 282 1
703 705 1
370 372 1
893 894 1
81 81 1
932 933 1
562 564 1
70 72 1
149 150 1
229 231 1
199 201 1
330 330 1
911 912 1
892 894 1
34 36 1
222 222 1
977 978 1
41 42 1
528 528 1
249 249 1
682 684 1
484 486 1
624 624 1
884 885 1
384 384 1
942 942 1
794 795 1
211 213 1
542 543 1
924 924 1
481 483 1
354 354 1
535 537 1
619 621 1
866 867 1
137 138 1
800 801 1
852 852 1
650 651 1
520 522 1
145 147 1
393 393 1
268 270 0.632636
562 564 1
892 894 1
782 783 1
504 504 1
982 984 1
28 30 1
72 72 1
60 60 1
233 234 1
559 561 1
969 969 1
631 633 1
308 309 1
356 357 1
745 747 1
816 816 1
364 366 1
813 813 1
678 678 1
203 204 1
788 789 1
518 519 1
621 621 1
651 651 1
468 468 1
787 789 1
366 366 1
281 282 1
917 918 1
461 462 1
563 564 1
819 819 1
418 420 1
125 126 1
224 225 1
325 327 1
681 681 1
351 351 1
372 372 1
275 276 1
519 519 1
392 393 1
959 960 1
956 957 1
167 168 1
704 705 1
57 57 1
272 273 1
923 924 1
649 651 1
425 426 1
227 228 1
697 699 1
189 189 1
379 381 1
271 273 1
910 912 1
27 27 1
464 465 1
581 582 1
830 831 1
394 396 1
777 777 1
564 564 1
970 972 1
195 195 1
620 621 1
632 633 1
999 999 1
371 372 1
765 765 1
916 918 1
429 429 1
806 807 1
30 30 1
583 585 1
693 693 1
381 381 1
799 801 1
139 141 1
866 867 1
456 456 1
445 447 1
200 201 1
152 153 1
540 540 1
87 87 1
733 735 1
752 753 1
6 6 1
219 219 1
199 201 1
681 681 1
326 327 1
413 414 1
800 801 1
40 42 1
333 333 1
929 930 1
969 969 1
81 81 1
910 912 1
283 285 1
951 951 1
82 84 1
352 354 1
678 678 1
321 321 1
870 870 1
249 249 1
153 153 1
127 129 1
56 57 1
452 453 1
603 603 1
820 822 1
299 300 1
652 654 1
919 921 1
517 519 1
761 762 1
462 462 1
256 258 1
288 288 1
744 744 1
218 219 1
774 774 1
253 255 1
29 30 1
650 651 1
511 513 1
536 537 1
189 189 1
706 708 1
143 144 1
260 261 1
71 72 1
822 822 1
895 897 1
297 297 1
291 291 1
438 438 1
689 690 1
510 510 1
581 582 1
532 534 1
177 177 1
647 648 1
946 948 1
475 477 1
45 45 1
423 423 1
424 426 1
90 90 1
598 600 1
511 513 1
154 156 1
7 9 1
429 429 1
253 255 1
706 708 1
580 582 1
766 768 1
685 687 1
165 165 1
293 294 1
799 801 1
475 477 1
450 450 1
823 825 1
529 531 1
606 606 1
218 219 1
546 546 1
374 375 1
631 633 1
889 891 1
224 225 1
17 18 1
239 240 1
699 699 1
363 363 1
672 672 1
164 165 1
399 399 1
170 171 1
725 726 1
499 501 1
839 840 1
972 972 1
216 216 1
103 105 1
910 912 1
226 228 1
798 798 1
400 402 1
312 312 1
289 291 1
749 750 1
85 87 1
404 405 1
102 102 1
333 333 1
154 156 1
677 678 1
359 360 1
927 927 1
90 90 1
60 60 1
848 849 1
657 657 1
261 261 1
495 495 1
267 267 1
656 657 1
682 684 1
517 519 1
862 864 1
189 189 1
686 687 1
655 657 1
553 555 1
168 168 1
723 723 1
56 57 1
981 981 1
583 585 1
210 210 1
734 735 1
509 510 1
759 759 1
448 450 1
246 246 0.716245
936 936 1
849 849 1
308 309 1
987 987 1
340 342 1
902 903 1
191 192 1
358 360 1
940 942 1
299 300 1
330 330 1
743 744 1
851 852 1
598 600 1
571 573 1
410 411 1
894 894 1
494 495 1
639 639 1
379 381 1
302 303 1
694 696 1
257 258 1
74 75 1
51 51 1
50 51 1
193 195 1
639 639 1
721 723 1
551 552 1
838 840 1
959 960 1
694 696 1
343 345 1
620 621 1
379 381 1
817 819 1
971 972 1
950 951 1
32 33 1
828 828 1
990 990 1
701 702 1
489 489 1
459 459 1
808 810 1
157 159 1
399 399 1
35 36 1
888 888 1
311 312 1
481 483 1
931 933 1
616 618 1
73 75 1
787 789 1
253 255 1
829 831 1
71 72 1
851 852 1
885 885 1
740 741 1
869 870 1
134 135 1
760 762 1
694 696 1
715 717 1
7 9 1
598 600 1
124 126 1
15 15 1
744 744 1
641 642 1
482 483 1
589 591 1
983 984 1
515 516 1
640 642 1
914 915 1
234 234 1
307 309 1
716 717 1
604 606 1
242 243 1
272 273 1
184 186 1
307 309 1
267 267 1
364 366 1
162 162 1
387 387 1
642 642 1
841 843 1
158 159 1
663 663 1
229 231 1
855 855 1
670 672 1
15 15 1
974 975 1
684 684 1
786 786 1
906 906 1
144 144 1
706 708 1
296 297 1
332 333 1
664 666 1
556 558 1
980 981 1
905 906 1
517 519 1
992 993 1
144 144 1
447 447 1
295 297 1
206 207 1
45 45 1
744 744 1
451 453 1
382 384 1
120 120 1
717 717 1
69 69 1
318 318 1
213 213 1
915 915 1
27 27 1
786 786 1
295 297 1
329 330 1
689 690 1
705 705 1
542 543 1
1000 1002 1
471 471 1
30 30 1
750 750 1
289 291 1
956 957 1
748 750 1
942 942 1
370 372 1
910 912 1
313 315 1
286 288 1
185 186 1
319 321 1
499 501 1
263 264 1
422 423 1
257 258 1
117 117 1
687 687 1
85 87 1
978 978 1
442 444 1
386 387 1
121 123 1
73 75 1
648 648 1
129 129 1
234 234 1
958 960 1
871 873 1
718 720 1
648 648 1
949 951 1
879 879 1
741 741 1
716 717 1
435 435 1
565 567 1
757 759 1
813 813 0.890892
735 735 1
557 558 1
692 693 1
473 474 1
410 411 1
913 915 1
878 879 1
399 399 1
87 87 1
216 216 1
103 105 1
291 291 1
171 171 1
927 927 1
411 411 1
474 474 1
309 309 1
403 405 1
980 981 1
297 297 1
166 168 1
821 822 1
292 294 1
745 747 1
330 330 1
76 78 1
358 360 1
606 606 1
685 687 1
421 423 1
65 66 1
243 243 1
63 63 1
350 351 1
764 765 1
551 552 1
544 546 1
510 510 1
859 861 1
826 828 1
467 468 1
631 633 1
528 528 1
504 504 1
231 231 1
460 462 1
10 12 1
316 318 1
336 336 1
194 195 1
953 954 1
230 231 1
602 603 1
98 99 1
647 648 1
509 510 1
294 294 1
109 111 1
240 240 1
325 327 1
347 348 1
414 414 1
98 99 1
138 138 1
726 726 1
836 837 1
309 309 1
554 555 1
177 177 1
884 885 1
260 261 1
591 591 1
319 321 1
418 420 1
562 564 1
762 762 1
213 213 1
657 657 1
189 189 1
161 162 1
227 228 1
862 864 1
334 336 1
585 585 1
345 345 1
128 129 1
951 951 1
35 36 1
282 282 1
258 258 1
851 852 1
691 693 1
555 555 1
895 897 1
144 144 1
980 981 1
644 645 1
941 942 1
832 834 1
669 669 1
885 885 1
698 699 1
875 876 1
518 519 1
426 426 1
138 138 1
325 327 1
43 45 1
952 954 1
630 630 1
742 744 1
319 321 1
605 606 1
677 678 1
821 822 1
138 138 1
235 237 1
974 975 1
500 501 1
195 195 1
364 366 1
876 876 1
127 129 1
374 375 1
55 57 1
736 738 1
148 150 1
223 225 1
305 306 1
218 219 1
323 324 1
669 669 1
733 735 1
384 384 1
510 510 1
887 888 1
636 636 1
421 423 1
802 804 1
289 291 1
917 918 1
523 525 1
540 540 1
96 96 1
989 990 1
976 978 1
469 471 1
705 705 1
176 177 1
733 735 1
158 159 1
670 672 1
142 144 1
633 633 1
868 870 1
504 504 1
813 813 1
970 972 1
108 108 1
61 63 1
270 270 1
44 45 1
911 912 1
139 141 1
143 144 1
215 216 1
407 408 1
755 756 1
397 399 1
140 141 1
152 153 1
710 711 1
997 999 1
440 441 1
391 393 1
299 300 1
941 942 1
888 888 1
262 264 1
54 54 1
632 633 1
115 117 1
229 231 1
18 18 1
959 960 1
979 981 1
562 564 1
600 600 1
15 15 1
931 933 1
98 99 1
277 279 1
473 474 1
985 987 1
237 237 1
839 840 1
333 333 1
117 117 1
397 399 1
352 354 1
486 486 1
320 321 1
286 288 1
169 171 1
592 594 1
270 270 1
863 864 1
496 498 1
693 693 1
324 324 1
776 777 1
842 843 1
755 756 1
721 723 1
426 426 1
537 537 1
214 216 1
616 618 1
361 363 1
590 591 1
852 852 1
428 429 1
540 540 1
71 72 1
908 909 1
659 660 1
275 276 1
858 858 1
174 174 1
628 630 1
848 849 1
528 528 1
421 423 1
664 666 1
838 840 1
362 363 1
863 864 1
83 84 1
373 375 1
351 351 1
819 819 1
235 237 1
275 276 1
460 462 1
353 354 1
40 42 1
859 861 1
209 210 1
349 351 1
434 435 1
210 210 1
330 330 1
932 933 1
62 63 1
404 405 1
851 852 1
453 453 1
849 849 1
835 837 1
451 453 1
689 690 1
178 180 1
944 945 1
969 969 1
964 966 1
940 942 1
671 672 1
442 444 1
649 651 1
673 675 1
423 423 1
576 576 1
824 825 1
191 192 1
551 552 1
331 333 1
307 309 1
655 657 1
298 300 1
684 684 1
387 387 1
400 402 1
811 813 1
797 798 1
952 954 1
456 456 1
897 897 1
474 474 1
974 975 1
723 723 1
260 261 1
610 612 1
393 393 1
521 522 1
157 159 1
581 582 1
57 57 1
148 150 1
82 84 1
311 312 1
485 486 1
999 999 1
927 927 1
219 219 1
860 861 1
343 345 1
493 495 1
345 345 1
839 840 1
69 69 1
166 168 1
105 105 1
801 801 1
130 132 1
286 288 1
669 669 1
630 630 1
162 162 1
947 948 1
266 267 1
734 735 1
73 75 1
102 102 1
486 486 1
363 363 1
952 954 1
1000 1002 1
419 420 1
502 504 1
672 672 1
965 966 1
426 426 1
165 165 1
85 87 1
915 915 1
497 498 1
136 138 1
236 237 1
803 804 1
29 30 1
927 927 1
628 630 1
679 681 1
856 858 1
821 822 1
201 201 1
794 795 1
459 459 1
912 912 1
68 69 1
667 669 1
740 741 1
613 615 1
115 117 1
241 243 1
434 435 1
704 705 1
799 801 1
375 375 1
651 651 1
370 372 1
512 513 1
361 363 1
916 918 1
168 168 1
291 291 1
981 981 1
721 723 1
939 939 1
300 300 1
43 45 1
695 696 1
690 690 1
979 981 1
77 78 1
625 627 1
777 777 1
835 837 1
831 831 1
568 570 1
612 612 1
478 480 1
303 303 1
737 738 1
700 702 1
906 906 1
85 87 1
899 900 1
800 801 1
822 822 1
100 102 1
909 909 1
557 558 1
429 429 1
687 687 1
852 852 1
343 345 1
89 90 1
276 276 1
434 435 1
93 93 1
80 81 1
172 174 1
200 201 1
272 273 1
467 468 1
232 234 1
916 918 1
635 636 1
153 153 1
381 381 1
827 828 0.790017
852 852 1
584 585 1
937 939 1
776 777 1
89 90 1
908 909 1
627 627 1
50 51 1
596 597 1
933 933 1
134 135 1
834 834 1
967 969 1
293 294 1
454 456 1
954 954 1
976 978 1
863 864 1
664 666 1
278 279 1
102 102 1
313 315 1
766 768 1
910 912 1
113 114 1
306 306 1
649 651 1
642 642 1
813 813 1
980 981 1
276 276 1
900 900 1
583 585 1
482 483 1
199 201 1
857 858 1
134 135 1
939 939 1
57 57 1
87 87 1
26 27 1
365 366 1
981 981 1
896 897 1
296 297 1
354 354 1
733 735 1
278 279 1
836 837 1
454 456 1
305 306 1
652 654 1
966 966 1
270 270 1
737 738 1
235 237 1
245 246 1
25 27 1
950 951 1
865 867 1
894 894 1
971 972 1
525 525 1
835 837 1
141 141 1
765 765 1
907 909 1
396 396 1
177 177 1
966 966 1
945 945 1
43 45 1
476 477 1
564 564 1
577 579 1
713 714 1
393 393 1
411 411 1
294 294 1
96 96 1
476 477 1
132 132 1
576 576 1
644 645 1
317 318 1
662 663 1
373 375 1
525 525 1
852 852 1
945 945 1
817 819 1
811 813 1
966 966 1
134 135 1
902 903 1
344 345 1
598 600 1
415 417 1
788 789 1
257 258 1
388 390 1
764 765 1
434 435 1
677 678 1
329 330 1
300 300 1
90 90 1
859 861 1
48 48 1
663 663 1
296 297 1
168 168 1
95 96 1
379 381 1
475 477 1
982 984 1
355 357 1
163 165 1
235 237 1
726 726 1
335 336 1
849 849 1
424 426 1
783 783 1
757 759 1
892 894 1
401 402 1
235 237 1
490 492 1
522 522 1
402 402 1
400 402 1
854 855 1
951 951 1
540 540 1
285 285 1
9 9 1
212 213 1
816 816 1
840 840 1
759 759 1
9 9 1
196 198 1
334 336 1
20 21 0.921957
274 276 1
188 189 1
379 381 1
161 162 1
892 894 1
17 18 1
101 102 1
692 693 1
49 51 1
21 21 1
701 702 1
851 852 1
784 786 1
701 702 1
757 759 1
50 51 1
293 294 1
749 750 1
202 204 1
295 297 1
814 816 1
231 231 1
587 588 1
300 300 1
852 852 1
860 861 1
135 135 1
877 879 1
654 654 1
672 672 1
723 723 1
101 102 1
505 507 1
145 147 1
953 954 1
101 102 1
650 651 1
625 627 1
706 708 1
61 63 1
417 417 1
247 249 1
493 495 1
704 705 1
287 288 1
89 90 1
668 669 1
996 996 1
760 762 1
141 141 1
461 462 1
983 984 1
874 876 1
843 843 1
7 9 1
563 564 1
764 765 1
852 852 1
104 105 1
546 546 1
55 57 1
5 6 1
813 813 1
897 897 1
528 528 1
820 822 1
570 570 1
913 915 1
579 579 1
153 153 1
941 942 1
681 681 1
33 33 1
718 720 1
511 513 1
629 630 1
402 402 1
351 351 1
650 651 1
706 708 1
803 804 1
211 213 1
955 957 1
334 336 1
777 777 1
336 336 1
273 273 0.915282
876 876 1
940 942 1
162 162 1
44 45 1
30 30 1
300 300 1
828 828 1
710 711 1
713 714 1
807 807 1
372 372 1
565 567 1
452 453 1
984 984 1
547 549 1
958 960 1
552 552 1
745 747 1
986 987 1
691 693 1
336 336 1
954 954 1
326 327 1
846 846 1
770 771 1
438 438 1
197 198 1
379 381 1
653 654 1
93 93 1
238 240 1
985 987 1
137 138 1
484 486 1
85 87 1
969 969 1
529 531 1
758 759 1
27 27 1
845 846 1
555 555 1
446 447 1
153 153 1
18 18 1
486 486 1
466 468 1
702 702 1
222 222 1
578 579 0.737306
881 882 1
892 894 1
553 555 1
747 747 1
341 342 1
271 273 1
912 912 1
46 48 1
314 315 1
669 669 1
909 909 1
842 843 1
84 84 1
22 24 1
688 690 1
672 672 1
188 189 1
876 876 1
904 906 1
275 276 1
508 510 1
268 270 1
426 426 1
696 696 1
549 549 1
883 885 1
9 9 1
567 567 1
504 504 0.777068
594 594 1
555 555 1
695 696 1
690 690 1
994 996 1
130 132 1
709 711 1
373 375 1
480 480 0.676799
272 273 0.841297
685 687 1
821 822 1
505 507 1
377 378 1
623 624 1
216 216 1
575 576 1
908 909 1
811 813 1
669 669 1
825 825 1
138 138 1
877 879 1
701 702 1
478 480 1
501 501 1
753 753 1
141 141 1
387 387 1
658 660 1
815 816 0.790013
825 825 1
615 615 1
119 120 1
544 546 1
634 636 1
214 216 1
437 438 1
278 279 1
137 138 1
587 588 1
46 48 1
7 9 1
769 771 1
387 387 1
711 711 1
531 531 1
920 921 1
752 753 1
463 465 1
729 729 1
173 174 1
404 405 1
926 927 1
293 294 1
467 468 1
193 195 1
638 639 1
773 774 1
589 591 1
183 183 1
557 558 1
150 150 1
167 168 1
822 822 1
280 282 1
771 771 1
899 900 1
975 975 1
985 987 1
318 318 1
657 657 1
302 303 1
426 426 1
413 414 1
21 21 1
842 843 1
823 825 1
605 606 1
108 108 1
27 27 1
912 912 1
82 84 1
838 840 1
219 219 1
35 36 1
189 189 1
205 207 0.890326
109 111 1
574 576 1
843 843 1
348 348 1
105 105 1
338 339 1
957 957 1
409 411 1
93 93 1
528 528 1
826 828 1
508 510 1
20 21 1
24 24 1
605 606 1
53 54 1
595 597 1
484 486 1
669 669 1
640 642 1
374 375 1
338 339 1
47 48 1
172 174 1
807 807 1
391 393 1
494 495 1
23 24 1
583 585 1
923 924 1
956 957 1
203 204 1
715 717 1
603 603 1
949 951 1
972 972 1
415 417 1
930 930 1
842 843 1
216 216 1
910 912 1
54 54 1
491 492 1
61 63 1
143 144 1
985 987 1
196 198 1
557 558 1
553 555 1
429 429 1
408 408 1
356 357 1
928 930 1
302 303 1
305 306 1
432 432 1
316 318 1
300 300 1
549 549 1
96 96 1
697 699 1
990 990 1
778 780 1
870 870 1
313 315 1
463 465 1
514 516 1
268 270 1
195 195 1
947 948 1
71 72 1
994 996 1
39 39 1
602 603 1
448 450 1
30 30 1
64 66 1
732 732 1
817 819 1
497 498 1
32 33 1
124 126 1
239 240 1
232 234 1
190 192 1
629 630 1
145 147 1
737 738 1
739 741 1
847 849 1
216 216 1
129 129 1
95 96 1
98 99 1
479 480 1
524 525 1
425 426 1
544 546 1
267 267 1
893 894 1
988 990 1
775 777 1
203 204 1
416 417 1
82 84 1
765 765 1
688 690 1
263 264 1
93 93 1
594 594 1
950 951 1
954 954 1
104 105 1
280 282 1
361 363 1
605 606 1
290 291 1
446 447 1
512 513 1
309 309 1
922 924 1
320 321 1
957 957 1
323 324 1
251 252 1
248 249 1
467 468 1
991 993 1
41 42 1
600 600 1
126 126 1
925 927 1
10 12 1
485 486 1
406 408 1
443 444 1
334 336 1
469 471 1
251 252 1
104 105 1
431 432 1
137 138 1
745 747 1
158 159 1
529 531 1
747 747 1
502 504 1
633 633 1
162 162 1
657 657 1
535 537 1
62 63 1
291 291 1
512 513 1
630 630 1
580 582 1
844 846 1
217 219 1
702 702 1
677 678 1
851 852 1
782 783 1
132 132 1
637 639 1
325 327 1
93 93 1
512 513 1
722 723 1
915 915 1
340 342 1
57 57 1
482 483 1
359 360 1
27 27 1
692 693 1
623 624 1
267 267 1
228 228 1
118 120 1
654 654 1
184 186 1
710 711 1
92 93 1
266 267 1
188 189 1
349 351 1
178 180 1
941 942 1
594 594 1
163 165 1
224 225 1
696 696 1
670 672 1
522 522 1
454 456 1
6 6 1
878 879 1
247 249 1
449 450 1
844 846 1
345 345 1
360 360 1
579 579 1
499 501 1
411 411 1
566 567 1
598 600 1
420 420 1
535 537 1
452 453 1
97 99 1
962 963 1
955 957 1
149 150 1
465 465 1
803 804 1
855 855 1
257 258 1
649 651 1
335 336 1
653 654 1
336 336 1
834 834 1
303 303 1
434 435 1
804 804 1
307 309 1
190 192 1
139 141 1
67 69 1
993 993 1
515 516 1
905 906 1
523 525 1
143 144 1
645 645 1
285 285 1
436 438 1
191 192 1
77 78 1
844 846 1
953 954 1
135 135 1
695 696 1
107 108 1
446 447 1
669 669 1
192 192 1
299 300 1
259 261 1
715 717 1
1 3 1
670 672 1
559 561 1
203 204 1
954 954 1
863 864 1
405 405 1
674 675 1
927 927 1
318 318 1
898 900 1
505 507 1
926 927 1
737 738 1
444 444 1
23 24 1
911 912 1
652 654 1
116 117 1
112 114 1
498 498 1
825 825 1
476 477 1
264 264 1
28 30 1
320 321 1
378 378 1
224 225 1
777 777 1
448 450 1
515 516 1
456 456 1
307 309 1
243 243 1
872 873 1
434 435 1
273 273 1
278 279 1
747 747 1
53 54 1
184 186 1
589 591 1
82 84 1
615 615 1
214 216 1
331 333 1
355 357 1
25 27 1
177 177 1
832 834 1
686 687 1
151 153 1
219 219 1
448 450 1
934 936 1
109 111 1
937 939 1
602 603 1
87 87 1
18 18 1
879 879 1
438 438 1
249 249 1
224 225 1
293 294 1
870 870 1
323 324 1
833 834 1
876 876 1
733 735 1
376 378 1
755 756 0.901702
729 729 1
314 315 1
893 894 1
789 789 1
601 603 1
446 447 1
488 489 1
703 705 1
859 861 1
433 435 1
482 483 1
773 774 1
857 858 1
16 18 1
277 279 1
885 885 1
574 576 1
778 780 1
879 879 1
659 660 1
560 561 1
109 111 1
757 759 1
435 435 1
423 423 1
333 333 1
192 192 1
807 807 1
812 813 1
718 720 1
875 876 1
716 717 1
906 906 1
500 501 1
314 315 1
778 780 1
624 624 1
121 123 1
595 597 1
416 417 1
357 357 1
847 849 1
720 720 1
659 660 1
594 594 1
617 618 1
931 933 1
423 423 1
499 501 1
590 591 1
865 867 1
404 405 1
790 792 1
302 303 1
567 567 1
314 315 1
545 546 1
306 306 1
15 15 1
757 759 1
967 969 1
759 759 1
811 813 1
89 90 1
28 30 1
659 660 1
312 312 1
118 120 1
916 918 1
782 783 1
453 453 1
68 69 1
639 639 1
418 420 1
385 387 1
272 273 1
400 402 1
483 483 1
951 951 1
461 462 1
232 234 1
368 369 1
877 879 1
35 36 1
791 792 1
231 231 1
920 921 1
268 270 1
524 525 1
620 621 1
577 579 1
393 393 1
631 633 1
242 243 1
594 594 1
168 168 1
437 438 1
575 576 1
41 42 1
1 3 1
140 141 1
364 366 1
204 204 1
644 645 1
162 162 1
171 171 1
507 507 1
116 117 1
393 393 1
727 729 1
817 819 1
430 432 1
14 15 1
710 711 1
291 291 1
322 324 1
789 789 1
962 963 1
750 750 0.923186
936 936 1
726 726 1
507 507 1
108 108 1
916 918 1
723 723 1
246 246 1
240 240 1
347 348 1
615 615 1
393 393 1
284 285 1
947 948 1
7 9 1
4 6 1
154 156 1
822 822 1
924 924 1
336 336 1
696 696 1
183 183 1
479 480 1
819 819 1
769 771 1
866 867 1
827 828 1
218 219 1
763 765 1
312 312 1
423 423 1
310 312 1
587 588 1
616 618 1
369 369 1
879 879 1
106 108 1
751 753 1
587 588 1
243 243 1
347 348 1
88 90 1
416 417 0.869268
559 561 1
186 186 1
204 204 1
39 39 1
524 525 1
766 768 1
339 339 1
271 273 1
963 963 1
943 945 1
33 33 1
1 3 1
153 153 1
240 240 1
841 843 1
985 987 1
355 357 1
933 933 1
133 135 1
669 669 1
82 84 1
230 231 1
667 669 1
643 645 1
448 450 1
706 708 1
248 249 1
991 993 1
649 651 1
340 342 1
649 651 1
762 762 1
443 444 1
113 114 1
5 6 1
403 405 1
469 471 1
743 744 1
724 726 1
418 420 1
27 27 1
216 216 1
10 12 1
143 144 1
752 753 1
196 198 1
380 381 1
975 975 1
761 762 1
226 228 1
889 891 1
727 729 1
217 219 1
7 9 1
817 819 1
830 831 1
887 888 1
380 381 1
601 603 1
391 393 1
696 696 1
324 324 1
117 117 1
588 588 1
99 99 1
675 675 1
916 918 1
148 150 1
304 306 1
559 561 1
184 186 1
725 726 1
456 456 0.937632
499 501 1
962 963 1
705 705 1
192 192 1
863 864 1
121 123 1
629 630 1
477 477 1
840 840 1
804 804 1
877 879 1
136 138 1
926 927 1
99 99 1
249 249 1
10 12 1
376 378 1
17 18 1
163 165 1
273 273 1
849 849 1
68 69 1
822 822 1
657 657 1
702 702 1
91 93 1
272 273 1
916 918 1
894 894 1
518 519 1
752 753 1
66 66 1
152 153 1
170 171 1
736 738 1
304 306 1
127 129 1
322 324 1
683 684 1
893 894 1
673 675 1
590 591 1
136 138 1
712 714 1
923 924 1
919 921 1
252 252 1
227 228 1
646 648 1
864 864 1
692 693 1
858 858 1
597 597 1
782 783 1
752 753 1
316 318 1
684 684 1
793 795 1
80 81 1
808 810 1
450 450 1
184 186 1
763 765 1
169 171 1
535 537 1
944 945 1
482 483 1
219 219 1
438 438 0.83017
174 174 1
881 882 1
99 99 1
724 726 1
303 303 1
934 936 1
209 210 1
318 318 1
583 585 1
592 594 1
841 843 1
518 519 1
262 264 1
128 129 1
597 597 1
207 207 1
612 612 1
531 531 1
908 909 1
332 333 1
62 63 1
725 726 1
614 615 1
164 165 1
30 30 1
142 144 1
278 279 1
488 489 1
734 735 1
201 201 1
70 72 1
147 147 1
797 798 1
8 9 1
893 894 1
657 657 1
56 57 1
305 306 1
956 957 1
704 705 1
73 75 1
347 348 1
916 918 1
633 633 1
404 405 1
249 249 1
297 297 1
895 897 1
540 540 1
717 717 1
313 315 1
246 246 1
122 123 1
494 495 1
166 168 1
549 549 1
182 183 1
538 540 1
183 183 1
132 132 1
195 195 1
820 822 1
498 498 1
526 528 1
327 327 1
702 702 1
829 831 1
976 978 1
232 234 1
679 681 1
575 576 1
519 519 1
863 864 1
63 63 1
516 516 1
901 903 1
728 729 1
333 333 1
86 87 1
813 813 1
912 912 1
904 906 1
956 957 1
842 843 1
517 519 1
770 771 1
534 534 1
779 780 1
553 555 1
341 342 1
246 246 1
522 522 1
119 120 1
34 36 1
312 312 1
527 528 1
732 732 1
245 246 1
234 234 1
57 57 1
430 432 1
658 660 1
76 78 1
765 765 1
816 816 1
850 852 1
801 801 1
916 918 1
308 309 1
14 15 1
292 294 1
81 81 1
518 519 1
546 546 1
691 693 1
896 897 1
399 399 1
147 147 1
927 927 1
752 753 1
720 720 1
361 363 1
593 594 1
569 570 1
90 90 1
149 150 1
158 159 1
30 30 1
780 780 1
324 324 1
132 132 1
852 852 1
860 861 1
225 225 1
258 258 1
105 105 1
820 822 0.916581
54 54 1
867 867 1
381 381 1
254 255 1
219 219 1
755 756 1
971 972 1
264 264 1
949 951 1
720 720 1
649 651 1
137 138 1
560 561 1
905 906 1
459 459 1
137 138 1
181 183 1
882 882 1
227 228 0.872709
124 126 1
236 237 1
534 534 1
836 837 1
919 921 1
698 699 1
795 795 1
449 450 1
401 402 1
692 693 1
977 978 1
699 699 1
219 219 1
122 123 1
891 891 1
400 402 1
280 282 1
549 549 1
755 756 1
876 876 1
909 909 1
272 273 1
113 114 1
579 579 1
777 777 1
337 339 1
397 399 1
812 813 1
198 198 1
305 306 1
376 378 1
991 993 1
558 558 1
912 912 1
351 351 1
271 273 1
534 534 1
849 849 1
783 783 1
897 897 1
877 879 1
500 501 1
785 786 1
539 540 1
509 510 1
502 504 1
383 384 1
29 30 1
873 873 1
338 339 1
333 333 1
258 258 1
21 21 1
803 804 1
88 90 1
928 930 1
481 483 1
47 48 1
794 795 1
843 843 1
326 327 1
637 639 1
235 237 1
797 798 1
566 567 1
911 912 1
345 345 1
473 474 1
295 297 1
113 114 1
729 729 1
291 291 1
593 594 1
927 927 1
611 612 1
697 699 1
763 765 1
42 42 1
809 810 1
796 798 1
385 387 1
915 915 1
95 96 1
39 39 1
544 546 1
734 735 1
468 468 1
294 294 1
104 105 1
368 369 1
88 90 1
112 114 1
505 507 1
153 153 1
659 660 1
702 702 1
470 471 1
98 99 1
60 60 1
761 762 1
540 540 1
560 561 1
143 144 1
71 72 1
75 75 1
15 15 1
869 870 1
949 951 1
443 444 1
950 951 1
776 777 1
966 966 1
88 90 1
193 195 1
771 771 1
594 594 1
223 225 1
849 849 1
781 783 1
39 39 1
566 567 1
230 231 1
199 201 1
972 972 1
199 201 1
318 318 1
409 411 1
8 9 1
428 429 1
866 867 1
376 378 1
95 96 1
444 444 1
791 792 1
379 381 1
988 990 1
844 846 1
506 507 1
432 432 1
384 384 1
895 897 1
723 723 1
363 363 1
345 345 1
30 30 1
986 987 1
80 81 1
795 795 1
696 696 1
237 237 1
787 789 1
58 60 1
203 204 1
391 393 1
583 585 1
501 501 1
408 408 1
58 60 1
475 477 1
773 774 1
626 627 1
262 264 1
374 375 1
331 333 1
279 279 1
511 513 1
611 612 1
876 876 1
333 333 1
650 651 1
157 159 1
256 258 1
94 96 1
39 39 1
900 900 1
727 729 1
620 621 1
544 546 1
518 519 1
482 483 1
45 45 1
152 153 1
863 864 1
303 303 1
311 312 1
461 462 1
680 681 1
653 654 1
412 414 1
175 177 1
723 723 1
51 51 1
439 441 1
270 270 1
36 36 1
93 93 1
469 471 1
86 87 1
681 681 1
383 384 1
365 366 1
502 504 1
675 675 1
183 183 1
904 906 1
52 54 1
707 708 1
350 351 1
8 9 1
338 339 1
701 702 1
199 201 1
764 765 1
852 852 1
351 351 1
87 87 1
674 675 1
7 9 1
106 108 1
659 660 1
948 948 1
435 435 1
736 738 1
932 933 1
795 795 1
58 60 1
292 294 1
261 261 1
558 558 1
190 192 1
196 198 1
379 381 1
12 12 1
366 366 1
450 450 1
652 654 1
765 765 1
217 219 1
510 510 1
392 393 1
444 444 1
64 66 1
677 678 1
27 27 1
783 783 1
576 576 1
717 717 1
128 129 1
877 879 1
45 45 1
166 168 1
998 999 1
182 183 1
752 753 1
281 282 1
959 960 1
519 519 1
194 195 1
132 132 1
316 318 1
851 852 1
702 702 1
196 198 1
465 465 1
954 954 1
514 516 1
450 450 1
855 855 1
365 366 1
350 351 1
550 552 1
844 846 1
887 888 1
610 612 1
38 39 1
84 84 1
909 909 1
668 669 1
15 15 1
923 924 1
822 822 1
623 624 1
682 684 1
280 282 1
364 366 1
565 567 1
40 42 1
284 285 1
809 810 1
958 960 1
942 942 1
1000 1002 1
498 498 1
414 414 1
730 732 1
498 498 1
695 696 1
450 450 1
619 621 1
320 321 1
448 450 1
283 285 1
228 228 1
122 123 1
129 129 1
233 234 1
169 171 1
708 708 1
838 840 1
624 624 1
391 393 0.889492
433 435 1
703 705 1
190 192 1
872 873 1
793 795 1
325 327 1
786 786 1
485 486 1
27 27 1
114 114 1
30 30 1
385 387 1
547 549 1
669 669 1
406 408 1
804 804 1
917 918 1
507 507 1
566 567 1
725 726 1
215 216 1
774 774 1
560 561 1
383 384 1
826 828 1
642 642 1
51 51 1
772 774 1
17 18 1
202 204 1
92 93 1
612 612 1
865 867 0.845034
103 105 1
1000 1002 1
703 705 1
503 504 1
601 603 1
303 303 1
838 840 1
492 492 1
139 141 1
91 93 1
501 501 1
52 54 1
515 516 1
982 984 1
28 30 1
913 915 1
471 471 1
471 471 1
65 66 1
212 213 1
696 696 1
749 750 1
62 63 1
821 822 1
522 522 1
641 642 1
649 651 1
917 918 1
866 867 1
744 744 1
334 336 1
483 483 1
846 846 1
959 960 1
55 57 1
379 381 1
704 705 1
157 159 1
188 189 1
704 705 1
539 540 1
923 924 1
235 237 1
635 636 1
403 405 1
166 168 1
32 33 1
824 825 1
593 594 1
524 525 1
429 429 1
264 264 1
997 999 1
18 18 1
979 981 1
929 930 1
105 105 1
468 468 1
751 753 1
839 840 1
852 852 1
453 453 1
573 573 1
31 33 1
812 813 1
905 906 1
88 90 1
326 327 1
530 531 1
570 570 1
752 753 1
149 150 1
698 699 1
248 249 1
297 297 1
640 642 1
119 120 1
223 225 1
754 756 1
713 714 1
27 27 1
932 933 1
987 987 1
937 939 1
828 828 1
32 33 1
509 510 1
672 672 1
144 144 1
947 948 1
22 24 1
623 624 1
706 708 1
633 633 1
90 90 1
605 606 1
721 723 1
576 576 1
338 339 1
974 975 1
455 456 1
544 546 1
624 624 1
549 549 1
712 714 1
889 891 1
464 465 1
267 267 1
919 921 1
216 216 1
569 570 1
109 111 1
603 603 1
873 873 1
369 369 1
665 666 1
543 543 1
589 591 1
268 270 1
600 600 1
597 597 1
942 942 1
798 798 1
734 735 1
650 651 1
598 600 1
387 387 1
253 255 1
717 717 1
715 717 1
205 207 1
93 93 1
808 810 1
413 414 1
926 927 1
959 960 1
525 525 1
486 486 1
729 729 1
596 597 1
905 906 1
704 705 1
693 693 1
2 3 1
635 636 1
114 114 1
841 843 1
719 720 1
453 453 1
107 108 1
881 882 1
859 861 1
578 579 1
469 471 1
655 657 1
610 612 1
126 126 1
131 132 1
922 924 1
375 375 1
737 738 1
618 618 1
874 876 1
906 906 1
492 492 1
971 972 1
265 267 1
122 123 1
849 849 1
951 951 1
11 12 1
43 45 1
854 855 1
593 594 1
14 15 1
57 57 1
978 978 1
847 849 1
98 99 1
819 819 1
374 375 1
377 378 1
194 195 1
584 585 1
670 672 1
312 312 1
985 987 1
60 60 1
365 366 1
904 906 1
573 573 1
92 93 1
508 510 1
365 366 1
327 327 1
621 621 1
394 396 1
201 201 1
761 762 1
105 105 1
772 774 1
132 132 1
134 135 1
673 675 1
527 528 1
482 483 1
500 501 1
139 141 1
248 249 1
841 843 1
613 615 1
637 639 1
971 972 1
167 168 1
761 762 1
47 48 1
105 105 1
495 495 1
836 837 1
141 141 1
159 159 1
581 582 1
678 678 1
282 282 1
93 93 1
429 429 1
446 447 1
630 630 1
780 780 1
167 168 1
334 336 1
409 411 1
799 801 1
557 558 1
474 474 1
13 15 1
610 612 1
451 453 1
560 561 1
47 48 1
62 63 1
854 855 1
720 720 1
989 990 1
474 474 1
269 270 1
932 933 1
585 585 1
795 795 1
835 837 1
793 795 1
724 726 1
316 318 1
466 468 1
732 732 1
667 669 1
774 774 1
600 600 1
550 552 1
917 918 1
761 762 1
277 279 1
256 258 1
139 141 1
392 393 1
275 276 1
295 297 1
190 192 1
801 801 1
644 645 1
328 330 1
812 813 1
130 132 1
263 264 1
972 972 1
699 699 1
853 855 1
164 165 1
517 519 1
156 156 1
92 93 1
530 531 1
399 399 1
497 498 1
845 846 1
727 729 1
247 249 1
318 318 1
710 711 1
312 312 1
503 504 1
619 621 1
33 33 1
404 405 1
967 969 1
591 591 1
433 435 1
69 69 1
685 687 1
686 687 1
739 741 1
710 711 1
446 447 1
668 669 1
326 327 1
245 246 1
162 162 1
432 432 1
298 300 1
946 948 1
51 51 1
153 153 1
996 996 1
838 840 1
622 624 1
708 708 1
232 234 1
813 813 1
223 225 1
731 732 1
701 702 1
331 333 1
953 954 1
14 15 1
764 765 1
914 915 1
340 342 1
998 999 1
937 939 1
474 474 1
660 660 1
940 942 1
744 744 1
671 672 1
632 633 1
462 462 1
248 249 1
279 279 1
792 792 0.819797
618 618 1
683 684 1
464 465 1
926 927 1
489 489 1
36 36 1
598 600 1
581 582 1
693 693 1
863 864 1
314 315 1
533 534 1
346 348 1
971 972 1
779 780 1
204 204 1
672 672 1
803 804 1
913 915 1
133 135 1
830 831 1
40 42 1
468 468 1
925 927 1
225 225 1
336 336 1
897 897 1
824 825 1
802 804 1
818 819 1
509 510 0.797425
632 633 1
819 819 1
463 465 1
423 423 1
782 783 1
467 468 1
2 3 1
322 324 1
654 654 1
444 444 1
824 825 1
96 96 1
919 921 1
499 501 1
809 810 1
183 183 1
872 873 1
96 96 1
444 444 1
559 561 1
28 30 1
833 834 1
838 840 1
362 363 1
206 207 1
779 780 1
851 852 1
387 387 1
37 39 1
57 57 1
315 315 1
719 720 1
361 363 1
882 882 1
606 606 1
102 102 1
571 573 1
806 807 1
952 954 1
546 546 1
433 435 1
961 963 1
333 333 1
742 744 1
207 207 1
527 528 1
765 765 1
615 615 1
46 48 1
806 807 1
465 465 1
78 78 1
848 849 1
742 744 1
251 252 1
612 612 1
729 729 1
859 861 1
26 27 1
916 918 1
975 975 1
857 858 1
499 501 1
573 573 1
243 243 1
719 720 1
80 81 1
117 117 1
422 423 1
340 342 1
173 174 1
854 855 1
484 486 1
997 999 1
181 183 1
451 453 1
123 123 1
428 429 1
585 585 1
91 93 1
4 6 1
866 867 1
712 714 1
197 198 1
233 234 1
789 789 1
392 393 1
890 891 1
245 246 1
994 996 1
547 549 1
854 855 1
959 960 1
980 981 1
122 123 1
711 711 1
950 951 1
642 642 1
901 903 1
428 429 1
173 174 1
156 156 1
656 657 1
942 942 1
192 192 1
878 879 1
688 690 1
665 666 1
685 687 1
500 501 1
171 171 1
68 69 1
316 318 1
28 30 1
611 612 1
388 390 1
279 279 1
414 414 1
195 195 1
125 126 1
810 810 1
966 966 1
56 57 1
185 186 1
819 819 1
728 729 1
928 930 1
461 462 1
114 114 1
19 21 1
798 798 1
979 981 1
714 714 1
471 471 1
243 243 1
226 228 1
806 807 1
134 135 1
862 864 1
840 840 1
788 789 1
934 936 1
285 285 1
16 18 1
973 975 1
788 789 1
337 339 1
835 837 1
738 738 1
778 780 1
262 264 1
339 339 1
400 402 1
489 489 1
519 519 1
35 36 1
653 654 1
287 288 1
286 288 1
520 522 1
976 978 1
730 732 1
433 435 1
714 714 1
44 45 1
299 300 1
566 567 1
379 381 1
693 693 1
788 789 1
879 879 1
246 246 1
528 528 1
809 810 1
150 150 1
505 507 1
367 369 1
706 708 1
738 738 1
91 93 1
75 75 1
999 999 1
775 777 1
814 816 1
863 864 1
306 306 1
874 876 1
637 639 1
131 132 1
984 984 1
658 660 1
487 489 1
646 648 1
704 705 1
544 546 1
210 210 1
843 843 1
801 801 1
15 15 1
408 408 1
804 804 1
456 456 1
828 828 1
164 165 1
617 618 1
927 927 1
862 864 1
133 135 1
898 900 1
47 48 1
687 687 1
570 570 1
600 600 1
255 255 1
760 762 1
508 510 1
360 360 1
153 153 1
760 762 1
32 33 1
191 192 1
707 708 1
878 879 1
961 963 1
806 807 1
491 492 1
986 987 1
105 105 1
951 951 1
130 132 1
623 624 1
776 777 1
925 927 1
226 228 1
955 957 1
507 507 1
768 768 1
976 978 1
229 231 1
958 960 1
126 126 1
457 459 1
230 231 1
90 90 1
411 411 1
80 81 1
768 768 1
103 105 1
841 843 1
982 984 1
985 987 1
386 387 1
760 762 1
696 696 1
273 273 1
960 960 1
679 681 1
981 981 1
455 456 1
209 210 1
464 465 1
653 654 1
743 744 1
845 846 1
199 201 0.863123
170 171 1
886 888 1
354 354 1
43 45 1
834 834 1
356 357 1
139 141 1
204 204 1
138 138 1
64 66 1
482 483 1
826 828 1
996 996 1
831 831 1
430 432 1
852 852 1
42 42 1
550 552 1
45 45 1
622 624 1
896 897 1
522 522 1
891 891 1
793 795 1
205 207 1
303 303 1
512 513 1
38 39 1
866 867 1
102 102 1
278 279 1
907 909 1
753 753 1
804 804 1
880 882 1
716 717 1
974 975 1
601 603 0.879153
188 189 1
906 906 1
457 459 1
158 159 1
953 954 1
319 321 1
746 747 1
806 807 1
449 450 1
704 705 1
979 981 1
525 525 1
616 618 1
433 435 1
809 810 1
19 21 1
738 738 1
652 654 1
763 765 1
26 27 1
120 120 1
162 162 1
849 849 1
771 771 1
659 660 1
519 519 1
869 870 1
381 381 1
127 129 1
385 387 1
829 831 1
990 990 1
553 555 1
186 186 1
886 888 1
103 105 1
585 585 1
777 777 1
930 930 1
203 204 1
561 561 1
44 45 1
99 99 1
552 552 1
731 732 1
537 537 1
29 30 1
84 84 1
566 567 1
264 264 1
215 216 1
72 72 1
328 330 1
282 282 1
410 411 1
232 234 1
613 615 1
244 246 1
376 378 1
841 843 1
158 159 0.992114
124 126 1
69 69 1
49 51 1
227 228 1
674 675 1
737 738 1
210 210 1
809 810 1
496 498 1
476 477 1
415 417 1
292 294 1
98 99 1
288 288 1
653 654 1
830 831 1
327 327 1
266 267 1
259 261 1
877 879 1
229 231 1
33 33 1
746 747 1
488 489 1
960 960 1
197 198 1
276 276 1
2 3 1
315 315 1
656 657 1
472 474 1
894 894 1
12 12 1
504 504 1
748 750 1
616 618 1
524 525 1
626 627 1
745 747 1
434 435 1
733 735 1
152 153 1
667 669 1
491 492 1
521 522 1
692 693 1
502 504 1
689 690 1
177 177 1
466 468 1
649 651 1
240 240 1
203 204 1
57 57 1
430 432 1
617 618 1
411 411 1
834 834 1
247 249 1
932 933 1
946 948 1
327 327 1
402 402 1
149 150 1
457 459 1
477 477 1
398 399 1
626 627 1
567 567 1
794 795 1
788 789 1
650 651 1
814 816 1
159 159 1
62 63 1
543 543 1
762 762 0.785115
278 279 1
2 3 1
916 918 1
929 930 1
196 198 1
743 744 1
880 882 1
107 108 1
680 681 1
782 783 1
913 915 1
242 243 1
506 507 1
10 12 1
9 9 1
915 915 1
628 630 0.893609
640 642 1
644 645 1
907 909 1
348 348 1
527 528 1
295 297 1
147 147 1
279 279 1
993 993 1
770 771 1
812 813 1
815 816 1
768 768 1
439 441 1
739 741 1
630 630 1
841 843 1
472 474 1
405 405 1
640 642 1
275 276 1
772 774 1
412 414 1
180 180 1
776 777 1
418 420 1
767 768 1
859 861 1
771 771 1
227 228 1
637 639 1
543 543 1
728 729 1
572 573 1
347 348 1
605 606 1
199 201 1
817 819 1
48 48 1
123 123 1
337 339 1
579 579 1
240 240 1
626 627 1
833 834 1
707 708 1
438 438 1
580 582 1
899 900 1
284 285 1
607 609 1
574 576 1
415 417 1
356 357 1
877 879 1
975 975 1
22 24 1
594 594 1
914 915 1
823 825 1
876 876 1
49 51 1
808 810 1
536 537 1
908 909 1
19 21 1
535 537 1
576 576 1
767 768 1
239 240 1
799 801 1
773 774 1
941 942 1
132 132 1
137 138 1
847 849 1
897 897 1
658 660 1
649 651 1
992 993 1
512 513 1
239 240 1
166 168 1
71 72 1
322 324 1
864 864 1
664 666 1
832 834 1
335 336 1
755 756 1
121 123 1
925 927 1
803 804 1
467 468 1
420 420 1
384 384 1
3 3 1
67 69 1
217 219 1
70 72 1
717 717 1
9 9 1
126 126 1
349 351 1
747 747 1
524 525 1
646 648 1
669 669 1
832 834 1
311 312 1
446 447 1
107 108 1
168 168 1
627 627 1
362 363 1
761 762 1
692 693 1
560 561 1
892 894 1
295 297 1
172 174 1
636 636 1
613 615 1
749 750 1
82 84 1
969 969 1
634 636 1
733 735 1
997 999 1
795 795 1
999 999 1
853 855 1
195 195 1
615 615 1
495 495 1
579 579 0.957445
765 765 1
741 741 1
985 987 1
374 375 1
278 279 1
991 993 1
452 453 1
907 909 1
244 246 1
303 303 1
700 702 1
606 606 1
493 495 1
132 132 1
281 282 1
372 372 1
83 84 1
181 183 1
583 585 1
319 321 1
816 816 1
11 12 1
800 801 1
817 819 1
450 450 1
443 444 1
35 36 1
527 528 1
671 672 1
842 843 1
272 273 1
295 297 1
978 978 1
78 78 1
730 732 1
930 930 1
164 165 1
379 381 1
787 789 1
234 234 1
819 819 1
715 717 1
802 804 1
980 981 1
149 150 1
812 813 1
832 834 1
895 897 1
677 678 1
998 999 1
230 231 1
27 27 1
421 423 1
810 810 1
216 216 1
483 483 1
602 603 1
595 597 1
668 669 1
122 123 1
755 756 1
232 234 1
147 147 1
81 81 1
762 762 1
872 873 1
367 369 1
615 615 1
360 360 1
756 756 1
867 867 1
327 327 1
940 942 1
783 783 1
462 462 1
29 30 1
581 582 1
593 594 1
991 993 1
864 864 1
139 141 1
375 375 1
473 474 1
305 306 1
33 33 1
100 102 1
432 432 1
786 786 1
909 909 1
924 924 1
290 291 1
800 801 1
926 927 1
931 933 1
527 528 1
57 57 1
861 861 1
801 801 1
465 465 1
910 912 1
28 30 1
864 864 1
116 117 1
522 522 1
673 675 1
804 804 1
654 654 1
280 282 1
323 324 1
577 579 1
512 513 1
96 96 1
475 477 1
153 153 1
466 468 1
562 564 1
365 366 1
347 348 1
18 18 1
144 144 1
436 438 1
788 789 1
573 573 1
328 330 1
464 465 1
321 321 1
372 372 1
704 705 1
91 93 1
738 738 1
585 585 1
184 186 1
799 801 1
521 522 1
294 294 1
155 156 1
73 75 1
208 210 1
876 876 1
5 6 1
745 747 1
318 318 1
89 90 1
741 741 1
807 807 1
210 210 1
480 480 1
844 846 1
231 231 1
918 918 1
749 750 1
101 102 1
693 693 1
157 159 1
446 447 1
602 603 1
473 474 1
228 228 1
770 771 1
948 948 1
380 381 0.605471
228 228 1
733 735 1
811 813 1
1 3 1
62 63 1
146 147 1
546 546 1
820 822 1
885 885 1
575 576 1
476 477 1
638 639 1
287 288 1
452 453 1
353 354 1
86 87 1
276 276 1
651 651 1
545 546 1
697 699 1
341 342 1
305 306 1
951 951 1
322 324 1
