5000 1746205
148 144 1
148 144 1
592 576 1
1480 1440 1
620 655 1
888 864 1
496 524 1
124 131 1
248 262 1
992 1048 1
148 144 1
444 432 1
1184 1152 1
1116 1179 1
124 131 1
868 917 1
1332 1296 1
744 786 1
148 144 1
1240 1310 1
444 432 1
444 432 1
744 786 1
1036 1008 1
620 655 1
248 262 0.843246
496 524 1
1184 1152 1
620 655 1
744 786 1
740 720 1
740 720 1
992 1048 0.921189
296 288 1
496 524 1
496 524 1
620 655 1
868 917 1
248 262 1
1116 1179 1
744 786 1
744 786 1
496 524 1
444 432 0.741981
1036 1008 0.830426
1480 1440 1
248 262 0.809917
296 288 0.715107
868 917 1
124 131 1
744 786 1
148 144 1
888 864 1
740 720 1
1036 1008 1
248 262 1
124 131 1
868 917 1
124 131 1
1332 1296 1
1184 1152 1
620 655 0.825527
1036 1008 1
372 393 1
1116 1179 1
744 786 1
992 1048 1
1332 1296 1
248 262 1
248 262 1
620 655 1
248 262 1
296 288 1
1184 1152 1
1184 1152 1
444 432 1
296 288 1
248 262 1
1184 1152 1
620 655 1
1116 1179 1
592 576 1
148 144 1
248 262 1
592 576 1
1240 1310 1
496 524 1
372 393 1
992 1048 1
1240 1310 1
592 576 1
740 720 0.832253
372 393 1
296 288 1
1480 1440 1
372 393 1
888 864 1
868 917 1
444 432 1
620 655 1
248 262 1
992 1048 1
372 393 1
296 288 1
888 864 1
248 262 1
744 786 1
888 864 1
1116 1179 1
444 432 1
740 720 1
1480 1440 1
444 432 1
1116 1179 0.75693
124 131 1
868 917 1
1184 1152 1
620 655 1
148 144 1
1332 1296 1
1240 1310 1
444 432 1
496 524 1
992 1048 1
888 864 1
868 917 1
496 524 1
372 393 0.963913
740 720 1
1240 1310 1
620 655 1
1240 1310 1
372 393 1
868 917 1
372 393 1
868 917 1
592 576 1
496 524 1
496 524 1
888 864 1
1240 1310 1
592 576 1
868 917 1
888 864 1
744 786 1
1184 1152 1
148 144 1
248 262 1
444 432 1
992 1048 1
296 288 1
372 393 1
620 655 1
372 393 1
592 576 1
496 524 1
148 144 0.79688
1036 1008 1
1036 1008 1
592 576 1
1036 1008 1
740 720 1
148 144 0.82203
1480 1440 0.63291
1240 1310 1
1116 1179 1
744 786 0.970055
744 786 1
868 917 1
444 432 1
444 432 1
1116 1179 1
592 576 1
1036 1008 1
888 864 1
1240 1310 1
296 288 1
740 720 0.943197
296 288 1
744 786 1
372 393 1
592 576 0.690092
992 1048 0.941578
868 917 1
496 524 1
1036 1008 1
1184 1152 1
444 432 1
372 393 1
744 786 1
1116 1179 1
372 393 1
740 720 1
148 144 1
992 1048 1
868 917 1
620 655 1
1184 1152 1
496 524 1
740 720 0.632636
1332 1296 1
592 576 1
592 576 1
496 524 1
148 144 0.716245
744 786 0.890892
248 262 1
1480 1440 1
868 917 1
740 720 1
868 917 1
444 432 1
372 393 1
1480 1440 1
1036 1008 1
496 524 1
1240 1310 1
1184 1152 1
1184 1152 1
296 288 1
124 131 1
744 786 1
1240 1310 0.790017
1116 1179 0.921957
1332 1296 1
296 288 1
1036 1008 1
1036 1008 1
620 655 1
1184 1152 1
592 576 1
992 1048 1
744 786 1
1036 1008 1
496 524 1
372 393 1
592 576 1
740 720 1
444 432 1
372 393 1
1240 1310 1
1480 1440 1
124 131 1
1332 1296 1
124 131 1
496 524 1
296 288 1
148 144 1
444 432 1
1332 1296 1
444 432 1
372 393 1
296 288 1
124 131 1
740 720 1
992 1048 1
868 917 1
1240 1310 1
992 1048 1
592 576 1
620 655 1
148 144 1
1184 1152 1
1184 1152 1
1036 1008 1
372 393 1
444 432 1
248 262 1
744 786 1
592 576 1
496 524 1
868 917 1
1184 1152 1
1116 1179 1
592 576 1
868 917 1
248 262 1
1036 1008 1
1332 1296 1
372 393 1
148 144 1
1036 1008 1
868 917 0.915282
1240 1310 1
592 576 1
1116 1179 1
592 576 1
1332 1296 1
744 786 1
992 1048 1
888 864 1
868 917 1
124 131 1
296 288 1
1332 1296 1
1240 1310 1
868 917 0.737306
148 144 1
124 131 1
744 786 1
740 720 1
1116 1179 1
372 393 1
1036 1008 1
740 720 1
496 524 1
1036 1008 1
124 131 1
1332 1296 1
148 144 1
372 393 1
1240 1310 1
372 393 1
1332 1296 1
592 576 0.777068
888 864 1
372 393 1
372 393 0.676799
1480 1440 1
1116 1179 1
1184 1152 1
1184 1152 1
868 917 1
1116 1179 1
992 1048 1
444 432 1
868 917 1
744 786 1
248 262 0.841297
744 786 1
124 131 1
372 393 1
868 917 1
1240 1310 0.790013
1332 1296 1
888 864 1
620 655 1
1036 1008 1
888 864 1
124 131 1
1240 1310 1
124 131 1
496 524 0.890326
1184 1152 1
740 720 1
868 917 1
372 393 1
444 432 1
1240 1310 1
372 393 1
868 917 1
992 1048 1
868 917 1
1116 1179 1
496 524 1
1480 1440 1
372 393 1
1240 1310 1
444 432 1
740 720 1
592 576 1
1036 1008 1
124 131 0.901702
372 393 1
620 655 1
1184 1152 1
992 1048 1
740 720 1
444 432 1
1240 1310 1
296 288 1
868 917 1
1036 1008 1
868 917 1
496 524 1
372 393 1
992 1048 1
888 864 1
888 864 1
372 393 1
148 144 1
1036 1008 0.923186
992 1048 1
124 131 1
296 288 1
868 917 1
888 864 1
1480 1440 1
248 262 1
1036 1008 1
148 144 1
888 864 1
296 288 1
592 576 1
444 432 1
496 524 1
1240 1310 1
740 720 1
124 131 1
1332 1296 1
444 432 1
868 917 1
444 432 1
1184 1152 1
1332 1296 1
1036 1008 0.869268
1036 1008 1
296 288 1
496 524 0.937632
620 655 1
744 786 1
620 655 1
1036 1008 1
372 393 1
740 720 1
124 131 1
992 1048 1
444 432 1
740 720 1
744 786 1
868 917 1
248 262 1
868 917 1
296 288 1
296 288 1
1480 1440 1
372 393 1
888 864 1
592 576 1
868 917 1
496 524 0.83017
1184 1152 1
148 144 1
1240 1310 1
1184 1152 1
296 288 1
1332 1296 1
992 1048 0.916581
740 720 1
148 144 0.872709
1036 1008 1
868 917 0.889492
148 144 1
444 432 1
868 917 1
148 144 1
148 144 0.845034
1184 1152 1
124 131 1
592 576 1
620 655 1
620 655 0.819797
1332 1296 1
1184 1152 1
444 432 1
248 262 1
740 720 1
1184 1152 1
1332 1296 1
1480 1440 0.797425
888 864 1
124 131 1
496 524 1
1240 1310 1
444 432 1
744 786 0.863123
740 720 1
740 720 1
124 131 1
992 1048 1
296 288 1
744 786 1
296 288 1
124 131 1
296 288 1
1116 1179 1
372 393 0.879153
868 917 1
740 720 1
444 432 1
1332 1296 1
1480 1440 1
620 655 1
740 720 1
1036 1008 1
1036 1008 1
1332 1296 1
888 864 1
296 288 1
1332 1296 1
1480 1440 1
1036 1008 1
1116 1179 1
496 524 1
888 864 1
888 864 1
620 655 1
744 786 1
620 655 1
592 576 0.992114
744 786 1
148 144 1
296 288 1
296 288 1
296 288 1
620 655 1
372 393 1
496 524 1
1480 1440 1
444 432 1
1116 1179 1
1036 1008 1
740 720 1
992 1048 1
124 131 1
740 720 1
124 131 1
868 917 1
1332 1296 1
888 864 1
1036 1008 1
248 262 1
248 262 1
740 720 1
1116 1179 1
496 524 1
592 576 1
248 262 1
1332 1296 1
296 288 1
992 1048 1
124 131 1
124 131 1
1036 1008 0.785115
124 131 1
496 524 1
148 144 1
248 262 1
1116 1179 1
296 288 1
248 262 1
1184 1152 0.893609
1116 1179 1
1184 1152 1
1332 1296 1
1036 1008 0.957445
124 131 1
496 524 0.605471
148 144 1
592 576 1
124 131 1
1116 1179 1
496 524 0.75996
1480 1440 1
868 917 1
1480 1440 1
1184 1152 1
744 786 1
1240 1310 1
1184 1152 1
372 393 1
992 1048 1
444 432 1
248 262 1
1480 1440 1
888 864 1
620 655 1
124 131 0.938724
148 144 0.917818
1036 1008 1
1332 1296 1
1116 1179 1
1240 1310 1
592 576 1
148 144 0.873824
868 917 1
1332 1296 1
1240 1310 1
744 786 1
372 393 1
1184 1152 1
744 786 1
1116 1179 1
248 262 1
148 144 1
620 655 1
592 576 1
992 1048 1
124 131 1
1184 1152 1
888 864 1
592 576 1
1036 1008 1
1116 1179 1
444 432 1
1480 1440 1
740 720 1
296 288 1
1184 1152 1
1480 1440 1
444 432 1
1116 1179 1
296 288 1
444 432 1
444 432 1
148 144 1
1116 1179 1
148 144 1
1184 1152 1
296 288 1
992 1048 1
888 864 1
148 144 1
1332 1296 1
1240 1310 1
992 1048 1
444 432 1
992 1048 1
1116 1179 1
868 917 1
372 393 1
148 144 1
296 288 0.723872
372 393 1
1116 1179 1
1332 1296 1
868 917 1
444 432 1
1036 1008 1
1332 1296 1
744 786 0.946951
372 393 1
148 144 1
444 432 1
740 720 1
124 131 1
620 655 0.791146
248 262 1
1036 1008 1
444 432 1
868 917 1
1036 1008 1
1240 1310 1
124 131 1
888 864 1
1184 1152 0.776326
592 576 1
248 262 1
1240 1310 1
744 786 0.746151
1036 1008 1
992 1048 1
1480 1440 1
372 393 1
248 262 1
1240 1310 1
1332 1296 1
148 144 1
1184 1152 0.817446
620 655 1
868 917 1
1480 1440 1
296 288 1
1116 1179 1
372 393 0.937745
1116 1179 1
740 720 1
1116 1179 1
1184 1152 1
1116 1179 1
1116 1179 1
148 144 1
1184 1152 1
1480 1440 1
296 288 1
1184 1152 1
248 262 1
868 917 1
496 524 1
1240 1310 1
992 1048 0.847476
248 262 1
248 262 1
1480 1440 1
372 393 1
124 131 1
592 576 1
1240 1310 1
1036 1008 1
1480 1440 1
444 432 1
444 432 0.674555
868 917 1
1332 1296 1
1480 1440 1
248 262 1
888 864 1
744 786 1
1036 1008 1
1036 1008 1
1036 1008 1
740 720 1
868 917 1
744 786 0.887673
148 144 1
868 917 1
1332 1296 1
296 288 1
888 864 1
592 576 1
248 262 1
1332 1296 1
1332 1296 1
444 432 1
740 720 1
888 864 1
740 720 1
592 576 1
1036 1008 1
868 917 1
1184 1152 1
296 288 1
1116 1179 0.899197
620 655 1
1240 1310 1
1480 1440 1
620 655 1
1036 1008 1
372 393 1
868 917 1
592 576 1
496 524 1
740 720 1
1240 1310 1
444 432 1
444 432 1
1332 1296 1
992 1048 1
124 131 1
148 144 1
1240 1310 1
1036 1008 1
888 864 1
1036 1008 1
620 655 1
1036 1008 1
248 262 1
744 786 1
1480 1440 1
592 576 1
592 576 1
1480 1440 1
888 864 1
248 262 1
992 1048 1
124 131 1
444 432 1
592 576 1
1332 1296 1
372 393 1
592 576 1
1332 1296 1
148 144 1
296 288 1
248 262 1
1480 1440 1
496 524 1
888 864 1
992 1048 1
444 432 1
1116 1179 1
444 432 1
124 131 0.916878
744 786 1
620 655 1
1332 1296 1
496 524 1
1116 1179 1
248 262 1
992 1048 1
1184 1152 1
740 720 1
868 917 1
1480 1440 1
740 720 0.633618
888 864 1
592 576 1
372 393 0.837996
888 864 1
888 864 1
1332 1296 1
496 524 1
1116 1179 1
1036 1008 1
744 786 1
620 655 1
1036 1008 1
1036 1008 1
740 720 1
296 288 0.821032
1332 1296 1
592 576 1
1184 1152 1
1116 1179 1
868 917 1
744 786 1
372 393 1
1480 1440 0.767186
372 393 1
248 262 1
744 786 0.914055
592 576 1
496 524 1
592 576 1
148 144 0.897964
148 144 1
1184 1152 1
992 1048 1
744 786 1
496 524 1
1332 1296 1
888 864 1
372 393 1
1116 1179 1
444 432 1
868 917 0.89207
496 524 1
1184 1152 1
744 786 1
1184 1152 1
592 576 1
124 131 1
888 864 1
296 288 1
1116 1179 0.729308
444 432 1
592 576 0.965265
1332 1296 1
372 393 1
1480 1440 1
496 524 1
148 144 1
620 655 1
740 720 0.913634
1332 1296 1
888 864 1
1116 1179 1
592 576 1
444 432 1
496 524 1
888 864 1
992 1048 1
124 131 1
1036 1008 1
148 144 1
1332 1296 1
1184 1152 1
1480 1440 1
1332 1296 1
372 393 1
1036 1008 1
1332 1296 1
592 576 1
592 576 1
868 917 1
868 917 1
148 144 1
620 655 1
1184 1152 1
620 655 1
296 288 1
868 917 1
868 917 1
740 720 1
888 864 1
1240 1310 1
868 917 1
868 917 1
1116 1179 1
744 786 0.862669
992 1048 1
1480 1440 1
592 576 1
372 393 1
868 917 1
444 432 1
1036 1008 1
148 144 1
1240 1310 1
148 144 1
296 288 1
1184 1152 0.527196
296 288 1
148 144 1
148 144 1
1240 1310 0.89082
1116 1179 1
888 864 1
1116 1179 0.80839
592 576 1
868 917 0.725142
592 576 1
1480 1440 1
124 131 1
1116 1179 1
1036 1008 1
496 524 1
992 1048 1
148 144 1
248 262 1
496 524 1
148 144 1
372 393 1
124 131 1
620 655 1
248 262 1
124 131 1
620 655 1
1332 1296 1
148 144 1
496 524 1
1036 1008 1
868 917 1
592 576 1
1184 1152 1
888 864 1
620 655 1
1240 1310 1
1332 1296 1
1480 1440 1
296 288 1
1240 1310 1
148 144 1
296 288 1
1036 1008 1
296 288 1
992 1048 1
1036 1008 1
592 576 0.775445
444 432 1
888 864 1
1184 1152 1
592 576 1
592 576 1
296 288 1
740 720 1
868 917 1
620 655 1
444 432 1
372 393 1
620 655 1
592 576 1
372 393 1
1332 1296 1
620 655 1
1116 1179 1
1240 1310 1
248 262 1
124 131 1
148 144 1
1332 1296 1
744 786 1
124 131 1
740 720 1
1036 1008 1
1332 1296 1
372 393 0.742697
620 655 1
888 864 1
1240 1310 0.940553
444 432 1
1116 1179 1
888 864 1
868 917 1
124 131 1
296 288 1
868 917 1
444 432 1
620 655 0.659046
992 1048 1
296 288 1
1480 1440 1
868 917 1
620 655 1
868 917 1
444 432 1
248 262 1
1332 1296 1
1036 1008 0.900544
1240 1310 1
148 144 0.755363
868 917 1
1036 1008 1
1116 1179 1
740 720 1
992 1048 1
888 864 0.79512
992 1048 1
1184 1152 1
868 917 1
740 720 1
1036 1008 1
592 576 0.786718
744 786 1
372 393 1
1240 1310 1
740 720 1
868 917 1
1116 1179 1
296 288 1
888 864 1
744 786 1
740 720 1
124 131 1
868 917 1
248 262 1
992 1048 1
496 524 1
496 524 1
1240 1310 1
496 524 1
888 864 0.775512
1480 1440 1
444 432 1
992 1048 1
444 432 1
1332 1296 1
444 432 1
744 786 1
148 144 1
296 288 1
444 432 1
372 393 1
868 917 1
1184 1152 1
1036 1008 1
296 288 1
444 432 1
1184 1152 1
888 864 1
248 262 1
740 720 1
148 144 1
620 655 1
1116 1179 1
496 524 1
1116 1179 1
992 1048 1
1332 1296 1
888 864 1
744 786 1
148 144 1
1036 1008 1
888 864 1
496 524 1
148 144 1
592 576 1
124 131 1
1240 1310 1
744 786 1
1116 1179 1
888 864 1
740 720 1
1184 1152 1
296 288 0.90542
868 917 1
1480 1440 1
248 262 1
992 1048 1
1332 1296 1
296 288 0.981048
1480 1440 1
248 262 1
372 393 0.660497
1332 1296 1
620 655 1
296 288 1
148 144 1
868 917 0.769367
1480 1440 1
444 432 1
124 131 0.963382
744 786 1
1184 1152 1
740 720 1
1240 1310 0.964257
148 144 0.946743
496 524 1
496 524 1
1240 1310 1
992 1048 1
148 144 1
372 393 1
1240 1310 0.93518
992 1048 1
888 864 0.773129
592 576 1
124 131 1
592 576 1
740 720 1
124 131 1
148 144 1
1116 1179 1
740 720 1
1184 1152 0.845254
744 786 1
148 144 1
1116 1179 1
248 262 1
1332 1296 1
372 393 1
1240 1310 1
1240 1310 1
148 144 1
744 786 1
620 655 1
248 262 0.928357
992 1048 1
124 131 0.825986
868 917 1
1480 1440 1
496 524 1
592 576 1
740 720 1
1184 1152 1
744 786 1
1240 1310 1
740 720 1
496 524 0.898749
496 524 0.69957
740 720 1
1116 1179 1
868 917 1
744 786 1
148 144 1
1184 1152 1
744 786 1
868 917 1
248 262 1
148 144 1
1240 1310 1
868 917 1
620 655 0.849219
1036 1008 1
592 576 1
592 576 1
444 432 1
1036 1008 0.631751
124 131 0.828802
744 786 1
744 786 1
744 786 1
744 786 1
1184 1152 1
592 576 1
992 1048 1
1184 1152 1
992 1048 1
1116 1179 1
148 144 1
444 432 1
620 655 1
372 393 1
744 786 1
868 917 1
992 1048 1
248 262 1
992 1048 0.896364
1184 1152 1
372 393 1
124 131 0.921851
1332 1296 1
620 655 1
740 720 1
1036 1008 1
496 524 1
1240 1310 1
148 144 0.96347
888 864 1
888 864 1
740 720 1
496 524 1
248 262 1
1480 1440 1
1116 1179 1
248 262 0.832694
444 432 1
296 288 1
1184 1152 1
1036 1008 0.830952
1480 1440 1
496 524 1
1184 1152 1
1332 1296 1
372 393 0.569503
888 864 1
1480 1440 1
1184 1152 1
496 524 0.824572
744 786 0.932166
992 1048 1
1116 1179 0.733822
1116 1179 1
1184 1152 1
124 131 1
1480 1440 1
148 144 1
496 524 1
1480 1440 1
296 288 1
868 917 0.713264
1116 1179 1
592 576 1
1116 1179 0.956325
740 720 1
496 524 1
1240 1310 1
1116 1179 1
148 144 1
744 786 1
992 1048 1
1332 1296 1
1480 1440 1
744 786 1
888 864 1
868 917 1
1036 1008 1
124 131 0.905504
620 655 1
1240 1310 1
620 655 1
248 262 1
592 576 0.899074
248 262 1
740 720 1
888 864 1
1332 1296 1
1240 1310 1
592 576 1
124 131 1
592 576 1
496 524 0.984486
248 262 1
296 288 1
620 655 1
1036 1008 1
248 262 1
868 917 1
1036 1008 1
868 917 1
1332 1296 1
744 786 1
620 655 1
248 262 0.919409
1036 1008 1
372 393 1
888 864 0.738923
148 144 1
1480 1440 1
296 288 1
1184 1152 1
592 576 1
148 144 1
620 655 1
744 786 1
1240 1310 1
1480 1440 1
1116 1179 1
248 262 1
744 786 1
992 1048 1
444 432 1
868 917 1
888 864 1
296 288 1
148 144 1
744 786 1
592 576 1
1036 1008 1
124 131 1
296 288 1
248 262 1
888 864 1
296 288 1
1240 1310 1
124 131 1
1184 1152 1
744 786 1
592 576 1
592 576 0.82998
740 720 1
992 1048 1
444 432 1
1240 1310 1
1240 1310 1
1480 1440 1
496 524 0.930004
992 1048 1
124 131 1
744 786 1
620 655 1
992 1048 1
592 576 1
496 524 1
620 655 1
372 393 1
124 131 0.852591
1240 1310 1
1116 1179 1
1116 1179 1
1332 1296 1
1036 1008 1
496 524 0.933978
444 432 1
1036 1008 1
1332 1296 1
148 144 1
496 524 1
444 432 1
1332 1296 1
148 144 1
868 917 1
444 432 1
1480 1440 1
1036 1008 0.906611
1240 1310 1
496 524 1
1332 1296 1
296 288 1
124 131 1
148 144 1
1332 1296 1
1036 1008 1
740 720 1
740 720 1
444 432 1
1240 1310 0.690225
444 432 1
444 432 1
1116 1179 1
1184 1152 0.705761
444 432 1
296 288 1
1184 1152 1
372 393 0.894884
744 786 1
592 576 1
372 393 0.784977
148 144 1
1480 1440 1
496 524 1
888 864 1
372 393 1
124 131 1
124 131 1
1240 1310 1
1036 1008 1
124 131 1
744 786 1
868 917 1
248 262 0.78104
248 262 1
744 786 1
1184 1152 1
148 144 1
296 288 1
868 917 1
992 1048 1
248 262 1
1332 1296 1
148 144 1
1332 1296 1
620 655 0.877554
296 288 1
1036 1008 1
496 524 1
1036 1008 1
888 864 0.909737
868 917 1
592 576 1
1036 1008 1
592 576 1
1332 1296 1
592 576 1
744 786 1
148 144 1
888 864 1
1332 1296 1
868 917 1
124 131 1
744 786 1
1480 1440 1
296 288 1
992 1048 1
148 144 1
124 131 1
888 864 1
372 393 1
888 864 1
1116 1179 1
372 393 1
1332 1296 1
1332 1296 1
1480 1440 1
1184 1152 1
1036 1008 1
744 786 1
296 288 1
372 393 1
1116 1179 1
620 655 1
1116 1179 0.690058
1116 1179 0.947879
1116 1179 1
496 524 1
248 262 1
740 720 1
444 432 1
1116 1179 1
496 524 1
148 144 1
496 524 1
444 432 0.902286
1116 1179 0.588147
992 1048 1
148 144 0.932704
248 262 1
372 393 1
620 655 1
1240 1310 1
1184 1152 0.936126
1116 1179 1
868 917 1
740 720 1
744 786 1
444 432 0.777039
1480 1440 1
744 786 1
1240 1310 1
1036 1008 1
496 524 1
744 786 1
444 432 1
248 262 1
1332 1296 1
1184 1152 1
1240 1310 1
444 432 1
496 524 1
1240 1310 1
148 144 1
620 655 1
372 393 1
744 786 1
1240 1310 1
1184 1152 1
620 655 1
1184 1152 1
1184 1152 1
592 576 1
1480 1440 1
992 1048 0.837621
496 524 1
740 720 1
296 288 1
124 131 1
744 786 1
496 524 1
888 864 1
868 917 1
1240 1310 1
444 432 1
1184 1152 1
248 262 1
124 131 1
148 144 1
744 786 1
740 720 0.841842
620 655 1
444 432 1
1184 1152 0.772284
1184 1152 1
1332 1296 1
1480 1440 1
1116 1179 1
740 720 1
1332 1296 1
1332 1296 1
1332 1296 1
1184 1152 1
124 131 1
888 864 0.875153
148 144 1
1332 1296 1
1036 1008 1
888 864 1
1332 1296 1
592 576 1
992 1048 1
620 655 1
124 131 1
1036 1008 1
744 786 1
1332 1296 1
148 144 0.949541
740 720 1
1116 1179 1
248 262 0.615213
740 720 1
1116 1179 1
1480 1440 0.939837
1036 1008 1
372 393 1
1332 1296 1
496 524 0.90198
1240 1310 1
372 393 1
1240 1310 1
1036 1008 1
1480 1440 1
1184 1152 1
1240 1310 1
296 288 1
496 524 1
992 1048 1
740 720 1
248 262 1
1332 1296 1
1116 1179 1
1240 1310 1
248 262 1
1116 1179 1
620 655 1
1184 1152 1
868 917 1
248 262 1
496 524 0.689468
592 576 1
888 864 1
888 864 1
248 262 0.887883
248 262 1
248 262 1
992 1048 1
740 720 0.755252
740 720 0.723942
372 393 1
592 576 1
1240 1310 0.936116
1332 1296 0.856308
740 720 1
1184 1152 0.935617
124 131 0.881513
620 655 1
888 864 1
1240 1310 1
1184 1152 1
248 262 1
248 262 1
992 1048 0.687324
1036 1008 1
1332 1296 1
1036 1008 1
744 786 1
296 288 1
1240 1310 1
296 288 1
1036 1008 1
124 131 1
1240 1310 1
372 393 1
296 288 1
620 655 1
888 864 1
868 917 1
592 576 1
1480 1440 0.922123
888 864 1
592 576 1
124 131 1
1036 1008 1
496 524 1
124 131 1
1184 1152 1
124 131 1
372 393 1
1240 1310 1
888 864 1
1184 1152 1
1184 1152 1
444 432 1
1036 1008 1
744 786 1
1184 1152 1
744 786 1
1184 1152 1
1036 1008 1
148 144 1
444 432 1
592 576 1
1240 1310 1
296 288 1
148 144 1
620 655 1
1332 1296 1
868 917 1
1184 1152 1
296 288 1
592 576 1
148 144 1
592 576 1
992 1048 1
124 131 0.934942
124 131 1
148 144 1
620 655 1
1240 1310 0.895738
1116 1179 1
620 655 1
1036 1008 1
372 393 1
148 144 0.669505
1036 1008 0.907106
1116 1179 0.649001
148 144 1
888 864 1
888 864 1
1332 1296 1
592 576 1
620 655 1
888 864 1
372 393 1
1240 1310 1
1116 1179 1
1240 1310 1
124 131 1
148 144 1
992 1048 1
620 655 1
372 393 1
992 1048 0.829412
248 262 1
148 144 1
592 576 1
1480 1440 1
248 262 1
444 432 1
620 655 1
592 576 0.800435
992 1048 1
888 864 1
620 655 1
888 864 1
444 432 1
296 288 1
148 144 1
296 288 1
148 144 1
296 288 1
296 288 1
444 432 1
592 576 0.641925
1332 1296 1
248 262 1
248 262 1
372 393 1
620 655 1
1332 1296 1
592 576 1
740 720 1
1240 1310 1
1480 1440 1
372 393 1
296 288 1
592 576 1
992 1048 1
296 288 1
372 393 0.919834
444 432 1
888 864 1
592 576 1
372 393 1
296 288 1
1184 1152 0.902327
1332 1296 1
124 131 1
740 720 1
592 576 1
496 524 1
868 917 1
1332 1296 0.836569
148 144 1
1184 1152 1
592 576 1
744 786 1
744 786 1
592 576 1
124 131 0.915002
592 576 1
744 786 1
744 786 1
1332 1296 1
868 917 1
620 655 1
1240 1310 1
1240 1310 1
124 131 1
496 524 1
740 720 1
992 1048 1
592 576 1
124 131 1
992 1048 1
124 131 1
296 288 1
620 655 1
496 524 1
1332 1296 1
372 393 1
1116 1179 1
868 917 0.754599
372 393 1
888 864 1
1184 1152 1
496 524 1
296 288 1
296 288 1
148 144 1
888 864 1
372 393 1
992 1048 1
1480 1440 1
740 720 1
124 131 1
148 144 1
744 786 1
148 144 1
1184 1152 1
1332 1296 1
888 864 0.942227
248 262 1
992 1048 1
124 131 1
1184 1152 1
496 524 1
124 131 1
1036 1008 1
1240 1310 1
148 144 1
372 393 1
248 262 1
248 262 0.886826
1116 1179 1
1036 1008 1
296 288 1
1480 1440 0.825654
740 720 1
888 864 1
1240 1310 0.926027
372 393 1
444 432 1
1332 1296 1
620 655 1
1332 1296 1
296 288 1
592 576 1
248 262 1
1480 1440 1
740 720 1
740 720 1
1184 1152 1
740 720 1
296 288 1
1036 1008 1
1480 1440 1
444 432 1
1332 1296 1
1480 1440 1
1184 1152 1
620 655 1
740 720 1
888 864 1
1332 1296 1
296 288 1
1116 1179 1
1332 1296 1
888 864 1
1036 1008 1
444 432 1
888 864 1
744 786 1
1116 1179 1
1036 1008 1
1332 1296 1
1240 1310 1
888 864 0.828014
248 262 1
1332 1296 1
740 720 1
1116 1179 1
372 393 1
1036 1008 1
1184 1152 1
1116 1179 1
744 786 1
868 917 1
1184 1152 1
992 1048 1
992 1048 1
992 1048 1
592 576 1
496 524 1
620 655 1
740 720 1
1480 1440 1
888 864 1
372 393 1
744 786 1
888 864 1
1036 1008 1
248 262 1
1240 1310 1
1116 1179 1
1240 1310 1
740 720 1
1332 1296 1
296 288 1
1184 1152 1
620 655 1
744 786 1
592 576 1
148 144 1
1184 1152 1
1184 1152 1
888 864 1
1116 1179 1
888 864 1
148 144 1
1184 1152 1
740 720 0.913552
1036 1008 1
1240 1310 0.860456
620 655 1
888 864 1
1480 1440 1
296 288 1
1332 1296 1
592 576 0.734047
1184 1152 1
744 786 0.979979
372 393 1
148 144 1
1332 1296 1
124 131 1
1480 1440 1
148 144 1
444 432 1
248 262 1
888 864 1
372 393 1
372 393 1
1480 1440 1
592 576 0.941168
1480 1440 1
868 917 1
1240 1310 1
372 393 1
740 720 1
1480 1440 1
868 917 1
592 576 0.720492
1240 1310 1
496 524 1
1332 1296 1
496 524 1
1116 1179 1
296 288 1
496 524 1
1480 1440 1
1332 1296 0.890734
1036 1008 1
1480 1440 1
620 655 1
444 432 1
740 720 1
444 432 1
868 917 1
1480 1440 1
740 720 1
496 524 1
148 144 1
444 432 0.762872
296 288 1
620 655 1
148 144 1
1116 1179 1
148 144 1
740 720 1
992 1048 1
148 144 1
592 576 1
1116 1179 1
1116 1179 1
1116 1179 1
496 524 0.764873
740 720 1
1116 1179 1
444 432 1
868 917 1
740 720 1
496 524 1
1036 1008 1
248 262 1
296 288 1
444 432 1
148 144 1
620 655 1
248 262 1
148 144 1
1240 1310 1
1240 1310 1
1184 1152 1
888 864 0.890137
744 786 1
744 786 1
740 720 1
740 720 1
444 432 1
124 131 1
248 262 1
296 288 1
1240 1310 1
1240 1310 1
372 393 1
1036 1008 1
992 1048 1
740 720 1
620 655 1
1332 1296 1
620 655 1
888 864 1
1480 1440 1
444 432 0.531898
124 131 0.897685
444 432 1
1116 1179 1
740 720 1
888 864 1
1036 1008 1
992 1048 0.863583
1480 1440 1
1184 1152 1
740 720 1
868 917 0.897336
888 864 1
592 576 0.871114
124 131 1
148 144 1
1240 1310 1
444 432 1
296 288 1
1332 1296 1
248 262 1
744 786 1
592 576 1
372 393 1
744 786 1
444 432 1
1240 1310 1
1036 1008 1
248 262 1
1036 1008 0.932469
1184 1152 1
620 655 1
296 288 1
1240 1310 1
888 864 1
888 864 1
1184 1152 0.982624
1480 1440 1
444 432 1
148 144 1
744 786 1
1240 1310 1
744 786 1
496 524 1
888 864 1
868 917 1
888 864 1
868 917 0.96502
1240 1310 1
1036 1008 1
1036 1008 0.830689
740 720 1
444 432 1
1116 1179 1
1116 1179 1
620 655 1
620 655 1
248 262 1
1332 1296 0.949362
1036 1008 1
372 393 1
868 917 1
992 1048 1
868 917 1
620 655 0.900887
1240 1310 1
296 288 1
124 131 1
592 576 1
1036 1008 1
1036 1008 1
592 576 1
1240 1310 1
620 655 1
148 144 0.631691
148 144 1
1332 1296 1
444 432 1
496 524 1
1480 1440 1
124 131 1
1240 1310 1
744 786 1
444 432 1
740 720 1
740 720 1
1036 1008 0.75618
1116 1179 1
592 576 1
620 655 1
744 786 1
740 720 1
444 432 1
296 288 1
1480 1440 1
868 917 1
592 576 1
372 393 1
744 786 1
868 917 1
148 144 1
1332 1296 1
1036 1008 1
592 576 1
992 1048 0.814256
888 864 1
868 917 1
372 393 1
1116 1179 1
124 131 1
620 655 1
868 917 1
444 432 1
148 144 1
744 786 1
296 288 1
592 576 1
1184 1152 1
1332 1296 1
296 288 1
248 262 1
1240 1310 0.961909
1240 1310 1
620 655 0.981223
868 917 1
248 262 1
296 288 1
444 432 0.89448
1240 1310 1
1036 1008 1
1184 1152 1
1116 1179 1
1480 1440 1
372 393 1
1036 1008 1
148 144 1
1036 1008 1
248 262 1
1184 1152 1
992 1048 1
992 1048 1
444 432 1
1332 1296 1
296 288 1
1184 1152 1
888 864 0.957639
124 131 1
124 131 1
124 131 1
1332 1296 1
496 524 0.819569
1240 1310 1
1036 1008 1
888 864 0.846356
248 262 1
744 786 1
148 144 1
372 393 1
444 432 1
444 432 1
444 432 1
888 864 1
1480 1440 1
992 1048 1
444 432 1
248 262 1
1240 1310 1
496 524 1
740 720 0.820131
444 432 1
444 432 1
1480 1440 1
444 432 1
592 576 1
1240 1310 1
124 131 1
296 288 1
496 524 1
148 144 1
496 524 1
1332 1296 1
1332 1296 1
744 786 1
1332 1296 1
1036 1008 1
248 262 0.778114
888 864 1
296 288 1
868 917 1
1240 1310 1
744 786 1
1240 1310 1
744 786 0.717476
1184 1152 1
592 576 1
124 131 1
248 262 1
372 393 1
1240 1310 1
992 1048 1
296 288 1
444 432 1
496 524 1
1036 1008 1
296 288 0.874361
1184 1152 1
744 786 1
148 144 0.769466
1240 1310 1
496 524 1
148 144 1
1480 1440 1
372 393 1
992 1048 0.728055
296 288 1
124 131 1
888 864 1
888 864 1
1240 1310 1
888 864 0.736737
888 864 1
124 131 1
372 393 1
620 655 1
1332 1296 1
992 1048 1
740 720 1
444 432 1
888 864 1
296 288 0.895175
1480 1440 1
740 720 1
744 786 1
148 144 1
444 432 1
1480 1440 1
620 655 0.87305
1036 1008 1
1332 1296 1
1480 1440 1
444 432 1
372 393 1
1480 1440 1
1184 1152 1
620 655 1
744 786 1
496 524 1
296 288 0.933547
888 864 0.708757
740 720 1
620 655 0.770168
1036 1008 1
148 144 1
1480 1440 1
888 864 1
1240 1310 1
1184 1152 1
1480 1440 0.781016
888 864 1
1116 1179 1
496 524 1
592 576 1
1036 1008 1
744 786 1
1036 1008 1
372 393 1
620 655 1
372 393 1
1332 1296 1
124 131 1
888 864 1
296 288 1
740 720 1
868 917 1
992 1048 1
124 131 1
1480 1440 1
868 917 0.81939
1116 1179 1
1036 1008 1
1116 1179 1
124 131 1
372 393 1
1240 1310 1
868 917 0.927534
248 262 1
744 786 0.849918
1480 1440 0.968345
1116 1179 1
888 864 1
444 432 1
444 432 1
1240 1310 1
1184 1152 1
444 432 1
620 655 1
296 288 1
1036 1008 1
1332 1296 1
868 917 1
1240 1310 1
992 1048 0.810398
1480 1440 1
372 393 1
444 432 1
992 1048 1
740 720 1
496 524 1
444 432 1
372 393 1
496 524 1
592 576 1
296 288 1
740 720 1
1240 1310 1
888 864 1
1332 1296 1
444 432 1
496 524 1
148 144 1
148 144 1
1036 1008 1
1184 1152 1
1480 1440 0.767202
296 288 1
744 786 1
868 917 1
444 432 1
148 144 1
1036 1008 1
444 432 0.668264
248 262 1
740 720 1
592 576 1
444 432 1
124 131 1
620 655 1
888 864 1
992 1048 1
740 720 1
620 655 1
868 917 1
1240 1310 1
444 432 1
1036 1008 1
248 262 1
1116 1179 1
124 131 1
148 144 1
1332 1296 1
496 524 1
992 1048 1
1480 1440 1
744 786 1
496 524 1
444 432 1
620 655 1
248 262 1
444 432 1
148 144 1
1036 1008 1
1480 1440 1
1332 1296 1
496 524 1
868 917 1
124 131 1
372 393 1
496 524 1
248 262 1
296 288 1
444 432 1
444 432 1
992 1048 1
124 131 1
592 576 1
1240 1310 1
740 720 1
868 917 1
740 720 0.950308
592 576 1
1036 1008 1
1116 1179 1
1332 1296 1
1036 1008 1
740 720 1
444 432 1
248 262 1
296 288 1
740 720 1
148 144 1
868 917 1
592 576 1
496 524 1
868 917 1
744 786 1
744 786 1
740 720 1
296 288 0.849382
1116 1179 1
296 288 0.894719
992 1048 0.908021
1184 1152 0.955971
248 262 1
868 917 1
1240 1310 1
372 393 1
1240 1310 1
868 917 1
1184 1152 1
1480 1440 1
496 524 1
296 288 1
248 262 0.93159
124 131 1
1480 1440 1
148 144 1
1036 1008 0.723012
1332 1296 1
1184 1152 1
296 288 0.865889
1184 1152 1
592 576 1
1116 1179 1
592 576 0.827124
296 288 1
148 144 1
1480 1440 1
744 786 1
1480 1440 1
888 864 1
1184 1152 1
1240 1310 1
888 864 1
248 262 1
496 524 1
592 576 1
248 262 1
248 262 0.93486
1480 1440 1
444 432 1
248 262 1
592 576 1
1184 1152 1
888 864 1
992 1048 1
148 144 1
868 917 1
868 917 1
496 524 1
740 720 1
744 786 0.966247
124 131 1
148 144 1
372 393 1
1116 1179 1
992 1048 1
1184 1152 1
592 576 1
1332 1296 1
620 655 1
1116 1179 1
124 131 1
868 917 1
888 864 1
992 1048 1
740 720 1
888 864 1
124 131 1
1116 1179 1
992 1048 1
1184 1152 0.874554
744 786 1
496 524 1
1184 1152 1
592 576 1
124 131 1
496 524 1
1036 1008 1
740 720 1
868 917 1
372 393 1
248 262 1
592 576 1
1332 1296 1
592 576 1
1240 1310 1
372 393 1
1240 1310 1
1480 1440 1
1036 1008 1
592 576 1
1116 1179 1
372 393 1
124 131 1
992 1048 1
1240 1310 1
296 288 1
296 288 1
1480 1440 1
868 917 1
1240 1310 0.953706
372 393 1
740 720 1
592 576 1
1480 1440 1
592 576 1
444 432 1
620 655 1
992 1048 1
1240 1310 1
1240 1310 0.911337
740 720 1
740 720 1
496 524 0.892203
1036 1008 1
992 1048 0.927069
1480 1440 1
1036 1008 1
592 576 1
592 576 1
1332 1296 1
1332 1296 1
744 786 1
496 524 1
148 144 1
148 144 1
740 720 0.891159
740 720 1
592 576 1
740 720 0.857148
1480 1440 1
992 1048 1
1240 1310 1
744 786 1
444 432 1
1332 1296 1
1332 1296 1
1332 1296 1
992 1048 1
1332 1296 1
868 917 0.570055
496 524 1
888 864 1
248 262 1
1480 1440 0.709991
992 1048 1
992 1048 1
248 262 1
124 131 0.922194
248 262 1
1116 1179 1
1240 1310 1
992 1048 1
992 1048 0.917174
1332 1296 1
620 655 1
296 288 1
592 576 1
372 393 1
372 393 1
992 1048 1
1116 1179 1
1036 1008 1
1116 1179 1
1184 1152 1
296 288 1
1116 1179 0.451374
1116 1179 0.832552
1240 1310 1
1240 1310 1
496 524 1
620 655 1
148 144 1
1036 1008 1
620 655 1
496 524 1
1480 1440 1
124 131 0.954591
868 917 1
992 1048 1
1240 1310 1
124 131 1
248 262 1
744 786 1
444 432 1
372 393 1
124 131 1
1240 1310 1
740 720 1
496 524 1
868 917 1
620 655 0.920898
744 786 1
1332 1296 1
1332 1296 1
740 720 1
740 720 1
888 864 1
1480 1440 0.854916
124 131 1
444 432 1
1184 1152 1
1480 1440 1
620 655 1
148 144 1
1184 1152 1
1116 1179 1
148 144 1
1036 1008 1
148 144 1
992 1048 1
1240 1310 1
740 720 1
1184 1152 1
1332 1296 0.859307
1036 1008 1
1036 1008 1
148 144 0.869687
1332 1296 1
1480 1440 1
124 131 1
496 524 1
1332 1296 1
1332 1296 1
1184 1152 1
592 576 1
296 288 1
296 288 1
868 917 1
888 864 1
1240 1310 1
372 393 0.74549
248 262 1
868 917 1
592 576 1
444 432 0.850782
296 288 1
1116 1179 1
744 786 1
1036 1008 1
444 432 1
444 432 1
1240 1310 1
372 393 1
444 432 1
744 786 1
888 864 1
740 720 1
740 720 1
372 393 1
1116 1179 0.946519
148 144 1
1240 1310 0.856378
148 144 1
620 655 1
868 917 0.885575
744 786 1
148 144 1
1116 1179 1
1240 1310 1
248 262 1
148 144 1
1116 1179 0.917868
740 720 1
372 393 1
148 144 1
888 864 1
1036 1008 1
124 131 1
248 262 1
1036 1008 1
1480 1440 0.923447
124 131 1
1184 1152 1
620 655 1
888 864 1
372 393 1
1036 1008 0.767195
620 655 1
296 288 1
444 432 1
148 144 1
1036 1008 1
592 576 1
1116 1179 0.754771
744 786 1
248 262 0.876759
740 720 1
1184 1152 1
744 786 1
740 720 1
248 262 0.933893
1332 1296 1
620 655 1
496 524 0.77067
148 144 1
744 786 1
1332 1296 1
1480 1440 1
1184 1152 1
496 524 1
296 288 1
592 576 0.668597
248 262 1
1184 1152 1
620 655 1
1116 1179 1
992 1048 1
1240 1310 0.980009
296 288 1
992 1048 1
1480 1440 1
1116 1179 1
124 131 1
496 524 0.639504
496 524 1
592 576 1
1332 1296 1
1116 1179 1
992 1048 1
592 576 1
888 864 1
592 576 1
1480 1440 1
496 524 1
1116 1179 1
1184 1152 1
372 393 1
372 393 1
372 393 1
1480 1440 1
496 524 1
740 720 1
124 131 1
1184 1152 1
372 393 1
1240 1310 1
1480 1440 1
744 786 1
1184 1152 1
1116 1179 1
124 131 1
496 524 1
148 144 1
1036 1008 1
620 655 1
444 432 1
372 393 1
888 864 1
888 864 1
1036 1008 1
992 1048 1
1116 1179 1
148 144 1
496 524 1
1332 1296 1
888 864 1
868 917 0.827379
124 131 1
1036 1008 1
592 576 0.765948
620 655 1
1240 1310 1
592 576 1
1240 1310 1
740 720 1
496 524 1
1184 1152 1
592 576 1
868 917 1
296 288 1
296 288 1
372 393 1
296 288 1
592 576 1
1240 1310 1
444 432 1
992 1048 1
592 576 1
592 576 1
148 144 1
124 131 1
592 576 1
296 288 1
1116 1179 1
1240 1310 1
1480 1440 1
1184 1152 1
1332 1296 1
1036 1008 0.85133
888 864 1
496 524 1
444 432 1
1116 1179 1
496 524 1
372 393 0.82781
148 144 1
148 144 1
1240 1310 1
148 144 1
1036 1008 1
740 720 1
124 131 1
1116 1179 1
372 393 1
1116 1179 1
1480 1440 1
740 720 1
296 288 1
888 864 1
372 393 1
744 786 1
992 1048 1
444 432 1
496 524 1
1240 1310 1
124 131 1
888 864 0.806744
1184 1152 1
620 655 1
1184 1152 1
296 288 1
744 786 1
1240 1310 1
296 288 1
248 262 1
1036 1008 1
444 432 0.898591
1116 1179 1
868 917 0.87455
124 131 1
1480 1440 1
868 917 1
868 917 1
620 655 1
296 288 1
248 262 1
1184 1152 1
888 864 1
1240 1310 0.632323
444 432 1
620 655 1
372 393 1
992 1048 0.876001
1116 1179 1
744 786 1
1480 1440 1
248 262 1
620 655 1
372 393 1
868 917 1
868 917 1
372 393 1
248 262 1
372 393 1
1036 1008 1
296 288 1
444 432 0.899181
444 432 0.920657
1036 1008 1
740 720 1
1332 1296 1
296 288 1
744 786 1
372 393 1
1184 1152 1
1240 1310 1
592 576 1
372 393 1
744 786 1
296 288 1
740 720 1
1240 1310 0.856588
744 786 1
248 262 1
372 393 0.749801
740 720 1
248 262 1
1036 1008 1
1332 1296 1
296 288 1
496 524 1
620 655 1
592 576 1
148 144 1
124 131 1
868 917 1
444 432 1
1480 1440 1
1332 1296 1
592 576 1
296 288 1
1240 1310 1
868 917 1
1036 1008 1
248 262 1
124 131 1
740 720 1
296 288 1
248 262 1
1480 1440 1
296 288 1
248 262 1
248 262 1
1480 1440 1
496 524 1
124 131 1
992 1048 1
1184 1152 1
248 262 1
740 720 1
740 720 1
888 864 1
1184 1152 1
496 524 1
592 576 1
1116 1179 1
148 144 1
1036 1008 1
1184 1152 1
992 1048 1
888 864 1
124 131 1
1332 1296 1
1332 1296 1
992 1048 1
888 864 1
592 576 1
868 917 1
888 864 0.864822
620 655 1
372 393 1
592 576 1
1240 1310 1
1480 1440 1
868 917 1
888 864 1
1184 1152 1
868 917 1
744 786 1
620 655 1
1240 1310 1
744 786 1
496 524 1
888 864 1
992 1048 1
124 131 0.795256
744 786 1
496 524 1
444 432 1
1184 1152 1
620 655 0.839755
1116 1179 1
740 720 1
868 917 1
444 432 0.860726
444 432 0.985947
992 1048 1
1240 1310 1
1036 1008 1
592 576 1
496 524 1
124 131 1
372 393 1
620 655 1
592 576 1
1036 1008 1
868 917 1
296 288 1
248 262 1
1332 1296 1
148 144 1
1332 1296 0.764303
592 576 1
992 1048 1
1480 1440 1
868 917 1
248 262 0.837146
1116 1179 0.656265
868 917 1
1036 1008 0.547161
248 262 1
888 864 1
992 1048 1
296 288 1
620 655 1
744 786 1
1332 1296 1
1240 1310 1
1116 1179 0.895727
744 786 1
444 432 0.877721
1480 1440 1
592 576 1
1332 1296 0.890007
1332 1296 1
1240 1310 1
496 524 1
888 864 1
744 786 1
620 655 0.849335
444 432 1
296 288 1
248 262 1
372 393 1
1116 1179 1
868 917 1
1332 1296 1
1116 1179 1
1116 1179 1
744 786 1
124 131 0.7854
444 432 0.813542
620 655 1
372 393 1
444 432 1
124 131 1
1480 1440 1
296 288 0.765727
1480 1440 1
124 131 1
992 1048 1
496 524 1
248 262 1
592 576 1
888 864 1
444 432 0.992433
592 576 1
1036 1008 1
888 864 1
1036 1008 1
592 576 0.897121
148 144 1
1184 1152 0.70863
372 393 1
1480 1440 0.691025
1480 1440 1
1332 1296 1
620 655 1
1116 1179 1
1240 1310 1
592 576 1
1240 1310 1
1184 1152 1
444 432 1
1184 1152 1
496 524 1
744 786 1
1116 1179 1
444 432 1
620 655 0.791001
592 576 1
148 144 1
124 131 1
1036 1008 1
868 917 1
992 1048 1
124 131 1
148 144 1
296 288 1
148 144 0.832184
124 131 1
1240 1310 1
296 288 1
496 524 1
372 393 0.87409
740 720 1
620 655 1
744 786 0.851196
248 262 1
148 144 1
248 262 1
888 864 1
372 393 0.907438
1184 1152 1
1480 1440 1
296 288 1
744 786 1
744 786 1
444 432 1
1480 1440 1
444 432 1
496 524 1
744 786 0.903166
1036 1008 1
248 262 1
868 917 1
296 288 1
248 262 1
592 576 1
296 288 1
444 432 1
1184 1152 0.867124
620 655 1
992 1048 1
868 917 1
1240 1310 1
1332 1296 1
868 917 1
888 864 0.842068
620 655 0.871725
372 393 1
1240 1310 1
740 720 1
1116 1179 0.715938
868 917 1
1480 1440 1
1116 1179 1
1116 1179 1
496 524 1
592 576 1
496 524 1
1184 1152 1
744 786 1
744 786 1
1332 1296 1
1036 1008 1
1240 1310 1
1480 1440 1
620 655 1
248 262 0.641635
868 917 1
148 144 1
744 786 1
296 288 1
444 432 1
248 262 1
444 432 0.853191
124 131 1
372 393 1
592 576 1
372 393 1
592 576 1
496 524 1
148 144 0.738102
744 786 1
372 393 1
372 393 1
620 655 1
620 655 0.742536
888 864 1
888 864 1
1240 1310 1
992 1048 1
1116 1179 0.889634
1036 1008 1
1036 1008 1
124 131 1
592 576 0.877407
620 655 1
496 524 1
992 1048 1
1184 1152 1
372 393 1
744 786 1
1036 1008 1
1480 1440 1
868 917 1
444 432 1
868 917 1
124 131 1
1240 1310 1
1184 1152 1
740 720 1
1116 1179 1
620 655 1
620 655 1
620 655 0.83182
992 1048 1
444 432 0.709672
1332 1296 1
1036 1008 1
1036 1008 1
992 1048 0.915988
1184 1152 1
868 917 1
740 720 1
1332 1296 1
1036 1008 0.910213
444 432 1
888 864 1
1036 1008 1
1332 1296 1
740 720 0.858162
868 917 1
444 432 1
124 131 1
868 917 0.717858
1184 1152 1
1332 1296 1
1036 1008 1
868 917 1
740 720 1
1480 1440 1
496 524 1
592 576 1
248 262 1
496 524 1
148 144 1
592 576 1
592 576 1
496 524 1
592 576 1
444 432 1
1332 1296 0.904881
1184 1152 1
296 288 1
372 393 1
888 864 1
1332 1296 1
372 393 0.622315
1116 1179 0.848757
1184 1152 1
372 393 1
444 432 1
296 288 1
1116 1179 1
372 393 1
444 432 1
148 144 1
888 864 1
1480 1440 1
1480 1440 1
444 432 1
744 786 1
1184 1152 1
496 524 1
496 524 1
1240 1310 1
744 786 1
1240 1310 0.874753
1332 1296 1
1036 1008 1
620 655 1
372 393 1
1184 1152 1
1480 1440 1
1480 1440 1
248 262 1
868 917 1
744 786 1
444 432 1
372 393 1
592 576 1
148 144 1
1036 1008 0.405914
372 393 1
148 144 1
124 131 1
744 786 1
744 786 1
148 144 1
124 131 0.916458
248 262 1
868 917 1
740 720 1
372 393 1
888 864 1
1480 1440 1
592 576 1
444 432 1
1036 1008 1
248 262 1
1332 1296 1
1184 1152 1
1480 1440 1
1480 1440 1
148 144 0.596498
1240 1310 1
620 655 1
592 576 1
296 288 1
620 655 1
868 917 1
740 720 1
1240 1310 1
296 288 1
148 144 1
1240 1310 1
148 144 1
1036 1008 1
868 917 1
1480 1440 1
592 576 1
744 786 1
1332 1296 1
1332 1296 1
1184 1152 1
1116 1179 1
620 655 1
124 131 1
1480 1440 1
592 576 1
740 720 0.9164
744 786 1
992 1048 1
744 786 1
248 262 1
1184 1152 1
1116 1179 0.916704
620 655 1
444 432 1
1332 1296 1
592 576 1
372 393 1
868 917 1
1116 1179 1
124 131 1
744 786 1
744 786 1
372 393 1
888 864 0.62484
148 144 1
888 864 1
992 1048 1
1480 1440 1
148 144 1
740 720 1
1240 1310 1
1240 1310 1
1184 1152 1
592 576 1
1184 1152 0.801611
1240 1310 1
740 720 1
1036 1008 1
148 144 1
992 1048 1
868 917 1
296 288 1
592 576 1
1332 1296 1
592 576 1
124 131 0.639458
372 393 0.767641
1240 1310 1
1240 1310 1
1240 1310 1
868 917 1
1184 1152 1
372 393 1
888 864 1
1480 1440 1
496 524 1
888 864 1
248 262 1
124 131 1
868 917 1
1480 1440 1
1240 1310 1
744 786 1
372 393 1
744 786 1
1332 1296 1
372 393 1
1036 1008 1
148 144 1
1332 1296 1
444 432 1
1036 1008 1
992 1048 1
1036 1008 0.924072
1184 1152 1
248 262 1
1332 1296 1
740 720 1
868 917 1
592 576 1
1184 1152 1
992 1048 1
1332 1296 1
868 917 1
148 144 1
868 917 1
372 393 1
592 576 1
248 262 1
248 262 1
148 144 1
444 432 1
744 786 1
124 131 1
744 786 1
1332 1296 0.611607
148 144 1
888 864 1
744 786 1
1184 1152 1
888 864 1
372 393 1
296 288 1
888 864 0.897116
1332 1296 0.858156
1116 1179 1
1184 1152 1
992 1048 1
496 524 1
372 393 1
1184 1152 1
888 864 0.701481
248 262 1
1332 1296 1
148 144 0.886107
124 131 0.861764
444 432 1
496 524 1
124 131 1
744 786 1
992 1048 1
620 655 1
592 576 1
1240 1310 1
1116 1179 1
444 432 1
1116 1179 1
496 524 1
1036 1008 0.853557
620 655 1
592 576 1
868 917 1
1116 1179 1
248 262 1
496 524 1
1332 1296 0.72329
992 1048 1
1036 1008 1
296 288 1
592 576 1
296 288 1
1184 1152 1
888 864 0.939306
372 393 0.528155
592 576 1
888 864 1
1240 1310 1
1184 1152 1
124 131 1
148 144 1
592 576 1
1036 1008 1
868 917 1
1036 1008 1
1332 1296 1
740 720 0.932256
124 131 1
1184 1152 1
148 144 1
1332 1296 1
1036 1008 1
1240 1310 1
372 393 1
1240 1310 0.932401
868 917 1
592 576 1
740 720 1
868 917 1
248 262 1
296 288 1
372 393 1
124 131 1
744 786 0.897528
248 262 1
868 917 1
1116 1179 1
148 144 1
992 1048 1
1116 1179 1
248 262 1
148 144 1
1184 1152 1
1116 1179 1
296 288 1
124 131 1
1332 1296 1
296 288 1
888 864 1
372 393 1
1240 1310 1
372 393 1
496 524 1
124 131 1
1036 1008 1
1036 1008 1
248 262 1
868 917 1
444 432 1
620 655 1
1116 1179 1
868 917 1
1184 1152 1
1240 1310 1
868 917 1
740 720 1
444 432 1
248 262 1
620 655 1
148 144 1
888 864 1
1116 1179 1
744 786 1
1240 1310 1
124 131 1
148 144 1
372 393 1
1332 1296 1
496 524 1
888 864 1
1480 1440 1
620 655 1
620 655 1
888 864 1
620 655 1
1184 1152 1
248 262 1
124 131 1
740 720 1
888 864 1
248 262 1
1332 1296 1
148 144 0.869743
888 864 0.870285
1480 1440 1
148 144 1
592 576 1
992 1048 1
620 655 0.984912
1480 1440 1
592 576 1
372 393 1
148 144 1
124 131 1
296 288 1
592 576 1
372 393 1
888 864 1
992 1048 1
592 576 1
592 576 1
1332 1296 1
888 864 1
1480 1440 1
620 655 0.935153
1480 1440 1
1240 1310 0.908141
992 1048 1
1116 1179 1
296 288 1
148 144 0.744708
1332 1296 0.722625
124 131 1
620 655 0.94486
372 393 1
1036 1008 1
296 288 0.785808
496 524 1
1332 1296 1
592 576 1
444 432 1
740 720 1
148 144 0.958014
148 144 1
148 144 1
248 262 1
1332 1296 1
992 1048 1
296 288 1
444 432 1
248 262 1
496 524 1
1240 1310 1
124 131 1
868 917 1
1240 1310 0.952917
1332 1296 1
296 288 0.823956
620 655 1
992 1048 1
1240 1310 1
744 786 1
372 393 1
1116 1179 1
296 288 1
1240 1310 1
992 1048 1
1184 1152 0.403066
1116 1179 0.878985
1332 1296 1
1184 1152 1
888 864 1
1116 1179 1
496 524 1
868 917 1
1184 1152 1
248 262 1
888 864 1
444 432 1
148 144 0.716207
1184 1152 1
296 288 1
740 720 1
1036 1008 1
1184 1152 1
1116 1179 0.82337
296 288 1
1480 1440 1
740 720 0.899474
296 288 1
496 524 1
744 786 1
868 917 1
124 131 1
148 144 1
296 288 1
444 432 1
740 720 1
1480 1440 1
372 393 1
592 576 1
372 393 1
744 786 1
124 131 1
1116 1179 1
1240 1310 0.655025
1184 1152 0.715742
620 655 1
1332 1296 1
592 576 1
868 917 1
1480 1440 1
744 786 1
496 524 1
1036 1008 1
868 917 1
868 917 1
444 432 1
1116 1179 1
888 864 1
444 432 1
496 524 1
148 144 1
1184 1152 1
592 576 1
296 288 1
592 576 1
992 1048 1
620 655 1
296 288 1
1036 1008 1
296 288 1
592 576 1
1036 1008 1
1240 1310 0.962833
744 786 1
296 288 0.989284
444 432 1
372 393 1
888 864 1
444 432 1
248 262 1
496 524 1
372 393 1
496 524 1
888 864 1
992 1048 1
1184 1152 1
1116 1179 1
992 1048 1
444 432 1
1116 1179 1
248 262 0.806693
1184 1152 1
124 131 1
1240 1310 1
868 917 1
868 917 1
1184 1152 0.816521
1480 1440 0.703751
372 393 1
888 864 1
372 393 1
1036 1008 1
888 864 1
1036 1008 1
248 262 1
1332 1296 1
744 786 1
372 393 1
296 288 1
1036 1008 1
444 432 1
1480 1440 1
296 288 1
248 262 1
592 576 0.726038
888 864 1
888 864 1
740 720 1
888 864 1
1036 1008 1
444 432 1
248 262 1
992 1048 1
1184 1152 1
1184 1152 1
888 864 1
124 131 1
1480 1440 1
1480 1440 1
744 786 1
1184 1152 1
620 655 1
888 864 1
868 917 1
296 288 1
148 144 1
620 655 1
444 432 1
740 720 1
1036 1008 1
1036 1008 1
1480 1440 1
496 524 1
124 131 1
992 1048 1
1480 1440 1
1036 1008 1
744 786 1
1036 1008 1
740 720 1
296 288 1
744 786 1
888 864 1
496 524 1
1240 1310 1
992 1048 1
992 1048 1
592 576 1
1480 1440 1
496 524 1
148 144 1
296 288 0.906363
296 288 1
372 393 0.950312
592 576 1
1480 1440 1
592 576 1
744 786 1
1480 1440 1
248 262 1
592 576 0.874799
248 262 1
744 786 1
620 655 0.788007
992 1048 1
148 144 1
372 393 1
888 864 1
1332 1296 1
444 432 1
372 393 1
888 864 1
1480 1440 1
868 917 1
444 432 1
1240 1310 1
496 524 1
372 393 1
1480 1440 1
592 576 1
1184 1152 0.70133
496 524 1
124 131 1
868 917 1
296 288 1
248 262 1
992 1048 1
148 144 1
372 393 1
1116 1179 1
248 262 1
1332 1296 1
1116 1179 1
496 524 1
1116 1179 1
248 262 1
888 864 1
148 144 0.992539
592 576 1
1332 1296 1
888 864 1
1184 1152 1
124 131 1
1332 1296 1
868 917 1
1184 1152 1
1240 1310 0.831599
444 432 1
1240 1310 1
296 288 1
296 288 1
992 1048 1
888 864 1
1184 1152 1
444 432 0.868373
740 720 1
444 432 1
1184 1152 1
992 1048 1
1480 1440 1
372 393 1
496 524 1
1480 1440 1
1240 1310 1
992 1048 1
992 1048 0.945991
444 432 1
124 131 1
372 393 1
1116 1179 1
744 786 1
888 864 1
124 131 1
124 131 1
740 720 1
148 144 1
1184 1152 0.902057
1184 1152 0.976151
1480 1440 0.905042
248 262 1
1116 1179 1
620 655 1
248 262 1
296 288 1
620 655 1
888 864 1
592 576 1
1332 1296 0.945307
372 393 1
868 917 1
744 786 1
868 917 0.799851
1240 1310 1
1036 1008 1
124 131 1
592 576 1
1184 1152 1
444 432 1
592 576 1
740 720 1
1036 1008 1
620 655 1
248 262 1
1480 1440 1
1240 1310 1
296 288 1
868 917 1
1240 1310 1
740 720 1
1480 1440 1
744 786 0.973496
744 786 1
740 720 1
296 288 1
888 864 1
248 262 1
148 144 1
620 655 1
1116 1179 1
1240 1310 1
1184 1152 0.84751
992 1048 1
1116 1179 1
124 131 1
744 786 1
592 576 1
248 262 1
740 720 0.912021
620 655 1
740 720 1
744 786 1
124 131 1
1036 1008 0.913703
496 524 1
1184 1152 1
1480 1440 1
1116 1179 1
296 288 1
744 786 1
444 432 1
888 864 1
1184 1152 1
148 144 1
744 786 1
888 864 1
124 131 1
1184 1152 1
744 786 0.662209
1036 1008 1
740 720 1
124 131 1
620 655 1
620 655 1
1184 1152 1
744 786 1
1240 1310 1
888 864 1
744 786 1
372 393 1
444 432 1
868 917 1
992 1048 1
1332 1296 1
868 917 1
992 1048 1
868 917 1
124 131 1
1480 1440 1
992 1048 1
992 1048 1
148 144 0.932388
248 262 1
248 262 1
1480 1440 1
1184 1152 0.754552
1240 1310 1
1480 1440 1
992 1048 1
296 288 1
444 432 1
992 1048 1
1116 1179 1
1036 1008 0.94848
1240 1310 1
1116 1179 1
1240 1310 1
1036 1008 1
444 432 1
444 432 1
592 576 1
868 917 1
1036 1008 1
1184 1152 1
372 393 1
620 655 1
744 786 1
296 288 1
744 786 1
1332 1296 1
1480 1440 1
744 786 1
444 432 1
296 288 1
592 576 1
740 720 1
372 393 1
148 144 1
148 144 1
444 432 1
868 917 1
1240 1310 1
148 144 1
1116 1179 1
296 288 0.630285
1240 1310 1
1332 1296 1
496 524 1
1480 1440 0.889086
620 655 1
1116 1179 0.957979
592 576 0.646524
992 1048 1
740 720 1
1240 1310 0.940714
1332 1296 1
620 655 1
444 432 1
124 131 1
248 262 1
148 144 0.852394
744 786 1
1332 1296 1
868 917 1
444 432 1
496 524 1
1036 1008 1
444 432 1
1116 1179 1
1036 1008 1
444 432 1
296 288 1
1332 1296 1
1036 1008 1
124 131 1
1116 1179 1
1036 1008 1
248 262 1
148 144 1
744 786 0.832023
888 864 1
592 576 1
248 262 1
372 393 1
1480 1440 1
124 131 1
620 655 0.71907
296 288 1
744 786 1
620 655 1
888 864 1
372 393 0.942196
740 720 1
1480 1440 1
620 655 1
1036 1008 1
992 1048 1
1332 1296 0.715031
496 524 1
496 524 0.757492
592 576 1
1036 1008 1
124 131 1
744 786 1
992 1048 1
124 131 1
372 393 1
296 288 1
124 131 1
992 1048 1
740 720 1
620 655 1
1480 1440 1
744 786 0.764574
992 1048 1
1332 1296 1
372 393 1
1480 1440 1
740 720 1
372 393 1
1036 1008 1
620 655 1
496 524 1
124 131 1
496 524 1
992 1048 1
1116 1179 0.703875
124 131 1
1184 1152 1
1332 1296 1
740 720 1
592 576 1
620 655 1
496 524 1
372 393 1
992 1048 1
1036 1008 1
592 576 1
992 1048 1
992 1048 1
124 131 1
148 144 0.740796
1480 1440 1
620 655 1
148 144 1
1116 1179 1
444 432 1
1036 1008 1
592 576 1
248 262 1
868 917 1
868 917 0.733246
444 432 1
1116 1179 1
620 655 1
1332 1296 1
868 917 0.724378
444 432 1
148 144 1
740 720 1
148 144 1
124 131 1
592 576 1
620 655 1
124 131 1
1036 1008 1
992 1048 1
744 786 1
868 917 1
1184 1152 1
992 1048 1
1184 1152 1
496 524 0.959826
1036 1008 1
1116 1179 1
248 262 1
744 786 1
1480 1440 1
592 576 1
444 432 1
444 432 1
372 393 1
1480 1440 1
1480 1440 1
296 288 1
124 131 1
620 655 1
992 1048 1
1240 1310 1
592 576 1
1240 1310 1
868 917 1
1036 1008 1
1116 1179 1
372 393 1
1116 1179 1
496 524 1
124 131 1
1116 1179 1
992 1048 1
1240 1310 1
1332 1296 1
148 144 1
444 432 1
1116 1179 1
868 917 1
744 786 1
248 262 1
888 864 0.705611
124 131 1
1240 1310 1
496 524 1
744 786 1
992 1048 1
296 288 0.887045
1184 1152 1
1240 1310 0.880472
1184 1152 1
1240 1310 1
744 786 1
620 655 1
296 288 1
1480 1440 1
496 524 0.955985
620 655 0.882089
372 393 1
1184 1152 1
1184 1152 1
1184 1152 1
496 524 0.598409
148 144 1
992 1048 1
740 720 1
592 576 1
620 655 0.836333
744 786 1
868 917 0.655555
124 131 1
372 393 1
1240 1310 1
296 288 1
992 1048 0.739699
248 262 1
444 432 1
868 917 1
1240 1310 0.906524
1036 1008 0.816362
1480 1440 1
496 524 1
1184 1152 1
1184 1152 1
496 524 1
1116 1179 1
296 288 1
296 288 1
992 1048 1
372 393 1
740 720 0.845821
740 720 0.9083
992 1048 1
248 262 0.925928
868 917 1
744 786 0.905704
1036 1008 1
1036 1008 1
1036 1008 0.736455
296 288 1
1184 1152 1
296 288 1
372 393 1
444 432 1
248 262 0.798011
496 524 1
1116 1179 0.840716
372 393 0.931476
1480 1440 1
620 655 1
148 144 1
1184 1152 1
1184 1152 1
372 393 1
1116 1179 1
124 131 1
868 917 0.957402
1332 1296 1
1332 1296 0.925909
620 655 1
868 917 1
888 864 1
148 144 1
592 576 0.971902
444 432 1
496 524 1
868 917 1
496 524 1
1480 1440 1
496 524 1
592 576 1
1184 1152 1
1116 1179 1
1036 1008 1
888 864 1
148 144 1
124 131 1
1184 1152 1
592 576 1
868 917 1
1480 1440 1
1036 1008 1
620 655 1
296 288 1
496 524 1
1036 1008 0.717568
740 720 1
372 393 1
124 131 1
740 720 1
124 131 1
496 524 1
296 288 1
372 393 1
620 655 1
496 524 1
620 655 0.860494
620 655 1
296 288 1
744 786 1
592 576 1
296 288 1
372 393 1
868 917 1
1240 1310 1
992 1048 1
1116 1179 1
744 786 1
740 720 1
1184 1152 1
496 524 1
296 288 1
744 786 1
148 144 1
296 288 1
1240 1310 1
372 393 0.927007
744 786 0.849311
496 524 1
992 1048 1
1332 1296 1
372 393 1
148 144 0.974483
296 288 1
868 917 1
992 1048 1
1332 1296 1
148 144 1
496 524 1
992 1048 1
1480 1440 1
1116 1179 1
1036 1008 0.874605
592 576 1
296 288 1
124 131 1
744 786 1
620 655 1
1240 1310 1
592 576 1
248 262 1
1116 1179 1
372 393 1
992 1048 1
1184 1152 1
1036 1008 1
124 131 0.636762
1240 1310 1
1116 1179 1
148 144 1
868 917 1
248 262 0.90782
888 864 1
888 864 1
592 576 1
1240 1310 1
1184 1152 0.657968
1116 1179 1
992 1048 1
1480 1440 1
1480 1440 1
496 524 1
248 262 1
1184 1152 1
868 917 1
740 720 1
372 393 1
992 1048 1
1036 1008 1
620 655 1
868 917 1
592 576 1
592 576 1
1480 1440 0.805017
620 655 1
992 1048 1
1036 1008 0.892855
744 786 1
1116 1179 1
740 720 1
744 786 0.680772
148 144 1
372 393 1
1332 1296 1
1240 1310 1
1240 1310 1
1116 1179 1
740 720 1
1184 1152 1
124 131 0.819069
592 576 1
620 655 1
1332 1296 1
496 524 1
744 786 1
1184 1152 1
496 524 1
444 432 1
740 720 1
1184 1152 0.968391
868 917 1
620 655 1
888 864 1
372 393 1
1332 1296 1
592 576 1
1480 1440 1
744 786 1
744 786 0.66831
296 288 1
496 524 1
888 864 1
124 131 1
444 432 1
992 1048 1
444 432 1
888 864 1
1184 1152 1
868 917 1
888 864 1
372 393 0.750767
148 144 1
1036 1008 1
1480 1440 1
592 576 1
372 393 0.707466
148 144 1
868 917 1
1036 1008 1
744 786 1
1480 1440 1
1332 1296 1
1116 1179 1
868 917 1
744 786 1
296 288 1
992 1048 1
868 917 1
1184 1152 1
444 432 1
1184 1152 1
868 917 1
496 524 1
1240 1310 1
1240 1310 1
740 720 1
620 655 1
744 786 1
1116 1179 1
1480 1440 1
1240 1310 0.63091
744 786 1
148 144 1
496 524 1
444 432 1
296 288 1
1116 1179 1
1480 1440 1
1184 1152 1
148 144 1
1480 1440 1
148 144 1
1480 1440 1
148 144 1
1116 1179 1
1332 1296 1
592 576 0.853378
1036 1008 1
1240 1310 1
1036 1008 1
148 144 1
1332 1296 1
740 720 1
444 432 1
1240 1310 1
620 655 1
124 131 1
372 393 1
620 655 1
992 1048 1
1240 1310 1
744 786 1
1036 1008 1
868 917 1
372 393 1
888 864 1
1332 1296 1
372 393 1
992 1048 1
1480 1440 1
1480 1440 1
124 131 1
1116 1179 0.968725
124 131 1
888 864 1
248 262 1
444 432 1
1184 1152 1
592 576 1
992 1048 1
1036 1008 1
1184 1152 1
124 131 1
1332 1296 1
1036 1008 1
1240 1310 1
296 288 1
868 917 1
620 655 1
1480 1440 1
592 576 1
1036 1008 1
496 524 0.961016
868 917 1
444 432 1
992 1048 1
868 917 1
1332 1296 1
740 720 1
1480 1440 1
296 288 1
496 524 1
744 786 1
496 524 1
868 917 1
744 786 1
444 432 1
1332 1296 1
124 131 1
744 786 1
1184 1152 1
296 288 1
1116 1179 1
496 524 0.832
444 432 1
620 655 1
1480 1440 1
1240 1310 1
248 262 1
868 917 1
1240 1310 0.897833
1116 1179 1
124 131 1
744 786 1
444 432 1
1332 1296 1
148 144 1
372 393 0.961288
1332 1296 1
888 864 1
620 655 1
744 786 1
1240 1310 1
592 576 1
744 786 1
124 131 1
592 576 1
372 393 1
444 432 1
296 288 1
740 720 1
1036 1008 1
1480 1440 1
992 1048 1
1480 1440 1
740 720 1
148 144 1
372 393 1
868 917 1
740 720 1
444 432 1
496 524 1
744 786 1
992 1048 1
740 720 1
148 144 1
740 720 1
372 393 1
1184 1152 1
372 393 1
1332 1296 0.851338
248 262 1
620 655 1
444 432 1
1480 1440 1
1116 1179 1
444 432 1
248 262 1
592 576 1
868 917 1
868 917 0.810087
1480 1440 1
124 131 1
1240 1310 1
1332 1296 1
372 393 1
1184 1152 1
1184 1152 1
444 432 1
1116 1179 1
992 1048 1
1332 1296 1
444 432 1
124 131 1
124 131 1
124 131 1
496 524 1
444 432 1
620 655 1
248 262 1
496 524 1
1240 1310 1
248 262 1
620 655 1
148 144 0.73952
444 432 1
620 655 1
124 131 1
1480 1440 1
496 524 1
1240 1310 0.899858
1184 1152 0.85799
444 432 1
1184 1152 1
620 655 1
592 576 1
496 524 0.8492
296 288 1
744 786 1
1116 1179 1
248 262 1
372 393 1
868 917 1
888 864 1
444 432 1
620 655 1
372 393 0.947677
992 1048 1
1480 1440 1
148 144 1
1480 1440 1
744 786 1
592 576 1
124 131 1
992 1048 0.842276
740 720 1
496 524 1
1184 1152 1
496 524 1
1184 1152 1
868 917 1
740 720 1
1480 1440 1
744 786 1
248 262 1
992 1048 1
740 720 1
1332 1296 1
1332 1296 1
1184 1152 1
1116 1179 1
1036 1008 0.736499
740 720 1
444 432 1
740 720 1
296 288 1
740 720 1
1480 1440 1
372 393 1
444 432 1
1036 1008 1
148 144 1
1036 1008 1
1116 1179 1
1116 1179 1
1240 1310 1
148 144 1
496 524 1
248 262 1
1184 1152 1
1480 1440 1
1036 1008 1
868 917 1
444 432 1
888 864 1
888 864 1
888 864 1
444 432 1
740 720 1
620 655 1
1184 1152 1
888 864 1
372 393 1
148 144 1
1480 1440 1
1036 1008 1
1116 1179 1
444 432 1
744 786 1
296 288 1
888 864 1
248 262 1
148 144 1
248 262 1
444 432 1
1036 1008 1
1480 1440 1
1240 1310 1
888 864 1
592 576 1
296 288 1
148 144 1
248 262 1
1036 1008 1
1240 1310 1
868 917 1
1116 1179 1
1332 1296 1
296 288 1
1480 1440 1
248 262 1
1116 1179 1
1240 1310 1
888 864 1
372 393 0.84038
444 432 1
248 262 1
868 917 1
1240 1310 1
1184 1152 1
868 917 1
992 1048 1
296 288 1
1184 1152 1
148 144 1
444 432 1
992 1048 1
124 131 1
592 576 1
1332 1296 1
868 917 1
1116 1179 1
1332 1296 0.82816
1332 1296 1
1184 1152 1
1184 1152 1
620 655 1
868 917 1
1036 1008 1
740 720 1
372 393 1
444 432 1
444 432 1
1332 1296 1
372 393 1
888 864 1
1480 1440 1
296 288 1
1036 1008 1
148 144 1
740 720 1
868 917 1
1480 1440 1
124 131 1
444 432 1
1184 1152 1
1332 1296 1
592 576 1
124 131 1
444 432 1
296 288 1
888 864 1
496 524 1
592 576 1
592 576 1
744 786 1
744 786 1
888 864 1
1184 1152 0.837667
444 432 1
888 864 1
1332 1296 1
868 917 1
1184 1152 1
496 524 1
868 917 1
992 1048 1
740 720 1
1036 1008 1
496 524 0.590389
1240 1310 1
620 655 1
744 786 1
888 864 1
592 576 1
296 288 1
1332 1296 1
740 720 1
372 393 1
444 432 1
148 144 1
744 786 0.721338
1480 1440 1
496 524 1
744 786 1
296 288 1
744 786 1
888 864 1
124 131 1
888 864 1
1116 1179 1
1480 1440 1
744 786 1
496 524 1
248 262 1
620 655 1
888 864 1
496 524 1
744 786 1
444 432 0.953549
992 1048 1
740 720 1
1332 1296 1
1036 1008 1
444 432 1
1480 1440 1
868 917 1
148 144 1
1240 1310 1
868 917 1
148 144 0.870706
248 262 1
496 524 1
148 144 1
620 655 1
1480 1440 1
372 393 1
740 720 1
868 917 1
496 524 1
148 144 1
296 288 1
148 144 1
620 655 1
1332 1296 1
592 576 1
1036 1008 1
296 288 1
148 144 1
124 131 1
1332 1296 1
148 144 1
620 655 1
372 393 1
1332 1296 1
1036 1008 1
444 432 0.997991
744 786 1
124 131 1
148 144 1
372 393 0.82458
744 786 1
248 262 1
444 432 1
248 262 0.957231
372 393 0.863135
992 1048 1
444 432 1
1332 1296 1
1116 1179 0.850675
1480 1440 1
1332 1296 1
888 864 1
1116 1179 1
1184 1152 1
1332 1296 0.707487
744 786 1
444 432 1
1036 1008 1
740 720 1
296 288 1
248 262 1
248 262 1
1116 1179 1
496 524 1
496 524 0.945061
740 720 1
296 288 1
1036 1008 1
296 288 1
248 262 1
592 576 1
1116 1179 1
1480 1440 1
1480 1440 1
1116 1179 1
744 786 0.853452
1116 1179 1
992 1048 1
992 1048 1
740 720 1
1240 1310 1
148 144 0.919235
372 393 1
296 288 1
1332 1296 1
1036 1008 1
620 655 1
888 864 1
1480 1440 1
496 524 0.989259
296 288 1
1240 1310 1
868 917 1
592 576 1
1240 1310 1
1240 1310 1
744 786 1
740 720 1
1184 1152 1
992 1048 1
592 576 0.979844
592 576 1
148 144 1
444 432 1
1480 1440 1
992 1048 1
620 655 1
744 786 1
744 786 1
888 864 1
1480 1440 1
148 144 1
744 786 1
1184 1152 0.898563
620 655 1
1240 1310 1
1480 1440 1
296 288 1
1036 1008 1
1116 1179 1
888 864 1
1332 1296 1
248 262 1
444 432 1
620 655 1
1184 1152 1
496 524 1
1036 1008 1
496 524 1
148 144 1
888 864 1
372 393 1
1240 1310 1
992 1048 1
744 786 1
740 720 1
444 432 1
620 655 1
868 917 1
592 576 1
496 524 1
1184 1152 1
124 131 1
1332 1296 1
148 144 1
620 655 1
868 917 1
444 432 1
1332 1296 1
1036 1008 1
740 720 1
1036 1008 1
740 720 1
1480 1440 1
1480 1440 1
296 288 1
1480 1440 1
372 393 1
592 576 1
620 655 1
148 144 1
248 262 1
744 786 1
992 1048 1
620 655 0.890611
1184 1152 1
296 288 1
372 393 1
296 288 1
992 1048 1
592 576 1
296 288 1
1332 1296 0.75701
1116 1179 1
1184 1152 1
124 131 1
296 288 1
992 1048 1
868 917 0.821839
888 864 1
496 524 1
620 655 1
744 786 1
248 262 0.730324
992 1048 1
496 524 1
992 1048 1
1480 1440 1
372 393 1
1480 1440 1
620 655 0.795894
1332 1296 0.789858
1240 1310 1
248 262 1
868 917 1
1184 1152 1
248 262 1
620 655 1
496 524 1
124 131 1
1036 1008 1
744 786 1
372 393 1
744 786 1
248 262 1
1480 1440 1
444 432 1
296 288 1
148 144 1
888 864 1
248 262 1
620 655 1
1184 1152 1
296 288 1
992 1048 1
148 144 1
1480 1440 0.928153
372 393 1
1036 1008 1
992 1048 1
1116 1179 1
1480 1440 1
1184 1152 1
444 432 1
1332 1296 1
296 288 1
1116 1179 1
496 524 1
620 655 1
1184 1152 1
868 917 1
1184 1152 1
248 262 1
620 655 1
1184 1152 1
592 576 1
496 524 1
592 576 1
620 655 1
496 524 1
868 917 1
444 432 1
592 576 1
620 655 1
296 288 1
372 393 0.5964
740 720 0.860131
744 786 1
740 720 1
496 524 0.979624
868 917 1
740 720 1
148 144 1
124 131 1
248 262 1
444 432 1
888 864 0.764653
620 655 1
1332 1296 1
592 576 1
744 786 1
888 864 1
592 576 1
444 432 1
148 144 1
1480 1440 1
592 576 1
248 262 1
740 720 1
248 262 0.912526
1116 1179 1
740 720 1
1036 1008 1
1036 1008 1
888 864 1
372 393 1
124 131 1
1480 1440 1
592 576 1
148 144 1
740 720 1
744 786 1
868 917 1
372 393 1
888 864 1
248 262 1
888 864 1
888 864 0.864457
592 576 0.822956
1240 1310 1
592 576 1
1116 1179 0.758226
