500 62942
1540 1390 0.907728
1540 1390 0.973885
1540 1390 0.995913
1540 1390 0.909246
1540 1390 0.847834
1540 1390 0.785382
1540 1390 0.674263
1540 1390 0.913034
1540 1390 0.915866
1540 1390 0.885059
1540 1390 0.878049
1540 1390 0.964142
1540 1390 0.875532
1540 1390 0.973855
1540 1390 0.655679
1540 1390 0.96474
1540 1390 0.981586
1540 1390 0.842645
1540 1390 0.916215
1540 1390 0.998095
1540 1390 0.853795
1540 1390 0.908039
1540 1390 0.845988
1540 1390 0.830252
1540 1390 0.934967
1540 1390 0.996453
1540 1390 0.794277
1540 1390 0.908985
1540 1390 0.76321
1540 1390 0.808336
1540 1390 0.985812
1540 1390 0.854775
1540 1390 0.988071
1386 1251 0.750874
1386 1251 0.95271
1386 1251 0.988429
1386 1251 0.765012
1386 1251 0.866691
1386 1251 0.866896
1386 1251 0.884832
1386 1251 0.913914
1386 1251 0.906078
1386 1251 0.974091
1386 1251 0.88807
1386 1251 0.91412
1386 1251 0.854951
1386 1251 0.68176
1386 1251 0.975038
1386 1251 0.898627
1386 1251 0.901777
1386 1251 0.999074
1386 1251 0.842269
1386 1251 0.953919
1386 1251 0.957337
1386 1251 0.804111
1232 1112 0.816827
1232 1112 0.999381
1232 1112 0.921115
1232 1112 0.895595
1232 1112 0.901787
1232 1112 0.994258
1232 1112 0.977795
1232 1112 0.922665
1232 1112 0.995537
1232 1112 0.792604
1232 1112 0.993489
1232 1112 0.941844
1232 1112 0.939029
1232 1112 0.892043
1232 1112 0.909193
1232 1112 0.856407
1232 1112 0.993467
1232 1112 0.941183
1232 1112 0.995281
1078 973 0.911378
1078 973 0.903002
1078 973 0.977013
1078 973 0.991716
1078 973 0.874359
1078 973 0.92789
1078 973 0.970692
1078 973 0.932488
1078 973 0.99703
1078 973 0.849085
1078 973 0.748946
1078 973 0.708775
1078 973 0.821113
1078 973 0.933353
1078 973 0.800027
1078 973 0.985813
1078 973 0.833854
1078 973 0.834821
1078 973 0.948569
1078 973 0.849437
1078 973 0.622169
924 834 0.868891
924 834 0.946392
924 834 0.905532
924 834 0.82421
924 834 0.958457
924 834 0.89752
924 834 0.990599
924 834 0.905765
924 834 0.945724
924 834 0.940442
924 834 0.743804
924 834 0.980329
924 834 0.890847
924 834 0.779679
924 834 0.886623
924 834 0.944218
924 834 0.924771
924 834 0.754813
924 834 0.960367
924 834 0.82065
924 834 0.997148
924 834 0.968063
924 834 0.939201
924 834 0.832936
770 695 0.886259
770 695 0.861125
770 695 0.891091
770 695 0.990801
770 695 0.909163
770 695 0.75021
770 695 0.989984
770 695 0.903921
770 695 0.861912
770 695 0.780769
770 695 0.887365
770 695 0.992123
770 695 0.898615
770 695 0.963995
770 695 0.853189
770 695 0.948734
770 695 0.914891
770 695 0.935213
770 695 0.869199
770 695 0.998871
770 695 0.920273
770 695 0.995595
770 695 0.859761
770 695 0.963655
770 695 0.935042
770 695 0.95086
770 695 0.892185
770 695 0.981921
770 695 0.834042
770 695 0.938541
770 695 0.931453
616 556 0.839277
616 556 0.979968
616 556 0.8417
616 556 0.982738
616 556 0.939748
616 556 0.870952
616 556 0.913339
616 556 0.760941
616 556 0.948118
616 556 0.984579
616 556 0.816145
616 556 0.766711
616 556 0.877981
616 556 0.975078
616 556 0.930956
616 556 0.978467
616 556 0.960157
616 556 0.906945
616 556 0.968197
616 556 0.927452
616 556 0.919483
616 556 0.621592
616 556 0.954801
616 556 0.972307
616 556 0.703645
616 556 0.977312
616 556 0.828129
462 417 0.843373
462 417 0.940143
462 417 0.934853
462 417 0.86767
462 417 0.887011
462 417 0.921107
462 417 0.99771
462 417 0.978013
462 417 0.973593
462 417 0.953065
462 417 0.924537
462 417 0.926416
462 417 0.68047
462 417 0.780225
462 417 0.996338
462 417 0.927711
462 417 0.949533
462 417 0.961561
308 278 0.932092
308 278 0.826734
308 278 0.850723
308 278 0.888493
308 278 0.835699
308 278 0.675547
308 278 0.985315
308 278 0.96536
308 278 0.992174
308 278 0.987973
308 278 0.68939
308 278 0.934621
308 278 0.832425
308 278 0.778692
308 278 0.807849
308 278 0.860675
308 278 0.885972
308 278 0.970185
308 278 0.842865
308 278 0.947873
308 278 0.935931
308 278 0.991374
308 278 0.939603
308 278 0.963119
308 278 0.901346
308 278 0.869119
308 278 0.900066
308 278 0.731157
308 278 0.995015
308 278 0.963377
154 139 0.844612
154 139 0.919454
154 139 0.796273
154 139 0.900989
154 139 0.799756
154 139 0.925121
154 139 0.921083
154 139 0.990861
154 139 0.930777
154 139 0.9673
154 139 0.867039
154 139 0.917872
154 139 0.846285
154 139 0.7985
154 139 0.829959
154 139 0.86566
154 139 0.727311
154 139 0.887848
154 139 0.887621
154 139 0.983484
154 139 0.884985
310 150 0.952466
310 150 0.943818
310 150 0.848165
310 150 0.898361
310 150 1
310 150 1
310 150 1
310 150 1
310 150 1
310 150 1
310 150 1
310 150 1
310 150 1
310 150 1
310 150 1
310 150 1
310 150 1
310 150 1
310 150 1
310 150 1
310 150 1
310 150 1
310 150 1
310 150 1
310 150 1
310 150 1
310 150 1
310 150 1
310 150 1
310 150 1
279 135 1
279 135 1
279 135 1
279 135 1
279 135 1
279 135 1
279 135 1
279 135 1
279 135 1
279 135 1
279 135 1
279 135 1
279 135 1
279 135 1
279 135 1
279 135 1
279 135 1
279 135 1
279 135 1
279 135 1
279 135 1
248 120 1
248 120 1
248 120 1
248 120 1
248 120 1
248 120 1
248 120 1
248 120 1
248 120 1
248 120 1
248 120 1
248 120 1
248 120 1
248 120 1
248 120 1
248 120 1
248 120 1
248 120 1
248 120 1
248 120 1
248 120 1
248 120 1
248 120 1
248 120 1
248 120 1
248 120 1
248 120 1
217 105 1
217 105 1
217 105 1
217 105 1
217 105 1
217 105 1
217 105 1
217 105 1
217 105 1
217 105 1
217 105 1
217 105 1
217 105 1
217 105 1
217 105 1
217 105 1
217 105 1
217 105 1
217 105 1
217 105 1
217 105 1
186 90 1
186 90 1
186 90 1
186 90 1
186 90 1
186 90 1
186 90 1
186 90 1
186 90 1
186 90 1
186 90 1
186 90 1
186 90 1
186 90 1
186 90 1
186 90 1
186 90 1
186 90 1
186 90 1
186 90 1
186 90 1
186 90 1
186 90 1
186 90 1
186 90 1
155 75 1
155 75 1
155 75 1
155 75 1
155 75 1
155 75 1
155 75 1
155 75 1
155 75 1
155 75 1
155 75 1
155 75 1
155 75 1
155 75 1
155 75 1
155 75 1
155 75 1
155 75 1
155 75 1
155 75 1
155 75 1
155 75 1
155 75 1
155 75 1
155 75 1
155 75 1
155 75 1
155 75 1
124 60 1
124 60 1
124 60 1
124 60 1
124 60 1
124 60 1
124 60 1
124 60 1
124 60 1
124 60 1
124 60 1
124 60 1
124 60 1
124 60 1
124 60 1
124 60 1
124 60 1
124 60 1
124 60 1
124 60 1
124 60 1
124 60 1
124 60 1
124 60 1
124 60 1
124 60 1
124 60 1
124 60 1
124 60 1
124 60 1
124 60 1
93 45 1
93 45 1
93 45 1
93 45 1
93 45 1
93 45 1
93 45 1
93 45 1
93 45 1
93 45 1
93 45 1
93 45 1
93 45 1
93 45 1
93 45 1
93 45 1
93 45 1
93 45 1
93 45 1
93 45 1
93 45 1
62 30 1
62 30 1
62 30 1
62 30 1
62 30 1
62 30 1
62 30 1
62 30 1
62 30 1
62 30 1
62 30 1
62 30 1
62 30 1
62 30 1
62 30 1
62 30 1
62 30 1
62 30 1
62 30 1
62 30 1
62 30 1
62 30 1
62 30 1
31 15 1
31 15 1
31 15 1
31 15 1
31 15 1
31 15 1
31 15 1
31 15 1
31 15 1
31 15 1
31 15 1
31 15 1
31 15 1
31 15 1
31 15 1
31 15 1
31 15 1
31 15 1
31 15 1
31 15 1
31 15 1
31 15 1
31 15 1
31 15 1
31 15 1
31 15 1
31 15 1
