1000 252984
994 1194 0.843246
773 973 0.921189
563 763 0.741981
664 864 0.830426
965 1165 0.809917
194 394 0.715107
940 1140 0.825527
801 1001 0.832253
263 463 0.75693
763 963 0.963913
564 864 0.79688
984 1284 0.82203
757 957 0.63291
425 625 0.970055
988 1188 0.943197
719 919 0.690092
591 791 0.941578
92 292 0.632636
607 807 0.716245
509 709 0.890892
795 995 0.790017
452 652 0.921957
692 892 0.915282
860 1060 0.737306
681 881 0.777068
36 336 0.676799
799 999 0.841297
781 981 0.790013
936 1236 0.890326
201 401 0.901702
660 960 0.923186
518 718 0.869268
525 725 0.937632
629 829 0.83017
986 1186 0.916581
462 762 0.872709
130 330 0.889492
462 762 0.845034
140 340 0.819797
361 561 0.797425
522 822 0.863123
956 1156 0.879153
140 340 0.992114
283 483 0.785115
414 714 0.893609
466 666 0.957445
504 804 0.605471
506 706 0.75996
231 431 0.938724
754 954 0.917818
230 430 0.873824
254 454 0.723872
940 1140 0.946951
495 695 0.791146
796 996 0.776326
355 555 0.746151
886 1086 0.817446
859 1059 0.937745
869 1069 0.847476
851 1051 0.674555
428 628 0.887673
148 348 0.899197
763 963 0.916878
526 726 0.633618
520 720 0.837996
213 413 0.821032
272 472 0.767186
922 1122 0.914055
568 768 0.897964
686 886 0.89207
544 744 0.729308
890 1090 0.965265
400 600 0.913634
454 654 0.862669
796 996 0.527196
820 1020 0.89082
525 725 0.80839
792 1092 0.725142
622 822 0.775445
21 221 0.742697
555 755 0.940553
884 1084 0.659046
989 1189 0.900544
354 654 0.755363
246 546 0.79512
794 994 0.786718
329 529 0.775512
255 455 0.90542
566 766 0.981048
665 865 0.660497
319 519 0.769367
706 906 0.963382
150 450 0.964257
313 513 0.946743
420 720 0.93518
342 642 0.773129
495 695 0.845254
780 1080 0.928357
990 1290 0.825986
738 1038 0.898749
989 1189 0.69957
321 521 0.849219
807 1007 0.631751
140 340 0.828802
183 383 0.896364
53 253 0.921851
984 1284 0.96347
686 886 0.832694
872 1072 0.830952
856 1056 0.569503
884 1084 0.824572
48 348 0.932166
113 313 0.733822
573 773 0.713264
259 459 0.956325
740 940 0.905504
482 682 0.899074
534 834 0.984486
700 900 0.919409
545 745 0.738923
24 324 0.82998
435 635 0.930004
904 1104 0.852591
742 942 0.933978
949 1149 0.906611
325 525 0.690225
778 978 0.705761
390 690 0.894884
822 1122 0.784977
509 709 0.78104
458 658 0.877554
715 915 0.909737
486 786 0.690058
510 810 0.947879
470 670 0.902286
572 772 0.588147
449 649 0.932704
784 984 0.936126
532 732 0.777039
449 649 0.837621
830 1030 0.841842
679 879 0.772284
355 555 0.875153
914 1114 0.949541
518 718 0.615213
494 694 0.939837
869 1069 0.90198
762 1062 0.689468
994 1194 0.887883
52 252 0.755252
62 262 0.723942
1 201 0.936116
180 480 0.856308
47 247 0.935617
919 1119 0.881513
446 646 0.687324
42 342 0.922123
583 783 0.934942
86 286 0.895738
181 381 0.669505
778 978 0.907106
782 982 0.649001
30 330 0.829412
259 459 0.800435
886 1086 0.641925
904 1104 0.919834
286 486 0.902327
623 823 0.836569
295 495 0.915002
569 769 0.754599
697 897 0.942227
483 683 0.886826
453 653 0.825654
362 562 0.926027
782 982 0.828014
80 280 0.913552
73 273 0.860456
504 804 0.734047
862 1062 0.979979
819 1019 0.941168
448 648 0.720492
666 966 0.890734
608 808 0.762872
24 324 0.764873
213 413 0.890137
297 497 0.531898
522 822 0.897685
20 220 0.863583
468 768 0.897336
541 741 0.871114
40 240 0.932469
539 739 0.982624
607 807 0.96502
347 547 0.830689
369 569 0.949362
70 270 0.900887
855 1055 0.631691
104 304 0.75618
830 1030 0.814256
875 1075 0.961909
674 874 1
495 695 1
581 781 1
227 427 1
407 607 1
230 430 1
365 565 1
447 647 1
734 934 1
619 819 1
472 672 1
375 575 1
257 457 1
236 436 1
402 702 1
294 594 1
922 1122 1
20 220 1
256 456 1
637 837 1
10 210 1
964 1164 1
495 695 1
215 415 1
149 349 1
670 870 1
757 957 1
978 1278 1
375 575 1
580 780 1
708 1008 1
707 907 1
554 754 1
141 341 1
438 738 1
626 826 1
587 787 1
467 667 1
630 930 1
790 990 1
874 1074 1
409 609 1
719 919 1
720 1020 1
968 1168 1
828 1128 1
702 1002 1
713 913 1
676 876 1
757 957 1
434 634 1
78 378 1
610 810 1
317 517 1
19 219 1
523 723 1
249 449 1
364 564 1
977 1177 1
1000 1200 1
252 552 1
396 696 1
183 383 1
41 241 1
783 983 1
11 211 1
616 816 1
601 801 1
161 361 1
864 1164 1
179 379 1
984 1284 1
89 289 1
456 756 1
32 232 1
268 468 1
118 318 1
412 612 1
964 1164 1
719 919 1
616 816 1
154 354 1
410 610 1
178 378 1
15 215 1
743 943 1
590 790 1
57 257 1
981 1181 1
680 880 1
329 529 1
62 262 1
217 417 1
150 450 1
30 330 1
717 917 1
419 619 1
85 285 1
33 233 1
976 1176 1
254 454 1
155 355 1
861 1061 1
25 225 1
15 215 1
909 1109 1
55 255 1
911 1111 1
545 745 1
877 1077 1
380 580 1
601 801 1
182 382 1
275 475 1
503 703 1
264 564 1
781 981 1
979 1179 1
782 982 1
728 928 1
708 1008 1
493 693 1
989 1189 1
423 623 1
830 1030 1
209 409 1
779 979 1
616 816 1
511 711 1
652 852 1
944 1144 1
423 623 1
991 1191 1
176 376 1
783 983 1
180 480 1
453 653 1
194 394 1
63 263 1
82 282 1
568 768 1
874 1074 1
979 1179 1
229 429 1
166 366 1
273 473 1
542 742 1
958 1158 1
780 1080 1
865 1065 1
633 833 1
425 625 1
961 1161 1
280 480 1
334 534 1
841 1041 1
368 568 1
695 895 1
165 365 1
617 817 1
6 306 1
553 753 1
195 395 1
156 456 1
873 1073 1
917 1117 1
484 684 1
652 852 1
435 635 1
153 353 1
989 1189 1
170 370 1
130 330 1
607 807 1
644 844 1
189 389 1
88 288 1
698 898 1
452 652 1
924 1224 1
795 995 1
318 618 1
141 341 1
551 751 1
591 791 1
767 967 1
482 682 1
8 208 1
532 732 1
973 1173 1
967 1167 1
747 947 1
299 499 1
370 570 1
59 259 1
751 951 1
472 672 1
571 771 1
358 558 1
341 541 1
9 209 1
229 429 1
83 283 1
594 894 1
284 484 1
647 847 1
942 1242 1
278 478 1
200 400 1
278 478 1
631 831 1
823 1023 1
690 990 1
750 1050 1
180 480 1
237 437 1
875 1075 1
229 429 1
551 751 1
457 657 1
269 469 1
305 505 1
353 553 1
587 787 1
382 582 1
429 629 1
378 678 1
413 613 1
459 659 1
798 1098 1
696 996 1
540 840 1
278 478 1
713 913 1
459 659 1
526 726 1
756 1056 1
262 462 1
608 808 1
913 1113 1
76 276 1
925 1125 1
980 1180 1
560 760 1
726 1026 1
412 612 1
120 420 1
881 1081 1
971 1171 1
479 679 1
961 1161 1
917 1117 1
701 901 1
472 672 1
80 280 1
244 444 1
391 591 1
253 453 1
159 359 1
848 1048 1
446 646 1
532 732 1
329 529 1
7 207 1
473 673 1
227 427 1
358 558 1
344 544 1
675 875 1
953 1153 1
794 994 1
687 887 1
678 978 1
670 870 1
212 412 1
610 810 1
134 334 1
867 1067 1
935 1135 1
117 317 1
719 919 1
841 1041 1
162 462 1
524 724 1
608 808 1
831 1031 1
477 677 1
211 411 1
109 309 1
292 492 1
148 348 1
94 294 1
414 714 1
560 760 1
659 859 1
986 1186 1
666 966 1
738 1038 1
520 720 1
206 406 1
325 525 1
414 714 1
190 390 1
613 813 1
439 639 1
583 783 1
976 1176 1
125 325 1
273 473 1
563 763 1
390 690 1
695 895 1
508 708 1
120 420 1
5 205 1
640 840 1
419 619 1
895 1095 1
703 903 1
730 930 1
213 413 1
99 299 1
727 927 1
132 432 1
51 251 1
749 949 1
321 521 1
442 642 1
268 468 1
865 1065 1
691 891 1
838 1038 1
383 583 1
920 1120 1
940 1140 1
354 654 1
725 925 1
814 1014 1
840 1140 1
872 1072 1
500 700 1
182 382 1
830 1030 1
558 858 1
782 982 1
993 1193 1
168 468 1
619 819 1
877 1077 1
256 456 1
106 306 1
200 400 1
370 570 1
293 493 1
927 1127 1
781 981 1
934 1134 1
325 525 1
96 396 1
579 779 1
405 605 1
543 743 1
699 899 1
976 1176 1
83 283 1
20 220 1
780 1080 1
624 924 1
798 1098 1
950 1150 1
295 495 1
915 1115 1
966 1266 1
956 1156 1
505 705 1
75 275 1
150 450 1
770 970 1
944 1144 1
542 742 1
693 893 1
752 952 1
411 611 1
876 1176 1
998 1198 1
930 1230 1
861 1061 1
117 317 1
214 414 1
497 697 1
243 443 1
950 1150 1
153 353 1
994 1194 1
824 1024 1
733 933 1
198 498 1
71 271 1
430 630 1
599 799 1
739 939 1
215 415 1
704 904 1
546 846 1
134 334 1
600 900 1
112 312 1
498 798 1
171 371 1
511 711 1
45 245 1
966 1266 1
693 893 1
124 324 1
503 703 1
432 732 1
532 732 1
568 768 1
412 612 1
368 568 1
299 499 1
504 804 1
87 287 1
538 738 1
340 540 1
215 415 1
184 384 1
177 377 1
19 219 1
206 406 1
246 546 1
439 639 1
922 1122 1
237 437 1
207 407 1
907 1107 1
707 907 1
474 774 1
26 226 1
205 405 1
986 1186 1
128 328 1
281 481 1
591 791 1
64 264 1
383 583 1
716 916 1
665 865 1
8 208 1
912 1212 1
93 293 1
235 435 1
311 511 1
949 1149 1
255 455 1
586 786 1
549 749 1
694 894 1
319 519 1
397 597 1
148 348 1
961 1161 1
45 245 1
808 1008 1
204 504 1
770 970 1
401 601 1
233 433 1
56 256 1
942 1242 1
737 937 1
66 366 1
762 1062 1
432 732 1
283 483 1
672 972 1
899 1099 1
268 468 1
607 807 1
606 906 1
221 421 1
349 549 1
349 549 1
504 804 1
287 487 1
700 900 1
681 881 1
174 474 1
590 790 1
777 977 1
25 225 1
647 847 1
42 342 1
897 1097 1
593 793 1
437 637 1
723 923 1
199 399 1
336 636 1
400 600 1
114 414 1
394 594 1
139 339 1
227 427 1
948 1248 1
583 783 1
753 953 1
428 628 1
993 1193 1
71 271 1
116 316 1
677 877 1
931 1131 1
147 347 1
284 484 1
881 1081 1
535 735 1
542 742 1
408 708 1
601 801 1
776 976 1
614 814 1
358 558 1
39 239 1
285 485 1
775 975 1
878 1078 1
674 874 1
928 1128 1
309 509 1
469 669 1
178 378 1
943 1143 1
338 538 1
781 981 1
58 258 1
483 683 1
337 537 1
966 1266 1
950 1150 1
471 671 1
54 354 1
271 471 1
991 1191 1
982 1182 1
92 292 1
396 696 1
449 649 1
222 522 1
149 349 1
151 351 1
717 917 1
115 315 1
580 780 1
421 621 1
637 837 1
336 636 1
119 319 1
579 779 1
376 576 1
171 371 1
407 607 1
968 1168 1
628 828 1
709 909 1
750 1050 1
555 755 1
252 552 1
936 1236 1
497 697 1
259 459 1
826 1026 1
733 933 1
99 299 1
561 761 1
454 654 1
981 1181 1
979 1179 1
428 628 1
326 526 1
300 600 1
205 405 1
273 473 1
144 444 1
64 264 1
985 1185 1
450 750 1
964 1164 1
822 1122 1
610 810 1
347 547 1
245 445 1
224 424 1
722 922 1
864 1164 1
161 361 1
803 1003 1
666 966 1
61 261 1
961 1161 1
307 507 1
394 594 1
290 490 1
785 985 1
873 1073 1
969 1169 1
645 845 1
128 328 1
958 1158 1
161 361 1
226 426 1
217 417 1
237 437 1
741 941 1
876 1176 1
311 511 1
48 348 1
913 1113 1
120 420 1
208 408 1
788 988 1
125 325 1
871 1071 1
353 553 1
683 883 1
719 919 1
344 544 1
579 779 1
793 993 1
596 796 1
582 882 1
530 730 1
996 1296 1
650 850 1
349 549 1
2 202 1
716 916 1
109 309 1
469 669 1
600 900 1
158 358 1
634 834 1
13 213 1
24 324 1
679 879 1
303 503 1
547 747 1
131 331 1
485 685 1
308 508 1
746 946 1
846 1146 1
518 718 1
940 1140 1
542 742 1
593 793 1
704 904 1
135 335 1
389 589 1
533 733 1
753 953 1
73 273 1
553 753 1
734 934 1
605 805 1
977 1177 1
489 689 1
743 943 1
917 1117 1
197 397 1
573 773 1
616 816 1
117 317 1
543 743 1
91 291 1
874 1074 1
531 731 1
887 1087 1
973 1173 1
964 1164 1
408 708 1
497 697 1
405 605 1
378 678 1
682 882 1
87 287 1
129 329 1
582 882 1
895 1095 1
156 456 1
638 838 1
335 535 1
341 541 1
287 487 1
925 1125 1
575 775 1
841 1041 1
346 546 1
883 1083 1
976 1176 1
232 432 1
377 577 1
641 841 1
673 873 1
632 832 1
988 1188 1
55 255 1
315 515 1
966 1266 1
78 378 1
689 889 1
707 907 1
606 906 1
648 948 1
413 613 1
65 265 1
785 985 1
285 485 1
161 361 1
395 595 1
837 1037 1
892 1092 1
927 1127 1
236 436 1
92 292 1
3 203 1
998 1198 1
729 929 1
115 315 1
217 417 1
859 1059 1
282 582 1
84 384 1
116 316 1
617 817 1
313 513 1
955 1155 1
98 298 1
952 1152 1
222 522 1
147 347 1
954 1254 1
614 814 1
543 743 1
621 821 1
880 1080 1
666 966 1
318 618 1
607 807 1
320 520 1
632 832 1
273 473 1
160 360 1
939 1139 1
957 1157 1
541 741 1
40 240 1
943 1143 1
836 1036 1
698 898 1
743 943 1
270 570 1
102 402 1
759 959 1
434 634 1
783 983 1
960 1260 1
849 1049 1
579 779 1
903 1103 1
380 580 1
728 928 1
629 829 1
985 1185 1
399 599 1
582 882 1
457 657 1
927 1127 1
22 222 1
550 750 1
63 263 1
708 1008 1
416 616 1
445 645 1
889 1089 1
6 306 1
943 1143 1
185 385 1
541 741 1
629 829 1
141 341 1
561 761 1
404 604 1
756 1056 1
597 797 1
798 1098 1
753 953 1
386 586 1
913 1113 1
874 1074 1
