5000 1112498
28 30 1
296 297 1
782 783 1
934 936 1
439 441 1
755 756 1
727 729 1
205 207 1
636 636 1
188 189 1
597 597 1
981 981 1
697 699 1
156 156 1
965 966 1
950 951 1
788 789 1
388 390 1
280 282 1
499 501 1
455 456 1
225 225 1
850 852 1
242 243 1
663 663 1
632 633 1
414 414 0.003623
881 882 1
296 297 1
538 540 1
395 396 1
18 18 1
202 204 1
241 243 1
593 594 1
431 432 1
183 183 0.008197
49 51 0.029412
972 972 1
5 6 1
234 234 1
399 399 1
303 303 1
229 231 1
184 186 1
269 270 1
474 474 1
182 183 1
546 546 1
251 252 1
453 453 1
700 702 0.002137
857 858 1
319 321 1
522 522 1
668 669 1
944 945 1
70 72 1
774 774 1
373 375 1
30 30 1
496 498 1
191 192 0.007813
615 615 1
664 666 1
55 57 1
519 519 1
151 153 1
970 972 1
95 96 1
799 801 1
833 834 0.001799
887 888 1
735 735 1
364 366 1
172 174 1
756 756 1
719 720 1
686 687 1
1 3 1
561 561 1
56 57 1
131 132 1
444 444 1
479 480 1
910 912 1
560 561 1
401 402 1
674 675 1
112 114 1
168 168 1
351 351 1
439 441 1
902 903 1
674 675 1
832 834 1
311 312 1
226 228 1
422 423 1
158 159 1
98 99 1
647 648 1
48 48 1
527 528 1
581 582 1
301 303 1
100 102 1
882 882 1
332 333 1
282 282 1
839 840 1
376 378 1
431 432 1
225 225 1
892 894 1
27 27 1
905 906 1
199 201 1
188 189 1
745 747 1
763 765 1
256 258 1
476 477 1
209 210 1
621 621 1
214 216 1
874 876 1
868 870 1
381 381 1
442 444 1
808 810 1
733 735 1
78 78 1
904 906 1
407 408 1
881 882 1
114 114 1
671 672 1
861 861 1
799 801 1
136 138 1
478 480 1
359 360 1
617 618 1
950 951 1
760 762 1
367 369 1
657 657 0.002283
838 840 1
360 360 1
86 87 1
308 309 1
541 543 1
565 567 1
882 882 1
650 651 1
503 504 1
343 345 1
9 9 1
979 981 1
532 534 1
191 192 1
84 84 1
315 315 1
638 639 1
771 771 1
765 765 1
62 63 1
904 906 1
991 993 1
600 600 1
116 117 1
184 186 1
252 252 1
581 582 1
710 711 0.00211
517 519 1
292 294 1
484 486 1
206 207 1
729 729 1
259 261 1
847 849 1
403 405 1
711 711 1
687 687 1
731 732 1
642 642 1
789 789 1
625 627 1
846 846 1
965 966 1
763 765 1
682 684 1
18 18 1
711 711 1
98 99 1
78 78 1
656 657 1
654 654 1
470 471 1
555 555 1
774 774 1
760 762 1
628 630 1
930 930 1
521 522 1
901 903 1
284 285 1
461 462 1
155 156 1
931 933 1
783 783 1
127 129 1
933 933 1
724 726 1
465 465 1
135 135 1
349 351 1
449 450 1
999 999 1
756 756 1
153 153 1
514 516 1
498 498 1
25 27 1
474 474 1
35 36 1
490 492 1
18 18 1
738 738 1
609 609 1
172 174 1
789 789 1
381 381 0.003937
362 363 1
252 252 1
618 618 1
483 483 1
968 969 1
339 339 1
611 612 1
692 693 1
806 807 0.001859
953 954 1
100 102 1
146 147 1
873 873 1
395 396 1
67 69 1
194 195 1
759 759 1
590 591 1
824 825 0.001818
946 948 1
627 627 1
393 393 1
278 279 1
340 342 1
734 735 1
999 999 1
784 786 1
705 705 1
815 816 1
578 579 1
596 597 1
807 807 1
308 309 1
49 51 0.029412
147 147 1
707 708 1
222 222 1
26 27 1
582 582 1
375 375 1
17 18 1
536 537 1
722 723 1
869 870 1
968 969 1
893 894 1
509 510 1
441 441 1
541 543 1
224 225 1
830 831 1
946 948 1
374 375 1
353 354 1
856 858 0.001748
848 849 1
649 651 1
367 369 1
935 936 1
999 999 1
872 873 1
560 561 1
216 216 1
923 924 1
285 285 1
705 705 1
533 534 1
746 747 1
247 249 1
249 249 1
527 528 1
340 342 1
170 171 1
274 276 1
305 306 0.004902
358 360 1
939 939 1
592 594 1
251 252 1
250 252 1
641 642 1
367 369 1
484 486 1
463 465 1
501 501 1
400 402 1
639 639 1
919 921 1
218 219 1
164 165 1
510 510 1
547 549 1
485 486 1
303 303 1
105 105 1
457 459 1
749 750 1
134 135 1
752 753 1
638 639 1
491 492 1
673 675 0.002222
228 228 1
564 564 1
963 963 1
193 195 1
18 18 1
53 54 1
665 666 1
122 123 1
543 543 1
941 942 1
877 879 1
26 27 1
612 612 1
683 684 1
63 63 1
167 168 1
971 972 1
656 657 1
66 66 1
957 957 1
223 225 1
533 534 1
412 414 1
757 759 1
560 561 1
329 330 1
764 765 1
191 192 1
372 372 1
113 114 1
827 828 1
904 906 1
207 207 1
334 336 1
515 516 1
116 117 1
11 12 1
154 156 1
386 387 1
549 549 1
168 168 1
26 27 1
48 48 1
817 819 1
421 423 1
612 612 1
148 150 1
703 705 1
588 588 1
570 570 1
682 684 1
810 810 0.001852
745 747 1
782 783 1
983 984 1
940 942 1
771 771 0.001946
787 789 1
179 180 1
436 438 1
265 267 1
938 939 1
261 261 1
408 408 1
46 48 1
465 465 1
562 564 1
379 381 1
630 630 1
405 405 1
783 783 1
543 543 1
14 15 0.1
617 618 1
257 258 1
644 645 1
23 24 1
300 300 1
396 396 1
431 432 1
682 684 1
255 255 1
824 825 1
579 579 0.002591
316 318 1
940 942 1
277 279 1
507 507 1
684 684 1
216 216 1
992 993 1
621 621 1
600 600 1
296 297 1
675 675 1
272 273 1
27 27 1
487 489 0.003067
264 264 1
230 231 0.006494
121 123 1
438 438 1
390 390 1
938 939 1
977 978 1
579 579 1
458 459 1
179 180 0.008333
698 699 1
258 258 1
135 135 1
727 729 1
174 174 1
670 672 1
438 438 1
880 882 1
377 378 1
40 42 1
110 111 1
522 522 1
465 465 1
854 855 1
469 471 1
330 330 1
784 786 1
261 261 1
60 60 1
944 945 1
389 390 1
31 33 1
926 927 1
549 549 1
614 615 1
790 792 1
616 618 1
893 894 1
593 594 1
406 408 1
427 429 1
366 366 1
422 423 1
446 447 1
485 486 1
111 111 1
486 486 1
751 753 1
771 771 1
25 27 1
182 183 1
267 267 1
690 690 1
617 618 1
948 948 1
727 729 1
512 513 1
587 588 1
632 633 1
49 51 1
727 729 1
880 882 1
676 678 1
601 603 1
682 684 1
944 945 1
764 765 1
716 717 1
742 744 1
808 810 1
935 936 1
964 966 1
706 708 1
837 837 1
307 309 1
336 336 0.004464
318 318 1
295 297 1
644 645 1
170 171 1
927 927 1
999 999 1
317 318 1
876 876 1
537 537 1
120 120 1
516 516 1
537 537 1
11 12 1
969 969 1
786 786 1
370 372 1
78 78 1
640 642 1
584 585 1
734 735 1
638 639 1
888 888 1
443 444 0.003378
87 87 1
239 240 1
316 318 1
305 306 1
132 132 1
648 648 1
481 483 1
65 66 1
961 963 1
483 483 1
847 849 1
278 279 1
416 417 1
754 756 1
272 273 1
188 189 1
843 843 1
147 147 1
855 855 1
73 75 1
70 72 1
797 798 1
498 498 1
405 405 1
49 51 1
280 282 1
472 474 1
74 75 1
940 942 0.001592
729 729 1
875 876 1
268 270 1
977 978 1
707 708 1
479 480 1
313 315 1
366 366 1
126 126 1
32 33 1
217 219 1
95 96 1
291 291 1
528 528 1
198 198 1
431 432 1
517 519 1
366 366 1
309 309 1
368 369 1
849 849 1
743 744 1
163 165 1
261 261 1
54 54 0.027778
176 177 1
353 354 1
15 15 1
214 216 1
289 291 1
744 744 1
397 399 1
386 387 1
259 261 1
461 462 1
25 27 1
722 723 1
202 204 1
93 93 1
282 282 1
506 507 1
876 876 1
378 378 1
948 948 1
917 918 1
960 960 1
219 219 1
465 465 1
662 663 1
80 81 1
23 24 1
939 939 1
345 345 1
662 663 1
651 651 1
534 534 1
102 102 1
346 348 1
182 183 1
626 627 1
678 678 1
609 609 1
476 477 1
655 657 1
579 579 1
415 417 1
912 912 1
16 18 1
948 948 1
254 255 1
855 855 1
928 930 1
486 486 1
404 405 1
995 996 1
407 408 1
363 363 1
553 555 1
262 264 1
644 645 1
375 375 0.004
173 174 1
202 204 1
716 717 1
285 285 1
990 990 1
423 423 1
530 531 1
390 390 1
456 456 1
677 678 1
604 606 0.002475
457 459 1
826 828 1
981 981 1
620 621 1
300 300 1
159 159 1
155 156 1
252 252 1
345 345 1
202 204 1
982 984 1
192 192 1
889 891 1
344 345 1
758 759 1
607 609 0.002463
380 381 1
697 699 1
949 951 1
538 540 1
462 462 1
535 537 1
206 207 1
363 363 1
684 684 1
638 639 1
305 306 1
23 24 1
396 396 1
194 195 1
772 774 1
180 180 1
56 57 1
915 915 1
154 156 1
267 267 1
779 780 1
443 444 1
552 552 1
662 663 1
273 273 1
262 264 1
346 348 1
66 66 1
731 732 1
592 594 1
618 618 1
302 303 1
609 609 1
402 402 1
289 291 1
962 963 1
325 327 1
390 390 1
52 54 1
961 963 1
670 672 1
6 6 1
63 63 0.02381
238 240 1
98 99 0.015152
536 537 1
925 927 1
90 90 1
234 234 1
228 228 1
565 567 1
556 558 1
745 747 1
427 429 1
262 264 1
111 111 1
821 822 0.001825
762 762 1
644 645 1
767 768 1
732 732 1
124 126 1
855 855 1
955 957 1
272 273 1
483 483 1
747 747 1
420 420 0.003571
187 189 1
120 120 1
898 900 1
772 774 1
787 789 1
902 903 1
611 612 1
480 480 1
398 399 1
890 891 1
446 447 1
662 663 1
271 273 1
733 735 1
741 741 1
383 384 1
871 873 1
872 873 1
429 429 1
509 510 1
324 324 1
814 816 1
178 180 1
766 768 1
316 318 1
245 246 1
390 390 1
343 345 1
546 546 1
612 612 1
689 690 1
624 624 1
128 129 1
822 822 1
690 690 1
462 462 1
859 861 1
374 375 1
300 300 1
620 621 1
826 828 1
729 729 1
457 459 1
632 633 1
383 384 1
870 870 1
907 909 1
444 444 1
259 261 1
328 330 1
389 390 1
770 771 1
37 39 1
194 195 1
966 966 1
902 903 1
300 300 1
321 321 1
669 669 1
360 360 1
432 432 1
982 984 1
101 102 1
223 225 1
84 84 1
897 897 1
170 171 1
854 855 1
62 63 1
46 48 1
666 666 1
962 963 1
29 30 1
259 261 1
45 45 1
705 705 1
50 51 1
727 729 0.002058
261 261 1
532 534 1
847 849 1
301 303 1
30 30 1
37 39 1
610 612 1
654 654 1
454 456 1
537 537 1
954 954 1
266 267 1
750 750 1
855 855 1
888 888 1
231 231 1
686 687 1
735 735 0.002041
167 168 1
719 720 1
644 645 1
620 621 1
77 78 1
479 480 1
125 126 1
202 204 1
943 945 1
826 828 1
338 339 1
839 840 1
312 312 1
369 369 1
597 597 1
573 573 1
290 291 1
21 21 1
824 825 1
54 54 1
98 99 1
867 867 1
100 102 1
726 726 1
632 633 1
39 39 1
471 471 1
909 909 1
236 237 1
937 939 1
868 870 1
810 810 1
138 138 1
466 468 1
167 168 1
456 456 1
926 927 1
31 33 1
838 840 1
468 468 1
280 282 1
109 111 1
896 897 1
692 693 1
625 627 1
482 483 1
937 939 1
289 291 1
76 78 1
674 675 1
12 12 1
685 687 1
205 207 1
911 912 1
263 264 1
958 960 1
949 951 1
64 66 1
546 546 1
897 897 1
171 171 1
10 12 1
423 423 1
983 984 1
195 195 1
961 963 1
891 891 1
706 708 1
603 603 1
48 48 1
467 468 1
48 48 1
113 114 1
52 54 1
552 552 1
431 432 1
278 279 1
588 588 1
739 741 1
871 873 1
885 885 1
755 756 0.001984
105 105 1
107 108 1
715 717 1
804 804 1
551 552 1
207 207 0.007246
881 882 1
93 93 1
22 24 0.0625
538 540 0.002778
581 582 1
124 126 1
192 192 1
517 519 1
924 924 1
620 621 1
320 321 1
659 660 0.002273
195 195 1
193 195 1
686 687 1
366 366 1
128 129 1
183 183 1
680 681 1
592 594 1
773 774 0.001938
806 807 1
2 3 1
703 705 1
693 693 1
120 120 1
654 654 1
742 744 1
725 726 1
697 699 1
540 540 1
90 90 1
532 534 1
558 558 1
491 492 1
490 492 0.003049
146 147 1
118 120 1
293 294 1
526 528 1
668 669 1
475 477 1
183 183 1
345 345 1
518 519 1
809 810 1
349 351 1
479 480 1
95 96 1
718 720 1
218 219 1
775 777 1
72 72 1
592 594 1
350 351 1
273 273 1
436 438 1
465 465 1
173 174 1
984 984 1
489 489 1
694 696 1
462 462 1
744 744 1
998 999 1
907 909 1
377 378 1
864 864 1
274 276 1
360 360 1
312 312 1
41 42 1
243 243 1
943 945 1
862 864 1
606 606 1
828 828 1
138 138 1
882 882 1
522 522 1
348 348 1
409 411 1
644 645 1
28 30 1
150 150 1
682 684 1
967 969 1
365 366 1
699 699 1
311 312 1
781 783 1
7 9 1
481 483 1
115 117 1
582 582 1
560 561 1
959 960 1
780 780 1
376 378 1
997 999 1
526 528 0.002841
330 330 1
39 39 1
367 369 1
137 138 1
78 78 1
446 447 1
176 177 1
333 333 1
92 93 1
516 516 1
494 495 1
25 27 1
769 771 1
696 696 1
311 312 1
415 417 1
596 597 1
389 390 1
499 501 1
609 609 1
488 489 1
950 951 1
613 615 1
708 708 1
192 192 1
706 708 1
537 537 1
775 777 1
170 171 0.008772
809 810 1
551 552 1
724 726 1
748 750 1
132 132 1
158 159 1
454 456 1
762 762 1
688 690 1
873 873 1
265 267 1
53 54 1
315 315 1
69 69 1
21 21 1
500 501 1
61 63 1
408 408 1
387 387 1
519 519 1
784 786 1
947 948 1
941 942 1
62 63 1
272 273 1
625 627 1
58 60 1
806 807 1
204 204 1
437 438 1
495 495 1
123 123 1
642 642 1
295 297 1
910 912 1
391 393 1
30 30 1
471 471 1
882 882 1
129 129 1
115 117 1
448 450 1
385 387 1
774 774 1
183 183 0.008197
606 606 1
160 162 1
140 141 1
915 915 1
272 273 1
994 996 1
217 219 1
809 810 1
590 591 1
489 489 1
344 345 0.004348
140 141 1
739 741 1
979 981 1
59 60 1
930 930 1
67 69 1
181 183 1
729 729 1
965 966 1
494 495 1
627 627 1
633 633 1
733 735 1
851 852 1
222 222 1
45 45 1
927 927 1
653 654 1
115 117 1
648 648 1
9 9 1
841 843 1
866 867 1
312 312 1
851 852 1
405 405 1
76 78 1
452 453 1
710 711 1
571 573 1
100 102 1
933 933 1
928 930 1
211 213 1
55 57 1
897 897 1
366 366 1
908 909 1
99 99 1
643 645 1
185 186 1
155 156 1
939 939 1
204 204 1
9 9 1
905 906 1
64 66 1
837 837 1
228 228 1
328 330 1
873 873 0.001718
890 891 1
959 960 1
614 615 1
564 564 1
303 303 1
827 828 1
921 921 1
506 507 1
422 423 1
473 474 1
569 570 1
518 519 1
855 855 1
502 504 1
881 882 1
918 918 1
982 984 1
127 129 1
518 519 1
456 456 1
953 954 1
381 381 1
893 894 1
6 6 1
199 201 1
586 588 1
33 33 1
202 204 1
761 762 1
394 396 1
882 882 1
842 843 1
467 468 1
987 987 1
846 846 1
228 228 1
36 36 1
36 36 1
323 324 1
514 516 1
297 297 1
577 579 1
634 636 1
839 840 1
533 534 1
981 981 1
630 630 1
480 480 1
660 660 1
925 927 1
98 99 1
524 525 1
715 717 1
627 627 0.002392
414 414 1
220 222 1
250 252 1
777 777 1
306 306 1
595 597 1
505 507 1
945 945 1
497 498 1
606 606 1
573 573 1
59 60 1
31 33 1
852 852 0.001761
572 573 1
271 273 1
219 219 1
638 639 1
188 189 1
726 726 1
629 630 1
936 936 1
344 345 1
12 12 1
576 576 1
894 894 1
10 12 1
201 201 1
609 609 1
447 447 1
217 219 1
459 459 1
437 438 1
605 606 1
773 774 0.001938
364 366 1
783 783 1
435 435 1
125 126 1
922 924 1
607 609 1
509 510 0.002941
431 432 0.003472
785 786 1
43 45 1
170 171 1
208 210 1
315 315 1
281 282 1
629 630 1
503 504 0.002976
840 840 1
890 891 1
383 384 1
766 768 1
365 366 1
417 417 1
438 438 1
464 465 1
257 258 1
562 564 1
593 594 1
876 876 1
779 780 1
59 60 1
778 780 1
368 369 1
941 942 1
613 615 1
642 642 1
134 135 1
227 228 1
459 459 0.003268
223 225 1
73 75 1
820 822 0.001825
209 210 1
768 768 1
104 105 1
191 192 1
949 951 1
815 816 1
746 747 1
847 849 1
554 555 1
710 711 1
872 873 1
376 378 1
744 744 1
362 363 1
911 912 1
127 129 1
316 318 1
243 243 1
322 324 1
508 510 1
614 615 1
873 873 1
779 780 1
915 915 1
365 366 1
272 273 1
202 204 1
702 702 1
820 822 0.001825
116 117 1
844 846 1
316 318 1
473 474 1
813 813 1
957 957 1
269 270 1
696 696 1
484 486 1
46 48 1
908 909 1
979 981 1
908 909 1
487 489 1
123 123 1
909 909 0.00165
409 411 1
21 21 1
769 771 1
345 345 0.004348
299 300 1
885 885 1
199 201 1
47 48 1
332 333 1
174 174 1
134 135 1
832 834 1
613 615 1
427 429 1
530 531 1
724 726 1
53 54 1
590 591 0.002538
857 858 1
763 765 1
337 339 1
750 750 1
148 150 1
608 609 1
180 180 1
185 186 1
325 327 1
551 552 1
392 393 1
610 612 1
943 945 1
168 168 1
963 963 1
475 477 1
169 171 1
352 354 1
971 972 1
388 390 1
26 27 1
655 657 1
354 354 1
634 636 1
662 663 1
60 60 1
530 531 1
856 858 1
23 24 1
939 939 1
288 288 1
993 993 1
84 84 0.017857
623 624 1
965 966 1
955 957 1
533 534 1
943 945 1
856 858 1
141 141 1
300 300 1
740 741 1
692 693 1
753 753 0.001992
77 78 1
369 369 1
104 105 1
282 282 1
62 63 1
417 417 1
490 492 1
918 918 1
767 768 1
685 687 1
98 99 1
253 255 1
931 933 1
931 933 1
789 789 1
337 339 1
725 726 1
591 591 0.002538
391 393 1
635 636 1
691 693 1
405 405 1
199 201 1
755 756 1
238 240 1
68 69 1
342 342 1
104 105 1
663 663 1
620 621 1
992 993 1
428 429 1
819 819 1
272 273 1
392 393 1
417 417 1
744 744 1
589 591 1
432 432 1
101 102 1
261 261 1
848 849 1
374 375 1
105 105 1
933 933 1
532 534 0.002809
472 474 1
406 408 1
964 966 1
169 171 1
665 666 1
102 102 1
344 345 1
669 669 1
328 330 1
73 75 1
1000 1002 1
895 897 1
32 33 1
436 438 1
160 162 1
102 102 1
938 939 0.001597
771 771 1
587 588 0.002551
62 63 1
340 342 1
560 561 1
791 792 1
850 852 1
205 207 1
281 282 1
436 438 1
450 450 1
366 366 1
517 519 1
309 309 1
799 801 1
826 828 1
719 720 1
372 372 1
914 915 1
542 543 1
281 282 1
497 498 1
664 666 1
593 594 1
314 315 1
548 549 1
704 705 1
412 414 1
864 864 1
302 303 1
34 36 1
67 69 1
798 798 1
188 189 1
545 546 1
610 612 1
671 672 1
931 933 1
242 243 1
489 489 1
24 24 1
20 21 1
722 723 1
88 90 1
857 858 1
713 714 1
68 69 0.021739
498 498 1
820 822 1
374 375 1
344 345 1
886 888 1
932 933 1
376 378 1
492 492 1
969 969 1
575 576 1
345 345 1
343 345 1
740 741 1
316 318 1
473 474 1
856 858 1
324 324 1
205 207 1
470 471 1
435 435 1
836 837 1
606 606 0.002475
941 942 1
243 243 1
716 717 1
539 540 1
206 207 1
129 129 1
293 294 1
45 45 1
915 915 1
187 189 1
626 627 1
637 639 1
472 474 1
885 885 1
857 858 1
463 465 1
732 732 1
67 69 1
103 105 1
216 216 1
79 81 1
580 582 1
639 639 1
888 888 1
721 723 1
168 168 1
123 123 1
801 801 1
65 66 0.022727
75 75 1
473 474 1
701 702 1
43 45 1
535 537 1
110 111 1
243 243 1
536 537 1
173 174 0.008621
158 159 1
106 108 1
209 210 1
596 597 1
834 834 1
779 780 1
972 972 1
400 402 1
687 687 1
731 732 1
293 294 1
508 510 1
573 573 1
182 183 1
582 582 1
479 480 1
597 597 1
557 558 1
927 927 1
675 675 1
290 291 1
776 777 1
861 861 1
192 192 1
200 201 1
28 30 1
279 279 1
445 447 1
216 216 1
998 999 1
635 636 1
231 231 1
249 249 1
502 504 1
229 231 1
320 321 1
496 498 1
909 909 1
89 90 1
809 810 1
425 426 1
582 582 1
291 291 1
863 864 1
346 348 1
456 456 1
550 552 1
521 522 1
502 504 0.002976
265 267 1
769 771 1
519 519 1
592 594 1
20 21 1
219 219 1
860 861 1
363 363 1
396 396 1
783 783 1
589 591 1
705 705 1
918 918 1
32 33 1
184 186 1
800 801 1
570 570 1
126 126 1
165 165 1
917 918 1
514 516 1
679 681 1
744 744 1
885 885 1
186 186 1
199 201 1
740 741 1
623 624 1
910 912 1
231 231 1
265 267 1
147 147 1
222 222 1
777 777 1
350 351 1
21 21 1
860 861 1
25 27 1
367 369 1
674 675 1
835 837 1
573 573 1
439 441 1
264 264 1
778 780 1
654 654 1
423 423 1
146 147 1
975 975 1
373 375 1
837 837 1
122 123 1
108 108 1
454 456 1
933 933 1
813 813 1
453 453 1
23 24 1
147 147 1
10 12 1
527 528 1
25 27 1
886 888 1
698 699 1
50 51 1
414 414 1
239 240 1
929 930 1
552 552 1
681 681 1
703 705 1
995 996 1
75 75 1
760 762 1
492 492 1
807 807 1
290 291 0.005155
885 885 1
659 660 1
471 471 1
20 21 1
712 714 1
719 720 1
798 798 1
522 522 1
14 15 1
88 90 0.016667
768 768 1
81 81 1
165 165 1
653 654 1
540 540 0.002778
430 432 1
237 237 1
962 963 1
437 438 1
967 969 1
7 9 1
162 162 1
596 597 1
792 792 1
977 978 1
205 207 1
111 111 1
795 795 1
808 810 1
362 363 1
365 366 1
934 936 1
477 477 1
54 54 0.027778
831 831 1
281 282 1
432 432 1
459 459 1
616 618 1
173 174 1
591 591 1
114 114 1
702 702 1
909 909 1
295 297 1
344 345 1
486 486 1
976 978 1
313 315 1
644 645 1
883 885 1
460 462 1
14 15 1
855 855 1
542 543 1
196 198 0.007576
611 612 1
274 276 1
39 39 1
35 36 1
462 462 1
723 723 1
474 474 1
222 222 1
838 840 1
199 201 0.007463
259 261 1
686 687 1
790 792 1
577 579 1
58 60 1
51 51 1
666 666 0.002252
873 873 1
79 81 1
785 786 1
335 336 1
222 222 1
31 33 0.045455
966 966 1
71 72 1
860 861 1
171 171 0.008772
641 642 1
307 309 1
62 63 1
568 570 1
820 822 1
590 591 1
837 837 1
25 27 1
923 924 1
696 696 1
333 333 1
711 711 1
947 948 1
768 768 1
831 831 1
777 777 1
323 324 1
864 864 1
521 522 1
203 204 1
349 351 1
125 126 1
759 759 1
275 276 1
749 750 1
156 156 1
629 630 1
670 672 1
456 456 1
998 999 1
963 963 1
7 9 0.166667
990 990 1
780 780 1
807 807 1
592 594 0.002525
169 171 1
866 867 1
245 246 1
871 873 1
907 909 1
656 657 1
338 339 1
378 378 1
915 915 1
220 222 1
524 525 1
866 867 1
752 753 1
160 162 1
155 156 0.009615
323 324 1
220 222 1
762 762 1
747 747 1
114 114 1
369 369 1
142 144 1
767 768 1
765 765 1
599 600 1
710 711 1
103 105 1
750 750 1
940 942 1
762 762 1
338 339 1
760 762 1
650 651 1
216 216 1
508 510 1
624 624 1
252 252 1
540 540 1
585 585 1
277 279 1
432 432 1
208 210 0.007143
991 993 1
767 768 1
582 582 1
821 822 1
344 345 1
907 909 1
742 744 1
848 849 1
789 789 1
909 909 1
750 750 1
605 606 1
707 708 1
299 300 1
226 228 1
783 783 1
817 819 1
9 9 1
849 849 1
390 390 1
112 114 1
271 273 0.005495
998 999 0.001502
806 807 1
713 714 1
908 909 1
204 204 1
662 663 0.002262
690 690 1
326 327 0.004587
449 450 1
454 456 1
601 603 1
359 360 1
11 12 1
519 519 1
150 150 1
129 129 1
453 453 0.003311
271 273 1
989 990 1
58 60 1
746 747 1
226 228 1
321 321 1
721 723 1
216 216 0.006944
385 387 1
762 762 1
198 198 1
655 657 1
894 894 1
856 858 1
549 549 1
207 207 1
789 789 1
548 549 1
499 501 1
317 318 1
453 453 1
181 183 1
751 753 1
333 333 1
356 357 1
441 441 1
642 642 0.002336
825 825 1
198 198 1
711 711 1
295 297 1
728 729 0.002058
879 879 1
523 525 1
915 915 1
503 504 1
347 348 1
234 234 1
877 879 1
203 204 1
524 525 1
529 531 1
550 552 1
373 375 1
804 804 1
193 195 1
250 252 1
828 828 1
510 510 1
30 30 1
941 942 1
325 327 1
513 513 1
851 852 1
823 825 1
734 735 1
220 222 1
423 423 1
496 498 1
166 168 1
675 675 1
906 906 0.001656
131 132 1
247 249 1
32 33 1
640 642 1
319 321 1
380 381 1
538 540 1
164 165 0.009091
272 273 1
114 114 1
561 561 1
262 264 1
906 906 1
274 276 1
55 57 1
421 423 1
958 960 1
429 429 1
104 105 1
309 309 1
723 723 1
814 816 1
570 570 1
554 555 1
278 279 1
932 933 1
109 111 1
466 468 1
929 930 1
4 6 1
964 966 1
351 351 1
463 465 1
146 147 1
530 531 1
754 756 1
525 525 1
777 777 1
61 63 1
705 705 1
883 885 1
814 816 1
630 630 1
241 243 1
305 306 0.004902
864 864 0.001736
423 423 1
363 363 1
666 666 1
314 315 1
995 996 1
875 876 1
235 237 1
455 456 1
520 522 1
148 150 1
292 294 1
821 822 1
432 432 1
133 135 1
421 423 1
82 84 1
707 708 1
598 600 1
330 330 1
10 12 1
749 750 1
923 924 1
272 273 1
182 183 1
614 615 1
543 543 1
533 534 1
653 654 1
37 39 1
618 618 1
83 84 1
934 936 1
404 405 1
619 621 1
644 645 1
268 270 1
319 321 1
830 831 1
423 423 1
904 906 1
508 510 1
519 519 1
553 555 1
442 444 0.003378
27 27 1
925 927 1
941 942 1
560 561 1
966 966 1
7 9 1
428 429 1
901 903 1
578 579 1
169 171 1
581 582 1
763 765 1
620 621 1
416 417 1
645 645 1
344 345 0.004348
37 39 1
937 939 1
752 753 1
661 663 1
414 414 1
246 246 1
454 456 1
985 987 1
428 429 1
328 330 0.004545
509 510 1
218 219 1
436 438 1
237 237 1
526 528 1
844 846 1
279 279 1
803 804 1
759 759 1
87 87 1
831 831 1
11 12 1
813 813 1
68 69 1
80 81 1
374 375 1
597 597 0.002513
760 762 1
439 441 1
803 804 1
37 39 1
448 450 1
870 870 1
398 399 1
976 978 1
779 780 1
661 663 1
234 234 1
287 288 1
699 699 1
418 420 1
320 321 1
583 585 1
163 165 1
282 282 1
813 813 1
49 51 1
321 321 1
381 381 1
959 960 1
53 54 1
373 375 1
93 93 1
568 570 1
462 462 1
616 618 1
14 15 1
185 186 1
272 273 1
86 87 1
895 897 0.001672
704 705 1
141 141 1
900 900 1
312 312 1
682 684 1
811 813 1
969 969 1
410 411 1
905 906 0.001656
446 447 1
784 786 1
937 939 1
462 462 1
684 684 1
924 924 1
372 372 1
175 177 1
668 669 1
275 276 1
563 564 1
858 858 1
542 543 1
276 276 1
968 969 1
608 609 1
797 798 1
272 273 1
622 624 1
322 324 1
671 672 1
835 837 1
605 606 1
511 513 1
731 732 1
731 732 1
883 885 1
908 909 0.00165
321 321 0.004673
448 450 1
379 381 1
321 321 0.004673
277 279 1
562 564 1
890 891 1
338 339 1
28 30 1
478 480 1
876 876 1
459 459 1
813 813 1
161 162 1
187 189 1
835 837 1
505 507 1
10 12 1
248 249 1
193 195 0.007692
484 486 1
588 588 1
319 321 1
370 372 1
833 834 1
937 939 1
975 975 1
312 312 1
624 624 1
239 240 1
927 927 1
931 933 1
235 237 1
879 879 1
186 186 1
212 213 0.007042
59 60 1
80 81 1
179 180 1
949 951 1
512 513 1
880 882 1
609 609 1
954 954 1
606 606 1
227 228 1
148 150 1
906 906 0.001656
9 9 1
57 57 1
901 903 1
309 309 1
17 18 0.083333
588 588 1
954 954 1
607 609 0.002463
549 549 1
375 375 1
823 825 1
587 588 1
468 468 1
655 657 1
885 885 1
665 666 1
383 384 1
789 789 1
510 510 1
745 747 1
761 762 1
626 627 1
478 480 1
757 759 1
462 462 1
58 60 1
995 996 1
306 306 1
510 510 1
641 642 1
550 552 1
6 6 0.25
387 387 1
736 738 1
752 753 1
91 93 1
750 750 1
384 384 1
325 327 1
570 570 1
813 813 1
901 903 1
731 732 1
929 930 1
376 378 1
548 549 1
715 717 1
69 69 1
943 945 1
308 309 1
767 768 0.001953
736 738 1
573 573 0.002618
209 210 1
850 852 1
947 948 1
320 321 1
980 981 1
107 108 0.013889
164 165 1
13 15 1
403 405 1
177 177 1
162 162 1
592 594 1
807 807 1
847 849 1
379 381 1
362 363 1
56 57 1
25 27 1
412 414 1
712 714 1
603 603 1
197 198 1
25 27 1
243 243 1
780 780 1
827 828 1
479 480 1
290 291 1
403 405 1
805 807 1
249 249 1
673 675 1
427 429 1
47 48 1
704 705 1
508 510 1
974 975 1
391 393 1
745 747 1
52 54 1
890 891 1
693 693 1
251 252 1
264 264 1
406 408 1
316 318 1
237 237 1
245 246 1
445 447 1
727 729 1
636 636 1
295 297 1
33 33 1
276 276 1
850 852 1
741 741 1
624 624 1
788 789 1
832 834 1
416 417 1
555 555 1
992 993 0.001511
516 516 1
931 933 1
481 483 1
901 903 1
235 237 1
700 702 1
16 18 1
833 834 1
592 594 1
625 627 1
700 702 1
291 291 1
170 171 1
900 900 1
173 174 1
614 615 1
34 36 1
263 264 1
445 447 1
790 792 1
986 987 1
400 402 1
951 951 1
384 384 1
70 72 1
926 927 1
841 843 1
726 726 1
222 222 1
369 369 1
354 354 1
793 795 0.001887
530 531 1
373 375 1
276 276 1
500 501 1
580 582 1
751 753 1
874 876 1
615 615 1
137 138 1
342 342 1
27 27 1
65 66 1
495 495 1
690 690 1
421 423 1
501 501 1
968 969 1
960 960 1
34 36 0.041667
245 246 1
302 303 1
52 54 0.027778
278 279 1
233 234 1
516 516 1
406 408 1
782 783 1
105 105 1
139 141 1
381 381 1
353 354 1
382 384 1
729 729 1
430 432 1
491 492 0.003049
757 759 0.001976
219 219 1
549 549 1
925 927 1
107 108 1
524 525 1
97 99 1
862 864 1
489 489 1
691 693 1
868 870 1
676 678 1
169 171 1
385 387 1
441 441 1
443 444 1
710 711 1
528 528 1
4 6 1
660 660 1
104 105 1
4 6 1
365 366 1
238 240 1
765 765 1
957 957 1
892 894 0.001678
305 306 1
289 291 1
419 420 1
94 96 1
214 216 1
646 648 1
888 888 1
718 720 1
823 825 1
644 645 1
345 345 1
612 612 1
60 60 1
906 906 1
189 189 1
425 426 1
380 381 1
282 282 1
235 237 1
48 48 1
247 249 1
896 897 1
856 858 1
63 63 1
659 660 1
251 252 1
286 288 1
555 555 0.002703
611 612 0.002451
875 876 1
406 408 1
855 855 1
721 723 1
296 297 1
279 279 1
997 999 1
596 597 1
769 771 1
475 477 1
402 402 1
442 444 1
634 636 1
288 288 1
878 879 1
671 672 1
940 942 1
69 69 1
985 987 1
604 606 1
96 96 1
808 810 1
183 183 1
721 723 0.002075
220 222 1
206 207 1
756 756 1
82 84 1
708 708 1
155 156 1
609 609 1
396 396 1
977 978 1
421 423 1
820 822 1
641 642 1
205 207 1
957 957 1
627 627 1
256 258 1
653 654 1
661 663 1
330 330 1
13 15 1
333 333 1
106 108 1
815 816 0.001838
358 360 1
407 408 1
427 429 1
588 588 1
628 630 1
916 918 1
607 609 1
749 750 1
502 504 1
856 858 1
731 732 1
133 135 1
993 993 1
161 162 1
161 162 1
797 798 1
474 474 1
881 882 1
490 492 1
829 831 1
313 315 0.004762
559 561 1
813 813 1
992 993 1
695 696 0.002155
841 843 1
524 525 1
828 828 1
648 648 1
605 606 1
677 678 1
303 303 1
666 666 1
251 252 1
63 63 1
795 795 1
372 372 1
276 276 1
368 369 1
794 795 1
775 777 1
693 693 1
285 285 1
361 363 1
280 282 1
988 990 1
490 492 1
761 762 1
715 717 1
937 939 1
741 741 1
673 675 1
249 249 1
526 528 1
871 873 1
309 309 1
346 348 1
671 672 1
530 531 1
474 474 1
307 309 1
987 987 1
859 861 1
310 312 1
25 27 1
280 282 1
137 138 1
940 942 1
260 261 1
746 747 1
468 468 1
486 486 1
300 300 1
564 564 1
110 111 1
945 945 1
79 81 1
900 900 1
965 966 1
908 909 1
800 801 1
291 291 1
702 702 1
960 960 1
969 969 1
210 210 1
203 204 1
488 489 1
410 411 1
238 240 1
550 552 1
466 468 1
30 30 1
917 918 1
723 723 1
693 693 1
29 30 1
630 630 0.002381
273 273 1
121 123 1
420 420 0.003571
229 231 1
353 354 1
873 873 1
934 936 1
907 909 1
309 309 1
499 501 1
278 279 1
801 801 1
986 987 1
910 912 1
410 411 1
94 96 1
918 918 1
90 90 1
585 585 1
356 357 1
1 3 1
59 60 1
365 366 0.004098
647 648 1
616 618 1
510 510 1
194 195 1
573 573 1
821 822 1
554 555 1
20 21 1
974 975 1
448 450 1
272 273 1
724 726 1
180 180 1
720 720 1
499 501 1
76 78 1
996 996 1
170 171 1
792 792 1
357 357 1
667 669 1
417 417 1
223 225 1
104 105 1
874 876 1
587 588 1
607 609 1
74 75 1
778 780 1
378 378 1
717 717 1
45 45 1
448 450 1
880 882 1
13 15 1
621 621 1
33 33 1
769 771 1
575 576 1
192 192 1
455 456 1
564 564 1
571 573 1
869 870 1
145 147 1
290 291 1
117 117 1
957 957 1
958 960 1
117 117 1
401 402 1
421 423 1
171 171 0.008772
402 402 1
167 168 1
633 633 1
575 576 1
951 951 1
352 354 1
922 924 1
246 246 1
725 726 1
774 774 1
969 969 1
827 828 1
190 192 1
847 849 1
497 498 1
883 885 1
815 816 0.001838
139 141 1
704 705 1
776 777 1
167 168 1
449 450 0.003333
125 126 1
444 444 1
46 48 1
293 294 1
787 789 1
881 882 1
502 504 1
869 870 1
861 861 1
439 441 1
965 966 1
918 918 1
815 816 1
806 807 1
104 105 1
227 228 1
395 396 1
439 441 1
985 987 1
998 999 1
889 891 1
102 102 1
170 171 1
317 318 1
61 63 1
202 204 1
359 360 1
189 189 1
196 198 1
371 372 1
896 897 1
114 114 1
62 63 1
291 291 1
131 132 1
597 597 1
341 342 1
717 717 1
382 384 1
243 243 1
212 213 1
857 858 1
410 411 1
413 414 1
257 258 1
701 702 1
264 264 1
234 234 1
596 597 1
4 6 1
136 138 1
717 717 1
653 654 1
739 741 1
916 918 1
741 741 0.002024
160 162 1
398 399 1
346 348 1
831 831 1
140 141 1
495 495 1
615 615 1
742 744 1
415 417 1
199 201 1
731 732 1
620 621 1
987 987 1
155 156 1
187 189 1
709 711 1
108 108 1
591 591 1
450 450 1
162 162 1
352 354 1
646 648 1
350 351 1
707 708 1
501 501 1
935 936 1
633 633 1
892 894 1
517 519 1
81 81 1
365 366 1
656 657 1
196 198 1
672 672 1
902 903 1
417 417 0.003597
880 882 1
276 276 1
748 750 1
173 174 1
280 282 1
977 978 1
678 678 1
802 804 1
214 216 1
753 753 1
327 327 1
242 243 1
84 84 1
923 924 1
723 723 1
983 984 1
586 588 1
255 255 1
482 483 1
232 234 1
310 312 1
560 561 1
420 420 1
449 450 1
593 594 1
888 888 1
812 813 0.001845
575 576 1
16 18 1
558 558 1
21 21 1
265 267 1
697 699 1
803 804 1
935 936 1
576 576 1
809 810 0.001852
655 657 1
858 858 1
519 519 1
12 12 1
585 585 1
624 624 1
827 828 1
469 471 1
300 300 1
399 399 1
339 339 1
8 9 1
738 738 1
685 687 1
704 705 1
599 600 1
37 39 0.038462
906 906 1
126 126 1
338 339 1
488 489 1
992 993 0.001511
897 897 1
629 630 1
442 444 1
206 207 1
872 873 1
189 189 1
474 474 1
192 192 1
317 318 1
579 579 1
315 315 1
352 354 1
731 732 1
991 993 1
545 546 1
208 210 1
582 582 1
477 477 1
842 843 1
221 222 1
950 951 0.001577
307 309 1
942 942 1
909 909 1
363 363 1
792 792 0.001894
823 825 1
33 33 1
625 627 1
710 711 1
137 138 1
187 189 1
606 606 1
625 627 1
162 162 1
441 441 1
271 273 1
998 999 1
971 972 1
688 690 1
510 510 1
572 573 1
188 189 1
17 18 1
302 303 1
581 582 0.002577
227 228 1
310 312 1
452 453 1
757 759 1
869 870 1
285 285 1
552 552 1
210 210 1
539 540 1
564 564 1
737 738 1
546 546 1
751 753 1
547 549 0.002732
340 342 1
599 600 1
403 405 1
124 126 1
710 711 1
718 720 0.002083
296 297 1
902 903 1
596 597 1
474 474 1
484 486 1
429 429 1
650 651 1
205 207 1
546 546 1
683 684 1
824 825 1
976 978 1
294 294 1
738 738 1
862 864 1
662 663 1
174 174 1
967 969 1
977 978 1
684 684 1
601 603 1
304 306 1
499 501 1
339 339 1
259 261 1
126 126 1
982 984 1
156 156 1
55 57 1
612 612 1
1 3 1
282 282 1
347 348 1
509 510 1
977 978 1
875 876 1
215 216 1
569 570 1
337 339 1
487 489 1
797 798 0.00188
384 384 1
706 708 1
159 159 1
290 291 1
204 204 1
227 228 1
78 78 1
483 483 1
115 117 1
849 849 1
163 165 1
17 18 1
203 204 1
527 528 1
741 741 1
597 597 1
532 534 1
479 480 1
989 990 1
156 156 1
265 267 1
727 729 1
183 183 1
203 204 1
166 168 1
685 687 1
800 801 1
19 21 1
859 861 1
443 444 1
33 33 1
790 792 1
671 672 1
467 468 1
666 666 1
487 489 1
565 567 1
434 435 1
175 177 1
910 912 1
154 156 1
841 843 1
270 270 1
777 777 1
956 957 1
351 351 1
471 471 1
692 693 1
620 621 1
80 81 1
674 675 1
593 594 1
852 852 1
824 825 1
324 324 1
744 744 1
674 675 1
792 792 1
969 969 1
728 729 1
835 837 1
8 9 1
291 291 1
27 27 1
256 258 1
762 762 1
497 498 0.003012
758 759 1
323 324 1
885 885 1
296 297 1
477 477 1
154 156 1
79 81 1
166 168 1
627 627 1
171 171 1
681 681 1
137 138 1
712 714 1
198 198 0.007576
423 423 1
883 885 1
536 537 1
366 366 1
469 471 1
57 57 1
234 234 1
255 255 1
442 444 1
135 135 1
382 384 1
801 801 1
880 882 1
29 30 1
262 264 1
323 324 1
505 507 1
644 645 1
61 63 1
696 696 1
91 93 1
233 234 1
506 507 1
413 414 1
285 285 1
801 801 1
878 879 0.001706
512 513 1
271 273 1
531 531 1
873 873 1
34 36 1
877 879 1
257 258 1
544 546 1
485 486 1
781 783 1
614 615 1
346 348 1
295 297 1
91 93 1
32 33 1
373 375 1
133 135 1
435 435 1
439 441 1
477 477 0.003145
824 825 1
303 303 1
588 588 1
438 438 0.003425
699 699 1
596 597 1
762 762 1
204 204 1
698 699 1
762 762 1
792 792 1
121 123 1
403 405 1
384 384 1
133 135 1
767 768 1
72 72 1
379 381 1
706 708 1
905 906 1
67 69 1
495 495 1
283 285 1
430 432 1
929 930 1
604 606 1
414 414 1
446 447 1
735 735 1
746 747 1
97 99 1
546 546 1
79 81 1
109 111 1
591 591 1
319 321 1
627 627 1
753 753 1
628 630 1
635 636 1
1000 1002 1
302 303 1
500 501 1
38 39 1
53 54 1
476 477 1
639 639 1
994 996 0.001506
617 618 1
592 594 1
280 282 1
755 756 1
839 840 1
901 903 1
312 312 1
368 369 1
421 423 1
315 315 1
879 879 1
719 720 1
576 576 1
476 477 1
596 597 0.002513
612 612 1
545 546 1
241 243 1
23 24 1
346 348 1
618 618 1
408 408 1
493 495 1
487 489 1
553 555 1
593 594 1
316 318 0.004717
764 765 1
332 333 1
788 789 1
234 234 1
779 780 1
187 189 1
276 276 1
121 123 1
463 465 1
713 714 1
982 984 1
22 24 1
662 663 0.002262
171 171 1
194 195 1
381 381 1
810 810 1
966 966 1
816 816 1
30 30 1
51 51 0.029412
884 885 1
748 750 0.002
179 180 1
798 798 1
768 768 1
211 213 1
623 624 1
809 810 1
868 870 1
115 117 1
679 681 1
340 342 1
922 924 1
198 198 1
644 645 1
608 609 1
64 66 1
975 975 1
919 921 0.001629
699 699 1
305 306 1
530 531 1
419 420 1
114 114 1
619 621 1
896 897 1
935 936 1
86 87 1
219 219 1
264 264 1
345 345 1
735 735 1
322 324 1
311 312 1
483 483 1
699 699 1
347 348 1
176 177 1
248 249 1
599 600 1
466 468 1
20 21 1
839 840 1
196 198 1
366 366 1
699 699 1
295 297 1
731 732 1
671 672 1
801 801 1
41 42 0.035714
761 762 1
128 129 1
465 465 1
897 897 1
443 444 1
725 726 1
397 399 1
597 597 1
610 612 1
806 807 1
139 141 1
459 459 1
576 576 1
370 372 1
184 186 1
79 81 1
369 369 1
564 564 1
113 114 1
18 18 1
131 132 1
793 795 1
37 39 1
691 693 1
21 21 1
447 447 1
20 21 1
426 426 1
379 381 1
352 354 1
2 3 1
399 399 1
224 225 1
228 228 1
772 774 1
23 24 1
841 843 1
402 402 1
761 762 1
647 648 1
521 522 1
487 489 1
17 18 1
734 735 1
799 801 1
228 228 1
761 762 1
151 153 1
944 945 1
252 252 1
365 366 1
948 948 1
11 12 1
187 189 1
44 45 1
364 366 1
592 594 1
663 663 1
624 624 1
829 831 1
680 681 1
467 468 0.003205
978 978 1
873 873 1
272 273 1
503 504 1
289 291 1
653 654 1
253 255 1
168 168 1
708 708 1
741 741 1
496 498 1
998 999 1
835 837 1
513 513 1
122 123 1
576 576 1
505 507 1
507 507 1
217 219 1
337 339 1
708 708 1
342 342 1
273 273 1
206 207 1
339 339 1
880 882 1
644 645 1
774 774 1
214 216 1
440 441 1
58 60 1
808 810 1
266 267 1
240 240 1
584 585 1
271 273 1
474 474 1
307 309 1
269 270 1
1 3 1
206 207 1
624 624 1
608 609 1
651 651 1
255 255 1
580 582 1
211 213 1
742 744 1
984 984 1
908 909 1
570 570 1
877 879 1
326 327 1
216 216 1
668 669 1
68 69 1
497 498 1
624 624 1
584 585 1
210 210 1
448 450 1
251 252 1
673 675 0.002222
463 465 1
376 378 1
474 474 1
491 492 1
358 360 1
126 126 1
401 402 1
235 237 1
980 981 1
863 864 1
454 456 1
377 378 1
846 846 1
431 432 1
416 417 1
865 867 1
430 432 0.003472
574 576 1
880 882 1
645 645 1
943 945 1
828 828 1
451 453 1
932 933 1
564 564 1
702 702 1
181 183 1
598 600 1
636 636 1
78 78 1
78 78 1
294 294 1
648 648 1
14 15 1
209 210 1
790 792 1
899 900 1
565 567 1
152 153 1
853 855 1
497 498 1
48 48 1
345 345 1
684 684 1
200 201 0.007463
601 603 1
475 477 0.003145
460 462 1
361 363 1
20 21 1
929 930 1
913 915 1
479 480 1
692 693 1
685 687 1
849 849 1
318 318 1
138 138 1
510 510 1
774 774 1
645 645 1
782 783 1
242 243 1
615 615 1
212 213 1
35 36 1
804 804 1
266 267 1
486 486 1
183 183 1
926 927 1
877 879 0.001706
784 786 1
344 345 1
103 105 1
55 57 1
287 288 1
143 144 1
383 384 1
260 261 1
173 174 1
312 312 1
765 765 1
646 648 1
365 366 1
576 576 0.002604
592 594 1
748 750 1
178 180 1
549 549 1
426 426 1
734 735 1
435 435 1
81 81 1
565 567 1
198 198 1
938 939 1
839 840 1
978 978 1
984 984 1
855 855 1
148 150 1
381 381 1
242 243 1
593 594 1
606 606 1
410 411 1
52 54 1
429 429 1
472 474 1
626 627 1
273 273 1
188 189 1
428 429 1
398 399 1
428 429 1
745 747 1
118 120 1
298 300 1
683 684 1
944 945 1
343 345 1
899 900 1
239 240 1
336 336 1
48 48 1
585 585 1
73 75 1
817 819 1
154 156 1
469 471 1
494 495 1
262 264 1
132 132 1
284 285 1
468 468 1
956 957 1
244 246 1
625 627 1
674 675 1
73 75 1
380 381 1
278 279 1
907 909 1
837 837 1
734 735 0.002041
483 483 1
355 357 1
675 675 1
128 129 1
189 189 1
760 762 1
641 642 1
89 90 0.016667
944 945 1
753 753 1
715 717 1
745 747 1
613 615 1
802 804 0.001866
531 531 1
660 660 1
372 372 1
494 495 1
236 237 1
487 489 1
770 771 1
787 789 1
689 690 1
745 747 1
140 141 1
89 90 1
403 405 1
411 411 1
218 219 1
483 483 1
952 954 1
792 792 1
349 351 1
555 555 1
220 222 0.006757
917 918 1
208 210 1
953 954 1
771 771 1
737 738 1
617 618 1
109 111 1
564 564 1
118 120 1
529 531 1
904 906 1
303 303 1
190 192 1
736 738 1
503 504 1
831 831 1
502 504 1
753 753 1
959 960 1
921 921 1
781 783 1
124 126 1
993 993 1
491 492 1
669 669 1
270 270 1
823 825 1
669 669 1
345 345 0.004348
410 411 1
677 678 1
626 627 1
309 309 1
963 963 1
384 384 1
304 306 1
1 3 1
863 864 1
898 900 1
643 645 0.002326
846 846 1
317 318 1
35 36 1
445 447 1
174 174 1
671 672 1
457 459 1
913 915 1
399 399 1
945 945 1
521 522 1
771 771 1
209 210 1
231 231 1
923 924 1
489 489 1
427 429 1
658 660 1
889 891 1
540 540 1
649 651 1
19 21 1
527 528 1
191 192 1
448 450 1
78 78 1
76 78 1
566 567 1
344 345 1
792 792 1
720 720 1
888 888 1
409 411 1
33 33 0.045455
3 3 1
94 96 1
486 486 1
770 771 1
804 804 1
233 234 1
716 717 1
440 441 1
183 183 1
759 759 1
515 516 1
583 585 1
845 846 1
197 198 1
51 51 1
670 672 1
544 546 1
614 615 1
176 177 1
521 522 1
91 93 1
666 666 1
335 336 1
417 417 1
461 462 1
351 351 0.004274
534 534 1
6 6 1
695 696 1
380 381 1
583 585 1
814 816 1
473 474 1
280 282 1
188 189 1
506 507 1
624 624 1
423 423 1
236 237 1
975 975 1
555 555 1
364 366 1
68 69 1
650 651 1
184 186 1
136 138 1
439 441 1
883 885 1
419 420 1
369 369 1
582 582 1
106 108 1
288 288 1
3 3 1
808 810 1
93 93 1
555 555 1
226 228 1
163 165 1
47 48 1
831 831 1
277 279 1
512 513 1
722 723 1
987 987 1
789 789 1
666 666 1
950 951 1
606 606 1
419 420 1
783 783 1
927 927 1
715 717 1
148 150 1
205 207 1
58 60 1
701 702 1
936 936 1
470 471 1
999 999 1
748 750 1
31 33 1
124 126 1
104 105 1
518 519 1
122 123 1
205 207 1
792 792 1
639 639 1
927 927 1
727 729 1
901 903 1
824 825 1
261 261 1
436 438 1
231 231 1
611 612 1
403 405 1
255 255 1
518 519 1
932 933 0.001608
277 279 1
333 333 1
742 744 1
57 57 1
839 840 1
653 654 1
646 648 0.002315
931 933 1
943 945 1
912 912 1
604 606 1
755 756 1
566 567 1
208 210 1
362 363 1
653 654 1
591 591 1
220 222 1
148 150 1
551 552 1
143 144 1
914 915 1
863 864 1
842 843 1
291 291 1
940 942 1
187 189 1
536 537 1
588 588 1
379 381 1
458 459 1
436 438 1
549 549 1
334 336 1
174 174 1
740 741 1
35 36 1
388 390 0.003846
38 39 1
890 891 1
724 726 1
757 759 1
177 177 1
718 720 1
528 528 1
636 636 1
656 657 1
237 237 1
571 573 1
39 39 1
128 129 1
365 366 1
968 969 1
917 918 1
325 327 0.004587
94 96 1
222 222 1
798 798 1
584 585 1
729 729 1
319 321 0.004673
119 120 1
362 363 1
12 12 1
148 150 1
291 291 1
478 480 1
708 708 1
361 363 1
938 939 1
938 939 1
450 450 1
495 495 1
245 246 1
966 966 1
134 135 1
988 990 1
919 921 1
250 252 0.005952
174 174 1
260 261 1
373 375 1
804 804 1
391 393 1
331 333 1
134 135 1
119 120 1
250 252 1
96 96 1
460 462 1
237 237 1
424 426 1
476 477 1
225 225 1
238 240 1
950 951 1
896 897 1
962 963 1
174 174 1
914 915 1
754 756 1
767 768 1
282 282 1
107 108 1
216 216 1
376 378 1
531 531 1
252 252 1
738 738 1
457 459 1
833 834 0.001799
345 345 1
20 21 1
118 120 1
752 753 1
623 624 1
217 219 1
367 369 1
366 366 1
488 489 1
225 225 0.006667
13 15 1
786 786 1
701 702 1
555 555 1
402 402 1
494 495 1
761 762 1
699 699 1
717 717 1
422 423 0.003546
916 918 1
437 438 1
995 996 1
134 135 1
533 534 1
783 783 1
110 111 1
440 441 1
167 168 1
458 459 1
218 219 1
195 195 1
60 60 1
753 753 1
810 810 1
644 645 1
732 732 1
913 915 1
751 753 1
752 753 1
975 975 1
7 9 1
841 843 1
847 849 1
982 984 1
588 588 1
907 909 1
243 243 1
445 447 1
436 438 0.003425
611 612 1
550 552 1
876 876 1
921 921 0.001629
311 312 1
535 537 1
929 930 1
596 597 0.002513
408 408 1
693 693 1
126 126 1
93 93 1
258 258 1
697 699 1
321 321 1
685 687 1
218 219 1
936 936 1
278 279 1
763 765 1
662 663 1
559 561 1
143 144 1
435 435 1
64 66 1
893 894 1
556 558 1
976 978 1
947 948 1
643 645 1
795 795 1
251 252 1
915 915 1
366 366 1
32 33 1
624 624 1
569 570 1
220 222 1
285 285 1
984 984 1
549 549 1
186 186 1
803 804 1
137 138 1
761 762 1
180 180 1
335 336 1
735 735 1
916 918 1
173 174 0.008621
181 183 0.008197
535 537 1
532 534 1
353 354 1
760 762 1
846 846 1
482 483 1
818 819 1
600 600 0.0025
341 342 1
810 810 1
792 792 1
425 426 1
920 921 1
967 969 1
159 159 1
170 171 0.008772
689 690 1
827 828 1
124 126 1
27 27 1
593 594 1
644 645 1
608 609 1
421 423 1
248 249 1
88 90 1
435 435 0.003448
246 246 0.006098
63 63 0.02381
354 354 1
553 555 1
754 756 1
109 111 1
337 339 1
600 600 1
210 210 1
246 246 1
319 321 1
56 57 1
56 57 0.026316
373 375 1
792 792 1
945 945 1
368 369 1
667 669 1
575 576 1
720 720 1
569 570 1
373 375 1
171 171 1
857 858 1
689 690 1
585 585 1
247 249 1
893 894 1
500 501 1
648 648 1
45 45 1
406 408 1
294 294 1
566 567 1
658 660 1
414 414 1
403 405 1
205 207 0.007246
125 126 1
475 477 1
797 798 1
485 486 1
808 810 1
669 669 1
302 303 1
263 264 1
445 447 1
118 120 1
817 819 0.001832
652 654 1
745 747 1
40 42 1
701 702 1
394 396 1
819 819 1
210 210 1
385 387 1
607 609 1
221 222 1
779 780 1
217 219 1
563 564 1
2 3 1
189 189 1
959 960 1
58 60 1
470 471 1
619 621 1
138 138 1
951 951 1
33 33 1
298 300 1
258 258 1
810 810 1
460 462 1
179 180 0.008333
497 498 1
778 780 1
681 681 1
599 600 1
243 243 1
371 372 1
510 510 1
697 699 1
302 303 1
497 498 1
474 474 1
751 753 1
770 771 1
459 459 1
286 288 1
489 489 1
674 675 1
856 858 1
94 96 1
592 594 1
537 537 1
780 780 1
629 630 1
216 216 1
741 741 1
604 606 1
692 693 1
877 879 1
183 183 1
213 213 1
10 12 1
593 594 1
961 963 1
417 417 1
492 492 1
668 669 1
78 78 1
617 618 1
831 831 1
74 75 1
300 300 1
571 573 1
360 360 1
33 33 1
165 165 1
893 894 1
11 12 1
519 519 1
625 627 1
879 879 1
457 459 1
71 72 0.020833
276 276 1
461 462 1
775 777 1
301 303 1
102 102 1
362 363 1
69 69 1
117 117 1
6 6 1
110 111 1
628 630 1
759 759 1
222 222 1
353 354 1
639 639 1
877 879 1
898 900 1
589 591 1
946 948 1
627 627 1
600 600 1
143 144 1
942 942 1
190 192 1
808 810 1
749 750 1
530 531 1
389 390 1
676 678 1
345 345 1
555 555 1
819 819 1
369 369 1
756 756 1
972 972 1
202 204 1
972 972 1
379 381 1
998 999 1
480 480 1
542 543 1
213 213 1
681 681 1
813 813 1
104 105 1
475 477 1
432 432 1
59 60 1
871 873 1
550 552 1
161 162 1
876 876 0.001712
944 945 1
676 678 0.002212
538 540 1
975 975 1
156 156 1
283 285 1
13 15 1
308 309 1
189 189 1
940 942 1
644 645 1
114 114 1
207 207 1
377 378 0.003968
781 783 1
167 168 0.008929
63 63 1
454 456 1
542 543 1
184 186 1
319 321 1
387 387 1
417 417 1
652 654 1
247 249 1
455 456 1
9 9 1
669 669 1
637 639 1
6 6 1
963 963 1
550 552 1
526 528 1
780 780 1
222 222 1
645 645 1
554 555 0.002703
184 186 1
906 906 1
746 747 1
251 252 1
137 138 1
980 981 1
590 591 1
662 663 1
4 6 1
944 945 1
725 726 1
927 927 1
459 459 1
53 54 1
371 372 1
129 129 1
342 342 1
556 558 1
370 372 0.004032
484 486 1
902 903 1
937 939 1
26 27 1
116 117 1
124 126 1
928 930 0.001613
751 753 0.001992
616 618 1
30 30 1
848 849 0.001767
407 408 1
760 762 1
314 315 1
635 636 1
984 984 1
806 807 1
225 225 1
940 942 1
166 168 1
109 111 1
997 999 1
47 48 1
490 492 1
45 45 1
914 915 1
659 660 1
539 540 1
884 885 1
672 672 1
499 501 1
857 858 1
717 717 1
718 720 1
256 258 1
780 780 1
917 918 1
257 258 1
128 129 1
225 225 1
56 57 1
466 468 1
538 540 1
485 486 1
96 96 1
611 612 1
207 207 1
455 456 1
102 102 0.014706
235 237 0.006329
218 219 0.006849
378 378 1
830 831 1
780 780 1
376 378 1
760 762 1
359 360 1
883 885 1
553 555 1
647 648 1
752 753 1
312 312 1
796 798 1
943 945 1
236 237 0.006329
673 675 1
614 615 1
674 675 1
966 966 1
19 21 1
803 804 0.001866
347 348 1
765 765 1
777 777 1
827 828 1
687 687 1
793 795 1
650 651 1
494 495 1
110 111 1
291 291 1
318 318 1
128 129 1
546 546 1
913 915 1
377 378 1
109 111 1
142 144 1
599 600 1
431 432 1
837 837 1
143 144 1
22 24 1
806 807 1
777 777 1
286 288 0.005208
768 768 1
582 582 1
187 189 1
892 894 1
97 99 1
395 396 0.003788
594 594 1
324 324 1
647 648 1
377 378 1
675 675 1
757 759 1
667 669 1
423 423 1
368 369 1
701 702 1
406 408 1
332 333 1
157 159 1
926 927 1
884 885 1
973 975 1
589 591 1
915 915 1
43 45 1
932 933 1
161 162 1
771 771 1
932 933 1
298 300 1
192 192 1
637 639 1
857 858 1
109 111 1
288 288 1
834 834 1
909 909 1
698 699 1
35 36 1
254 255 1
279 279 0.005376
772 774 0.001938
90 90 1
415 417 1
646 648 1
618 618 1
749 750 0.002
212 213 1
485 486 1
92 93 1
552 552 1
998 999 1
680 681 1
270 270 1
336 336 1
953 954 1
909 909 1
116 117 1
979 981 1
716 717 1
548 549 1
268 270 1
667 669 1
252 252 1
799 801 1
14 15 1
755 756 1
805 807 1
714 714 1
30 30 1
376 378 1
145 147 1
395 396 1
640 642 1
368 369 1
13 15 1
562 564 1
683 684 1
566 567 1
963 963 1
674 675 1
895 897 1
707 708 1
202 204 1
750 750 1
526 528 1
910 912 1
736 738 1
404 405 1
550 552 1
605 606 1
528 528 1
821 822 1
588 588 1
633 633 1
987 987 1
898 900 1
594 594 1
94 96 1
555 555 1
40 42 1
537 537 1
487 489 1
555 555 1
293 294 1
247 249 1
430 432 0.003472
32 33 1
912 912 1
226 228 1
737 738 1
34 36 1
876 876 1
835 837 1
806 807 1
643 645 1
717 717 1
492 492 1
95 96 1
262 264 1
120 120 1
41 42 1
518 519 1
801 801 1
639 639 1
602 603 1
490 492 1
827 828 1
875 876 1
991 993 1
39 39 1
798 798 1
991 993 1
690 690 1
506 507 1
445 447 1
899 900 1
648 648 1
346 348 1
743 744 1
710 711 1
200 201 1
200 201 1
970 972 1
323 324 1
745 747 0.002008
143 144 1
352 354 1
84 84 1
216 216 1
180 180 1
540 540 1
25 27 1
767 768 1
366 366 1
565 567 1
362 363 1
247 249 1
15 15 1
914 915 1
944 945 1
111 111 1
168 168 0.008929
868 870 1
928 930 1
953 954 1
976 978 1
232 234 1
351 351 1
107 108 1
446 447 1
177 177 1
486 486 1
291 291 1
66 66 1
545 546 1
759 759 1
914 915 1
655 657 1
872 873 1
541 543 1
458 459 1
315 315 1
915 915 1
384 384 1
848 849 1
509 510 1
606 606 1
46 48 1
249 249 1
158 159 1
442 444 1
403 405 1
216 216 1
640 642 1
823 825 1
1 3 1
6 6 1
609 609 1
162 162 1
832 834 1
944 945 1
313 315 1
728 729 1
719 720 0.002083
709 711 1
583 585 1
593 594 1
480 480 1
381 381 1
247 249 1
293 294 1
783 783 1
722 723 1
30 30 1
138 138 1
163 165 1
890 891 0.001684
308 309 1
459 459 1
804 804 1
890 891 1
464 465 1
322 324 1
826 828 1
260 261 1
335 336 1
926 927 1
68 69 1
826 828 1
958 960 1
309 309 1
678 678 1
832 834 1
882 882 1
883 885 0.001695
841 843 1
917 918 1
7 9 1
184 186 1
398 399 1
722 723 1
550 552 1
6 6 1
995 996 1
849 849 1
708 708 1
168 168 1
188 189 1
742 744 1
969 969 1
716 717 1
906 906 1
265 267 1
862 864 1
489 489 1
887 888 1
10 12 1
14 15 1
513 513 1
936 936 1
139 141 1
645 645 1
304 306 1
745 747 1
649 651 1
747 747 1
354 354 1
260 261 1
595 597 1
386 387 1
800 801 1
554 555 1
97 99 1
835 837 1
323 324 1
551 552 1
165 165 1
277 279 1
71 72 1
961 963 1
565 567 1
126 126 1
201 201 1
266 267 1
870 870 1
791 792 1
49 51 1
729 729 1
794 795 1
443 444 1
713 714 1
508 510 1
627 627 1
920 921 0.001629
563 564 1
337 339 1
69 69 1
132 132 1
582 582 1
184 186 1
327 327 1
72 72 1
168 168 1
650 651 1
338 339 1
192 192 1
949 951 1
860 861 1
552 552 1
865 867 1
990 990 1
108 108 1
109 111 1
505 507 1
635 636 1
714 714 1
449 450 0.003333
818 819 1
569 570 1
200 201 1
620 621 1
215 216 1
428 429 1
562 564 1
552 552 1
653 654 1
902 903 1
695 696 1
234 234 1
779 780 1
149 150 1
821 822 1
665 666 0.002252
922 924 1
16 18 1
96 96 1
525 525 1
612 612 1
122 123 1
59 60 1
472 474 1
960 960 1
574 576 1
612 612 1
560 561 1
332 333 1
856 858 1
956 957 1
346 348 1
761 762 1
178 180 1
461 462 1
336 336 1
459 459 1
291 291 1
657 657 1
844 846 0.001773
422 423 1
473 474 1
449 450 1
410 411 1
753 753 1
352 354 1
323 324 1
177 177 1
870 870 1
385 387 1
715 717 1
658 660 1
343 345 1
676 678 1
618 618 1
271 273 1
594 594 1
365 366 1
433 435 1
693 693 1
822 822 1
146 147 0.010204
79 81 1
178 180 1
604 606 1
850 852 1
390 390 1
167 168 1
182 183 1
711 711 1
146 147 1
142 144 1
386 387 1
316 318 1
641 642 0.002336
948 948 1
391 393 1
792 792 1
571 573 1
336 336 0.004464
830 831 1
609 609 0.002463
962 963 1
2 3 1
802 804 1
297 297 1
867 867 1
564 564 1
680 681 1
812 813 1
275 276 1
540 540 1
351 351 1
271 273 1
627 627 1
63 63 1
553 555 1
626 627 1
964 966 1
511 513 1
104 105 1
407 408 1
499 501 1
462 462 1
785 786 1
768 768 1
997 999 1
408 408 1
979 981 1
524 525 1
884 885 1
796 798 1
680 681 1
402 402 1
759 759 1
579 579 1
451 453 1
3 3 1
421 423 1
767 768 0.001953
312 312 1
836 837 1
675 675 1
21 21 1
239 240 1
801 801 1
640 642 1
771 771 1
137 138 1
315 315 0.004762
248 249 1
602 603 1
529 531 1
635 636 1
902 903 1
12 12 1
699 699 1
484 486 1
423 423 1
294 294 1
647 648 1
68 69 1
277 279 1
703 705 0.002128
230 231 1
658 660 1
234 234 1
47 48 1
836 837 1
689 690 1
584 585 1
368 369 1
988 990 1
251 252 1
591 591 1
192 192 1
743 744 1
215 216 1
847 849 1
125 126 1
733 735 1
52 54 0.027778
185 186 1
423 423 1
945 945 1
138 138 1
753 753 1
736 738 1
720 720 1
79 81 1
454 456 1
759 759 1
698 699 1
32 33 1
464 465 1
552 552 1
199 201 1
715 717 1
729 729 1
365 366 1
691 693 1
427 429 1
548 549 1
576 576 1
379 381 1
219 219 1
377 378 0.003968
590 591 1
901 903 1
337 339 1
582 582 1
677 678 1
835 837 1
12 12 1
470 471 1
245 246 1
832 834 1
959 960 1
326 327 1
603 603 1
240 240 1
571 573 0.002618
922 924 1
161 162 1
788 789 1
408 408 1
468 468 1
615 615 1
948 948 1
740 741 1
373 375 1
141 141 1
746 747 1
377 378 1
378 378 1
413 414 1
77 78 1
843 843 1
839 840 1
709 711 1
411 411 1
383 384 1
159 159 1
179 180 1
5 6 1
205 207 1
225 225 1
374 375 1
30 30 1
799 801 1
500 501 1
971 972 1
836 837 1
895 897 0.001672
236 237 1
134 135 1
437 438 1
612 612 1
561 561 1
332 333 1
579 579 1
53 54 0.027778
263 264 1
479 480 1
8 9 1
427 429 1
976 978 1
489 489 1
842 843 1
795 795 1
35 36 0.041667
879 879 1
351 351 1
514 516 1
200 201 1
543 543 1
482 483 1
358 360 1
578 579 1
858 858 1
724 726 1
475 477 0.003145
947 948 1
762 762 1
491 492 1
523 525 1
570 570 1
188 189 1
269 270 1
252 252 1
648 648 1
207 207 1
253 255 1
342 342 0.004386
798 798 1
147 147 1
149 150 0.01
874 876 1
544 546 1
435 435 1
170 171 0.008772
35 36 1
508 510 1
858 858 1
827 828 1
56 57 1
947 948 1
81 81 1
842 843 1
184 186 1
623 624 1
55 57 1
632 633 1
940 942 1
283 285 1
943 945 1
860 861 1
159 159 1
270 270 0.005556
845 846 1
461 462 1
105 105 1
727 729 1
24 24 1
763 765 1
271 273 1
801 801 1
305 306 1
153 153 1
476 477 1
536 537 1
330 330 1
69 69 1
316 318 1
610 612 1
536 537 1
574 576 1
827 828 1
711 711 1
993 993 1
733 735 1
793 795 1
425 426 1
822 822 1
876 876 1
664 666 1
188 189 1
578 579 1
153 153 1
124 126 1
566 567 1
8 9 1
99 99 1
945 945 1
808 810 1
624 624 1
963 963 1
409 411 1
682 684 1
146 147 1
341 342 1
427 429 1
74 75 1
320 321 1
156 156 1
372 372 1
509 510 1
408 408 1
128 129 1
641 642 1
652 654 1
784 786 0.001908
523 525 1
730 732 1
153 153 1
960 960 0.001563
935 936 1
897 897 1
678 678 1
731 732 1
737 738 1
576 576 1
508 510 1
381 381 1
457 459 1
110 111 1
785 786 1
885 885 1
231 231 1
714 714 1
912 912 1
388 390 1
79 81 1
526 528 1
837 837 1
677 678 1
845 846 1
605 606 1
742 744 1
450 450 1
145 147 1
52 54 1
818 819 1
164 165 1
100 102 1
972 972 1
13 15 1
515 516 1
41 42 1
350 351 0.004274
994 996 1
450 450 1
140 141 1
485 486 0.003086
95 96 1
908 909 1
878 879 1
743 744 1
292 294 1
793 795 1
718 720 1
292 294 1
531 531 1
505 507 1
633 633 1
325 327 1
705 705 1
127 129 1
330 330 1
