5000 711536
985 995 0.843246
197 199 0.921189
1182 1194 1
1576 1592 1
462 375 0.741981
394 398 1
924 750 1
154 125 1
1540 1250 1
616 500 1
1379 1393 1
985 995 1
788 796 1
1078 875 1
770 625 1
1386 1125 1
591 597 1
1540 1250 0.830426
1379 1393 1
924 750 0.809917
1773 1791 1
197 199 1
308 250 1
1773 1791 1
1386 1125 1
616 500 0.715107
308 250 1
1576 1592 1
462 375 1
308 250 1
1379 1393 0.825527
1379 1393 1
308 250 1
1576 1592 1
924 750 1
308 250 1
1078 875 1
1386 1125 1
924 750 1
1078 875 1
1540 1250 1
1540 1250 1
1540 1250 1
1773 1791 1
591 597 1
788 796 1
1540 1250 1
1182 1194 1
154 125 1
462 375 1
1540 1250 1
591 597 1
1182 1194 1
985 995 1
1379 1393 1
616 500 1
1386 1125 1
1386 1125 1
154 125 1
1773 1791 1
1182 1194 1
770 625 1
985 995 0.832253
770 625 1
1386 1125 1
616 500 1
924 750 1
591 597 1
1540 1250 1
1232 1000 0.75693
1386 1125 1
924 750 1
1970 1990 1
788 796 1
1182 1194 1
1773 1791 1
1970 1990 1
308 250 1
394 398 1
770 625 1
1078 875 1
788 796 1
197 199 1
1232 1000 1
788 796 1
1232 1000 1
1232 1000 1
462 375 1
308 250 1
1540 1250 1
1576 1592 1
197 199 1
1078 875 1
1970 1990 1
1970 1990 1
1386 1125 1
1182 1194 1
462 375 1
197 199 1
462 375 1
924 750 1
924 750 1
1386 1125 0.963913
1970 1990 1
1576 1592 1
308 250 1
616 500 1
394 398 1
154 125 0.79688
197 199 1
985 995 1
1182 1194 1
1379 1393 1
1386 1125 1
770 625 1
154 125 1
1576 1592 1
1386 1125 1
591 597 1
1773 1791 1
1232 1000 1
985 995 1
308 250 1
616 500 1
788 796 1
1386 1125 1
1540 1250 1
1386 1125 1
591 597 0.82203
1232 1000 1
770 625 1
1540 1250 1
154 125 1
1078 875 1
1386 1125 1
1078 875 1
394 398 1
1540 1250 1
1232 1000 1
1182 1194 1
1232 1000 1
788 796 1
462 375 1
1576 1592 1
308 250 1
788 796 1
591 597 1
1540 1250 1
1379 1393 1
1232 1000 1
1970 1990 1
1078 875 1
1078 875 1
1078 875 0.63291
1576 1592 1
616 500 1
985 995 1
197 199 1
985 995 1
1182 1194 1
985 995 1
197 199 1
1379 1393 1
788 796 1
308 250 1
462 375 1
1232 1000 0.970055
616 500 1
1078 875 0.943197
1379 1393 1
591 597 1
154 125 1
1576 1592 0.690092
197 199 1
1576 1592 1
308 250 1
394 398 1
197 199 1
394 398 1
924 750 1
770 625 1
788 796 1
616 500 1
154 125 1
308 250 1
591 597 1
1182 1194 1
197 199 1
770 625 1
1232 1000 1
154 125 1
770 625 1
985 995 1
591 597 0.941578
924 750 1
462 375 1
154 125 1
1970 1990 1
1232 1000 1
985 995 1
1379 1393 1
788 796 1
1182 1194 0.632636
1540 1250 1
1379 1393 1
616 500 1
616 500 1
394 398 0.716245
154 125 1
985 995 1
1386 1125 1
1379 1393 1
462 375 0.890892
1576 1592 1
985 995 1
616 500 1
616 500 1
788 796 1
394 398 1
1970 1990 1
1078 875 1
308 250 1
1232 1000 0.790017
1078 875 1
1379 1393 1
1182 1194 1
591 597 1
1379 1393 1
1078 875 1
1576 1592 0.921957
1576 1592 1
616 500 1
1232 1000 1
985 995 1
616 500 1
770 625 1
1970 1990 1
197 199 0.915282
985 995 1
770 625 1
308 250 1
1970 1990 1
1386 1125 1
591 597 1
154 125 1
1540 1250 1
1970 1990 1
1773 1791 1
985 995 1
985 995 1
591 597 1
770 625 0.737306
1970 1990 1
1386 1125 1
1773 1791 1
308 250 1
154 125 0.777068
1232 1000 1
1540 1250 1
1182 1194 1
462 375 1
197 199 1
394 398 1
1970 1990 0.676799
197 199 1
770 625 1
197 199 1
1232 1000 1
1232 1000 1
1970 1990 1
1232 1000 0.841297
770 625 1
1576 1592 1
1078 875 1
1182 1194 1
770 625 1
1232 1000 1
1379 1393 1
985 995 1
154 125 1
1773 1791 1
1379 1393 1
1386 1125 1
1232 1000 1
1970 1990 1
462 375 1
1182 1194 1
591 597 1
924 750 1
1232 1000 1
394 398 1
154 125 1
770 625 1
1970 1990 1
1773 1791 1
1232 1000 1
462 375 1
591 597 1
1078 875 1
924 750 1
197 199 1
1078 875 1
1386 1125 1
985 995 1
197 199 1
924 750 1
197 199 0.790013
1078 875 1
591 597 1
1773 1791 1
154 125 1
308 250 0.890326
462 375 0.901702
1773 1791 1
1970 1990 1
394 398 1
770 625 0.923186
1386 1125 1
1576 1592 1
1078 875 1
1970 1990 1
1576 1592 1
154 125 1
462 375 1
1540 1250 0.869268
985 995 1
154 125 1
308 250 1
924 750 1
924 750 1
462 375 1
770 625 1
770 625 1
924 750 1
985 995 1
394 398 1
154 125 1
1773 1791 1
1576 1592 1
1078 875 1
924 750 1
154 125 1
924 750 0.937632
1970 1990 1
1379 1393 1
1078 875 1
462 375 1
985 995 1
924 750 1
154 125 1
154 125 0.83017
616 500 1
1078 875 1
462 375 1
924 750 0.916581
394 398 1
462 375 1
308 250 0.872709
591 597 1
985 995 1
1970 1990 1
197 199 0.889492
154 125 0.845034
1078 875 1
462 375 1
1182 1194 1
1232 1000 1
1379 1393 1
591 597 1
616 500 1
1182 1194 1
1078 875 1
1379 1393 1
154 125 1
616 500 1
462 375 1
308 250 1
788 796 1
788 796 1
770 625 1
197 199 1
1773 1791 1
1232 1000 1
154 125 1
1970 1990 1
770 625 1
394 398 1
1182 1194 1
308 250 1
1773 1791 1
1379 1393 0.819797
1576 1592 1
394 398 1
1182 1194 1
1379 1393 1
1232 1000 1
924 750 0.797425
197 199 1
770 625 1
197 199 1
985 995 1
462 375 1
1773 1791 1
394 398 1
197 199 1
591 597 1
985 995 1
1576 1592 1
1540 1250 1
1078 875 1
616 500 1
770 625 1
985 995 1
770 625 1
591 597 1
154 125 0.863123
616 500 1
1379 1393 1
1773 1791 1
924 750 1
1078 875 1
1232 1000 1
1078 875 1
394 398 1
1182 1194 1
1182 1194 1
462 375 1
1182 1194 1
1576 1592 1
770 625 1
616 500 1
1970 1990 1
985 995 1
1232 1000 1
1970 1990 0.879153
788 796 1
197 199 0.992114
616 500 1
197 199 1
1773 1791 1
1773 1791 1
1078 875 1
1379 1393 1
197 199 1
770 625 1
591 597 1
1773 1791 1
1970 1990 1
154 125 1
1970 1990 1
154 125 0.785115
154 125 1
591 597 1
1182 1194 1
985 995 1
308 250 1
1379 1393 1
1970 1990 1
591 597 1
788 796 1
394 398 1
1386 1125 1
924 750 1
1540 1250 1
591 597 1
924 750 1
1379 1393 1
985 995 1
154 125 1
1540 1250 1
1576 1592 1
1232 1000 0.893609
1182 1194 0.957445
1078 875 1
394 398 1
770 625 1
1386 1125 1
154 125 1
1379 1393 1
985 995 1
1379 1393 0.605471
1970 1990 0.75996
770 625 1
1379 1393 1
985 995 1
985 995 1
1379 1393 1
1576 1592 1
1970 1990 1
985 995 1
1182 1194 1
1773 1791 1
154 125 1
924 750 0.938724
1970 1990 1
394 398 1
1078 875 1
1540 1250 0.917818
770 625 1
788 796 1
924 750 0.873824
985 995 1
788 796 1
788 796 1
1182 1194 1
462 375 1
1078 875 1
1232 1000 1
1970 1990 1
985 995 1
770 625 1
985 995 1
591 597 1
1232 1000 1
154 125 1
985 995 1
462 375 0.723872
154 125 1
1773 1791 1
788 796 1
197 199 1
1232 1000 1
1232 1000 1
985 995 1
154 125 1
616 500 1
788 796 1
616 500 0.946951
591 597 1
788 796 1
308 250 1
1386 1125 1
1078 875 1
591 597 1
770 625 1
616 500 1
591 597 1
1540 1250 1
770 625 1
394 398 1
1232 1000 1
1576 1592 1
462 375 1
788 796 1
197 199 1
591 597 1
770 625 1
308 250 1
197 199 1
1970 1990 1
1386 1125 1
154 125 1
616 500 1
1182 1194 1
462 375 0.791146
394 398 0.776326
394 398 1
308 250 0.746151
924 750 1
788 796 1
1386 1125 1
1540 1250 1
197 199 1
308 250 1
1182 1194 1
1576 1592 1
1386 1125 1
154 125 1
197 199 1
1773 1791 1
1773 1791 1
154 125 1
1540 1250 1
788 796 1
197 199 1
462 375 1
1379 1393 1
1232 1000 1
924 750 1
1078 875 1
1576 1592 1
616 500 0.817446
770 625 1
924 750 1
985 995 1
1078 875 0.937745
788 796 1
616 500 0.847476
462 375 1
394 398 1
1576 1592 1
394 398 1
1773 1791 1
770 625 1
985 995 1
1182 1194 1
1379 1393 1
1576 1592 1
1182 1194 1
1970 1990 1
591 597 1
154 125 1
1576 1592 1
1379 1393 1
591 597 0.674555
1379 1393 1
462 375 1
985 995 1
394 398 1
1576 1592 1
924 750 1
1576 1592 1
591 597 1
197 199 1
924 750 1
616 500 0.887673
1379 1393 1
1232 1000 1
770 625 1
770 625 1
1078 875 1
1379 1393 1
1182 1194 1
770 625 1
462 375 1
1379 1393 1
770 625 1
1773 1791 1
1379 1393 1
1379 1393 1
1540 1250 1
1386 1125 1
197 199 0.899197
1773 1791 1
197 199 1
154 125 1
1386 1125 1
308 250 1
591 597 1
1379 1393 1
770 625 1
197 199 1
1540 1250 1
1078 875 1
394 398 1
1182 1194 1
394 398 1
924 750 1
1232 1000 1
1540 1250 1
985 995 1
308 250 1
1970 1990 1
1386 1125 1
1540 1250 1
924 750 1
985 995 1
985 995 1
788 796 1
770 625 1
462 375 1
1182 1194 1
1576 1592 1
1078 875 1
770 625 1
154 125 1
985 995 0.916878
770 625 1
394 398 1
1078 875 1
1078 875 1
1773 1791 1
788 796 1
1576 1592 1
394 398 1
1182 1194 0.633618
924 750 1
770 625 1
616 500 1
308 250 1
1232 1000 1
924 750 0.837996
924 750 1
788 796 1
154 125 1
1386 1125 1
1576 1592 1
1232 1000 1
985 995 1
1182 1194 1
591 597 1
1773 1791 0.821032
462 375 0.767186
1379 1393 1
1182 1194 1
1540 1250 0.914055
788 796 1
924 750 1
591 597 1
197 199 1
197 199 1
1379 1393 1
1386 1125 0.897964
616 500 1
197 199 1
154 125 1
1379 1393 1
394 398 1
1970 1990 1
1970 1990 1
308 250 1
197 199 1
197 199 1
985 995 1
985 995 1
788 796 1
197 199 1
1576 1592 1
591 597 1
154 125 1
788 796 1
1970 1990 1
1386 1125 1
154 125 1
1232 1000 1
394 398 1
770 625 1
1379 1393 1
462 375 1
1078 875 0.89207
1576 1592 1
616 500 1
197 199 1
616 500 1
985 995 1
1379 1393 1
197 199 1
1540 1250 1
1078 875 0.729308
197 199 1
924 750 1
591 597 0.965265
394 398 1
985 995 1
462 375 1
197 199 1
616 500 1
1232 1000 1
788 796 1
788 796 1
1182 1194 1
394 398 1
1576 1592 1
1232 1000 1
924 750 0.913634
1386 1125 1
591 597 1
394 398 1
1773 1791 1
770 625 1
1576 1592 1
197 199 1
1379 1393 0.862669
394 398 1
1540 1250 1
1576 1592 0.527196
1232 1000 1
1576 1592 1
616 500 1
197 199 1
154 125 1
1379 1393 1
154 125 1
924 750 1
770 625 1
985 995 1
308 250 1
1078 875 1
1540 1250 1
1232 1000 1
1182 1194 1
197 199 1
1386 1125 1
1576 1592 1
197 199 1
394 398 1
1182 1194 1
462 375 1
394 398 1
1576 1592 1
1773 1791 1
616 500 1
1386 1125 1
985 995 0.89082
308 250 1
1386 1125 1
197 199 1
197 199 1
1379 1393 1
394 398 1
197 199 1
1970 1990 1
1970 1990 1
770 625 0.80839
1078 875 1
1540 1250 1
154 125 1
1182 1194 1
462 375 1
1540 1250 1
924 750 1
788 796 1
308 250 1
1970 1990 1
591 597 1
1773 1791 1
1970 1990 1
1540 1250 1
924 750 1
1232 1000 1
1379 1393 1
1576 1592 1
1386 1125 1
462 375 1
591 597 0.725142
770 625 1
924 750 1
394 398 1
308 250 0.775445
394 398 1
394 398 1
770 625 1
394 398 1
1970 1990 1
770 625 1
1379 1393 1
1182 1194 1
1379 1393 0.742697
462 375 0.940553
394 398 0.659046
616 500 1
197 199 0.900544
1078 875 1
985 995 1
591 597 1
1970 1990 1
462 375 1
1576 1592 1
1379 1393 1
924 750 0.755363
394 398 1
924 750 1
1078 875 0.79512
1379 1393 1
197 199 1
1379 1393 1
788 796 1
1182 1194 1
1379 1393 1
154 125 1
985 995 1
591 597 1
1970 1990 1
788 796 1
770 625 1
154 125 1
985 995 1
154 125 1
1182 1194 1
462 375 1
1576 1592 1
154 125 1
770 625 1
985 995 1
1970 1990 1
308 250 1
154 125 0.786718
154 125 1
462 375 1
308 250 1
308 250 1
394 398 1
394 398 1
770 625 1
770 625 1
197 199 1
985 995 1
1773 1791 1
924 750 1
1379 1393 1
1182 1194 0.775512
1970 1990 0.90542
394 398 1
197 199 1
591 597 1
1540 1250 1
154 125 1
1970 1990 1
1078 875 1
1576 1592 1
462 375 0.981048
1182 1194 1
394 398 1
1078 875 1
1386 1125 1
591 597 1
1232 1000 1
308 250 1
197 199 1
1540 1250 1
1540 1250 1
1379 1393 1
1386 1125 1
462 375 1
1078 875 1
1540 1250 1
1386 1125 1
1078 875 1
1773 1791 1
1379 1393 1
1540 1250 1
591 597 1
1386 1125 1
788 796 0.660497
1576 1592 1
1970 1990 1
154 125 1
616 500 1
1773 1791 1
1576 1592 1
1970 1990 1
924 750 0.769367
197 199 1
1182 1194 1
1773 1791 1
394 398 1
1540 1250 1
985 995 1
788 796 1
1773 1791 1
1576 1592 1
1970 1990 1
1182 1194 1
394 398 1
394 398 1
591 597 1
154 125 1
770 625 1
1379 1393 1
1386 1125 1
1386 1125 1
1970 1990 1
1078 875 1
1773 1791 1
770 625 1
154 125 0.963382
616 500 1
1540 1250 1
1078 875 0.964257
985 995 1
985 995 1
924 750 0.946743
1386 1125 1
1379 1393 1
591 597 1
591 597 1
154 125 1
1386 1125 1
1970 1990 1
1540 1250 1
197 199 1
1386 1125 1
1182 1194 1
154 125 1
1078 875 1
788 796 1
770 625 0.93518
1773 1791 1
1078 875 1
308 250 1
1970 1990 1
1576 1592 1
1078 875 1
1078 875 1
770 625 1
1379 1393 0.773129
1540 1250 1
591 597 1
985 995 1
1540 1250 1
1379 1393 1
462 375 1
985 995 1
770 625 1
1379 1393 1
1232 1000 1
788 796 1
616 500 1
394 398 1
462 375 1
197 199 1
1379 1393 1
1182 1194 1
924 750 1
770 625 1
308 250 1
1773 1791 1
1386 1125 1
1078 875 1
1970 1990 1
1182 1194 1
1232 1000 1
197 199 1
1078 875 1
462 375 1
308 250 1
616 500 1
308 250 1
1540 1250 1
1232 1000 1
924 750 0.845254
788 796 1
1182 1194 1
1773 1791 1
616 500 0.928357
591 597 1
591 597 0.825986
1773 1791 0.898749
1540 1250 1
1379 1393 1
394 398 1
1379 1393 1
462 375 1
770 625 1
1970 1990 1
985 995 1
1182 1194 1
1773 1791 0.69957
1182 1194 1
788 796 1
1232 1000 0.849219
591 597 1
1379 1393 1
1078 875 1
462 375 1
616 500 1
154 125 1
616 500 1
591 597 1
1576 1592 1
308 250 1
591 597 1
985 995 1
1182 1194 1
924 750 1
591 597 1
394 398 1
770 625 1
1540 1250 1
924 750 1
154 125 1
1970 1990 1
985 995 1
1970 1990 1
1970 1990 0.631751
770 625 1
1970 1990 1
924 750 1
924 750 1
197 199 1
788 796 1
1182 1194 1
1540 1250 1
1078 875 1
985 995 1
462 375 1
1576 1592 1
197 199 1
462 375 1
788 796 1
591 597 1
1078 875 1
1232 1000 1
1182 1194 1
197 199 1
924 750 1
1773 1791 1
616 500 1
1540 1250 0.828802
616 500 1
1540 1250 1
1773 1791 0.896364
154 125 0.921851
924 750 1
616 500 1
1576 1592 0.96347
1182 1194 1
1386 1125 1
1970 1990 1
1379 1393 1
462 375 1
591 597 1
1386 1125 1
1379 1393 1
1182 1194 1
1540 1250 1
1379 1393 1
154 125 1
1232 1000 1
1379 1393 1
154 125 0.832694
1232 1000 1
616 500 1
591 597 1
924 750 1
1386 1125 1
924 750 1
1232 1000 1
1386 1125 1
770 625 1
1182 1194 1
308 250 1
394 398 1
197 199 1
1182 1194 1
1232 1000 1
924 750 1
1773 1791 0.830952
308 250 1
616 500 1
197 199 1
154 125 1
1078 875 1
616 500 1
197 199 1
394 398 1
308 250 1
154 125 1
616 500 1
1773 1791 1
924 750 1
462 375 1
462 375 0.569503
1379 1393 1
1182 1194 1
394 398 1
197 199 1
985 995 0.824572
1078 875 1
308 250 1
308 250 1
1232 1000 1
616 500 1
1576 1592 1
1576 1592 1
616 500 0.932166
1970 1990 1
1232 1000 1
1078 875 1
197 199 1
197 199 1
1386 1125 1
1386 1125 1
1232 1000 1
770 625 1
616 500 1
1540 1250 1
924 750 1
788 796 1
770 625 1
770 625 1
985 995 1
770 625 1
1773 1791 1
1379 1393 1
616 500 1
308 250 1
197 199 1
1576 1592 1
1182 1194 1
591 597 1
1540 1250 1
1232 1000 1
394 398 1
770 625 1
616 500 1
591 597 1
1576 1592 0.733822
1970 1990 0.713264
985 995 1
788 796 1
1540 1250 1
1576 1592 0.956325
197 199 0.905504
770 625 1
394 398 1
1970 1990 1
1182 1194 1
1540 1250 1
1232 1000 1
924 750 0.899074
1078 875 1
462 375 1
788 796 1
770 625 1
394 398 1
1773 1791 1
616 500 1
1970 1990 1
1182 1194 1
462 375 0.984486
154 125 1
1576 1592 1
770 625 1
1379 1393 1
616 500 1
308 250 1
1078 875 1
591 597 1
924 750 1
308 250 1
591 597 1
1970 1990 0.919409
924 750 1
394 398 1
154 125 1
985 995 1
1386 1125 1
1078 875 1
1232 1000 1
770 625 1
924 750 0.738923
394 398 1
1232 1000 1
985 995 1
1576 1592 1
591 597 0.82998
1540 1250 1
394 398 1
770 625 1
1970 1990 1
924 750 1
1540 1250 1
788 796 1
462 375 1
591 597 1
1540 1250 1
462 375 1
985 995 1
462 375 1
1379 1393 1
616 500 1
154 125 1
1232 1000 1
591 597 1
1386 1125 1
394 398 0.930004
591 597 1
788 796 1
1182 1194 1
1182 1194 1
1970 1990 1
197 199 0.852591
462 375 1
924 750 1
616 500 1
1576 1592 1
1386 1125 1
924 750 1
1540 1250 1
924 750 0.933978
985 995 1
462 375 0.906611
394 398 1
1576 1592 1
197 199 0.690225
924 750 1
788 796 1
197 199 1
1386 1125 1
1970 1990 1
1540 1250 1
394 398 1
394 398 1
1540 1250 1
770 625 0.705761
1970 1990 1
1540 1250 1
1970 1990 1
1182 1194 1
591 597 1
616 500 1
1379 1393 1
1232 1000 1
1232 1000 1
788 796 1
1232 1000 1
1540 1250 1
1078 875 1
308 250 1
1078 875 1
924 750 0.894884
1182 1194 1
308 250 1
462 375 1
154 125 1
770 625 1
924 750 1
1386 1125 1
154 125 0.784977
197 199 1
1773 1791 1
1232 1000 1
1379 1393 1
1773 1791 1
1773 1791 1
591 597 1
1232 1000 1
1379 1393 1
197 199 1
1773 1791 1
154 125 0.78104
985 995 1
394 398 1
591 597 1
1232 1000 1
308 250 1
985 995 1
394 398 1
770 625 1
1773 1791 1
197 199 1
591 597 1
985 995 1
197 199 1
985 995 1
308 250 1
1379 1393 0.877554
985 995 1
462 375 1
1182 1194 1
197 199 1
1576 1592 1
788 796 1
462 375 1
308 250 1
788 796 1
1386 1125 0.909737
1773 1791 1
1576 1592 1
1232 1000 1
1970 1990 1
462 375 1
154 125 1
770 625 1
1540 1250 1
591 597 0.690058
154 125 1
1232 1000 1
462 375 1
1232 1000 1
1540 1250 1
1540 1250 1
394 398 1
197 199 1
788 796 1
462 375 0.947879
924 750 0.902286
616 500 1
1773 1791 1
197 199 1
197 199 1
1078 875 1
1576 1592 1
985 995 1
1232 1000 1
591 597 1
1970 1990 1
770 625 1
788 796 1
1773 1791 1
788 796 1
1379 1393 1
1970 1990 1
1232 1000 1
1379 1393 0.588147
1576 1592 1
197 199 1
154 125 1
770 625 0.932704
308 250 1
1182 1194 1
788 796 1
616 500 1
985 995 1
1078 875 1
1576 1592 1
462 375 1
1970 1990 1
1078 875 1
154 125 1
591 597 1
1773 1791 1
1182 1194 1
788 796 1
1379 1393 1
1232 1000 1
1576 1592 1
1386 1125 1
1386 1125 1
1078 875 1
770 625 1
1386 1125 1
1078 875 1
308 250 1
1540 1250 1
1379 1393 1
197 199 1
1078 875 0.936126
308 250 1
591 597 1
1540 1250 1
1773 1791 1
770 625 0.777039
1232 1000 1
197 199 1
616 500 1
1078 875 1
1386 1125 1
924 750 0.837621
1182 1194 1
1386 1125 1
770 625 0.841842
591 597 1
616 500 1
1379 1393 0.772284
1576 1592 1
924 750 1
924 750 1
985 995 1
1540 1250 1
924 750 1
197 199 1
924 750 1
985 995 1
394 398 1
1540 1250 0.875153
1379 1393 1
1232 1000 1
616 500 1
985 995 1
154 125 1
1386 1125 0.949541
616 500 1
1540 1250 1
1576 1592 1
1386 1125 1
1182 1194 0.615213
1182 1194 0.939837
394 398 1
394 398 1
1540 1250 1
616 500 1
1379 1393 1
1576 1592 1
154 125 1
616 500 1
1540 1250 0.90198
1970 1990 1
1386 1125 1
924 750 1
1379 1393 1
1970 1990 1
308 250 1
770 625 1
591 597 1
616 500 1
197 199 1
1386 1125 0.689468
197 199 0.887883
1576 1592 1
788 796 1
591 597 1
788 796 1
1386 1125 0.755252
1379 1393 1
1379 1393 1
1379 1393 1
1379 1393 1
1970 1990 1
1078 875 1
1182 1194 1
591 597 0.723942
1379 1393 1
197 199 1
1576 1592 1
591 597 1
1576 1592 1
924 750 1
1386 1125 1
770 625 1
1379 1393 1
308 250 0.936116
1379 1393 1
591 597 1
985 995 0.856308
770 625 1
924 750 1
197 199 1
1386 1125 1
394 398 1
985 995 1
1078 875 0.935617
197 199 1
924 750 1
1232 1000 1
462 375 1
616 500 1
1379 1393 0.881513
1576 1592 1
1970 1990 1
924 750 1
788 796 1
308 250 1
924 750 0.687324
1773 1791 1
308 250 1
197 199 1
1078 875 1
1232 1000 1
924 750 1
462 375 1
770 625 1
1182 1194 1
154 125 1
616 500 1
1232 1000 1
788 796 1
1182 1194 1
1576 1592 1
308 250 0.922123
616 500 1
1232 1000 1
1232 1000 1
197 199 0.934942
591 597 1
154 125 1
788 796 1
1540 1250 1
985 995 1
1773 1791 1
1970 1990 1
1386 1125 1
1386 1125 1
1576 1592 1
1232 1000 1
1182 1194 1
1540 1250 1
308 250 1
924 750 1
197 199 1
985 995 1
1773 1791 1
924 750 1
1970 1990 1
616 500 0.895738
394 398 1
1773 1791 1
770 625 1
1540 1250 1
770 625 1
1182 1194 1
1386 1125 1
394 398 1
1078 875 1
788 796 1
788 796 1
1182 1194 1
1970 1990 1
462 375 1
1379 1393 1
616 500 1
1078 875 1
1970 1990 1
154 125 1
1078 875 1
924 750 1
788 796 1
394 398 1
1182 1194 1
591 597 0.669505
985 995 1
1232 1000 1
788 796 1
616 500 0.907106
394 398 1
1379 1393 1
1379 1393 1
1773 1791 1
788 796 1
924 750 1
788 796 1
1773 1791 1
1078 875 1
591 597 1
1078 875 1
394 398 1
1576 1592 1
1182 1194 1
197 199 1
1970 1990 1
924 750 1
1386 1125 1
770 625 1
1773 1791 1
1386 1125 1
616 500 1
154 125 1
154 125 0.649001
985 995 1
462 375 1
1379 1393 1
985 995 1
770 625 0.829412
591 597 1
1576 1592 1
1182 1194 1
985 995 1
1576 1592 1
462 375 1
1182 1194 1
154 125 1
1540 1250 1
770 625 1
616 500 1
770 625 1
197 199 1
616 500 1
1386 1125 1
154 125 1
1540 1250 1
1540 1250 1
197 199 1
788 796 1
788 796 1
924 750 1
591 597 1
1078 875 1
394 398 1
1232 1000 1
1576 1592 1
154 125 1
394 398 1
985 995 1
1970 1990 1
197 199 1
1182 1194 1
197 199 1
788 796 1
1576 1592 1
1379 1393 1
1970 1990 1
591 597 0.800435
1232 1000 0.641925
1540 1250 1
770 625 1
770 625 1
1379 1393 1
1576 1592 1
591 597 1
1232 1000 1
1182 1194 1
462 375 0.919834
788 796 1
394 398 1
1540 1250 1
1182 1194 0.902327
462 375 1
197 199 1
788 796 1
1576 1592 1
154 125 1
1576 1592 1
1970 1990 1
197 199 1
154 125 1
1773 1791 1
394 398 1
1232 1000 1
462 375 1
591 597 1
197 199 1
1182 1194 1
394 398 1
1232 1000 1
1232 1000 1
1970 1990 1
770 625 1
788 796 1
308 250 0.836569
1540 1250 1
197 199 1
770 625 1
154 125 0.915002
308 250 1
1540 1250 1
154 125 1
1232 1000 1
591 597 1
1540 1250 0.754599
1182 1194 1
770 625 1
924 750 1
154 125 1
394 398 0.942227
154 125 1
616 500 1
985 995 1
154 125 1
1386 1125 0.886826
1386 1125 0.825654
1386 1125 1
788 796 1
394 398 0.926027
308 250 1
1182 1194 1
394 398 1
197 199 1
1970 1990 1
462 375 1
1232 1000 1
1970 1990 1
1773 1791 1
1386 1125 0.828014
591 597 1
616 500 1
197 199 1
788 796 0.913552
197 199 0.860456
1576 1592 1
924 750 1
308 250 1
462 375 1
1576 1592 1
1232 1000 1
462 375 1
591 597 1
1232 1000 1
1379 1393 1
1078 875 1
1232 1000 1
1232 1000 1
154 125 1
591 597 1
1576 1592 1
1576 1592 0.734047
985 995 0.979979
1576 1592 1
1232 1000 1
154 125 1
1773 1791 1
1773 1791 1
1386 1125 1
197 199 1
788 796 1
788 796 1
1232 1000 0.941168
394 398 1
197 199 1
591 597 0.720492
394 398 1
591 597 0.890734
1970 1990 1
985 995 1
1182 1194 1
591 597 1
1773 1791 0.762872
1970 1990 1
1970 1990 1
154 125 1
1773 1791 1
1576 1592 1
1379 1393 1
788 796 1
1386 1125 1
197 199 1
1182 1194 1
1773 1791 1
591 597 0.764873
788 796 1
1540 1250 1
462 375 1
1773 1791 1
985 995 1
616 500 1
788 796 0.890137
1232 1000 1
591 597 1
1379 1393 0.531898
154 125 1
1078 875 1
1379 1393 1
1970 1990 1
154 125 1
1540 1250 1
462 375 1
1576 1592 1
616 500 1
1540 1250 1
924 750 1
1182 1194 1
1232 1000 1
1078 875 1
591 597 1
788 796 1
1970 1990 1
770 625 1
308 250 1
394 398 1
591 597 1
616 500 1
616 500 1
770 625 1
308 250 1
591 597 1
197 199 1
1182 1194 1
394 398 0.897685
770 625 1
1232 1000 1
788 796 1
591 597 1
394 398 1
1576 1592 1
394 398 1
462 375 1
1182 1194 1
1773 1791 1
1970 1990 1
1379 1393 1
1379 1393 1
616 500 1
770 625 1
1576 1592 1
1970 1990 1
1182 1194 1
1773 1791 1
788 796 1
394 398 1
924 750 1
1078 875 1
1773 1791 1
197 199 1
770 625 1
788 796 1
985 995 0.863583
1379 1393 1
924 750 1
788 796 1
1078 875 1
770 625 1
394 398 0.897336
1970 1990 0.871114
394 398 1
1078 875 1
1540 1250 1
462 375 1
1379 1393 1
1576 1592 1
1078 875 1
788 796 1
924 750 1
308 250 1
985 995 1
1232 1000 1
154 125 1
394 398 1
924 750 1
1970 1990 1
1379 1393 0.932469
985 995 1
788 796 1
154 125 1
591 597 1
197 199 1
985 995 1
1386 1125 1
788 796 1
197 199 1
1232 1000 1
985 995 1
591 597 1
394 398 1
154 125 1
197 199 1
154 125 1
1773 1791 1
1379 1393 1
1540 1250 1
985 995 1
788 796 1
1078 875 1
1078 875 1
462 375 1
616 500 1
1379 1393 1
462 375 1
985 995 1
1078 875 1
591 597 1
308 250 0.982624
1773 1791 1
308 250 1
394 398 1
985 995 1
197 199 1
154 125 1
1540 1250 1
1773 1791 1
1232 1000 1
616 500 1
394 398 1
1182 1194 1
924 750 1
924 750 1
591 597 1
985 995 1
197 199 1
770 625 1
616 500 1
1576 1592 1
616 500 0.96502
1232 1000 1
1386 1125 1
197 199 1
1540 1250 1
197 199 1
154 125 1
985 995 1
1078 875 0.830689
1576 1592 1
394 398 0.949362
1773 1791 1
770 625 1
591 597 0.900887
1078 875 1
591 597 0.631691
788 796 1
1379 1393 1
924 750 1
1970 1990 1
788 796 1
985 995 1
1386 1125 0.75618
1576 1592 1
1576 1592 1
1386 1125 1
591 597 1
1232 1000 1
197 199 0.814256
1970 1990 1
985 995 0.961909
616 500 1
308 250 1
1970 1990 1
154 125 1
924 750 1
591 597 1
308 250 1
985 995 1
1540 1250 1
1773 1791 1
788 796 1
770 625 1
788 796 1
616 500 1
1182 1194 1
788 796 0.981223
1182 1194 1
788 796 1
1379 1393 1
1379 1393 1
1232 1000 1
616 500 1
924 750 1
1232 1000 1
1970 1990 1
1386 1125 1
1970 1990 0.89448
1386 1125 1
1232 1000 1
985 995 1
197 199 0.957639
1379 1393 1
985 995 1
770 625 1
462 375 1
154 125 1
770 625 1
616 500 0.819569
1379 1393 1
1379 1393 1
770 625 1
770 625 1
1232 1000 1
1386 1125 1
1386 1125 1
1232 1000 0.846356
788 796 0.820131
154 125 1
1182 1194 1
197 199 1
985 995 1
1576 1592 1
1232 1000 1
154 125 1
985 995 1
1379 1393 1
591 597 0.778114
1773 1791 1
616 500 1
1182 1194 1
770 625 1
1232 1000 1
1540 1250 1
1379 1393 1
197 199 1
591 597 1
1773 1791 0.717476
462 375 1
1970 1990 0.874361
770 625 1
308 250 1
1379 1393 0.769466
197 199 1
1182 1194 1
1182 1194 1
770 625 1
1182 1194 1
1386 1125 1
1232 1000 1
462 375 1
591 597 1
591 597 1
197 199 1
1576 1592 0.728055
1540 1250 1
1970 1990 1
1386 1125 1
462 375 1
154 125 1
154 125 1
1386 1125 1
154 125 1
985 995 1
197 199 1
1540 1250 0.736737
1576 1592 1
788 796 1
394 398 1
985 995 1
788 796 1
1232 1000 1
924 750 1
308 250 1
1078 875 1
1386 1125 1
1540 1250 1
1576 1592 1
985 995 1
616 500 1
591 597 1
1182 1194 1
1386 1125 1
1576 1592 1
1386 1125 1
1379 1393 1
591 597 1
197 199 1
616 500 1
394 398 1
924 750 1
308 250 1
591 597 1
1773 1791 1
1182 1194 1
1576 1592 1
394 398 1
154 125 1
1386 1125 1
1386 1125 1
197 199 1
1540 1250 1
924 750 1
1379 1393 1
788 796 1
1232 1000 1
1540 1250 1
197 199 1
462 375 1
1773 1791 1
1773 1791 1
591 597 0.895175
394 398 1
1182 1194 1
924 750 1
1773 1791 1
1232 1000 1
1540 1250 1
616 500 0.87305
1379 1393 0.933547
197 199 1
1773 1791 1
1970 1990 1
197 199 1
394 398 1
616 500 1
770 625 1
394 398 0.708757
308 250 1
591 597 1
1540 1250 1
1379 1393 1
591 597 1
924 750 1
197 199 1
197 199 1
616 500 1
1576 1592 1
1970 1990 1
770 625 1
1232 1000 1
616 500 1
924 750 1
616 500 1
1182 1194 1
394 398 1
462 375 1
616 500 1
462 375 1
1540 1250 1
1232 1000 0.770168
394 398 0.781016
1773 1791 0.81939
1540 1250 1
591 597 1
1182 1194 1
1970 1990 1
308 250 1
985 995 1
1232 1000 1
616 500 1
1773 1791 1
1576 1592 1
154 125 0.927534
924 750 1
1182 1194 1
1386 1125 1
1576 1592 1
788 796 1
1540 1250 1
1970 1990 1
1970 1990 1
462 375 0.849918
1078 875 1
770 625 1
985 995 1
924 750 1
591 597 1
985 995 1
1576 1592 1
1970 1990 1
1970 1990 1
985 995 1
1232 1000 1
1773 1791 1
985 995 1
1576 1592 1
1078 875 1
197 199 1
197 199 1
1970 1990 0.968345
1773 1791 1
462 375 0.810398
394 398 1
1576 1592 1
770 625 1
1540 1250 1
924 750 1
394 398 0.767202
394 398 1
1379 1393 1
154 125 1
197 199 0.668264
197 199 1
1970 1990 1
1182 1194 1
1540 1250 1
788 796 1
788 796 1
394 398 1
462 375 1
616 500 1
788 796 1
197 199 1
616 500 1
985 995 1
462 375 1
462 375 1
1386 1125 1
591 597 1
1386 1125 1
394 398 1
394 398 1
985 995 1
154 125 1
616 500 1
1386 1125 1
788 796 0.950308
1078 875 1
1386 1125 1
1773 1791 1
154 125 1
154 125 1
462 375 1
1540 1250 1
1078 875 1
1540 1250 0.849382
924 750 1
1970 1990 1
462 375 1
394 398 1
197 199 1
591 597 1
924 750 1
788 796 1
197 199 1
462 375 1
1182 1194 1
591 597 1
1379 1393 1
1386 1125 0.894719
308 250 1
1232 1000 1
1576 1592 1
1386 1125 1
591 597 1
1232 1000 1
197 199 1
1540 1250 1
197 199 1
154 125 1
924 750 1
1576 1592 1
788 796 1
1379 1393 1
1540 1250 1
788 796 1
197 199 1
197 199 1
1232 1000 1
197 199 1
197 199 1
197 199 1
1576 1592 1
1576 1592 1
1576 1592 1
1540 1250 1
770 625 1
1379 1393 1
1379 1393 1
591 597 1
985 995 1
924 750 1
1773 1791 1
1970 1990 1
985 995 1
154 125 1
154 125 1
394 398 1
616 500 1
197 199 1
1078 875 1
462 375 0.908021
924 750 1
985 995 1
1773 1791 1
616 500 1
1386 1125 1
770 625 1
197 199 1
985 995 1
616 500 1
924 750 1
788 796 1
308 250 1
1232 1000 1
1773 1791 1
154 125 1
1232 1000 1
1773 1791 1
197 199 1
985 995 0.955971
788 796 1
1379 1393 1
1540 1250 1
770 625 1
1386 1125 1
154 125 1
1540 1250 1
616 500 0.93159
1970 1990 1
591 597 1
1379 1393 1
1232 1000 1
462 375 1
788 796 1
1540 1250 1
1773 1791 1
770 625 1
985 995 1
1970 1990 0.723012
197 199 1
154 125 1
1773 1791 1
197 199 1
1379 1393 1
1773 1791 1
924 750 1
1576 1592 1
985 995 1
197 199 1
1386 1125 0.865889
1182 1194 1
924 750 1
1386 1125 0.827124
1232 1000 1
616 500 1
591 597 1
788 796 1
462 375 1
394 398 1
308 250 1
1970 1990 0.93486
616 500 1
462 375 1
308 250 1
462 375 1
1540 1250 1
1078 875 1
1970 1990 1
788 796 1
616 500 1
1182 1194 1
1232 1000 1
1386 1125 1
1970 1990 1
591 597 1
591 597 1
197 199 1
1182 1194 1
1576 1592 1
1182 1194 1
1576 1592 1
462 375 1
1970 1990 1
394 398 1
197 199 1
394 398 1
924 750 0.966247
1970 1990 1
1182 1194 1
1576 1592 1
308 250 1
394 398 1
1232 1000 1
924 750 0.874554
394 398 1
308 250 1
1232 1000 1
1970 1990 1
1379 1393 1
924 750 1
1576 1592 1
1576 1592 1
1182 1194 1
616 500 1
591 597 1
462 375 1
462 375 0.953706
924 750 1
1773 1791 1
616 500 1
462 375 1
1379 1393 1
770 625 1
462 375 1
1232 1000 1
1576 1592 1
1182 1194 1
985 995 1
1386 1125 0.911337
770 625 0.892203
154 125 1
770 625 1
394 398 1
1232 1000 1
591 597 1
1970 1990 1
770 625 0.927069
770 625 1
924 750 1
394 398 1
924 750 1
308 250 0.891159
1182 1194 1
394 398 1
1386 1125 1
308 250 1
1773 1791 1
197 199 1
1078 875 1
770 625 1
616 500 1
1970 1990 0.857148
1379 1393 1
394 398 1
1232 1000 1
1386 1125 1
1232 1000 1
788 796 1
985 995 1
1182 1194 1
770 625 0.570055
1078 875 0.709991
770 625 1
308 250 1
308 250 1
1182 1194 1
1182 1194 1
1576 1592 1
154 125 0.922194
1232 1000 1
770 625 1
1379 1393 1
1576 1592 1
1970 1990 1
394 398 1
1379 1393 1
1078 875 1
1540 1250 1
308 250 1
1540 1250 1
1379 1393 1
1379 1393 1
924 750 1
1773 1791 1
1232 1000 1
1970 1990 1
591 597 1
788 796 1
1576 1592 0.917174
591 597 1
197 199 1
308 250 1
1540 1250 1
1379 1393 1
1773 1791 1
1773 1791 1
1379 1393 1
1576 1592 1
985 995 1
1970 1990 1
1232 1000 1
308 250 1
1232 1000 0.451374
985 995 1
985 995 1
1379 1393 1
985 995 1
1232 1000 1
1773 1791 1
770 625 1
1540 1250 1
394 398 1
1232 1000 1
788 796 1
308 250 1
308 250 1
924 750 1
462 375 1
616 500 1
1078 875 1
1232 1000 1
924 750 1
924 750 1
1379 1393 1
154 125 1
1970 1990 1
1970 1990 1
154 125 0.832552
462 375 1
308 250 1
770 625 1
1379 1393 1
1078 875 1
788 796 1
1970 1990 1
770 625 0.954591
462 375 1
1232 1000 1
616 500 1
308 250 1
154 125 1
197 199 0.920898
985 995 0.854916
462 375 0.859307
924 750 1
788 796 1
154 125 1
770 625 1
924 750 0.869687
1540 1250 1
1386 1125 1
1540 1250 1
1540 1250 1
1773 1791 1
770 625 1
1078 875 1
1540 1250 1
197 199 1
924 750 1
770 625 1
462 375 1
308 250 1
591 597 1
985 995 1
1773 1791 1
1773 1791 1
1576 1592 1
788 796 1
1078 875 1
985 995 1
1182 1194 1
394 398 1
154 125 1
1773 1791 0.74549
394 398 1
154 125 1
985 995 1
1773 1791 1
985 995 1
616 500 1
924 750 1
197 199 1
394 398 1
197 199 1
591 597 1
591 597 1
985 995 1
197 199 1
1576 1592 1
770 625 1
924 750 1
985 995 1
1773 1791 1
788 796 1
394 398 1
788 796 1
1970 1990 1
154 125 1
1182 1194 1
616 500 1
770 625 1
1540 1250 1
154 125 1
1970 1990 1
591 597 1
788 796 1
1078 875 1
1232 1000 1
1379 1393 1
1773 1791 1
1379 1393 1
1540 1250 1
1078 875 1
985 995 1
308 250 1
1576 1592 1
197 199 1
591 597 1
154 125 0.850782
154 125 1
985 995 1
1540 1250 1
1773 1791 1
770 625 1
462 375 0.946519
924 750 1
1773 1791 1
1386 1125 1
1540 1250 1
616 500 1
985 995 1
1078 875 1
197 199 1
770 625 1
1773 1791 1
1182 1194 1
197 199 1
1078 875 1
924 750 1
197 199 1
1182 1194 1
154 125 1
394 398 1
1078 875 1
788 796 0.856378
154 125 1
591 597 1
1078 875 1
394 398 1
197 199 1
591 597 1
985 995 1
1970 1990 1
154 125 1
308 250 1
308 250 1
591 597 1
394 398 1
616 500 1
1773 1791 1
1540 1250 1
985 995 1
1386 1125 1
308 250 1
591 597 1
616 500 1
1379 1393 1
1576 1592 0.885575
394 398 1
1232 1000 1
1970 1990 1
1576 1592 1
616 500 1
394 398 1
462 375 0.917868
770 625 1
1540 1250 1
1232 1000 1
1576 1592 1
1232 1000 1
1970 1990 1
1078 875 1
462 375 0.923447
616 500 1
1232 1000 1
394 398 1
591 597 1
1386 1125 1
924 750 1
1576 1592 1
788 796 1
1576 1592 1
1970 1990 1
308 250 1
1078 875 1
1576 1592 1
1078 875 1
462 375 1
770 625 1
788 796 1
616 500 1
985 995 1
462 375 0.767195
788 796 1
1386 1125 0.754771
616 500 1
788 796 1
1232 1000 1
394 398 1
154 125 1
154 125 1
616 500 1
1773 1791 1
591 597 1
462 375 0.876759
1379 1393 1
770 625 0.933893
394 398 0.77067
1182 1194 1
197 199 1
924 750 1
154 125 1
197 199 1
308 250 1
985 995 1
788 796 0.668597
770 625 1
1386 1125 1
1773 1791 1
1182 1194 1
154 125 0.980009
1232 1000 1
1182 1194 1
1232 1000 0.639504
1379 1393 1
1540 1250 1
394 398 1
1970 1990 1
770 625 1
1970 1990 1
394 398 1
462 375 0.827379
1182 1194 1
1970 1990 1
1232 1000 0.765948
985 995 0.85133
616 500 1
788 796 1
1970 1990 1
591 597 1
462 375 1
788 796 1
1576 1592 1
1386 1125 1
1232 1000 1
1576 1592 1
788 796 1
197 199 1
1379 1393 1
788 796 0.82781
1232 1000 0.806744
197 199 1
770 625 1
1232 1000 1
462 375 1
985 995 1
591 597 1
1540 1250 0.898591
1773 1791 1
1379 1393 1
985 995 0.87455
462 375 1
462 375 1
154 125 1
154 125 1
788 796 1
197 199 1
394 398 1
1182 1194 1
770 625 1
1232 1000 1
616 500 1
1773 1791 1
308 250 1
1232 1000 1
1386 1125 1
1576 1592 1
1970 1990 1
462 375 1
788 796 1
1182 1194 1
308 250 1
1540 1250 1
788 796 1
616 500 1
591 597 1
1379 1393 1
462 375 0.632323
1078 875 1
1386 1125 1
1970 1990 0.876001
154 125 1
1386 1125 0.899181
462 375 1
788 796 1
308 250 1
394 398 1
1182 1194 1
308 250 1
1773 1791 1
770 625 1
770 625 1
924 750 1
1078 875 1
1232 1000 1
1970 1990 1
924 750 1
770 625 1
1386 1125 1
1078 875 0.920657
154 125 1
154 125 1
924 750 1
1386 1125 1
1773 1791 1
1182 1194 1
591 597 0.856588
1379 1393 1
985 995 1
1379 1393 1
591 597 1
788 796 1
616 500 1
154 125 1
788 796 0.749801
1232 1000 0.864822
788 796 0.795256
1078 875 0.839755
1540 1250 1
394 398 1
591 597 1
308 250 1
1232 1000 1
616 500 1
1386 1125 1
1379 1393 1
308 250 0.860726
197 199 1
985 995 1
394 398 1
616 500 0.985947
770 625 1
394 398 1
591 597 1
770 625 1
154 125 1
197 199 1
788 796 1
591 597 1
788 796 1
788 796 1
1232 1000 1
154 125 1
1773 1791 1
924 750 1
154 125 1
197 199 1
1970 1990 1
1232 1000 1
1576 1592 1
1182 1194 1
924 750 1
308 250 1
788 796 1
1232 1000 1
1386 1125 1
308 250 1
788 796 1
616 500 1
1379 1393 1
197 199 1
394 398 1
1182 1194 1
924 750 1
1182 1194 1
462 375 1
1773 1791 1
197 199 1
788 796 1
308 250 1
1970 1990 1
154 125 1
591 597 1
591 597 1
308 250 1
788 796 1
1970 1990 1
770 625 1
1576 1592 1
1386 1125 1
770 625 0.764303
394 398 1
308 250 1
788 796 1
154 125 1
1970 1990 1
394 398 1
770 625 1
308 250 0.837146
154 125 1
1540 1250 1
1540 1250 0.656265
1232 1000 1
394 398 1
1232 1000 1
462 375 1
308 250 1
1232 1000 1
591 597 1
1970 1990 1
154 125 0.547161
1078 875 1
591 597 1
462 375 1
197 199 1
1379 1393 1
1540 1250 1
1232 1000 0.895727
197 199 1
1576 1592 1
308 250 1
1078 875 1
1386 1125 0.877721
462 375 1
1182 1194 1
1379 1393 1
462 375 1
1970 1990 1
924 750 1
1379 1393 1
591 597 1
1773 1791 1
1182 1194 1
924 750 0.890007
1970 1990 1
770 625 1
308 250 1
1386 1125 0.849335
770 625 1
197 199 1
1232 1000 1
1576 1592 1
1540 1250 1
1970 1990 1
770 625 1
616 500 1
197 199 1
924 750 1
154 125 1
616 500 1
1379 1393 0.7854
788 796 1
1182 1194 1
197 199 1
591 597 1
924 750 1
308 250 1
788 796 1
1540 1250 1
154 125 1
197 199 1
394 398 1
308 250 1
154 125 1
154 125 1
462 375 1
197 199 1
154 125 1
770 625 1
1232 1000 1
1078 875 1
1379 1393 1
1078 875 1
770 625 1
1773 1791 1
1386 1125 1
1576 1592 1
788 796 1
1970 1990 1
462 375 1
308 250 1
616 500 1
308 250 1
394 398 1
1182 1194 1
1773 1791 1
788 796 1
985 995 1
394 398 1
591 597 1
1576 1592 1
1773 1791 1
1182 1194 1
1078 875 1
1182 1194 1
1576 1592 1
591 597 1
770 625 1
1078 875 1
1232 1000 1
1970 1990 1
616 500 1
1970 1990 1
1773 1791 1
788 796 1
1232 1000 1
308 250 1
462 375 1
591 597 1
462 375 1
394 398 1
985 995 1
462 375 0.813542
1773 1791 1
154 125 1
308 250 1
462 375 1
197 199 1
788 796 1
197 199 1
462 375 1
924 750 1
1182 1194 1
924 750 1
770 625 1
591 597 1
154 125 1
1540 1250 1
616 500 1
1379 1393 1
1232 1000 1
1970 1990 1
462 375 1
1182 1194 0.765727
788 796 1
788 796 1
1232 1000 1
1540 1250 1
197 199 1
1182 1194 0.992433
985 995 1
616 500 1
1232 1000 1
197 199 1
616 500 1
770 625 1
1970 1990 1
616 500 1
788 796 1
394 398 1
1773 1791 1
1576 1592 1
1078 875 1
308 250 1
462 375 1
616 500 1
985 995 1
1078 875 1
1970 1990 1
770 625 1
462 375 1
924 750 1
1773 1791 1
1078 875 1
770 625 0.897121
1576 1592 1
1078 875 1
770 625 1
1540 1250 1
394 398 1
1232 1000 1
394 398 1
1540 1250 0.70863
924 750 1
197 199 1
1379 1393 1
924 750 1
394 398 1
462 375 1
616 500 1
770 625 1
197 199 1
308 250 1
788 796 1
1379 1393 1
1232 1000 1
591 597 1
154 125 1
770 625 1
1576 1592 1
1386 1125 1
788 796 1
1232 1000 1
197 199 1
1232 1000 1
462 375 1
1078 875 0.691025
1078 875 1
462 375 1
1576 1592 1
788 796 1
1540 1250 1
924 750 1
770 625 0.791001
1379 1393 1
1773 1791 1
770 625 1
788 796 1
1078 875 1
924 750 1
1540 1250 1
1576 1592 0.832184
1386 1125 1
1540 1250 1
985 995 1
1182 1194 1
770 625 1
197 199 1
154 125 1
154 125 1
1540 1250 1
394 398 1
985 995 1
154 125 1
770 625 1
462 375 1
1386 1125 1
616 500 1
197 199 0.87409
1773 1791 1
1379 1393 1
1379 1393 1
924 750 1
788 796 1
1386 1125 1
1379 1393 1
985 995 1
985 995 1
1379 1393 0.851196
788 796 1
1773 1791 1
1773 1791 1
1379 1393 1
462 375 1
197 199 0.907438
1386 1125 1
770 625 1
394 398 1
1773 1791 1
197 199 1
154 125 1
1379 1393 1
788 796 1
616 500 1
1182 1194 1
308 250 1
308 250 1
197 199 1
1576 1592 1
788 796 1
1232 1000 1
1970 1990 1
591 597 1
591 597 1
1182 1194 1
788 796 1
462 375 1
1182 1194 1
1773 1791 0.903166
154 125 1
1386 1125 1
1970 1990 1
462 375 1
1379 1393 1
788 796 1
1386 1125 1
1078 875 0.867124
1773 1791 1
591 597 1
788 796 1
788 796 1
1576 1592 0.842068
985 995 1
308 250 1
394 398 1
308 250 0.871725
924 750 1
308 250 1
308 250 1
1540 1250 1
985 995 1
591 597 1
1386 1125 1
770 625 1
788 796 1
394 398 1
394 398 1
616 500 1
154 125 1
616 500 1
985 995 1
462 375 1
1970 1990 1
1773 1791 1
197 199 1
154 125 1
985 995 1
154 125 1
308 250 1
616 500 1
1379 1393 1
1386 1125 1
1540 1250 1
462 375 1
985 995 1
154 125 1
1970 1990 1
1576 1592 1
1576 1592 0.715938
1379 1393 1
985 995 1
616 500 1
1773 1791 1
788 796 1
1182 1194 1
1970 1990 1
591 597 0.641635
1540 1250 1
1386 1125 1
788 796 1
788 796 1
154 125 1
462 375 1
1379 1393 1
1232 1000 1
394 398 1
1379 1393 1
616 500 1
591 597 1
197 199 1
770 625 1
788 796 1
1970 1990 1
1232 1000 1
1379 1393 1
591 597 1
788 796 1
154 125 1
462 375 1
770 625 1
1970 1990 1
1182 1194 1
985 995 1
1232 1000 1
308 250 1
924 750 0.853191
308 250 1
394 398 1
462 375 1
1386 1125 0.738102
985 995 1
591 597 1
1182 1194 1
770 625 1
1078 875 1
1078 875 1
154 125 1
924 750 1
1232 1000 1
770 625 1
788 796 1
985 995 1
1182 1194 1
924 750 0.742536
1182 1194 1
197 199 1
591 597 1
924 750 1
1540 1250 0.889634
1970 1990 1
788 796 0.877407
1182 1194 0.83182
616 500 1
1379 1393 1
1773 1791 1
1379 1393 1
308 250 1
1386 1125 1
394 398 1
394 398 1
1379 1393 0.709672
788 796 1
1078 875 1
154 125 0.915988
1540 1250 1
1232 1000 1
1540 1250 1
1386 1125 1
1576 1592 1
154 125 1
1576 1592 0.910213
1576 1592 0.858162
308 250 1
788 796 1
1232 1000 1
1386 1125 1
154 125 1
1576 1592 0.717858
924 750 1
924 750 1
462 375 1
1540 1250 1
197 199 1
770 625 1
1773 1791 1
1379 1393 1
197 199 1
1379 1393 1
197 199 1
616 500 1
197 199 1
1576 1592 1
1540 1250 1
591 597 1
197 199 0.904881
154 125 0.622315
394 398 1
1182 1194 1
308 250 1
985 995 1
154 125 1
1379 1393 1
770 625 1
462 375 1
1182 1194 1
308 250 1
1232 1000 1
985 995 1
1379 1393 1
616 500 1
462 375 0.848757
308 250 1
1773 1791 1
1379 1393 1
788 796 1
924 750 1
394 398 1
1182 1194 1
1386 1125 1
1970 1990 1
788 796 1
1379 1393 1
1078 875 1
1182 1194 1
308 250 1
1540 1250 1
462 375 1
1970 1990 0.874753
1182 1194 1
924 750 1
1773 1791 1
197 199 1
1078 875 1
1773 1791 1
308 250 1
154 125 1
616 500 1
616 500 1
1386 1125 1
1182 1194 1
616 500 1
1386 1125 1
1379 1393 1
462 375 0.405914
1540 1250 1
591 597 0.916458
462 375 1
1576 1592 1
1078 875 1
1078 875 1
924 750 1
308 250 1
985 995 1
616 500 1
1379 1393 1
788 796 1
1970 1990 1
1970 1990 0.596498
788 796 1
394 398 1
462 375 1
1576 1592 1
1576 1592 1
1540 1250 1
394 398 1
1386 1125 1
197 199 1
1182 1194 1
197 199 1
1078 875 0.9164
1379 1393 1
1773 1791 1
197 199 1
154 125 1
1970 1990 1
1379 1393 1
591 597 1
985 995 1
308 250 1
1386 1125 1
616 500 1
154 125 1
1182 1194 1
1773 1791 1
1386 1125 1
924 750 1
394 398 1
1386 1125 1
770 625 1
924 750 1
308 250 1
770 625 1
1078 875 1
197 199 1
924 750 1
1386 1125 1
924 750 1
1379 1393 1
1576 1592 1
1078 875 1
1576 1592 1
462 375 0.916704
1379 1393 1
1576 1592 1
1182 1194 1
770 625 1
1232 1000 1
154 125 1
1540 1250 1
770 625 1
591 597 1
1379 1393 1
308 250 1
770 625 1
1773 1791 1
154 125 0.62484
154 125 0.801611
462 375 1
1182 1194 1
1232 1000 1
1386 1125 1
197 199 1
1773 1791 1
1540 1250 1
770 625 0.639458
985 995 0.767641
1182 1194 1
1078 875 1
616 500 1
924 750 1
1078 875 0.924072
985 995 1
1386 1125 1
197 199 1
1540 1250 1
788 796 1
1970 1990 1
154 125 1
770 625 1
788 796 1
154 125 1
1576 1592 1
308 250 1
1386 1125 1
1773 1791 1
788 796 1
308 250 1
591 597 1
1773 1791 1
1576 1592 1
1576 1592 1
1379 1393 1
394 398 1
1232 1000 1
154 125 1
1182 1194 1
1182 1194 1
770 625 0.611607
1379 1393 1
154 125 1
1576 1592 1
1970 1990 1
154 125 1
1182 1194 1
1232 1000 1
788 796 1
1576 1592 1
1773 1791 1
1182 1194 1
1576 1592 1
1386 1125 0.897116
1182 1194 0.858156
1232 1000 1
1232 1000 1
1078 875 1
1182 1194 1
1773 1791 1
1773 1791 1
154 125 1
462 375 1
462 375 1
1773 1791 1
788 796 1
616 500 1
591 597 1
1576 1592 1
1773 1791 1
1379 1393 1
591 597 1
1379 1393 1
591 597 1
1232 1000 1
1773 1791 1
1540 1250 1
394 398 0.701481
985 995 1
1540 1250 0.886107
924 750 1
924 750 1
1078 875 1
1078 875 1
1540 1250 1
985 995 1
788 796 1
1078 875 1
308 250 1
308 250 1
924 750 1
1386 1125 1
462 375 1
394 398 1
1540 1250 1
616 500 1
1970 1990 1
154 125 1
591 597 1
1182 1194 1
1576 1592 0.861764
1386 1125 1
308 250 1
462 375 1
394 398 1
308 250 0.853557
1970 1990 1
197 199 1
1773 1791 1
788 796 1
1576 1592 1
197 199 0.72329
985 995 1
1182 1194 1
1078 875 1
788 796 1
788 796 1
1379 1393 1
1576 1592 1
1540 1250 1
924 750 1
462 375 1
1078 875 1
1379 1393 1
394 398 1
591 597 0.939306
197 199 1
1182 1194 1
1386 1125 0.528155
394 398 1
462 375 1
616 500 1
154 125 1
462 375 1
1232 1000 1
788 796 1
1386 1125 1
985 995 1
394 398 1
462 375 0.932256
1182 1194 1
924 750 1
308 250 1
197 199 0.932401
770 625 1
1386 1125 0.897528
1773 1791 1
462 375 1
1576 1592 1
591 597 1
308 250 1
197 199 1
1576 1592 1
1970 1990 1
1576 1592 1
1970 1990 0.869743
1232 1000 1
770 625 1
394 398 1
591 597 1
1970 1990 1
394 398 1
1773 1791 0.870285
1232 1000 1
1232 1000 1
394 398 1
985 995 1
1386 1125 1
394 398 1
985 995 1
1540 1250 1
616 500 1
154 125 1
1540 1250 1
1182 1194 1
1232 1000 1
1182 1194 1
770 625 1
1232 1000 0.984912
591 597 1
462 375 1
616 500 1
1970 1990 1
1386 1125 1
308 250 1
1078 875 1
154 125 1
788 796 1
1182 1194 1
770 625 1
1576 1592 1
1386 1125 1
1379 1393 1
1970 1990 1
1379 1393 1
308 250 1
197 199 1
308 250 1
770 625 1
394 398 1
1379 1393 1
985 995 1
788 796 1
788 796 1
924 750 1
788 796 1
1182 1194 1
1182 1194 1
985 995 1
788 796 1
197 199 1
1773 1791 1
924 750 1
924 750 0.935153
1970 1990 1
394 398 0.908141
1576 1592 1
462 375 0.744708
788 796 1
1576 1592 1
924 750 1
1970 1990 1
770 625 1
1970 1990 1
1386 1125 1
1576 1592 1
1773 1791 1
1386 1125 1
197 199 1
1379 1393 1
1773 1791 1
1379 1393 1
394 398 1
924 750 1
1386 1125 1
924 750 1
394 398 1
591 597 1
1232 1000 1
985 995 1
1379 1393 1
1970 1990 1
308 250 1
1182 1194 1
616 500 0.722625
924 750 1
1540 1250 0.94486
1232 1000 1
1182 1194 1
1182 1194 0.785808
1540 1250 1
591 597 1
788 796 1
788 796 1
1078 875 1
394 398 1
1576 1592 1
1970 1990 1
924 750 1
1182 1194 1
308 250 1
1970 1990 1
1540 1250 1
1232 1000 1
1386 1125 1
1232 1000 1
1379 1393 1
154 125 1
1182 1194 1
1379 1393 1
591 597 0.958014
1386 1125 1
1970 1990 0.952917
1182 1194 1
462 375 0.823956
1773 1791 1
924 750 1
1540 1250 1
462 375 1
1970 1990 1
788 796 1
1182 1194 1
924 750 1
154 125 1
462 375 0.403066
394 398 1
1540 1250 1
616 500 1
197 199 1
462 375 1
770 625 1
1540 1250 1
591 597 1
154 125 1
616 500 0.878985
462 375 1
308 250 1
1576 1592 1
1379 1393 1
1576 1592 0.716207
985 995 1
1576 1592 1
1970 1990 1
1078 875 1
197 199 1
154 125 0.82337
1182 1194 1
1540 1250 1
591 597 1
924 750 1
1970 1990 1
1970 1990 1
308 250 1
788 796 1
1182 1194 1
591 597 1
591 597 1
197 199 1
1182 1194 1
924 750 0.899474
1182 1194 1
154 125 1
616 500 1
394 398 1
1232 1000 1
616 500 1
308 250 1
1773 1791 1
1078 875 1
462 375 1
462 375 1
616 500 1
1182 1194 1
154 125 1
462 375 1
1379 1393 1
1379 1393 1
1182 1194 1
394 398 1
1576 1592 1
1540 1250 1
1078 875 1
1386 1125 1
1232 1000 1
1182 1194 1
462 375 1
1970 1990 1
1576 1592 1
985 995 1
462 375 1
770 625 1
616 500 1
770 625 1
924 750 1
591 597 1
1386 1125 1
394 398 1
1182 1194 1
985 995 1
1576 1592 1
1773 1791 0.655025
197 199 1
770 625 1
1232 1000 1
1576 1592 1
1540 1250 1
788 796 1
770 625 1
1232 1000 1
591 597 1
1970 1990 1
308 250 1
616 500 1
985 995 1
1182 1194 1
788 796 1
1540 1250 1
591 597 1
1078 875 0.715742
770 625 1
616 500 1
1970 1990 1
308 250 1
1078 875 1
154 125 1
616 500 0.962833
1576 1592 1
924 750 1
197 199 1
462 375 1
985 995 0.989284
616 500 1
1386 1125 1
591 597 0.806693
616 500 1
1182 1194 0.816521
788 796 1
154 125 1
1182 1194 1
1232 1000 1
985 995 0.703751
1970 1990 1
1576 1592 1
1773 1791 0.726038
308 250 1
1970 1990 1
462 375 1
788 796 1
308 250 1
1379 1393 1
197 199 1
462 375 1
1078 875 1
1078 875 1
1182 1194 1
308 250 1
308 250 1
394 398 1
924 750 1
154 125 1
1379 1393 1
462 375 1
616 500 1
985 995 1
1386 1125 1
1232 1000 1
1386 1125 1
770 625 1
1182 1194 1
308 250 1
616 500 1
1773 1791 1
308 250 1
1540 1250 0.906363
1576 1592 1
1576 1592 1
924 750 1
788 796 1
1232 1000 1
1970 1990 1
1773 1791 1
616 500 1
1386 1125 1
985 995 1
924 750 1
1078 875 1
1232 1000 1
985 995 1
197 199 1
985 995 1
1182 1194 1
1078 875 1
591 597 0.950312
1576 1592 1
770 625 1
1386 1125 1
1232 1000 1
1182 1194 1
1540 1250 0.874799
591 597 1
788 796 1
924 750 1
197 199 1
1182 1194 1
788 796 1
1773 1791 0.788007
1386 1125 1
197 199 1
1379 1393 1
1773 1791 1
462 375 1
1540 1250 0.70133
197 199 1
1386 1125 1
1182 1194 1
1232 1000 1
985 995 1
1540 1250 1
1970 1990 1
462 375 1
1386 1125 1
394 398 1
924 750 1
1379 1393 1
1232 1000 1
1773 1791 1
1078 875 1
197 199 1
1386 1125 1
308 250 1
1379 1393 1
616 500 1
1379 1393 1
154 125 1
985 995 1
1232 1000 1
1773 1791 1
1773 1791 0.992539
770 625 1
197 199 1
1379 1393 1
1182 1194 0.831599
591 597 1
1773 1791 0.868373
1386 1125 1
462 375 1
1773 1791 1
1540 1250 1
197 199 1
1540 1250 1
1182 1194 1
1970 1990 1
616 500 1
1078 875 1
1182 1194 1
1078 875 1
462 375 1
1970 1990 0.945991
616 500 1
1386 1125 1
788 796 1
1386 1125 1
985 995 1
394 398 1
1078 875 1
1379 1393 1
616 500 1
1773 1791 1
924 750 1
616 500 1
1576 1592 1
591 597 1
462 375 1
1232 1000 1
308 250 1
462 375 1
770 625 0.902057
1182 1194 1
154 125 1
924 750 1
985 995 1
1078 875 1
1576 1592 0.976151
308 250 1
1232 1000 1
985 995 0.905042
1078 875 1
1970 1990 1
1773 1791 1
462 375 1
985 995 1
1078 875 1
1232 1000 1
770 625 1
616 500 1
1540 1250 1
154 125 1
1078 875 0.945307
394 398 1
985 995 1
1379 1393 1
1970 1990 1
462 375 0.799851
924 750 0.973496
462 375 1
1232 1000 1
197 199 1
1970 1990 0.84751
924 750 1
616 500 1
770 625 1
1773 1791 1
1182 1194 1
1078 875 1
985 995 1
462 375 1
1379 1393 1
197 199 1
1970 1990 1
1232 1000 1
462 375 1
462 375 1
1773 1791 1
154 125 0.912021
770 625 1
197 199 1
462 375 1
197 199 1
985 995 1
985 995 1
197 199 1
1078 875 1
394 398 1
462 375 0.913703
462 375 1
985 995 1
616 500 0.662209
924 750 1
1386 1125 1
1182 1194 1
308 250 1
788 796 1
616 500 1
985 995 1
770 625 1
1540 1250 1
924 750 1
1970 1990 1
1182 1194 1
985 995 1
1379 1393 1
1078 875 1
788 796 1
1576 1592 1
1576 1592 1
1386 1125 1
462 375 0.932388
1540 1250 1
924 750 1
1576 1592 1
1232 1000 1
1386 1125 1
1379 1393 1
1386 1125 1
1078 875 1
154 125 1
616 500 1
154 125 1
154 125 1
1540 1250 1
616 500 1
1379 1393 1
1379 1393 1
1773 1791 1
154 125 1
1078 875 1
1232 1000 1
924 750 0.754552
1576 1592 1
462 375 1
616 500 0.94848
1540 1250 1
1540 1250 1
1232 1000 1
1970 1990 1
394 398 1
924 750 0.630285
394 398 1
616 500 1
924 750 1
462 375 1
1970 1990 1
1576 1592 0.889086
1540 1250 1
770 625 1
1078 875 1
394 398 1
1970 1990 1
788 796 1
924 750 1
1379 1393 1
924 750 1
197 199 0.957979
1576 1592 1
1078 875 1
616 500 1
1078 875 1
770 625 1
1078 875 1
1232 1000 1
1970 1990 0.646524
924 750 1
308 250 1
1773 1791 1
1386 1125 1
924 750 1
985 995 1
394 398 1
616 500 1
1576 1592 1
1970 1990 1
924 750 1
770 625 1
1576 1592 1
788 796 1
1540 1250 1
770 625 1
1379 1393 1
591 597 1
616 500 1
1232 1000 1
1386 1125 1
308 250 1
985 995 1
1379 1393 1
591 597 1
788 796 0.940714
1182 1194 1
1576 1592 1
1078 875 1
1379 1393 1
1540 1250 1
924 750 0.852394
462 375 1
1078 875 1
1970 1990 1
770 625 1
1773 1791 1
394 398 1
394 398 1
462 375 1
462 375 1
1078 875 1
462 375 0.832023
197 199 1
197 199 1
770 625 1
1386 1125 1
788 796 1
985 995 1
1970 1990 1
197 199 0.71907
616 500 1
770 625 1
308 250 1
1182 1194 1
1232 1000 1
1970 1990 1
394 398 1
1078 875 1
985 995 1
1970 1990 1
985 995 1
1386 1125 0.942196
394 398 1
1182 1194 1
1078 875 1
1576 1592 1
1773 1791 0.715031
154 125 1
1182 1194 1
308 250 1
985 995 1
591 597 1
462 375 1
154 125 1
985 995 1
462 375 1
616 500 1
1182 1194 1
770 625 1
462 375 1
1540 1250 1
770 625 0.757492
154 125 1
394 398 0.764574
1540 1250 1
788 796 1
394 398 1
770 625 1
462 375 1
308 250 1
308 250 0.703875
1386 1125 1
1540 1250 1
985 995 1
788 796 1
1540 1250 0.740796
1576 1592 1
308 250 1
1773 1791 1
1182 1194 1
1540 1250 1
1078 875 1
1232 1000 1
924 750 1
616 500 0.733246
591 597 0.724378
770 625 1
591 597 1
1970 1990 1
462 375 1
1540 1250 1
197 199 1
1773 1791 1
924 750 1
1540 1250 1
1576 1592 1
770 625 1
197 199 1
394 398 1
788 796 1
462 375 1
924 750 1
462 375 1
308 250 1
394 398 1
616 500 1
1078 875 1
1386 1125 1
1232 1000 1
1970 1990 1
1773 1791 1
1078 875 1
308 250 1
462 375 1
591 597 1
154 125 1
616 500 1
788 796 1
1182 1194 1
394 398 0.959826
616 500 1
1182 1194 1
462 375 1
308 250 1
1970 1990 0.705611
1970 1990 1
1232 1000 1
924 750 1
1576 1592 1
462 375 1
985 995 1
1078 875 1
1540 1250 1
197 199 1
1386 1125 1
1386 1125 0.887045
1970 1990 1
394 398 1
394 398 0.880472
1386 1125 1
1540 1250 0.955985
197 199 1
308 250 1
1386 1125 1
197 199 1
1232 1000 0.882089
591 597 1
1078 875 1
1379 1393 1
924 750 1
1540 1250 1
770 625 1
1773 1791 1
1970 1990 0.598409
1386 1125 1
1576 1592 1
462 375 1
591 597 1
924 750 0.836333
924 750 1
1576 1592 0.655555
308 250 1
197 199 1
591 597 1
788 796 1
154 125 1
770 625 1
394 398 1
462 375 1
197 199 1
1576 1592 1
1182 1194 1
616 500 0.739699
616 500 1
1576 1592 1
308 250 1
788 796 1
770 625 1
1773 1791 1
308 250 1
197 199 1
394 398 1
1576 1592 1
1386 1125 0.906524
394 398 1
1386 1125 1
985 995 1
591 597 0.816362
1576 1592 1
1576 1592 1
462 375 1
1379 1393 1
154 125 1
591 597 0.845821
1540 1250 0.9083
1970 1990 1
197 199 1
770 625 1
1386 1125 1
616 500 1
394 398 1
924 750 1
1078 875 1
788 796 1
985 995 1
1576 1592 1
770 625 1
924 750 1
1540 1250 1
616 500 1
985 995 0.925928
1078 875 1
308 250 1
462 375 1
788 796 1
308 250 1
308 250 1
1773 1791 1
1232 1000 1
1773 1791 1
788 796 1
770 625 1
1970 1990 1
1970 1990 1
985 995 0.905704
788 796 1
197 199 1
1576 1592 1
1379 1393 1
1386 1125 1
985 995 1
1182 1194 1
591 597 1
1540 1250 1
1773 1791 1
1773 1791 1
1379 1393 1
591 597 1
985 995 1
1540 1250 1
1386 1125 1
1078 875 1
154 125 1
462 375 1
924 750 1
1232 1000 1
308 250 1
985 995 1
1386 1125 1
770 625 1
788 796 0.736455
197 199 1
770 625 1
1232 1000 1
788 796 1
1576 1592 1
770 625 0.798011
1078 875 1
154 125 1
1576 1592 1
924 750 1
985 995 1
1182 1194 1
1182 1194 1
308 250 1
197 199 0.840716
1182 1194 1
1386 1125 0.931476
591 597 1
1379 1393 1
616 500 1
1576 1592 1
770 625 0.957402
1386 1125 1
1576 1592 1
1970 1990 1
985 995 1
1540 1250 0.925909
770 625 1
985 995 1
308 250 1
154 125 1
197 199 1
1773 1791 1
1576 1592 1
1576 1592 1
1540 1250 1
308 250 1
1540 1250 1
1078 875 0.971902
924 750 1
985 995 1
1379 1393 1
1078 875 1
1540 1250 1
788 796 1
788 796 0.717568
462 375 1
924 750 1
1379 1393 1
154 125 1
1970 1990 1
616 500 1
308 250 1
1386 1125 1
308 250 1
1386 1125 1
154 125 1
616 500 1
1379 1393 1
197 199 1
985 995 1
1386 1125 1
197 199 1
1576 1592 1
154 125 1
616 500 1
1540 1250 1
394 398 1
616 500 1
1078 875 0.860494
1576 1592 1
154 125 1
591 597 1
788 796 1
985 995 1
985 995 1
1182 1194 1
308 250 1
394 398 1
985 995 1
1379 1393 1
1078 875 1
770 625 1
197 199 1
591 597 1
1540 1250 1
1232 1000 1
616 500 1
1379 1393 1
591 597 1
591 597 1
770 625 1
394 398 1
1386 1125 0.927007
1379 1393 1
1232 1000 1
1078 875 1
591 597 1
1970 1990 1
154 125 1
985 995 1
308 250 1
394 398 0.849311
154 125 1
1386 1125 1
1970 1990 1
770 625 1
1540 1250 1
197 199 1
154 125 1
1182 1194 1
788 796 1
591 597 1
770 625 0.974483
1232 1000 1
1773 1791 1
985 995 1
1078 875 1
1078 875 1
1078 875 1
1540 1250 0.874605
1379 1393 1
154 125 1
308 250 1
1540 1250 1
308 250 1
924 750 1
1386 1125 1
1379 1393 0.636762
985 995 1
1078 875 1
770 625 1
1970 1990 1
308 250 1
616 500 1
788 796 1
591 597 1
788 796 1
770 625 1
1576 1592 1
308 250 1
1576 1592 0.90782
924 750 1
770 625 1
924 750 1
1078 875 1
462 375 1
1576 1592 1
197 199 1
770 625 1
462 375 1
616 500 1
1576 1592 1
1773 1791 0.657968
1182 1194 1
616 500 0.805017
1970 1990 1
154 125 1
308 250 1
1773 1791 1
308 250 1
394 398 1
1540 1250 1
1576 1592 1
462 375 1
1773 1791 1
1970 1990 1
616 500 1
1540 1250 1
308 250 1
985 995 1
197 199 1
1379 1393 1
394 398 1
154 125 1
197 199 1
985 995 1
591 597 1
197 199 1
788 796 1
985 995 1
394 398 1
154 125 1
985 995 0.892855
197 199 1
197 199 1
197 199 1
1386 1125 1
1386 1125 0.680772
308 250 1
591 597 1
308 250 1
1540 1250 0.819069
788 796 1
788 796 1
1773 1791 1
462 375 1
985 995 1
1970 1990 1
788 796 1
394 398 0.968391
197 199 1
985 995 1
462 375 0.66831
394 398 1
394 398 1
1386 1125 1
1773 1791 1
394 398 1
1379 1393 1
154 125 1
197 199 1
924 750 1
1970 1990 1
1970 1990 1
1540 1250 1
985 995 1
616 500 1
1379 1393 0.750767
985 995 1
788 796 1
1540 1250 1
1576 1592 1
1970 1990 1
788 796 0.707466
1773 1791 1
1540 1250 1
1773 1791 1
1540 1250 1
154 125 1
770 625 1
1379 1393 1
788 796 1
1970 1990 1
924 750 1
462 375 1
308 250 1
1182 1194 1
154 125 1
591 597 1
616 500 1
462 375 1
616 500 1
788 796 1
154 125 1
924 750 1
1576 1592 1
1970 1990 1
197 199 1
591 597 1
1232 1000 1
770 625 1
1182 1194 0.63091
1379 1393 1
154 125 1
1386 1125 1
1379 1393 1
985 995 1
1576 1592 1
1970 1990 1
154 125 1
1386 1125 0.853378
985 995 1
1773 1791 1
1386 1125 1
197 199 0.968725
1379 1393 1
197 199 1
154 125 1
1970 1990 0.961016
788 796 1
1576 1592 0.832
197 199 1
1773 1791 1
985 995 1
1386 1125 1
1970 1990 1
770 625 1
1379 1393 0.897833
1182 1194 1
591 597 1
1576 1592 1
770 625 1
591 597 1
788 796 1
1576 1592 1
1232 1000 1
394 398 1
1576 1592 1
616 500 1
1232 1000 1
788 796 1
788 796 1
985 995 1
788 796 1
197 199 1
154 125 1
1970 1990 1
924 750 1
1386 1125 1
1232 1000 1
1379 1393 1
197 199 1
1232 1000 1
1540 1250 1
770 625 1
308 250 1
788 796 1
394 398 1
1182 1194 1
985 995 1
591 597 0.961288
154 125 1
197 199 1
985 995 1
1232 1000 1
1576 1592 1
308 250 1
1540 1250 1
788 796 1
1232 1000 1
394 398 1
1386 1125 1
1182 1194 1
1386 1125 1
788 796 0.851338
1540 1250 1
1540 1250 1
1540 1250 1
462 375 1
788 796 1
1232 1000 1
616 500 0.810087
985 995 1
1232 1000 1
1773 1791 1
1379 1393 1
591 597 1
985 995 1
1576 1592 1
1386 1125 1
1379 1393 1
616 500 0.73952
1386 1125 1
1773 1791 1
308 250 1
308 250 1
197 199 1
154 125 1
1182 1194 1
770 625 1
591 597 1
154 125 1
308 250 1
1379 1393 1
394 398 0.899858
1773 1791 1
1078 875 1
985 995 1
1182 1194 1
1379 1393 0.85799
1970 1990 1
1773 1791 1
770 625 0.8492
985 995 1
1379 1393 1
462 375 1
1386 1125 1
591 597 1
1379 1393 1
985 995 1
1232 1000 0.947677
462 375 1
985 995 1
1386 1125 1
1540 1250 1
1232 1000 1
985 995 1
308 250 1
154 125 1
308 250 1
1773 1791 1
1379 1393 1
154 125 1
1182 1194 1
197 199 1
1576 1592 1
462 375 1
1576 1592 0.842276
591 597 1
308 250 0.736499
1379 1393 1
591 597 1
985 995 1
1970 1990 1
1540 1250 1
616 500 1
1078 875 0.84038
924 750 1
616 500 1
197 199 1
1576 1592 1
591 597 1
1182 1194 1
1232 1000 1
394 398 1
154 125 1
1182 1194 1
1182 1194 1
770 625 1
924 750 1
770 625 1
616 500 1
1540 1250 1
197 199 1
1232 1000 1
197 199 1
462 375 1
1576 1592 1
1773 1791 0.82816
1379 1393 0.837667
1386 1125 1
1576 1592 0.590389
1970 1990 1
1540 1250 1
1182 1194 1
924 750 1
770 625 1
1970 1990 1
1232 1000 1
616 500 1
616 500 1
591 597 1
1576 1592 1
924 750 1
1970 1990 0.721338
394 398 0.953549
197 199 1
591 597 1
394 398 1
1232 1000 1
770 625 1
308 250 1
616 500 1
788 796 1
788 796 1
1379 1393 1
1232 1000 1
788 796 0.870706
1386 1125 1
1540 1250 1
394 398 1
1970 1990 1
1379 1393 1
462 375 1
1576 1592 1
591 597 1
924 750 0.997991
985 995 1
154 125 1
1970 1990 0.82458
1540 1250 1
1773 1791 1
616 500 1
197 199 1
1576 1592 1
154 125 1
308 250 1
616 500 0.957231
616 500 1
1379 1393 1
1773 1791 1
1078 875 1
154 125 1
788 796 1
616 500 1
788 796 1
462 375 1
1379 1393 1
197 199 1
1386 1125 1
1078 875 0.863135
1773 1791 1
985 995 0.850675
1773 1791 1
591 597 1
1379 1393 1
197 199 1
788 796 1
788 796 1
1970 1990 1
788 796 1
462 375 1
1970 1990 1
770 625 1
985 995 1
924 750 1
924 750 0.707487
924 750 1
154 125 1
394 398 1
788 796 1
1386 1125 1
1182 1194 1
616 500 1
1182 1194 1
1576 1592 1
1379 1393 1
462 375 1
1182 1194 1
770 625 1
788 796 1
1232 1000 1
154 125 1
788 796 1
616 500 1
154 125 1
308 250 1
616 500 1
924 750 0.945061
924 750 0.853452
1232 1000 1
788 796 1
1386 1125 1
1576 1592 1
154 125 0.919235
197 199 1
1540 1250 1
616 500 1
1078 875 1
394 398 1
1232 1000 1
770 625 1
924 750 1
462 375 0.989259
591 597 1
1540 1250 0.979844
1078 875 1
1540 1250 1
616 500 1
1970 1990 1
1773 1791 1
1576 1592 1
985 995 1
1970 1990 0.898563
1232 1000 1
154 125 1
394 398 1
394 398 1
924 750 1
1773 1791 1
788 796 1
154 125 1
591 597 1
924 750 0.890611
462 375 1
1970 1990 1
1970 1990 1
985 995 1
1773 1791 1
1970 1990 1
1078 875 1
924 750 1
462 375 1
1182 1194 0.75701
770 625 1
1182 1194 1
924 750 0.821839
462 375 1
788 796 0.730324
394 398 1
308 250 1
394 398 1
154 125 1
1232 1000 1
1078 875 1
985 995 0.795894
1182 1194 1
1078 875 1
394 398 1
462 375 1
1379 1393 1
1540 1250 1
197 199 1
1232 1000 1
1386 1125 0.789858
1379 1393 1
985 995 1
1078 875 1
616 500 1
1379 1393 1
1970 1990 1
770 625 1
985 995 1
394 398 1
308 250 1
1576 1592 1
394 398 1
1773 1791 1
1773 1791 1
1182 1194 1
1182 1194 1
308 250 0.928153
1773 1791 1
308 250 1
1078 875 1
591 597 1
1773 1791 1
591 597 1
1970 1990 1
154 125 1
154 125 1
1182 1194 1
1576 1592 1
1773 1791 1
1379 1393 1
308 250 1
770 625 1
462 375 1
1576 1592 1
924 750 1
394 398 1
1970 1990 1
1182 1194 1
1232 1000 1
394 398 1
770 625 0.5964
