5000 100000
44 47 1
44 43 0.931982
44 44 1
44 36 0.887151
44 44 1
44 47 1
44 47 1
44 53 1
44 48 0.696054
44 44 0.714497
44 41 0.880747
44 41 1
44 41 0.769896
44 41 0.936453
44 42 1
44 30 0.96401
44 57 0.756411
44 55 0.832135
44 44 1
44 49 1
44 55 0.798481
44 42 0.740665
44 41 0.962365
44 49 0.770765
44 48 0.545376
44 50 1
44 42 1
44 47 0.844555
44 45 0.744408
44 50 1
44 34 0.814191
44 53 0.750966
44 41 0.778546
44 41 0.782505
44 43 1
44 53 0.914637
44 44 1
44 49 1
44 53 1
44 39 1
44 46 0.837948
44 46 0.676286
44 48 0.79274
44 42 0.925698
44 42 1
44 53 0.49649
44 56 0.668874
44 40 0.941217
44 41 0.823362
44 54 1
44 44 1
44 46 1
44 43 0.94588
44 54 1
44 32 1
44 50 1
44 43 0.89575
44 48 1
44 44 0.881093
44 46 0.800252
44 45 1
44 48 0.802983
44 43 1
44 45 1
44 42 0.598619
44 43 1
44 46 0.771765
44 38 0.846109
44 44 0.552706
44 46 0.553903
44 51 1
44 40 0.731757
44 42 1
44 40 1
44 44 1
44 40 1
44 47 0.771122
44 45 0.829446
44 39 0.781253
44 44 0.937508
44 32 1
44 44 0.806365
44 44 1
44 39 1
44 42 1
44 47 0.957634
44 45 0.705375
44 45 1
44 44 0.872617
44 45 1
44 52 0.716956
44 35 0.935793
44 41 1
44 46 1
44 62 0.92723
44 46 0.898147
44 39 1
44 39 1
44 44 0.659963
44 47 1
44 48 0.821709
44 40 0.886574
44 43 1
44 50 0.761914
44 45 1
44 36 1
44 36 1
44 39 0.712499
44 44 1
44 46 0.865768
44 43 1
44 40 1
44 46 1
44 44 0.78611
44 35 0.922368
44 43 1
44 52 0.868304
44 52 1
44 36 1
44 41 1
44 44 1
44 39 1
44 43 1
44 42 1
44 45 0.941892
44 40 1
44 42 0.795651
44 45 0.903006
44 44 0.789178
44 38 1
44 41 1
44 46 1
44 44 1
44 42 0.949351
44 46 0.891231
44 43 1
44 47 1
44 47 0.885886
44 45 1
44 49 1
44 52 0.832767
44 36 1
44 48 0.875146
44 37 1
44 47 0.843679
44 41 1
44 41 0.921738
44 50 0.916502
44 44 0.854907
44 41 0.925143
44 39 0.918588
44 32 1
44 31 1
44 50 0.916018
44 47 1
44 52 1
44 44 0.939176
44 48 0.446754
44 43 0.590782
44 53 0.765055
44 44 1
44 49 0.748221
44 38 0.949524
44 37 1
44 39 1
44 46 0.9505
44 52 1
44 44 1
44 50 1
44 43 1
44 48 0.973108
44 39 1
44 46 1
44 44 0.879298
44 43 0.955488
44 41 1
44 46 0.760901
44 40 0.818398
44 50 1
44 39 1
44 42 0.907078
44 39 0.768449
44 49 1
44 42 0.841032
44 51 0.97187
44 51 1
44 48 0.646688
44 50 1
44 43 1
44 47 1
44 38 0.780311
44 46 1
44 34 1
44 42 0.789691
44 53 0.781776
44 51 0.963257
44 40 0.827598
44 51 1
44 44 1
44 56 0.956111
44 31 1
44 40 0.724606
44 51 1
44 43 1
44 36 0.9025
44 47 0.767356
44 44 0.84798
44 44 1
44 38 1
44 50 1
44 44 0.628988
44 44 0.935003
44 53 1
44 50 0.860097
44 37 0.942034
44 50 0.813621
44 37 0.865794
44 43 0.948883
44 45 0.864159
44 42 0.795343
44 47 0.857185
44 39 0.907902
44 40 1
44 51 1
44 48 0.973586
44 53 0.855366
44 45 1
44 49 1
44 38 0.927465
44 59 0.916902
44 46 0.827101
44 47 1
44 42 1
44 51 1
44 48 1
44 49 1
44 49 0.838964
44 47 1
44 45 1
44 41 1
44 51 0.975619
44 44 1
44 52 0.845037
44 44 0.863528
44 45 0.767499
44 45 0.807368
44 47 0.885934
44 49 0.83018
44 45 1
44 41 0.884387
44 36 1
44 42 0.852035
44 51 1
44 47 1
44 41 0.872096
44 49 0.664174
44 35 0.89533
44 55 1
44 47 0.791815
44 41 1
44 44 1
44 45 0.880162
44 46 1
44 46 1
44 41 1
44 41 1
44 48 1
44 33 0.746756
44 44 1
44 48 1
44 55 1
44 44 1
44 43 0.966725
44 49 0.746006
44 49 0.925916
44 44 0.72715
44 37 0.893484
44 39 1
44 42 1
44 36 1
44 43 0.814091
44 49 1
44 37 0.938246
44 35 0.782582
44 47 0.808155
44 42 0.973799
44 47 1
44 38 0.963151
44 53 1
44 45 0.923469
44 53 0.889562
44 44 0.916412
44 38 0.98871
44 49 0.931873
44 42 0.770764
44 44 0.981738
44 49 0.97068
44 45 0.959995
44 47 1
44 39 1
44 44 0.788395
44 46 1
44 38 1
44 45 0.768078
44 46 1
44 44 0.960807
44 42 0.936203
44 44 1
44 49 1
44 50 1
44 48 0.695136
44 47 0.713678
44 46 0.609789
44 43 1
44 44 0.90619
44 39 0.804401
44 55 0.887159
44 46 0.800708
44 42 1
44 45 1
44 36 0.890117
44 35 1
44 49 1
44 45 0.948967
44 48 1
44 47 1
44 54 0.670318
44 48 0.924393
44 48 1
44 55 0.868223
44 50 0.593983
44 46 1
44 40 0.751747
44 48 1
44 40 0.811757
44 41 0.792284
44 41 0.860524
44 54 0.876535
44 33 0.89464
44 52 0.84064
44 35 1
44 45 0.897811
44 51 1
44 55 1
44 44 0.772451
44 39 1
44 47 0.876645
44 44 1
44 52 0.9734
44 42 0.847633
44 45 0.952593
44 48 1
44 41 1
44 48 0.839408
44 41 0.624657
44 46 1
44 48 0.885638
44 45 0.665964
44 41 1
44 51 0.548722
44 53 1
44 46 1
44 55 0.801728
44 42 0.924359
44 51 0.912067
44 45 1
44 48 0.767233
44 47 1
44 42 0.668306
44 45 1
44 41 1
44 43 1
44 44 1
44 46 1
44 43 1
44 40 1
44 41 1
44 44 1
44 49 1
44 54 0.821932
44 37 0.780686
44 42 1
44 47 0.814701
44 49 0.949539
44 44 1
44 40 1
44 39 1
44 42 0.823773
44 49 0.781008
44 36 1
44 42 0.826213
44 54 0.807031
44 41 0.764199
44 54 1
44 37 0.844516
44 40 1
44 45 1
44 46 0.793411
44 51 1
44 51 0.900774
44 49 0.838023
44 34 0.828328
44 43 1
44 40 0.881533
44 48 1
44 52 0.919166
44 45 1
44 47 0.807264
44 43 0.879955
44 49 0.763952
44 44 0.817568
44 43 1
44 44 1
44 49 1
44 42 1
44 45 1
44 48 1
44 42 0.828876
44 52 1
44 41 1
44 40 0.877703
44 44 1
44 49 1
44 44 1
44 37 0.896452
44 44 0.823868
44 43 1
44 33 0.742899
44 41 1
44 29 1
44 40 0.950083
44 49 1
44 40 1
44 46 1
44 43 0.728751
44 42 0.754996
44 47 1
44 34 1
44 34 1
44 51 1
44 43 0.90578
44 56 0.803843
44 40 0.906221
44 42 1
44 46 0.873741
44 41 0.777516
44 47 0.817679
44 40 0.918462
44 39 1
44 47 0.830443
44 39 0.646421
44 49 1
44 44 1
44 45 0.756394
44 51 0.916448
44 55 0.815883
44 45 1
44 42 1
44 41 1
44 54 1
44 42 0.900384
44 46 0.849473
44 44 0.733634
44 48 1
44 48 0.842987
44 44 1
44 46 0.85243
44 44 0.902748
44 50 0.906778
44 48 0.842308
44 39 1
44 34 1
44 48 0.925695
44 43 1
44 45 0.815326
44 45 1
44 45 0.878881
44 40 1
44 41 1
44 36 1
44 45 1
44 54 0.820134
44 44 1
44 51 0.513991
44 48 0.951119
44 43 0.941138
44 40 1
44 38 1
44 49 0.910401
44 55 0.823865
44 43 1
44 39 1
44 47 0.976213
44 40 0.891647
44 58 1
44 45 0.696113
44 49 1
44 47 1
44 50 0.94258
44 46 0.537893
44 47 0.915279
44 39 0.798921
44 42 0.888093
44 39 1
44 44 1
44 52 1
44 52 0.953126
44 46 0.856509
44 41 0.890298
44 38 1
44 42 0.924649
44 46 0.907627
44 52 0.868151
44 44 1
44 48 0.946764
44 47 0.883727
44 39 0.935802
44 43 1
44 35 1
44 42 0.945863
44 39 0.849845
44 40 0.68937
44 43 0.658733
44 44 0.824458
44 48 1
44 42 0.674144
44 47 1
44 37 0.961028
44 45 0.865392
44 39 0.714454
44 43 0.959325
44 42 0.799848
44 44 0.869285
44 45 0.89549
44 46 1
44 46 1
44 46 0.629787
44 48 0.8289
44 44 1
44 47 1
44 36 0.959197
44 46 0.90852
44 46 0.933596
44 36 0.677829
44 57 0.831314
44 47 0.900781
44 53 0.44241
44 41 1
44 48 0.969599
44 43 1
44 54 1
44 57 0.904111
44 48 0.950637
44 37 0.492332
44 40 1
44 49 1
44 46 1
44 56 0.877565
44 44 0.929026
44 39 0.803969
44 42 1
44 58 1
44 49 0.782446
44 46 1
44 42 0.932843
44 47 1
44 47 1
44 44 0.794969
44 38 1
44 52 1
44 39 0.900535
44 49 0.83232
44 46 0.692455
44 43 1
44 54 0.718172
44 45 0.822341
44 39 0.88678
44 38 0.803715
44 48 0.771992
44 33 0.942833
44 42 1
44 43 0.929927
44 37 0.877966
44 51 1
44 45 1
44 46 1
44 45 0.928876
44 58 1
44 41 1
44 50 1
44 37 1
44 39 1
44 43 0.942049
44 41 1
44 50 1
44 48 0.767374
44 49 1
44 47 0.797259
44 43 1
44 46 0.728293
44 46 0.934384
44 34 0.970787
44 44 0.869024
44 37 1
44 32 1
44 35 0.943597
44 33 1
44 38 1
44 46 0.844811
44 42 1
44 42 0.890487
44 40 0.592164
44 36 0.732236
44 39 1
44 47 1
44 42 0.857243
44 51 1
44 43 1
44 45 0.993137
44 44 0.758568
44 40 1
44 48 1
44 43 0.720418
44 47 1
44 47 0.805609
44 43 1
44 48 0.965064
44 47 0.815832
44 47 1
44 44 0.977952
44 41 1
44 46 0.935156
44 42 1
44 53 1
44 56 1
44 45 0.566661
44 50 1
44 46 1
44 42 1
44 52 1
44 39 0.964722
44 37 0.778011
44 43 0.986555
44 35 1
44 46 0.8445
44 43 1
44 41 0.866656
44 46 0.880133
44 40 1
44 46 0.876058
44 30 0.902344
44 49 1
44 44 0.738472
44 46 1
44 50 0.792952
44 46 1
44 44 0.896514
44 46 1
44 39 1
44 49 0.75995
44 46 1
44 45 1
44 37 1
44 46 1
44 44 1
44 39 0.888111
44 45 1
44 48 0.778226
44 45 1
44 43 0.896809
44 47 0.782858
44 45 0.898981
44 50 1
44 41 1
44 51 1
44 41 1
44 36 0.712968
44 50 1
44 46 1
44 45 0.855355
44 50 0.954302
44 37 0.798083
44 47 0.990752
44 48 0.802879
44 41 0.742207
44 56 0.702313
44 47 1
44 53 0.888417
44 42 0.746357
44 47 0.821926
44 48 0.940477
44 45 0.811716
44 44 1
44 48 1
44 46 0.925576
44 41 0.939276
44 48 1
44 53 0.924445
44 41 0.774508
44 43 0.833441
44 40 0.669842
44 38 0.886078
44 40 1
44 40 0.749128
44 44 0.930487
44 40 1
44 44 1
44 52 0.756261
44 47 1
44 46 0.87481
44 43 1
44 44 0.766263
44 47 0.684356
44 42 0.888591
44 55 0.884891
44 54 1
44 43 0.738187
44 41 0.584413
44 56 1
44 50 0.601051
44 45 0.936795
44 38 0.827565
44 42 0.911398
44 46 1
44 33 0.928351
44 40 1
44 45 1
44 43 0.889738
44 47 0.673991
44 47 0.904422
44 32 1
44 43 1
44 41 1
44 44 0.909846
44 45 0.594828
44 50 0.811376
44 50 1
44 48 1
44 38 0.756364
44 46 1
44 44 1
44 38 1
44 42 1
44 44 0.679954
44 40 0.808873
44 36 1
44 49 0.932621
44 46 1
44 45 1
44 54 1
44 38 1
44 40 0.836584
44 39 1
44 41 0.765776
44 50 1
44 44 1
44 42 1
44 52 1
44 46 0.902674
44 42 1
44 37 1
44 41 0.964723
44 37 0.888174
44 43 0.988902
44 50 1
44 44 0.824014
44 38 0.955258
44 48 0.871416
44 51 0.800157
44 42 0.886871
44 36 0.635091
44 40 0.889136
44 31 0.923068
44 51 1
44 45 1
44 47 1
44 46 0.824549
44 38 0.92148
44 52 1
44 42 1
44 42 1
44 53 1
44 39 0.774329
44 46 1
44 47 1
44 33 0.90176
44 43 0.806188
44 45 0.984731
44 49 1
44 35 1
44 44 0.926836
44 43 0.792235
44 51 1
44 36 0.779983
44 44 0.61591
44 37 0.974165
44 36 1
44 51 1
44 42 1
44 41 1
44 43 0.869851
44 39 1
44 43 0.778254
44 48 1
44 43 1
44 55 0.6397
44 40 1
44 40 0.771411
44 46 1
44 38 1
44 40 1
44 51 1
44 43 0.982819
44 48 1
44 39 1
44 52 1
44 35 1
44 48 1
44 48 0.871886
44 37 0.872551
44 54 0.824544
44 40 0.961681
44 50 1
44 44 0.981024
44 43 1
44 44 0.725004
44 44 1
44 37 0.780996
44 44 1
44 37 1
44 49 0.72525
44 40 0.924862
44 39 1
44 47 1
44 52 0.604093
44 41 0.781724
44 47 0.659665
44 43 1
44 47 0.825663
44 48 1
44 39 0.75938
44 48 1
44 50 0.85944
44 42 1
44 44 0.87915
44 50 0.909962
44 47 1
44 46 0.758281
44 46 1
44 45 0.980637
44 43 1
44 51 1
44 48 1
44 47 1
44 37 0.76398
44 54 0.987545
44 46 0.744331
44 45 0.778352
44 44 0.958029
44 37 0.917634
44 47 0.889795
44 38 1
44 40 0.934398
44 48 1
44 50 1
44 47 0.827298
44 43 1
44 37 0.825642
44 46 0.943075
44 42 0.822623
44 52 1
44 43 0.797688
44 38 0.874178
44 40 1
44 36 1
44 51 1
44 49 1
44 47 1
44 49 0.709238
44 52 0.84694
44 47 1
44 45 0.81114
44 40 0.814988
44 41 1
44 48 1
44 46 0.907468
44 40 1
44 46 0.892523
44 45 0.955814
44 42 1
44 40 1
44 37 0.940578
44 54 0.64256
44 44 1
44 41 1
44 40 1
44 45 1
44 43 0.852647
44 41 1
44 46 0.91258
44 48 1
44 54 1
44 33 0.759698
44 42 0.834516
44 46 0.831046
44 45 1
44 44 1
44 49 0.978841
44 45 0.835177
44 49 1
44 46 1
44 50 0.794141
44 44 1
44 45 0.969231
44 38 0.979621
44 45 0.691748
44 40 0.914234
44 35 1
44 48 1
44 40 0.879658
44 54 0.79853
44 47 1
44 53 0.955403
44 44 1
44 46 0.758183
44 47 1
44 41 1
44 39 0.719832
44 37 0.903343
44 45 0.915089
44 45 1
44 47 0.816821
44 45 1
44 47 0.884986
44 42 0.938102
44 48 0.761665
44 41 1
44 45 0.924343
44 45 1
44 41 0.679398
44 53 1
44 50 0.805981
44 39 0.954516
44 47 1
44 37 0.932561
44 35 0.968233
44 48 0.948599
44 45 0.865794
44 36 0.954718
44 42 0.937079
44 50 0.934921
44 54 1
44 42 1
44 38 0.944672
44 43 1
44 38 1
44 44 1
44 40 1
44 41 1
44 47 1
44 47 1
44 57 0.659819
44 46 1
44 33 0.928643
44 40 0.876313
44 42 0.799943
44 43 0.743945
44 46 1
44 45 0.927213
44 42 0.890916
44 51 1
44 39 1
44 44 1
44 36 1
44 43 1
44 51 1
44 43 0.982054
44 40 0.755093
44 43 0.888962
44 41 0.956223
44 52 1
44 41 1
44 41 0.767027
44 40 1
44 45 1
44 39 0.904847
44 54 0.64352
44 33 1
44 34 0.834444
44 35 1
44 55 1
44 47 0.703255
44 39 1
44 38 1
44 45 1
44 54 1
44 37 0.90049
44 44 0.983938
44 43 0.863971
44 48 1
44 50 1
44 36 0.907407
44 41 1
44 38 1
44 42 1
44 48 0.931086
44 46 0.912165
44 42 1
44 44 0.872074
44 48 1
44 53 1
44 43 1
44 40 0.542184
44 43 1
44 43 0.650292
44 51 0.840772
44 52 0.825753
44 46 1
44 46 1
44 55 1
44 46 0.905043
44 43 1
44 48 1
44 41 0.961792
44 49 0.859933
44 51 1
44 39 1
44 39 1
44 41 1
44 37 0.549269
44 45 1
44 44 0.9029
44 28 0.867437
44 45 1
44 48 1
44 47 1
44 46 1
44 44 0.880687
44 45 0.776748
44 52 1
44 44 1
44 45 0.930945
44 51 1
44 39 0.859218
44 43 0.845811
44 36 0.87795
44 44 1
44 47 0.861258
44 45 0.873901
44 45 0.73406
44 38 0.732145
44 47 0.761365
44 44 0.988812
44 60 0.663269
44 42 0.900113
44 60 0.95114
44 39 0.720756
44 47 1
44 45 0.807392
44 40 0.778007
44 37 1
44 36 1
44 42 0.831955
44 44 0.876424
44 43 0.837364
44 42 1
44 48 0.862466
44 43 1
44 42 0.968794
44 44 1
44 48 1
44 33 0.800449
44 38 0.798351
44 42 0.726927
44 39 0.90504
44 39 0.558477
44 50 0.942624
44 43 0.8184
44 49 0.892257
44 52 1
44 50 1
44 38 1
44 34 0.942209
44 49 1
44 39 1
44 46 1
44 40 1
44 45 0.794114
44 52 1
44 48 1
44 51 0.929626
44 43 0.947019
44 38 0.918717
44 33 0.935605
44 47 1
44 37 1
44 51 0.869925
44 51 1
44 31 0.806386
44 47 0.78874
44 32 0.850141
44 47 0.808245
44 46 0.71872
44 36 1
44 37 1
44 43 0.563607
44 43 0.770902
44 45 0.857982
44 50 0.639815
44 50 0.849452
44 44 1
44 32 1
44 34 0.820612
44 43 1
44 38 1
44 46 0.548185
44 48 1
44 50 0.996014
44 35 1
44 42 0.897001
44 46 0.631988
44 41 0.659755
44 44 0.803527
44 36 1
44 43 0.58327
44 60 1
44 49 0.932842
44 48 0.626327
44 52 0.786757
44 37 0.772201
44 37 0.653537
44 46 1
44 51 0.881104
44 30 0.912745
44 45 0.76465
44 56 0.77824
44 48 1
44 44 1
44 49 0.833044
44 42 0.795773
44 51 1
44 37 1
44 47 0.892371
44 41 0.902142
44 37 0.943936
44 41 0.882352
44 55 1
44 42 1
44 53 1
44 53 1
44 42 1
44 49 0.856359
44 37 1
44 44 1
44 47 1
44 34 1
44 47 1
44 45 0.834378
44 50 0.647915
44 41 1
44 37 1
44 43 1
44 42 1
44 39 1
44 32 0.974454
44 43 0.791752
44 50 0.783392
44 38 0.914003
44 40 0.918519
44 62 1
44 41 1
44 51 0.661687
44 45 1
44 35 0.63067
44 36 0.895311
44 37 0.910458
44 34 0.938819
44 43 1
44 47 0.879412
44 42 0.948321
44 45 1
44 42 0.841476
44 45 0.904582
44 36 1
44 51 1
44 41 1
44 50 1
44 48 0.838442
44 43 1
44 42 1
44 42 0.949487
44 41 0.673001
44 36 0.956848
44 42 0.93
44 46 1
44 57 0.957266
44 43 0.726018
44 48 1
44 47 0.878766
44 34 0.750162
44 35 0.872384
44 64 1
44 47 1
44 47 0.958889
44 44 0.80574
44 55 1
44 45 1
44 48 1
44 41 0.667455
44 45 0.929353
44 49 0.975687
44 53 0.931009
44 34 0.872571
44 50 1
44 47 1
44 40 0.791982
44 48 1
44 45 0.91949
44 42 0.924763
44 50 1
44 45 0.842956
44 42 1
44 50 0.924612
44 47 0.908731
44 45 1
44 42 0.937695
44 37 1
44 48 1
44 37 0.935971
44 43 0.7745
44 41 0.754979
44 51 1
44 43 0.972535
44 40 0.914169
44 39 0.812781
44 42 0.976116
44 48 0.776396
44 47 1
44 50 1
44 40 0.913758
44 50 0.957495
44 39 1
44 50 0.660576
44 41 0.629691
44 56 0.913976
44 40 1
44 45 1
44 49 1
44 41 0.753557
44 42 0.789299
44 48 1
44 38 0.823013
44 42 1
44 32 0.676754
44 35 0.759681
44 53 1
44 47 1
44 40 0.976218
44 40 1
44 48 0.809416
44 55 0.874864
44 48 0.920123
44 53 0.956817
44 46 1
44 44 1
44 45 1
44 47 0.885555
44 33 1
44 48 1
44 44 1
44 53 0.913842
44 45 1
44 45 0.921967
44 32 1
44 51 1
44 48 1
44 45 1
44 50 0.978007
44 45 1
44 42 1
44 47 1
44 41 1
44 52 0.885092
44 50 0.86275
44 42 1
44 42 0.925367
44 36 0.904273
44 41 0.755073
44 41 1
44 39 1
44 45 0.975081
44 42 0.950152
44 50 0.800784
44 51 0.879945
44 39 1
44 41 0.955901
44 38 1
44 38 0.984768
44 49 0.960018
44 41 1
44 33 1
44 43 0.978639
44 50 1
44 47 0.927035
44 42 0.636646
44 42 1
44 48 1
44 49 0.872106
44 43 0.772146
44 44 0.877147
44 37 1
44 44 1
44 40 0.954749
44 41 0.947448
44 35 1
44 55 1
44 45 0.782753
44 46 0.870827
44 42 1
44 48 0.811995
44 56 0.724256
44 48 1
44 43 1
44 38 0.840823
44 46 1
44 43 1
44 57 0.938389
44 51 1
44 54 0.882103
44 42 1
44 38 0.867757
44 43 1
44 41 1
44 44 1
44 41 0.756473
44 41 1
44 44 1
44 43 1
44 43 0.570979
44 46 1
44 43 1
44 51 1
44 41 0.961862
44 45 1
44 48 1
44 48 0.86834
44 37 0.828221
44 48 1
44 42 0.938004
44 42 0.902319
44 48 1
44 57 1
44 36 1
44 44 1
44 42 0.911845
44 44 1
44 39 1
44 44 0.930195
44 41 1
44 49 0.969998
44 47 1
44 40 0.469456
44 36 1
44 38 0.824535
44 47 0.80969
44 49 1
44 47 1
44 48 0.944934
44 50 1
44 49 1
44 53 1
44 40 1
44 55 1
44 53 0.934136
44 55 0.858714
44 47 0.932277
44 42 0.900656
44 39 1
44 48 1
44 53 0.775639
44 39 0.962969
44 47 1
44 45 1
44 45 1
44 54 0.814656
44 47 0.881563
44 52 0.827504
44 45 1
44 40 0.892133
44 37 1
44 37 0.900051
44 41 0.957837
44 50 1
44 60 1
44 50 1
44 45 1
44 53 0.855431
44 36 0.866884
44 37 1
44 43 1
44 39 1
44 47 1
44 47 0.758053
44 34 0.835008
44 44 0.655619
44 43 0.906635
44 46 1
44 48 1
44 44 0.764356
44 47 1
44 42 0.653283
44 37 1
44 58 0.875297
44 48 0.823525
44 50 1
44 51 1
44 42 1
44 45 0.752345
44 46 1
44 37 0.56607
44 42 0.887791
44 39 1
44 40 0.801014
44 49 1
44 45 0.661317
44 47 0.758236
44 45 0.672718
44 47 0.72736
44 44 0.915894
44 44 0.860617
44 41 0.760964
44 47 1
44 44 1
44 55 0.945855
44 50 0.717947
44 45 0.713622
44 49 1
44 56 1
44 45 0.798106
44 45 1
44 50 1
44 30 1
44 46 1
44 53 1
44 45 0.816455
44 48 0.77803
44 42 0.553305
44 41 1
44 45 1
44 43 1
44 45 1
44 46 1
44 53 0.702642
44 41 1
44 39 0.745432
44 52 1
44 47 0.563758
44 40 0.950943
44 47 1
44 37 0.949011
44 41 1
44 37 0.804315
44 39 1
44 41 1
44 43 1
44 50 0.787764
44 36 0.76366
44 41 1
44 41 1
44 47 0.881432
44 49 0.956623
44 34 1
44 41 1
44 44 1
44 44 0.889858
44 49 1
44 54 1
44 48 0.940578
44 41 0.866034
44 55 0.855726
44 50 0.711356
44 49 1
44 58 0.974531
44 51 1
44 47 1
44 42 1
44 43 1
44 43 1
44 45 0.803146
44 45 0.969723
44 53 1
44 46 0.939704
44 42 1
44 45 1
44 45 0.896034
44 41 1
44 39 0.834655
44 43 0.910308
44 46 0.919703
44 32 0.792313
44 42 1
44 46 0.852223
44 36 0.928132
44 52 1
44 43 1
44 47 1
44 47 0.558825
44 49 1
44 34 1
44 41 0.644998
44 43 1
44 45 1
44 38 1
44 47 1
44 49 1
44 49 1
44 44 0.887427
44 59 0.843423
44 36 1
44 48 1
44 50 1
44 42 0.880481
44 40 1
44 43 1
44 50 1
44 43 1
44 38 1
44 47 1
44 46 0.871936
44 52 1
44 45 1
44 46 0.93205
44 50 0.932631
44 44 0.980767
44 42 1
44 44 1
44 47 1
44 41 0.765493
44 45 0.956972
44 51 1
44 44 0.954745
44 55 0.950035
44 56 1
44 38 0.809675
44 39 1
44 38 0.810224
44 50 1
44 58 1
44 42 0.89401
44 46 0.908029
44 41 1
44 40 0.891689
44 33 0.892281
44 47 1
44 42 0.773615
44 41 1
44 50 0.761408
44 48 1
44 50 1
44 47 0.87365
44 40 0.766192
44 45 0.9728
44 49 0.970839
44 53 0.803125
44 46 0.882228
44 44 1
44 43 0.876007
44 43 1
44 41 0.924868
44 45 0.744663
44 47 1
44 50 0.810611
44 39 1
44 50 1
44 48 1
44 41 1
44 49 1
44 34 1
44 37 0.818237
44 56 0.916359
44 41 1
44 45 1
44 41 1
44 51 1
44 46 0.768703
44 50 0.93907
44 49 0.950952
44 59 1
44 39 1
44 43 1
44 40 0.72014
44 45 1
44 46 0.70285
44 49 0.977395
44 45 0.693569
44 43 1
44 32 0.95023
44 39 0.935821
44 45 1
44 43 1
44 32 1
44 43 0.951525
44 38 0.762194
44 45 0.7536
44 57 0.936729
44 41 1
44 42 1
44 39 1
44 43 0.872141
44 35 1
44 50 1
44 55 0.917465
44 45 0.882361
44 41 0.78707
44 46 1
44 48 1
44 41 0.726766
44 42 0.93252
44 50 1
44 47 1
44 50 1
44 46 1
44 32 0.755905
44 34 0.920502
44 46 1
44 43 0.979933
44 46 1
44 52 0.890679
44 42 1
44 45 0.814211
44 36 1
44 48 0.92291
44 43 1
44 43 0.846705
44 47 0.779211
44 41 1
44 47 0.926007
44 49 1
44 45 0.791639
44 37 0.817144
44 42 1
44 42 0.803715
44 53 1
44 46 1
44 39 1
44 46 1
44 45 1
44 42 0.93223
44 48 1
44 54 1
44 43 1
44 42 1
44 42 0.948149
44 41 0.90835
44 49 1
44 45 1
44 42 1
44 59 0.8858
44 49 1
44 45 0.922862
44 47 0.97987
44 53 1
44 45 1
44 40 1
44 31 0.803602
44 45 0.690888
44 50 0.925027
44 42 0.852567
44 41 1
44 50 1
44 54 0.988675
44 49 1
44 47 0.85758
44 40 0.648277
44 46 0.82522
44 58 1
44 36 0.673295
44 55 0.863856
44 38 0.726932
44 47 0.726569
44 40 1
44 42 0.898031
44 51 0.881126
44 51 1
44 41 0.616829
44 41 0.605649
44 40 1
44 45 0.846387
44 48 1
44 35 1
44 43 1
44 49 1
44 35 0.884979
44 44 1
44 44 1
44 50 1
44 44 0.940957
44 44 1
44 44 1
44 55 0.895826
44 39 1
44 45 1
44 56 0.781712
44 41 1
44 48 1
44 45 1
44 45 1
44 47 1
44 49 1
44 46 1
44 51 0.890151
44 37 1
44 42 0.50584
44 36 1
44 47 0.723309
44 55 1
44 40 0.713051
44 44 1
44 47 0.922537
44 42 1
44 39 1
44 48 0.88914
44 36 0.913893
44 44 0.815774
44 35 1
44 41 0.923587
44 49 0.811604
44 49 1
44 43 1
44 41 0.819864
44 37 1
44 44 0.686623
44 36 0.895479
44 46 0.992871
44 43 1
44 49 0.735909
44 46 0.949968
44 36 1
44 49 1
44 48 1
44 46 1
44 44 0.864918
44 42 1
44 52 0.799835
44 46 0.82381
44 43 1
44 51 0.884558
44 37 1
44 42 1
44 49 0.930635
44 46 1
44 53 1
44 52 1
44 40 0.948787
44 47 0.929722
44 37 0.949094
44 31 1
44 44 0.681661
44 48 0.873772
44 52 1
44 31 0.678392
44 41 0.809536
44 49 1
44 51 0.849982
44 45 1
44 35 1
44 41 1
44 40 1
44 46 1
44 44 0.867442
44 42 0.978135
44 35 0.868073
44 47 1
44 37 1
44 48 0.925097
44 42 0.832202
44 46 1
44 39 0.91348
44 40 1
44 52 1
44 59 1
44 38 1
44 48 0.778151
44 47 1
44 49 1
44 33 1
44 44 1
44 42 0.81344
44 34 0.700259
44 43 1
44 44 0.814368
44 37 1
44 47 0.928383
44 53 1
44 39 1
44 49 1
44 51 0.634275
44 40 0.838411
44 50 1
44 46 0.846171
44 43 0.990753
44 46 1
44 45 1
44 43 0.925021
44 44 0.900383
44 46 1
44 50 1
44 43 0.965543
44 48 1
44 44 0.659383
44 42 0.887397
44 47 1
44 42 1
44 37 0.594959
44 44 0.784565
44 55 0.857246
44 43 1
44 44 1
44 40 0.933745
44 43 0.727034
44 44 0.738049
44 48 1
44 58 0.860197
44 47 0.917644
44 56 0.907903
44 38 0.895618
44 56 0.878059
44 43 1
44 43 1
44 46 1
44 55 0.927063
44 52 1
44 42 1
44 43 1
44 37 0.918609
44 45 1
44 48 1
44 37 1
44 46 0.770727
44 47 1
44 41 0.922496
44 44 0.908294
44 46 1
44 44 0.832463
44 40 0.9721
44 47 1
44 44 0.821273
44 47 0.892979
44 54 1
44 42 0.980982
44 49 0.953573
44 48 0.877231
44 49 0.800149
44 52 0.850132
44 49 0.827676
44 41 0.883949
44 44 0.947089
44 49 0.741603
44 39 0.954265
44 42 0.622039
44 49 1
44 37 0.859692
44 45 1
44 47 1
44 41 0.960427
44 42 1
44 41 1
44 53 0.92351
44 44 0.985936
44 48 1
44 37 0.862319
44 36 1
44 38 0.867944
44 54 1
44 46 0.884838
44 37 0.818779
44 32 1
44 33 0.885376
44 40 1
44 56 0.759836
44 42 0.920753
44 37 0.657496
44 44 0.972817
44 46 0.759704
44 48 1
44 46 1
44 46 0.793585
44 38 1
44 32 0.612805
44 41 1
44 33 0.944926
44 45 0.949634
44 46 1
44 42 1
44 38 0.894692
44 44 0.937258
44 38 0.831462
44 40 0.66929
44 40 0.96233
44 40 0.673084
44 41 1
44 37 0.777745
44 45 1
44 44 1
44 46 1
44 47 1
44 39 1
44 41 0.968417
44 52 0.921372
44 45 1
44 39 1
44 42 1
44 43 0.894322
44 39 1
44 39 0.842685
44 41 1
44 46 0.928033
44 51 0.78234
44 48 0.711471
44 38 0.687433
44 38 0.693824
44 45 1
44 55 1
44 46 0.850577
44 40 0.623302
44 48 0.734187
44 45 0.913428
44 45 0.907395
44 56 0.828871
44 46 0.866611
44 43 1
44 39 1
44 51 0.916412
44 49 0.935159
44 45 1
44 34 1
44 46 0.776701
44 45 0.820897
44 54 0.74626
44 38 1
44 46 1
44 47 1
44 49 0.92413
44 45 1
44 46 0.700292
44 53 1
44 46 1
44 49 1
44 39 1
44 49 1
44 34 1
44 46 1
44 34 0.589046
44 51 1
44 39 0.932288
44 35 1
44 34 0.940582
44 35 0.944389
44 48 0.912897
44 47 0.834096
44 53 0.86369
44 50 1
44 40 0.957503
44 39 0.900559
44 35 0.761856
44 43 1
44 41 0.786537
44 50 0.79062
44 43 1
44 39 1
44 50 0.782655
44 50 0.846025
44 44 0.79561
44 41 1
44 52 0.789229
44 44 0.828139
44 39 1
44 43 0.947636
44 55 1
44 43 1
44 37 0.728613
44 49 1
44 36 0.974093
44 44 0.858688
44 56 0.786129
44 35 1
44 52 1
44 54 1
44 52 1
44 37 0.854889
44 40 0.736113
44 48 0.851899
44 37 1
44 43 1
44 39 1
44 54 0.768267
44 45 1
44 46 0.952246
44 42 1
44 42 1
44 45 0.949906
44 48 0.698359
44 50 0.756758
44 48 0.843794
44 44 1
44 46 0.583512
44 43 0.798472
44 47 1
44 39 0.824959
44 55 0.855412
44 47 0.7949
44 47 1
44 49 1
44 36 0.763305
44 52 1
44 37 1
44 49 0.835666
44 48 1
44 46 0.834114
44 36 1
44 45 0.922866
44 46 1
44 54 0.450303
44 42 0.757299
44 52 0.952787
44 48 0.825476
44 50 1
44 51 1
44 39 0.910896
44 48 0.898739
44 46 0.991462
44 45 1
44 47 0.894847
44 50 0.616431
44 40 1
44 39 1
44 46 0.948878
44 43 1
44 30 1
44 41 0.917613
44 42 1
44 51 1
44 36 1
44 34 1
44 40 1
44 40 0.83071
44 37 1
44 38 1
44 46 1
44 47 0.722055
44 37 1
44 41 0.884296
44 48 1
44 33 1
44 48 0.714107
44 53 1
44 39 1
44 46 0.629821
44 54 0.629759
44 44 0.837534
44 40 1
44 52 0.957818
44 39 1
44 37 0.913341
44 46 1
44 47 0.934433
44 45 0.835105
44 50 0.644337
44 53 1
44 45 1
44 35 0.892848
44 49 1
44 49 1
44 54 1
44 45 1
44 51 1
44 31 1
44 55 0.949582
44 36 1
44 37 0.919726
44 39 1
44 43 0.788939
44 41 0.835128
44 52 1
44 48 1
44 46 0.913591
44 39 1
44 47 1
44 47 1
44 45 1
44 42 1
44 50 0.84674
44 37 1
44 42 1
44 48 1
44 38 0.826311
44 46 0.474848
44 43 1
44 40 0.6977
44 47 0.944047
44 54 0.905513
44 44 0.834085
44 41 1
44 47 1
44 49 1
44 40 0.989604
44 41 0.729226
44 39 0.888772
44 54 0.823321
44 55 0.951274
44 46 1
44 48 1
44 34 1
44 41 0.803443
44 46 0.86472
44 45 0.829796
44 38 1
44 46 1
44 42 0.631322
44 52 1
44 48 1
44 50 1
44 33 1
44 34 0.867768
44 41 1
44 48 1
44 42 0.679052
44 47 1
44 36 1
44 45 0.945193
44 47 1
44 40 0.828375
44 43 1
44 38 1
44 40 1
44 53 0.964955
44 46 1
44 29 0.949018
44 51 0.883915
44 39 1
44 48 1
44 44 1
44 42 1
44 59 1
44 32 1
44 46 1
44 51 0.917708
44 32 1
44 41 1
44 47 1
44 50 0.830187
44 53 0.877483
44 43 1
44 37 1
44 45 1
44 42 1
44 53 1
44 41 0.955002
44 40 1
44 46 1
44 41 0.657184
44 41 1
44 45 0.906468
44 40 1
44 42 1
44 42 1
44 44 1
44 46 1
44 40 0.767675
44 48 1
44 48 1
44 41 1
44 49 0.988885
44 34 1
44 44 1
44 42 1
44 39 0.920427
44 47 1
44 34 0.889691
44 51 1
44 37 1
44 43 0.892349
44 46 0.924097
44 46 0.816295
44 45 1
44 37 0.726289
44 41 1
44 48 1
44 43 0.649066
44 36 1
44 47 0.754365
44 44 1
44 46 0.927358
44 43 1
44 46 1
44 42 1
44 47 1
44 35 0.909047
44 41 0.860745
44 34 0.947564
44 37 1
44 50 0.833719
44 49 1
44 55 0.922097
44 41 1
44 57 1
44 45 0.866685
44 46 0.639126
44 47 1
44 40 1
44 48 0.917498
44 47 0.846256
44 46 0.885852
44 44 0.874889
44 52 1
44 38 1
44 46 1
44 46 1
44 39 0.940067
44 42 0.986199
44 35 1
44 53 1
44 43 0.872331
44 46 1
44 50 0.698725
44 47 0.953283
44 48 0.623661
44 50 0.930807
44 44 1
44 51 1
44 39 1
44 38 1
44 47 1
44 42 0.843416
44 39 0.701077
44 42 1
44 35 1
44 49 1
44 46 1
44 46 0.699165
44 46 0.926574
44 44 1
44 45 1
44 50 0.892593
44 52 1
44 39 1
44 43 0.791646
44 57 1
44 41 1
44 34 0.613236
44 40 1
44 44 0.546143
44 44 0.963247
44 54 0.803989
44 43 1
44 43 1
44 41 0.940538
44 39 0.763201
44 48 0.771684
44 46 0.747926
44 41 1
44 47 1
44 41 1
44 46 1
44 44 0.858153
44 49 0.82617
44 35 0.887485
44 50 1
44 46 0.806874
44 39 1
44 36 0.574844
44 38 0.800399
44 53 1
44 40 1
44 42 1
44 47 1
44 39 1
44 49 1
44 46 0.77012
44 38 1
44 55 0.879725
44 45 1
44 60 0.893378
44 42 0.637175
44 40 1
44 43 0.742198
44 42 0.879844
44 47 1
44 39 1
44 51 1
44 44 1
44 54 1
44 42 0.950427
44 47 1
44 49 1
44 44 1
44 42 1
44 43 1
44 44 0.812266
44 38 0.924987
44 37 0.912221
44 49 1
44 43 0.876122
44 43 0.846679
44 36 1
44 46 0.667262
44 48 1
44 41 0.817768
44 42 1
44 39 1
44 49 1
44 45 1
44 38 1
44 47 0.925628
44 51 1
44 49 0.794222
44 45 1
44 43 1
44 39 0.82713
44 50 0.758975
44 50 1
44 37 0.940014
44 42 0.901083
44 42 1
44 42 1
44 45 1
44 47 1
44 57 0.855147
44 49 0.987794
44 45 0.755349
44 45 0.951222
44 49 1
44 43 0.866607
44 37 0.935939
44 40 0.648912
44 41 1
44 41 0.743635
44 40 0.587295
44 42 0.843563
44 29 1
44 50 0.525402
44 49 0.705118
44 40 0.971135
44 45 1
44 43 0.76023
44 47 0.912813
44 43 1
44 49 1
44 44 0.940971
44 38 1
44 51 1
44 46 1
44 36 0.798356
44 36 0.967917
44 49 1
44 44 0.881527
44 54 0.859107
44 50 1
44 41 0.902127
44 47 0.81747
44 50 1
44 42 1
44 47 0.924057
44 39 0.849698
44 46 1
44 56 0.806339
44 41 1
44 46 1
44 44 0.871156
44 45 0.629082
44 40 1
44 34 0.869646
44 50 1
44 41 0.680912
44 46 0.875345
44 50 1
44 45 1
44 44 1
44 49 1
44 47 1
44 45 1
44 39 0.902393
44 54 1
44 41 1
44 53 0.984627
44 46 0.799119
44 38 1
44 49 0.793529
44 56 1
44 58 0.656515
44 46 1
44 39 0.881698
44 40 0.765189
44 41 0.819856
44 49 1
44 45 0.85266
44 39 1
44 39 1
44 52 1
44 41 0.607065
44 40 1
44 37 1
44 56 1
44 40 1
44 44 1
44 43 1
44 48 1
44 48 1
44 42 0.878619
44 47 1
44 53 0.973168
44 40 0.914027
44 40 0.91025
44 43 1
44 40 1
44 46 0.912118
44 44 1
44 47 1
44 42 1
44 39 1
44 41 1
44 49 1
44 42 0.946417
44 44 1
44 41 0.912065
44 48 1
44 55 1
44 45 1
44 45 0.904306
44 48 0.712932
44 53 1
44 42 0.976041
44 40 1
44 48 1
44 54 0.900465
44 50 0.844076
44 41 1
44 46 0.812149
44 39 0.684315
44 43 0.863988
44 55 1
44 46 1
44 38 0.813831
44 45 0.828279
44 52 0.558624
44 36 0.76487
44 52 0.926313
44 38 1
44 43 0.792766
44 37 0.950325
44 44 1
44 46 1
44 40 1
44 50 1
44 44 0.738391
44 48 1
44 42 0.801998
44 30 1
44 52 1
44 53 0.762706
44 32 0.942316
44 57 1
44 44 0.920983
44 33 0.790585
44 41 0.974058
44 45 1
44 46 0.935279
44 38 0.940128
44 40 0.769554
44 43 1
44 52 0.92053
44 42 0.670821
44 46 1
44 48 1
44 41 0.895586
44 39 0.903694
44 35 1
44 46 0.718613
44 51 0.753167
44 33 1
44 40 1
44 40 1
44 41 1
44 44 0.941616
44 33 1
44 34 1
44 48 0.718147
44 48 1
44 37 0.693178
44 43 1
44 43 0.711941
44 43 0.649477
44 49 1
44 47 0.837618
44 40 1
44 39 0.898945
44 49 1
44 47 1
44 42 0.955649
44 47 0.5549
44 48 0.770145
44 48 1
44 57 0.869419
44 42 1
44 44 1
44 37 0.844105
44 38 0.890596
44 46 0.852197
44 46 0.720191
44 40 1
44 44 0.937699
44 49 1
44 44 1
44 48 1
44 51 0.856959
44 42 1
44 51 1
44 54 0.827935
44 44 1
44 50 1
44 41 0.819276
44 45 0.647865
44 49 0.64914
44 28 1
44 37 0.925323
44 31 0.932753
44 50 1
44 48 0.916462
44 50 0.924479
44 52 0.903377
44 44 0.823359
44 36 0.693177
44 43 1
44 51 1
44 49 0.691453
44 47 1
44 40 1
44 40 0.914076
44 51 1
44 43 0.81684
44 37 1
44 37 1
44 37 1
44 39 1
44 44 0.882909
44 49 0.838351
44 40 0.93833
44 47 1
44 59 1
44 46 1
44 44 1
44 39 0.737599
44 46 1
44 44 0.731161
44 44 0.529176
44 44 0.775238
44 45 1
44 41 0.929928
44 40 1
44 43 1
44 42 1
44 43 1
44 41 0.548559
44 48 1
44 38 1
44 39 0.45039
44 36 1
44 55 0.97527
44 34 1
44 52 1
44 43 0.89746
44 33 1
44 41 0.761092
44 44 1
44 48 1
44 49 1
44 46 0.901502
44 44 1
44 46 0.935055
44 39 1
44 51 1
44 45 1
44 51 0.784817
44 50 0.672309
44 41 0.928397
44 35 0.877258
44 42 1
44 46 1
44 47 0.697296
44 48 1
44 50 1
44 48 1
44 40 1
44 47 1
44 45 0.902092
44 39 1
44 45 1
44 52 0.980501
44 47 0.793869
44 45 1
44 42 0.947341
44 33 1
44 53 0.834276
44 41 0.769032
44 39 1
44 39 1
44 52 0.762478
44 48 1
44 42 0.926962
44 36 0.960016
44 43 0.691403
44 40 0.730262
44 38 1
44 42 0.830201
44 40 1
44 55 1
44 51 1
44 39 0.794739
44 41 0.918302
44 50 0.939146
44 49 1
44 51 1
44 48 1
44 41 1
44 47 0.930601
44 35 1
44 44 0.776237
44 52 1
44 37 1
44 36 1
44 42 0.868121
44 38 0.779937
44 45 0.590377
44 36 1
44 45 1
44 46 1
44 57 0.827644
44 44 1
44 41 1
44 51 0.785869
44 43 1
44 46 1
44 52 1
44 34 0.909189
44 30 0.816773
44 50 0.945381
44 46 1
44 43 0.669282
44 50 1
44 30 1
44 45 0.900954
44 49 1
44 38 1
44 40 0.793392
44 39 1
44 43 0.59206
44 40 0.891059
44 39 1
44 45 0.584721
44 47 0.923499
44 44 1
44 42 0.82428
44 31 1
44 52 1
44 48 0.764802
44 42 1
44 41 1
44 48 1
44 36 0.86892
44 54 0.909598
44 43 1
44 42 1
44 61 0.913569
44 44 0.925621
44 51 1
44 41 1
44 43 0.817288
44 41 0.973479
44 55 0.914206
44 49 0.522464
44 45 0.686754
44 33 1
44 42 1
44 61 0.842029
44 44 1
44 40 1
44 41 1
44 48 1
44 40 1
44 34 1
44 51 1
44 56 1
44 49 0.561697
44 42 0.981191
44 39 1
44 45 0.86698
44 52 1
44 42 0.959703
44 50 1
44 39 0.795596
44 37 0.768836
44 47 0.879499
44 52 1
44 40 0.714671
44 43 0.740804
44 49 0.702513
44 56 1
44 36 1
44 47 1
44 37 1
44 43 0.925182
44 45 0.670203
44 49 1
44 40 1
44 40 1
44 58 0.800716
44 43 1
44 32 0.415785
44 40 0.802466
44 44 1
44 42 1
44 43 1
44 40 0.842036
44 45 1
44 53 1
44 43 1
44 36 0.561199
44 45 1
44 55 0.832417
44 42 1
44 48 0.716384
44 49 0.671201
44 45 0.598764
44 45 1
44 48 0.726954
44 44 1
44 43 0.869236
44 52 1
44 41 1
44 34 1
44 52 0.802301
44 59 0.879031
44 42 1
44 43 0.690176
44 38 1
44 50 1
44 43 1
44 40 1
44 44 0.929935
44 47 0.820308
44 45 0.851041
44 43 0.786561
44 52 1
44 46 0.876289
44 58 1
44 46 1
44 51 1
44 42 1
44 44 1
44 48 1
44 41 0.846516
44 48 0.832991
44 44 0.942704
44 47 1
44 44 1
44 54 0.95548
44 47 0.736886
44 38 1
44 39 0.891076
44 43 1
44 42 1
44 41 0.671155
44 50 1
44 44 1
44 44 0.825735
44 38 1
44 43 0.855383
44 42 0.986913
44 42 1
44 38 1
44 42 1
44 48 1
44 46 0.760739
44 44 1
44 45 0.600117
44 41 0.96907
44 43 1
44 42 0.978435
44 46 0.810717
44 44 1
44 48 0.794858
44 45 0.587682
44 47 0.669742
44 41 0.789833
44 42 1
44 51 0.869255
44 49 0.836569
44 57 1
44 34 0.872554
44 39 1
44 50 0.845566
44 40 1
44 58 0.710571
44 34 0.918549
44 52 1
44 51 0.721169
44 47 1
44 47 0.73369
44 43 1
44 42 0.895014
44 49 1
44 51 1
44 46 0.767447
44 39 1
44 51 0.854225
44 45 1
44 42 0.848931
44 41 0.779699
44 47 0.924567
44 40 0.898627
44 38 0.905513
44 41 1
44 35 0.806788
44 48 0.83337
44 34 0.926992
44 52 0.801768
44 41 0.943725
44 42 1
44 38 0.718009
44 43 0.776921
44 33 0.659529
44 46 0.980534
44 41 1
44 42 1
44 42 0.986245
44 51 0.838938
44 53 1
44 47 1
44 35 0.669327
44 44 0.952437
44 53 0.858283
44 46 0.745461
44 45 0.832135
44 51 0.822863
44 45 1
44 54 1
44 57 0.861348
44 52 0.914952
44 33 1
44 38 1
44 46 0.834448
44 38 1
44 49 0.9407
44 50 1
44 50 1
44 46 0.926536
44 31 0.702381
44 47 1
44 45 1
44 42 1
44 35 0.939275
44 45 0.862461
44 49 0.716483
44 54 1
44 44 0.560588
44 41 0.926437
44 37 0.905325
44 43 1
44 40 0.755488
44 41 0.879704
44 45 0.663286
44 23 1
44 40 0.993055
44 50 0.682619
44 33 0.713907
44 49 1
44 49 1
44 48 0.765222
44 35 1
44 42 0.728305
44 50 0.830812
44 51 1
44 44 0.880984
44 44 0.844775
44 60 0.819453
44 32 0.854029
44 45 0.854199
44 46 0.98043
44 47 0.694073
44 55 0.908593
44 41 1
44 46 1
44 39 1
44 58 0.560651
44 42 0.903948
44 55 1
44 50 0.88017
44 41 0.805942
44 51 1
44 41 0.925968
44 52 1
44 53 0.838805
44 49 0.794491
44 44 1
44 41 0.842437
44 50 0.670736
44 40 0.97521
44 40 1
44 51 1
44 42 1
44 47 0.799493
44 47 1
44 43 1
44 47 1
44 53 1
44 36 1
44 42 0.735698
44 45 1
44 36 1
44 44 0.852178
44 53 1
44 38 0.841705
44 46 1
44 33 0.767337
44 55 0.73183
44 51 1
44 39 1
44 51 1
44 40 0.937839
44 54 0.901894
44 45 0.994459
44 46 1
44 49 1
44 41 0.695239
44 41 0.934169
44 54 0.888901
44 44 1
44 41 1
44 46 0.765249
44 49 0.936837
44 52 0.851649
44 44 0.647581
44 58 0.877745
44 47 1
44 50 1
44 36 1
44 45 0.818759
44 42 1
44 49 0.911977
44 50 0.914134
44 46 1
44 49 0.772917
44 41 0.818854
44 40 1
44 48 0.693083
44 48 1
44 49 1
44 44 0.926498
44 50 1
44 47 1
44 38 0.867049
44 43 0.799765
44 49 1
44 44 1
44 51 0.847817
44 44 0.852673
44 43 0.818006
44 51 1
44 41 1
44 34 1
44 47 1
44 37 1
44 47 0.961651
44 42 0.929073
44 39 1
44 52 0.908245
44 51 1
44 45 1
44 41 1
44 47 1
44 44 0.673731
44 42 0.935809
44 38 0.921262
44 41 1
44 41 0.768922
44 44 1
44 49 1
44 47 0.859316
44 48 0.852596
44 41 1
44 49 0.910192
44 40 1
44 35 0.946236
44 44 1
44 48 0.929784
44 50 0.894561
44 47 1
44 46 1
44 44 0.62998
44 46 1
44 48 1
44 40 0.74902
44 41 1
44 44 0.712039
44 42 1
44 41 0.986362
44 38 0.971959
44 39 1
44 40 1
44 43 1
44 44 0.93156
44 42 1
44 48 0.956726
44 44 1
44 31 0.741709
44 50 1
44 47 0.886322
44 46 0.933044
44 40 0.88399
44 42 1
44 48 0.914681
44 48 0.701081
44 51 0.818942
44 44 0.596026
44 42 1
44 47 0.847454
44 37 1
44 51 0.864257
44 50 0.779285
44 49 1
44 43 0.901641
44 50 1
44 37 0.861874
44 46 1
44 34 1
44 43 0.782909
44 46 0.815115
44 46 1
44 39 1
44 54 0.536781
44 45 0.780795
44 40 0.814262
44 36 0.884405
44 46 0.865477
44 40 0.797056
44 50 1
44 47 1
44 36 0.9272
44 49 1
44 49 1
44 41 1
44 33 1
44 42 1
44 38 0.667021
44 44 1
44 36 1
44 41 1
44 46 0.874192
44 41 0.786364
44 47 0.824106
44 40 0.837159
44 37 1
44 45 0.752312
44 36 0.83219
44 44 0.80648
44 38 0.941053
44 45 1
44 37 0.894246
44 41 0.939629
44 42 1
44 43 1
44 51 0.937437
44 49 0.93319
44 44 1
44 50 1
44 44 1
44 45 0.898442
44 39 1
44 40 1
44 43 1
44 46 0.8485
44 49 0.80958
44 42 0.731961
44 51 0.757641
44 43 0.946447
44 34 0.806457
44 47 1
44 50 1
44 46 0.763103
44 49 0.793258
44 41 1
44 44 0.76128
44 45 0.858945
44 41 1
44 40 1
44 53 0.764466
44 48 0.860024
44 51 0.915108
44 48 0.959811
44 45 0.708452
44 47 1
44 52 0.855245
44 52 0.870674
44 52 1
44 36 0.770059
44 51 1
44 39 0.950059
44 46 1
44 42 0.782331
44 46 0.937855
44 46 0.75263
44 51 1
44 46 1
44 34 0.731832
44 46 1
44 47 1
44 38 1
44 47 1
44 50 0.580057
44 47 1
44 38 1
44 48 0.879441
44 43 0.976873
44 50 1
44 45 0.923315
44 48 0.750566
44 49 1
44 52 0.855717
44 42 0.698299
44 38 0.955531
44 58 0.660314
44 44 0.808481
44 31 0.880995
44 46 1
44 44 1
44 51 1
44 49 1
44 36 0.862668
44 42 0.834262
44 46 1
44 52 1
44 45 0.922378
44 45 1
44 45 1
44 34 1
44 54 0.800446
44 51 1
44 46 1
44 35 1
44 47 0.591403
44 51 1
44 54 1
44 41 1
44 43 1
44 43 0.778122
44 45 0.839434
44 49 0.670146
44 39 1
44 46 0.894674
44 43 0.895627
44 42 1
44 42 0.925497
44 58 1
44 44 1
44 40 1
44 40 0.906556
44 43 0.671186
44 40 1
44 43 0.890452
44 42 1
44 41 0.954932
44 40 0.89059
44 33 1
44 38 1
44 51 1
44 52 0.801055
44 37 0.655889
44 53 1
44 43 0.82235
44 46 1
44 50 1
44 40 1
44 43 0.997837
44 45 1
44 56 0.933189
44 40 1
44 41 0.694673
44 52 0.83844
44 52 0.802168
44 41 1
44 56 0.827191
44 42 1
44 40 1
44 54 1
44 55 1
44 42 0.973178
44 41 0.928966
44 45 1
44 48 0.883739
44 35 0.918884
44 43 0.897464
44 43 0.73859
44 49 0.830694
44 42 1
44 45 1
44 40 0.775859
44 49 1
44 49 0.943716
44 49 1
44 39 1
44 51 1
44 49 1
44 54 0.978519
44 43 1
44 49 1
44 49 0.775001
44 47 1
44 44 1
44 32 0.722764
44 50 1
44 41 1
44 50 0.906063
44 49 0.94342
44 45 0.766401
44 40 0.759171
44 50 1
44 51 1
44 42 1
44 40 0.920775
44 40 1
44 45 0.70354
44 47 1
44 50 0.806359
44 45 1
44 55 1
44 61 1
44 39 0.652009
44 56 0.826253
44 46 1
44 46 1
44 36 1
44 41 0.588492
44 42 0.770403
44 41 1
44 43 0.670575
44 53 0.780957
44 41 0.893155
44 40 0.680871
44 42 0.841437
44 48 1
44 43 0.986313
44 51 0.922569
44 55 0.732796
44 46 1
44 49 1
44 38 0.924644
44 49 0.794022
44 49 0.753876
44 45 0.9579
44 48 1
44 45 1
44 53 0.843725
44 46 0.668793
44 46 0.852704
44 50 0.904541
44 44 0.842966
44 36 0.971849
44 43 0.88334
44 43 0.944469
44 39 0.887876
44 37 0.902366
44 44 0.762065
44 47 0.882712
44 40 1
44 49 0.803716
44 35 0.962131
44 45 1
44 42 1
44 40 1
44 41 1
44 57 1
44 56 1
44 33 0.75446
44 50 0.676276
44 49 0.986748
44 50 1
44 43 0.909356
44 36 0.9683
44 45 0.806574
44 42 1
44 40 1
44 48 1
44 42 1
44 46 1
44 46 0.840882
44 51 0.963423
44 48 0.615123
44 50 1
44 54 0.822848
44 47 1
44 40 0.594098
44 30 0.865962
44 43 0.667142
44 41 1
44 40 1
44 41 0.97937
44 41 0.904558
44 41 0.800884
44 52 0.85696
44 47 0.738102
44 46 0.799846
44 53 0.823301
44 48 0.96444
44 46 1
44 46 0.985431
44 39 0.94301
44 44 0.663162
44 47 0.919247
44 49 0.597136
44 49 0.992349
44 40 1
44 54 0.894419
44 33 1
44 46 0.793597
44 46 0.937469
44 50 1
44 44 0.803033
44 50 0.816099
44 50 1
44 45 1
44 41 1
44 48 1
44 40 0.826337
44 28 0.856447
44 41 0.863261
44 47 1
44 39 1
44 52 0.732013
44 45 0.902828
44 43 1
44 50 1
44 37 1
44 41 1
44 48 1
44 44 0.934137
44 49 0.868434
44 45 1
44 53 0.838044
44 44 0.782437
44 49 1
44 40 0.960484
44 55 0.75082
44 33 0.95944
44 39 1
44 39 1
44 52 0.847994
44 51 0.663584
44 46 0.884898
44 46 0.921417
44 47 1
44 43 0.847574
44 43 0.831068
44 43 0.882044
44 54 0.937948
44 46 1
44 34 0.94204
44 50 1
44 44 1
44 37 1
44 46 1
44 32 0.583508
44 43 0.917853
44 32 0.691879
44 48 1
44 49 1
44 35 1
44 28 0.829993
44 36 1
44 38 1
44 38 0.847966
44 55 1
44 57 1
44 54 0.660634
44 35 1
44 38 0.826168
44 56 1
44 41 0.688543
44 48 1
44 52 0.913616
44 50 1
44 46 1
44 54 0.798726
44 46 1
44 57 0.914368
44 36 1
44 46 1
44 45 0.944907
44 44 0.903651
44 46 1
44 41 1
44 53 1
44 50 0.780761
44 39 0.705422
44 41 1
44 36 1
44 45 0.754062
44 41 1
44 50 1
44 54 1
44 52 0.966443
44 45 0.972927
44 37 1
44 49 0.853595
44 51 1
44 39 0.922118
44 43 1
44 50 1
44 50 0.841748
44 45 0.904921
44 50 0.856867
44 39 0.749402
44 44 1
44 45 0.735916
44 40 0.635048
44 43 0.917492
44 51 0.933494
44 45 0.765957
44 45 0.919951
44 53 0.813211
44 52 1
44 45 1
44 43 0.886654
44 39 0.805318
44 50 1
44 43 0.655163
44 40 0.656308
44 47 0.799172
44 44 0.788261
44 53 0.923627
44 51 1
44 47 1
44 54 0.97433
44 50 0.704295
44 44 1
44 55 0.822254
44 43 1
44 47 0.877489
44 39 1
44 45 1
44 51 0.790317
44 36 1
44 36 1
44 41 1
44 52 1
44 47 0.757954
44 50 0.898934
44 41 1
44 37 0.597413
44 42 1
44 38 1
44 45 0.876854
44 48 0.906421
44 48 0.892031
44 32 1
44 49 1
44 44 0.555926
44 46 1
44 48 0.990945
44 44 0.529328
44 64 0.703175
44 36 1
44 48 0.662514
44 42 1
44 45 1
44 56 1
44 42 0.865556
44 46 0.779781
44 45 1
44 34 1
44 44 0.858656
44 43 1
44 44 0.835902
44 46 0.901961
44 45 1
44 38 1
44 44 0.821846
44 41 0.869937
44 44 0.853652
44 44 1
44 47 0.969205
44 47 1
44 47 1
44 44 0.848692
44 49 0.929504
44 47 0.923792
44 41 0.944404
44 48 1
44 50 1
44 48 0.64307
44 50 0.794473
44 46 1
44 39 0.977786
44 42 0.878004
44 48 0.968149
44 38 1
44 44 0.890912
44 52 0.943997
44 50 0.816497
44 55 1
44 41 1
44 41 0.961288
44 31 0.944233
44 43 1
44 42 0.965142
44 46 0.942867
44 50 1
44 45 1
44 49 1
44 43 0.954192
44 39 0.703911
44 47 0.761277
44 47 1
44 36 0.870932
44 41 0.958002
44 48 1
44 43 1
44 45 1
44 47 1
44 43 1
44 49 1
44 49 0.818661
44 42 1
44 50 1
44 47 0.73907
44 42 0.693991
44 39 1
44 43 1
44 39 0.788864
44 43 1
44 32 1
44 40 1
44 47 1
44 40 0.953416
44 45 0.917203
44 36 0.640637
44 42 0.852658
44 48 0.886253
44 48 0.882685
44 46 0.754033
44 45 0.82674
44 46 1
44 58 1
44 42 1
44 42 0.971282
44 51 1
44 48 1
44 54 0.81048
44 38 1
44 45 1
44 42 1
44 45 1
44 41 0.902991
44 47 1
44 48 1
44 53 1
44 44 1
44 49 0.908414
44 48 0.860048
44 59 1
44 39 0.920064
44 39 0.62374
44 42 0.818538
44 48 0.88396
44 41 1
44 50 1
44 38 1
44 35 0.785585
44 46 1
44 49 1
44 51 0.949
44 42 1
44 46 1
44 48 1
44 39 0.941042
44 45 1
44 48 1
44 37 1
44 39 0.842181
44 41 0.714848
44 45 0.910417
44 46 1
44 50 1
44 39 1
44 44 1
44 38 1
44 44 0.79047
44 51 0.587871
44 40 1
44 35 1
44 46 0.849726
44 54 1
44 42 0.715839
44 51 1
44 38 1
44 47 1
44 49 1
44 37 1
44 39 1
44 51 0.90176
44 45 1
44 36 1
44 34 1
44 47 0.902194
44 46 0.904596
44 48 1
44 42 0.707676
44 41 0.855153
44 49 1
44 40 0.574903
44 35 0.69183
44 43 0.803386
44 41 1
44 38 0.706676
44 43 1
44 52 1
44 50 0.932177
44 40 1
44 49 0.824399
44 49 1
44 44 1
44 51 0.89345
44 48 0.874072
44 46 1
44 38 1
44 43 1
44 40 1
44 55 0.689864
44 42 1
44 43 1
44 46 0.829525
44 48 0.745389
44 43 0.671126
44 38 1
44 45 1
44 41 0.933105
44 44 0.799753
44 47 1
44 49 1
44 55 0.832635
44 33 1
44 42 1
44 48 0.734631
44 35 1
44 42 0.9159
44 49 0.767453
44 43 0.722339
44 33 0.91641
44 46 1
44 45 1
44 42 1
44 52 0.913963
44 44 1
44 41 1
44 38 1
44 47 0.848269
44 45 0.927558
44 40 1
44 44 0.967207
44 46 0.847365
44 29 1
44 52 0.895669
44 45 1
44 47 1
44 50 0.939351
44 41 1
44 44 1
44 40 1
44 48 1
44 40 0.670423
44 44 1
44 48 0.963679
44 43 0.809742
44 54 0.821577
44 41 1
44 39 1
44 45 1
44 62 1
44 42 1
44 39 0.776034
44 34 0.696432
44 35 0.839302
44 36 1
44 45 1
44 44 0.839474
44 33 1
44 44 0.709938
44 42 0.947031
44 43 1
44 44 0.881314
44 37 1
44 55 0.880794
44 45 1
44 37 1
44 46 0.875171
44 47 0.68088
44 38 1
44 49 0.948902
44 45 1
44 39 0.901238
44 40 1
44 39 0.880994
44 42 1
44 49 0.671445
44 35 0.896513
44 50 1
44 45 0.841514
44 51 0.899135
44 49 0.860675
44 50 0.932039
44 48 0.909526
44 34 0.701285
44 34 1
44 46 0.785932
44 40 0.92048
44 52 1
44 42 1
44 43 0.598229
44 48 0.782118
44 51 1
44 50 1
44 55 1
44 39 0.979893
44 39 1
44 47 0.839374
44 36 1
44 42 1
44 42 1
44 48 1
44 47 1
44 40 0.808945
44 49 1
44 45 1
44 37 1
44 44 1
44 46 1
44 47 0.689112
44 54 1
44 41 0.819325
44 44 0.910259
44 53 1
44 48 0.913397
44 39 1
44 48 0.952923
44 35 0.84973
44 38 1
44 42 1
44 45 0.962766
44 43 1
44 48 0.843699
44 44 0.893967
44 41 0.831688
44 53 1
44 47 1
44 44 1
44 43 1
44 34 1
44 50 1
44 41 1
44 50 1
44 47 0.797314
44 43 0.750146
44 36 0.894693
44 44 0.761242
44 42 1
44 55 1
44 38 1
44 46 1
44 45 1
44 51 0.778204
44 50 0.940392
44 46 1
44 46 0.803904
44 44 1
44 38 1
44 52 1
44 49 0.974231
44 40 1
44 54 0.619407
44 39 0.925669
44 36 1
44 36 0.855268
44 46 1
44 42 0.623108
44 45 0.971604
44 44 0.897969
44 44 0.751382
44 40 0.922961
44 43 0.717488
44 40 0.875224
44 38 1
44 49 0.918218
44 38 1
44 36 1
44 32 1
44 48 0.944214
44 40 0.813221
44 52 1
44 41 0.864412
44 43 0.730274
44 53 0.554475
44 33 1
44 39 0.959496
44 51 1
44 42 0.777854
44 37 0.805645
44 36 1
44 41 1
44 35 0.813314
44 38 1
44 41 1
44 35 1
44 51 1
44 37 0.832718
44 54 0.833265
44 46 0.747859
44 42 1
44 41 0.778629
44 42 1
44 37 1
44 48 0.725757
44 39 1
44 43 1
44 46 1
44 44 1
44 45 1
44 53 0.633372
44 55 0.767137
44 54 0.806272
44 40 0.891518
44 41 1
44 47 0.960918
44 41 0.808483
44 50 1
44 43 1
44 40 1
44 47 0.923835
44 50 1
44 37 1
44 49 0.74887
44 43 0.814661
44 50 0.734517
44 53 1
44 47 0.809187
44 45 1
44 44 0.803043
44 44 1
44 43 1
44 45 1
44 42 1
44 36 0.671492
44 41 1
44 44 1
44 47 0.871542
44 49 1
44 45 1
44 41 0.707457
44 45 1
44 45 0.843022
44 40 0.803905
44 35 1
44 43 0.672624
44 41 1
44 49 0.953737
44 59 0.889646
44 51 1
44 45 1
44 53 0.814193
44 42 1
44 39 0.814851
44 52 0.752256
44 42 0.645077
44 40 1
44 46 0.927568
44 44 0.945039
44 48 1
44 48 1
44 38 0.61645
44 41 0.77991
44 46 0.783228
44 37 1
44 37 0.991766
44 46 1
44 45 1
44 35 1
44 44 1
44 47 1
44 39 1
44 41 0.934098
44 46 1
44 44 0.853579
44 39 1
44 40 1
44 36 1
44 44 1
44 53 1
44 37 0.932737
44 42 0.920172
44 44 0.932195
44 44 1
44 43 0.909085
44 38 1
44 53 0.843517
44 50 1
44 51 0.638888
44 42 1
44 43 0.688274
44 38 0.745869
44 37 0.915065
44 37 1
44 48 0.877038
44 48 1
44 36 0.85755
44 43 0.891779
44 43 0.797059
44 43 0.797572
44 41 1
44 44 0.8301
44 40 0.817368
44 43 0.9252
44 42 0.849631
44 55 1
44 40 1
44 45 1
44 39 0.945492
44 37 1
44 43 0.707085
44 47 0.915826
44 40 1
44 35 0.979287
44 43 0.765329
44 49 1
44 42 1
44 40 0.736448
44 42 0.859695
44 48 1
44 44 0.706454
44 40 1
44 46 1
44 41 1
44 46 1
44 43 0.946896
44 36 0.865348
44 49 1
44 43 0.990362
44 52 1
44 46 1
44 50 0.931131
44 46 0.933365
44 40 1
44 48 1
44 44 1
44 35 1
44 51 1
44 38 0.852003
44 43 0.738904
44 41 1
44 45 1
44 44 0.809647
44 47 1
44 37 0.974064
44 40 1
44 47 1
44 45 0.789786
44 50 0.956546
44 44 0.928392
44 37 0.624592
44 45 0.756186
44 39 1
44 51 1
44 44 1
44 47 0.850223
44 44 0.796301
44 37 1
44 51 1
44 57 1
44 44 0.840718
44 44 0.623435
44 45 1
44 49 0.711553
44 53 0.86076
44 39 0.856753
44 43 1
44 52 0.796042
44 49 1
44 35 0.754103
44 58 0.927199
44 44 0.894544
44 50 0.864701
44 39 0.804977
44 39 1
44 41 1
44 46 1
44 44 1
44 47 1
44 46 0.821034
44 55 1
44 48 1
44 42 1
44 44 1
44 38 0.861267
44 53 0.911132
44 48 1
44 36 1
44 27 1
44 50 0.856397
44 46 1
44 47 0.970437
44 42 0.916334
44 51 1
44 48 1
44 47 1
44 47 0.759987
44 44 1
44 44 0.887125
44 48 1
44 51 1
44 50 1
44 46 0.573976
44 39 1
44 37 0.978466
44 48 1
44 39 0.712673
44 47 0.840879
44 40 0.674061
44 50 0.975599
44 40 1
44 42 1
44 48 1
44 55 1
44 37 1
44 45 0.669358
44 45 1
44 47 1
44 52 1
44 42 0.778857
44 34 0.886478
44 45 0.961155
44 51 0.961494
44 40 0.706465
44 49 1
44 36 0.862782
44 49 0.797412
44 45 1
44 41 0.964552
44 45 1
44 45 1
44 50 1
44 39 1
44 53 0.803468
44 53 1
44 48 1
44 51 1
44 39 0.732732
44 46 0.709583
44 43 1
44 52 0.886163
44 47 0.95517
44 44 0.967487
44 35 1
44 46 1
44 46 1
44 42 1
44 52 0.880806
44 39 1
44 46 1
44 45 0.578799
44 38 0.732807
44 48 1
44 43 1
44 48 0.8558
44 44 1
44 41 1
44 49 0.680192
44 42 1
44 53 1
44 58 0.860317
44 49 1
44 45 0.885768
44 57 0.880477
44 36 1
44 49 1
44 57 0.965763
44 43 0.838914
44 45 0.88467
44 44 1
44 47 1
44 45 1
44 43 0.924948
44 38 1
44 44 1
44 46 0.764798
44 45 1
44 45 0.932377
44 43 1
44 53 1
44 49 1
44 48 0.702615
44 49 0.838252
44 48 1
44 38 1
44 43 1
44 39 1
44 39 1
44 38 0.809377
44 46 1
44 47 0.777301
44 35 0.675267
44 46 0.84699
44 44 0.948051
44 54 1
44 39 1
44 49 0.907829
44 51 1
44 43 0.874258
44 32 0.703441
44 45 0.798078
44 44 1
44 39 0.735698
44 41 0.728099
44 49 1
44 40 1
44 42 0.826939
44 45 1
44 36 0.699163
44 49 1
44 45 1
44 50 0.99119
44 41 1
44 44 0.747734
44 54 1
44 38 0.856366
44 41 1
44 43 1
44 28 1
44 56 1
44 41 0.935885
44 40 1
44 43 0.82716
44 41 0.792858
44 43 1
44 40 1
44 46 0.923347
44 41 0.852193
44 43 1
44 43 1
44 35 1
44 48 1
44 55 1
44 41 0.677033
44 50 1
44 47 1
44 47 0.882894
44 46 1
44 48 1
44 47 1
44 44 0.978824
44 51 0.938942
44 44 0.936399
44 53 1
44 53 0.908291
44 44 0.847767
44 48 0.928623
44 41 0.90273
44 39 1
44 38 0.948819
44 45 1
44 51 1
44 55 1
44 44 1
44 53 0.991847
44 48 0.716806
44 50 0.833363
44 42 0.715374
44 52 1
44 50 0.596414
44 36 0.90922
44 47 0.760548
44 48 0.65628
44 42 0.789831
44 54 0.836018
44 45 0.876972
44 47 1
44 33 0.853968
44 49 0.949489
44 39 0.917383
44 38 1
44 46 0.815378
44 40 1
44 44 1
44 48 1
44 40 1
44 42 1
44 47 0.699637
44 55 1
44 40 1
44 41 1
44 34 0.834629
44 42 0.996287
44 42 0.858692
44 47 0.900682
44 48 0.92852
44 47 0.556963
44 43 0.749868
44 51 1
44 50 0.928863
44 43 1
44 45 0.921356
44 46 1
44 44 1
44 43 1
44 45 1
44 39 0.954969
44 55 0.761509
44 41 1
44 39 1
44 42 0.92392
44 41 1
44 53 0.835907
44 38 0.829349
44 42 0.878196
44 40 0.678416
44 43 1
44 41 0.747361
44 48 1
44 50 1
44 49 0.892505
44 40 1
44 46 0.860088
44 41 0.853925
44 37 0.887661
44 42 1
44 48 1
44 49 1
44 52 1
44 50 0.822682
44 49 1
44 43 0.899265
44 39 0.861877
44 44 1
44 41 0.746846
44 40 1
44 47 1
44 43 1
44 38 0.892192
44 40 1
44 43 1
44 45 0.922065
44 46 1
44 46 0.864554
44 54 0.875171
44 47 0.734018
44 52 0.961142
44 47 0.882377
44 41 1
44 38 1
44 40 0.732839
44 43 0.881387
44 33 0.777093
44 39 1
44 42 1
44 55 0.799952
44 49 1
44 46 1
44 40 1
44 40 1
44 46 0.893123
44 45 1
44 45 0.775004
44 45 0.770922
44 43 0.876901
44 40 0.980082
44 42 0.918677
44 43 0.501633
44 42 0.829167
44 52 1
44 54 1
44 41 1
44 49 1
44 43 0.971841
44 50 1
44 41 0.701926
44 54 1
44 48 1
44 53 0.70219
44 47 0.96139
44 39 1
44 55 1
44 52 0.938068
44 40 0.909614
44 47 0.869625
44 43 1
44 47 0.922388
44 45 1
44 52 1
44 52 0.884978
44 42 0.921257
44 35 0.738488
44 44 1
44 45 0.89401
44 52 1
44 41 1
44 40 1
44 46 1
44 47 1
44 40 1
44 44 0.765866
44 51 1
44 45 1
44 50 0.698523
44 42 1
44 42 1
44 51 0.913057
44 36 0.475887
44 44 0.97918
44 38 1
44 38 1
44 52 0.86097
44 43 0.913534
44 43 1
44 50 1
44 38 1
44 46 1
44 41 0.791894
44 41 0.762203
44 39 0.908217
44 41 0.890847
44 47 1
44 42 1
44 43 0.668568
44 34 0.891151
44 49 0.901379
44 48 0.874042
44 41 0.81493
44 48 1
44 37 0.809213
44 45 0.82796
44 42 0.918676
44 51 0.888656
44 50 1
44 45 1
44 42 1
44 46 0.781692
44 47 0.588699
44 43 0.948295
44 47 1
44 44 1
44 39 0.872512
44 40 1
44 44 1
44 47 0.781364
44 42 0.870246
44 39 0.905038
44 42 1
44 33 0.880377
44 35 0.698383
44 38 1
44 44 1
44 45 1
44 49 1
44 35 0.845948
44 50 0.839974
44 48 1
44 34 1
44 45 1
44 49 1
44 44 1
44 34 0.638585
44 52 1
44 38 1
44 43 1
44 44 0.907282
44 45 0.952836
44 47 0.845764
44 38 1
44 37 1
44 50 1
44 42 0.813785
44 42 1
44 39 0.865616
44 51 0.824612
44 35 0.82791
44 39 1
44 46 0.955969
44 46 1
44 49 1
44 40 0.922928
44 40 0.768327
44 48 1
44 46 1
44 48 1
44 40 1
44 43 0.943369
44 40 1
44 42 1
44 48 0.830765
44 41 1
44 39 0.940287
44 48 0.890203
44 39 1
44 51 1
44 42 1
44 46 0.91719
44 51 1
44 51 1
44 44 1
44 49 0.759163
44 38 1
44 42 0.909544
44 41 1
44 47 1
44 46 1
44 38 0.644455
44 30 1
44 39 1
44 46 1
44 38 1
44 48 0.707701
44 41 0.805384
44 39 1
44 50 1
44 43 0.791737
44 46 0.913359
44 49 0.686069
44 32 1
44 57 1
44 41 0.817652
44 46 1
44 41 0.863586
44 41 0.883931
44 44 0.849963
44 45 0.937462
44 53 1
44 49 1
44 46 0.833779
44 38 0.879847
44 35 1
44 50 1
44 38 0.867771
44 31 0.782033
44 37 0.912121
44 41 1
44 41 0.824934
44 45 1
44 44 0.949196
44 46 0.81787
44 46 0.876033
44 42 0.925026
44 50 0.762712
44 44 1
44 42 0.860605
44 36 1
44 50 1
44 38 1
44 53 1
44 53 1
44 48 1
44 39 0.899838
44 54 1
44 49 0.872591
44 41 1
44 46 0.82049
44 42 1
44 47 1
44 42 1
44 42 0.741692
44 49 0.891975
44 50 0.881288
44 51 1
44 55 1
44 43 1
44 48 0.790111
44 49 1
44 43 0.672043
44 45 0.901555
44 38 0.845678
44 53 0.863016
44 46 1
44 42 0.649097
44 36 1
44 44 1
44 55 1
44 46 1
44 39 0.906938
44 47 0.825156
44 47 1
44 35 0.760923
44 47 0.761142
44 51 1
44 50 0.934197
44 46 0.866458
44 46 1
44 38 1
44 50 0.884203
44 57 0.946253
44 35 1
44 40 1
44 45 0.771514
44 51 1
44 46 1
44 38 1
44 43 1
44 41 1
44 38 0.965979
44 56 0.918332
44 41 0.874509
44 45 0.618947
44 50 1
44 41 0.818686
44 41 0.949322
44 46 0.787752
44 55 1
44 40 1
44 49 1
44 45 1
44 40 0.831607
44 45 1
44 38 1
44 51 1
44 37 1
44 42 0.780133
44 50 1
44 45 1
44 43 0.754319
44 46 0.897501
44 47 0.646641
44 42 0.839413
44 49 1
44 38 0.817439
44 39 1
44 37 1
44 46 1
44 43 0.716517
44 42 0.87354
44 45 1
44 56 0.75449
44 46 1
44 49 0.85129
44 46 1
44 37 0.86885
44 43 0.863945
44 38 1
44 51 0.762391
44 50 0.798249
44 52 0.758971
44 46 0.783488
44 48 0.854284
44 39 1
44 40 1
44 44 1
44 47 0.903076
44 41 1
44 48 1
44 57 1
44 35 1
44 49 1
44 49 0.753454
44 42 1
44 55 1
44 49 1
44 44 1
44 46 0.77469
44 45 0.855352
44 54 1
44 51 0.813345
44 48 0.807043
44 35 0.9408
44 51 1
44 44 0.860817
44 35 0.609992
44 45 1
44 38 1
44 45 0.845693
44 41 1
44 46 0.945166
44 43 1
44 44 1
44 49 1
44 44 1
44 42 0.54271
44 48 1
44 51 1
44 46 0.897371
44 40 0.878098
44 43 0.729689
44 45 1
44 50 0.810166
44 50 0.902777
44 39 0.882562
44 39 1
44 43 0.882411
44 45 0.580108
44 52 0.748377
44 49 1
44 41 0.895462
44 43 1
44 52 0.944058
44 37 1
44 54 0.963904
44 39 1
44 42 1
44 52 0.978461
44 41 0.90422
44 43 0.825835
44 41 1
44 48 0.850441
44 34 1
44 39 1
44 43 1
44 40 0.908729
44 47 0.77174
44 46 1
44 38 1
44 45 0.861619
44 48 1
44 33 1
44 49 1
44 40 1
44 48 1
44 38 0.725369
44 36 1
44 38 1
44 43 1
44 42 0.691404
44 43 1
44 51 0.750099
44 49 1
44 37 1
44 46 1
44 48 1
44 46 1
44 53 0.954693
44 47 0.94238
44 51 0.794033
44 49 0.943059
44 43 0.958785
44 45 0.772443
44 42 1
44 57 1
44 42 1
44 46 1
44 48 1
44 37 1
44 40 0.733817
44 38 0.811801
44 50 0.903312
44 50 1
44 48 1
44 50 0.895293
44 49 0.742938
44 36 0.876419
44 37 0.961428
44 46 0.842016
44 39 0.950952
44 42 1
44 52 1
44 40 0.73558
44 37 0.898061
44 50 0.890062
44 51 1
44 46 1
44 44 1
44 41 1
44 39 1
44 42 1
44 43 0.855274
44 40 0.691758
44 46 0.695307
44 54 0.932653
44 44 0.79223
44 41 0.774978
44 42 0.830508
44 50 0.976096
44 39 1
44 44 0.993063
44 47 0.826621
44 39 0.677937
44 47 1
44 51 1
44 50 1
44 53 1
44 43 0.910815
44 40 1
44 38 1
44 42 0.947727
44 52 0.975928
44 47 0.826381
44 45 1
44 49 0.873346
44 51 0.782458
44 51 0.89151
44 45 1
44 47 0.706226
44 41 1
44 51 0.88914
44 55 1
44 44 0.629567
44 47 0.975022
44 32 1
44 52 1
44 34 0.722033
44 45 0.608987
44 43 0.857149
44 43 0.696698
44 49 0.939756
44 44 0.878483
44 42 0.91963
44 43 1
44 51 1
44 44 0.881903
44 46 1
44 44 0.937826
44 46 0.951287
44 34 1
44 35 0.888094
44 44 0.709648
44 49 1
44 39 1
44 52 0.855311
44 42 0.803635
44 51 0.892249
44 36 1
44 48 0.663808
44 42 0.828177
44 42 1
44 43 1
44 42 1
44 40 0.970633
44 52 0.978744
44 44 0.84315
44 38 0.788603
44 44 0.980609
44 49 1
44 46 0.771573
44 49 1
44 53 1
44 42 1
44 45 0.924044
44 38 0.709549
44 38 1
44 46 0.946087
44 45 1
44 41 1
44 38 1
44 40 0.810538
44 40 1
44 41 1
44 48 0.862554
44 47 1
44 49 0.717485
44 42 1
44 45 0.64871
44 42 1
44 38 0.748111
44 42 0.949768
44 41 1
44 42 0.881606
44 47 1
44 54 1
44 38 0.836287
44 51 1
44 47 0.647749
44 61 0.841793
44 38 1
44 49 1
44 44 0.876168
44 52 0.873764
44 45 0.907393
44 45 0.627386
44 42 0.886371
44 50 0.703072
44 46 0.593124
44 41 1
44 45 1
44 46 1
44 50 0.93943
44 40 0.796645
44 45 0.699747
44 37 1
44 46 0.979854
44 36 1
44 48 0.950389
44 45 0.748159
44 49 0.816043
44 46 0.537456
44 38 0.981179
44 58 1
44 48 0.713028
44 44 0.859245
44 47 0.881273
44 47 1
44 43 0.810274
44 32 1
44 50 1
44 40 0.722305
44 34 1
44 45 1
44 39 0.625965
44 52 0.935146
44 37 1
44 50 1
44 39 1
44 48 0.816534
44 42 1
44 48 1
44 43 0.698854
44 46 0.825684
44 43 1
44 36 0.92199
44 43 1
44 50 0.76583
44 42 1
44 58 0.746229
44 40 1
44 48 0.575297
44 47 1
44 58 0.814226
44 36 1
44 36 0.909843
44 50 0.783886
44 53 1
44 35 1
44 53 1
44 46 0.726347
44 51 0.75045
44 49 1
44 50 0.83141
44 47 1
44 44 0.700322
44 42 0.886182
44 44 1
44 39 0.935416
44 50 1
44 36 0.819059
44 41 1
44 48 0.965439
44 51 0.864281
44 50 1
44 43 0.721543
44 46 0.781455
44 45 0.810872
44 46 0.655803
44 42 0.875718
44 51 1
44 36 0.69892
44 47 1
44 44 1
44 37 1
44 47 1
44 41 0.90333
44 46 0.752101
44 37 1
44 48 0.991853
44 40 1
44 39 0.87903
44 31 1
44 43 0.973107
44 33 0.918418
44 41 0.797801
44 35 1
44 45 0.660564
44 51 1
44 45 1
44 43 1
44 31 1
44 36 1
44 47 1
44 48 1
44 42 0.89365
44 31 0.916585
44 47 1
44 52 0.870661
44 46 0.787408
44 55 0.895072
44 53 0.785325
44 31 1
44 38 0.964325
44 43 0.905792
44 34 0.721747
44 51 0.78185
44 51 0.589054
44 48 1
44 40 1
44 44 0.85408
44 42 1
44 43 0.966354
44 42 0.913231
44 36 0.94323
44 44 1
44 41 1
44 45 1
44 58 1
44 51 1
44 36 0.63174
44 53 0.787976
44 38 1
44 45 1
44 46 1
44 40 1
44 43 1
44 37 1
44 53 0.926619
44 48 1
44 49 1
44 39 1
44 44 0.819975
44 52 1
44 42 0.721859
44 49 0.8765
44 46 1
44 42 0.775209
44 43 0.796831
44 41 1
44 38 1
44 56 1
44 38 0.737557
44 42 1
44 43 1
44 56 1
44 44 1
44 43 0.70855
44 38 1
44 46 0.802477
44 44 1
44 51 1
44 48 0.963693
44 51 1
44 40 0.655204
44 34 1
44 43 0.755436
44 51 1
44 47 1
44 32 0.797547
44 43 1
44 33 1
44 50 1
44 46 0.872555
44 33 0.937378
44 41 0.883743
44 42 1
44 43 0.935276
44 48 1
44 34 0.848874
44 47 0.794694
44 33 0.859874
44 45 0.918478
44 51 0.901683
44 38 0.693542
44 44 1
44 42 0.645698
44 47 1
44 39 1
44 49 1
44 42 1
44 45 0.971838
44 35 1
44 38 0.965449
44 37 0.932734
44 54 0.861015
44 42 1
44 53 0.754736
44 47 0.976271
44 53 0.680415
44 42 1
44 55 0.791464
44 36 1
44 54 0.885069
44 55 1
44 49 1
44 43 1
44 36 0.793796
44 53 0.858851
44 43 1
44 45 0.883876
44 53 1
44 40 1
44 31 0.796732
44 53 0.938852
44 47 0.88455
44 36 0.832859
44 43 0.896655
44 36 1
44 50 1
44 37 1
44 41 1
44 55 1
44 40 1
44 50 1
44 50 1
44 47 0.927715
44 39 0.932987
