5000 2442758
1 201 0.928792
1 201 0.991879
1 201 0.987945
1 201 0.930648
1 201 0.622419
1 201 0.820116
1 201 0.902456
1 201 0.945438
1 201 0.919468
1 201 0.819838
2 202 0.964957
2 202 0.875269
2 202 0.868367
2 202 0.990451
2 202 0.928572
2 202 0.937137
2 202 0.99609
2 202 0.903829
3 203 0.84919
3 203 0.78509
6 306 0.859009
6 306 0.943352
6 306 0.935063
6 306 0.96894
4 204 0.599587
4 204 0.911975
4 204 0.834524
4 204 0.76996
4 204 0.966984
4 204 0.86292
5 205 0.815168
5 205 0.868075
5 205 0.961281
5 205 0.947557
5 205 0.83164
5 205 0.736585
5 205 0.994999
5 205 0.924551
7 207 0.979819
7 207 0.996919
7 207 0.998347
7 207 0.997635
7 207 0.99788
7 207 0.788845
7 207 0.799111
12 312 0.966665
12 312 0.86532
12 312 0.758493
12 312 0.939591
12 312 0.90118
8 208 0.941046
8 208 0.927931
8 208 0.92165
8 208 0.943159
8 208 0.986917
8 208 0.674336
8 208 0.919809
9 209 0.84867
9 209 0.937718
9 209 0.976902
9 209 0.975076
9 209 0.880507
9 209 0.985994
9 209 0.997403
10 210 0.845596
10 210 0.904217
10 210 0.979787
10 210 0.908605
11 211 0.961736
11 211 0.990641
11 211 0.762728
11 211 0.997913
11 211 0.95074
18 318 0.85564
18 318 0.998475
18 318 0.964534
13 213 0.962517
13 213 0.986012
13 213 0.883594
13 213 0.874356
14 214 0.896782
15 215 0.953879
15 215 0.97192
15 215 0.876182
15 215 0.780562
15 215 0.979466
15 215 0.988558
15 215 0.873158
15 215 0.981024
24 324 0.734229
24 324 0.705274
24 324 0.968091
24 324 0.955737
24 324 0.932893
24 324 0.834324
24 324 0.881821
16 216 0.799368
16 216 0.949588
16 216 0.967168
16 216 0.949146
17 217 0.986783
17 217 0.777083
17 217 0.94336
17 217 0.976167
17 217 0.857184
17 217 0.895496
17 217 0.941077
19 219 0.994703
19 219 0.803725
19 219 0.799798
19 219 0.963184
19 219 0.832318
19 219 0.983205
30 330 0.971916
30 330 0.981585
30 330 0.980899
30 330 0.901259
30 330 0.899242
30 330 0.995791
30 330 0.941616
20 220 0.950461
20 220 0.954788
20 220 0.820279
20 220 0.892637
20 220 0.926785
20 220 0.897703
20 220 0.849473
20 220 0.988946
20 220 0.944206
20 220 0.79805
21 221 0.973252
21 221 0.922464
21 221 0.850449
21 221 0.953427
22 222 0.866499
22 222 0.72415
22 222 0.791403
22 222 0.924723
23 223 0.917667
36 336 0.994886
36 336 0.972736
36 336 0.93303
36 336 0.914461
25 225 0.876108
25 225 0.848884
25 225 0.958072
25 225 0.910934
26 226 0.868966
26 226 0.820581
26 226 0.99104
26 226 0.930684
26 226 0.997419
26 226 0.986969
27 227 0.969745
27 227 0.934316
27 227 0.864518
27 227 0.895327
27 227 0.991099
27 227 0.947301
42 342 0.8688
42 342 0.954251
42 342 0.98107
42 342 0.897632
42 342 0.940261
42 342 0.744833
28 228 0.874103
28 228 0.970728
28 228 0.781477
28 228 0.999434
28 228 0.97239
29 229 0.933585
29 229 0.955434
29 229 0.93869
29 229 0.935652
29 229 0.990839
29 229 0.673651
29 229 0.947449
31 231 0.923283
31 231 0.545201
31 231 0.986683
31 231 0.930488
48 348 0.94364
48 348 0.998717
48 348 0.981563
48 348 0.957031
48 348 0.819835
48 348 0.833361
48 348 0.931417
32 232 0.920514
32 232 0.959585
32 232 0.996097
33 233 0.908455
33 233 0.986439
33 233 0.91798
34 234 0.991495
34 234 0.942389
34 234 0.968995
34 234 0.960374
35 235 0.966756
35 235 0.943404
35 235 0.902518
35 235 0.99069
35 235 0.957876
54 354 0.969173
54 354 0.910318
37 237 0.997896
37 237 0.889687
37 237 0.898172
37 237 0.951781
38 238 0.819794
38 238 0.965964
38 238 0.95229
38 238 0.949596
38 238 0.964748
39 239 0.998582
39 239 0.942895
39 239 0.894963
39 239 0.933953
39 239 0.799929
39 239 0.953958
39 239 0.777628
39 239 0.946189
39 239 0.943786
60 360 0.953045
60 360 0.9592
60 360 0.972751
60 360 0.919389
40 240 0.85568
40 240 0.95843
40 240 0.979817
40 240 0.961506
40 240 0.96583
41 241 0.994013
41 241 0.938368
41 241 0.883102
43 243 0.932835
66 366 0.831743
66 366 0.998249
66 366 0.955354
44 244 0.937782
44 244 0.94396
44 244 0.80526
44 244 0.942731
45 245 0.829685
45 245 0.924794
46 246 0.815338
47 247 0.922713
47 247 0.928392
47 247 0.957216
47 247 0.916271
72 372 0.943723
72 372 0.789911
72 372 0.855034
72 372 0.898733
72 372 0.678622
72 372 0.998756
49 249 0.919493
49 249 0.963318
49 249 0.93144
49 249 0.961617
49 249 0.976434
50 250 0.840845
50 250 0.93932
51 251 0.97006
51 251 0.974224
51 251 0.985211
51 251 0.985698
51 251 0.928965
51 251 0.5688
78 378 0.888358
78 378 0.990919
78 378 0.934645
78 378 0.992021
78 378 0.91201
78 378 0.802104
52 252 0.79868
52 252 0.899686
52 252 0.843709
53 253 0.91238
53 253 0.784569
55 255 0.948897
84 384 0.956553
56 256 0.929829
56 256 0.97186
57 257 0.593146
57 257 0.967584
57 257 0.987472
57 257 0.9829
58 258 0.872973
58 258 0.840424
58 258 0.953675
58 258 0.922811
58 258 0.724179
58 258 0.965074
58 258 0.784287
58 258 0.784959
58 258 0.955748
58 258 0.834108
58 258 0.996506
59 259 0.966739
59 259 0.928481
59 259 0.992564
59 259 0.875783
59 259 0.819291
59 259 0.982324
59 259 0.98181
59 259 0.856054
90 390 0.86643
90 390 0.817872
90 390 0.77906
90 390 0.960518
90 390 0.681495
90 390 0.954046
90 390 0.695599
61 261 0.928559
61 261 0.989481
61 261 0.992865
62 262 0.969292
62 262 0.853941
62 262 0.969207
63 263 0.953966
63 263 0.853029
63 263 0.930471
63 263 0.925375
63 263 0.860421
63 263 0.992687
96 396 0.953793
96 396 0.906545
96 396 0.933303
64 264 0.7815
64 264 0.994108
64 264 0.927603
64 264 0.971937
64 264 0.669465
64 264 0.898046
64 264 0.985305
65 265 0.911476
65 265 0.998393
65 265 0.964203
65 265 0.974486
65 265 0.900493
67 267 0.870674
67 267 0.991465
67 267 0.613061
67 267 0.980904
67 267 0.901371
102 402 0.971658
102 402 0.969375
102 402 0.815095
102 402 0.895898
102 402 0.973172
68 268 0.942927
68 268 0.933302
68 268 0.820165
68 268 0.924983
69 269 0.975858
69 269 0.986737
69 269 0.885266
70 270 0.994317
70 270 0.967637
70 270 0.878344
70 270 0.949087
70 270 0.984263
71 271 0.737159
71 271 0.95846
71 271 0.94288
71 271 0.761217
71 271 0.963563
71 271 0.990307
71 271 0.955687
71 271 0.660567
71 271 0.940864
71 271 0.847005
71 271 0.949609
108 408 0.940806
108 408 0.97799
108 408 0.914805
108 408 0.790275
108 408 0.822824
73 273 0.75629
73 273 0.977323
74 274 0.982937
74 274 0.959804
75 275 0.992044
75 275 0.953177
75 275 0.855741
75 275 0.84751
75 275 0.952039
114 414 0.94261
114 414 0.938917
114 414 0.880765
114 414 0.882747
114 414 0.922294
76 276 0.832279
77 277 0.997872
77 277 0.889058
77 277 0.908108
77 277 0.977008
77 277 0.809571
77 277 0.930126
77 277 0.870946
79 279 0.947986
79 279 0.946513
79 279 0.998241
79 279 0.945354
79 279 0.99597
79 279 0.958942
120 420 0.901138
120 420 0.845285
120 420 0.98167
120 420 0.989349
120 420 0.998455
120 420 0.95754
80 280 0.99296
80 280 0.919266
80 280 0.897758
80 280 0.957457
80 280 0.975868
80 280 0.667349
80 280 0.962173
80 280 0.977008
81 281 0.86062
81 281 0.796124
81 281 0.890081
81 281 0.97964
81 281 0.8582
82 282 0.88887
82 282 0.985811
82 282 0.986029
82 282 0.946072
83 283 0.851624
83 283 0.84492
83 283 0.891638
83 283 0.927197
83 283 0.863804
83 283 0.812734
83 283 0.845531
83 283 0.704115
83 283 0.910975
126 426 0.879593
126 426 0.968317
126 426 0.866514
126 426 0.926538
85 285 0.951493
85 285 0.897323
85 285 0.963092
85 285 0.977129
86 286 0.817931
86 286 0.857691
86 286 0.89587
87 287 0.942175
87 287 0.962443
87 287 0.886383
87 287 0.852632
132 432 0.965086
132 432 0.956281
132 432 0.907044
132 432 0.982917
88 288 0.876698
88 288 0.925959
88 288 0.946605
88 288 0.974522
88 288 0.831582
88 288 0.930696
89 289 0.889364
89 289 0.815446
89 289 0.817914
89 289 0.716349
89 289 0.973023
91 291 0.856148
91 291 0.899882
91 291 0.888934
138 438 0.985504
138 438 0.926211
92 292 0.977767
92 292 0.994369
92 292 0.859229
92 292 0.980846
93 293 0.980941
93 293 0.980938
93 293 0.989158
94 294 0.957083
94 294 0.928056
94 294 0.910061
94 294 0.941832
95 295 0.893417
95 295 0.98103
95 295 0.729526
95 295 0.934127
95 295 0.910836
144 444 0.921802
144 444 0.81012
144 444 0.835323
144 444 0.949214
144 444 0.909699
144 444 0.966278
97 297 0.856892
97 297 0.685422
97 297 0.918865
97 297 0.938836
98 298 0.722119
98 298 0.913035
98 298 0.878002
98 298 0.964343
98 298 0.974432
99 299 0.908083
99 299 0.854494
99 299 0.948183
99 299 0.981416
150 450 0.919565
150 450 0.504247
150 450 0.901186
100 300 0.978219
100 300 0.747949
100 300 0.975481
100 300 0.971899
100 300 0.987117
100 300 0.993836
100 300 0.991136
100 300 0.882969
101 301 0.973582
101 301 0.954372
101 301 0.823793
103 303 0.926251
103 303 0.997698
103 303 0.925598
103 303 0.903859
103 303 0.913816
156 456 0.95125
156 456 0.942085
156 456 0.970874
156 456 0.997514
156 456 0.881761
104 304 0.950901
104 304 0.968679
104 304 0.878234
104 304 0.973308
105 305 0.981928
105 305 0.995411
105 305 0.968605
105 305 0.932556
105 305 0.982818
105 305 0.923146
106 306 0.808766
106 306 0.997692
106 306 0.928261
106 306 0.922773
106 306 0.952979
106 306 0.958541
107 307 0.95821
107 307 0.989343
107 307 0.938046
107 307 0.952019
107 307 0.799522
107 307 0.975502
162 462 0.819843
162 462 0.918737
162 462 0.921552
162 462 0.992188
162 462 0.791861
162 462 0.902253
162 462 0.709231
162 462 0.857057
162 462 0.967531
109 309 0.992318
109 309 0.739726
109 309 0.93822
110 310 0.9596
110 310 0.944864
111 311 0.964027
111 311 0.989107
111 311 0.865254
111 311 0.924317
111 311 0.900191
111 311 0.996559
168 468 0.980473
168 468 0.914459
168 468 0.847663
168 468 0.942924
112 312 0.967947
112 312 0.879136
112 312 0.971842
113 313 0.886909
113 313 0.916462
113 313 0.819373
113 313 0.895168
115 315 0.904124
115 315 0.966484
115 315 0.947811
115 315 0.812013
115 315 0.629992
115 315 0.917532
115 315 0.941969
115 315 0.866729
174 474 0.918642
174 474 0.745711
174 474 0.918307
174 474 0.979933
174 474 0.936292
174 474 0.582686
174 474 0.942534
174 474 0.948878
116 316 0.997144
116 316 0.958968
116 316 0.94825
116 316 0.8915
116 316 0.993807
116 316 0.937545
116 316 0.998084
116 316 0.980082
117 317 0.928857
117 317 0.902673
117 317 0.995023
117 317 0.907807
118 318 0.980116
118 318 0.948578
118 318 0.936219
119 319 0.667104
119 319 0.982912
119 319 0.735306
119 319 0.779264
119 319 0.945713
119 319 0.974817
180 480 0.889928
121 321 0.970499
121 321 0.907812
121 321 0.98187
121 321 0.816284
121 321 0.739407
121 321 0.886808
122 322 0.982001
122 322 0.903679
122 322 0.985013
122 322 0.945844
122 322 0.802535
123 323 0.992304
123 323 0.939769
123 323 0.894623
123 323 0.992914
123 323 0.998132
123 323 0.996809
123 323 0.69162
123 323 0.681054
186 486 0.816656
186 486 0.986806
186 486 0.869562
186 486 0.863089
124 324 0.971516
124 324 0.99335
124 324 0.974181
124 324 0.991949
125 325 0.878143
125 325 0.89468
127 327 0.930689
127 327 0.966515
127 327 0.96515
127 327 0.96798
192 492 0.954767
192 492 0.794192
192 492 0.973732
128 328 0.950003
128 328 0.879636
128 328 0.972649
128 328 0.93952
128 328 0.930276
128 328 0.832485
128 328 0.839285
128 328 0.994026
129 329 0.950949
129 329 0.824932
129 329 0.979511
130 330 0.999774
130 330 0.955406
130 330 0.909503
130 330 0.863722
130 330 0.960306
130 330 0.995301
130 330 0.969307
131 331 0.978433
131 331 0.861403
198 498 0.791634
198 498 0.828742
198 498 0.830816
198 498 0.954741
198 498 0.957192
198 498 0.890164
133 333 0.981822
133 333 0.914292
133 333 0.97955
133 333 0.972637
133 333 0.975084
133 333 0.938479
133 333 0.838822
134 334 0.56375
134 334 0.799464
134 334 0.9988
135 335 0.975386
135 335 0.951993
135 335 0.952996
135 335 0.995932
135 335 0.996263
135 335 0.992966
135 335 0.986726
204 504 0.911999
204 504 0.682759
204 504 0.97875
204 504 0.990429
204 504 0.945668
136 336 0.947789
136 336 0.87415
136 336 0.97646
136 336 0.917034
136 336 0.816054
136 336 0.857876
136 336 0.941323
136 336 0.990565
136 336 0.836124
136 336 0.965986
136 336 0.872749
137 337 0.99474
137 337 0.909188
137 337 0.955411
137 337 0.994069
139 339 0.949738
139 339 0.972354
210 510 0.999337
210 510 0.986681
140 340 0.986758
140 340 0.958436
140 340 0.894203
140 340 0.868929
140 340 0.610467
141 341 0.977754
141 341 0.908468
141 341 0.858041
141 341 0.785241
141 341 0.943815
141 341 0.959436
142 342 0.969443
142 342 0.996756
142 342 0.745002
142 342 0.919478
143 343 0.933252
216 516 0.983595
216 516 0.853349
216 516 0.973557
216 516 0.921829
145 345 0.9697
145 345 0.967049
145 345 0.783637
145 345 0.99805
145 345 0.929416
145 345 0.948414
145 345 0.967483
145 345 0.992163
146 346 0.965069
146 346 0.860044
146 346 0.969981
146 346 0.720725
146 346 0.94392
146 346 0.85927
147 347 0.841117
222 522 0.906643
222 522 0.963007
222 522 0.999732
148 348 0.975204
148 348 0.814807
148 348 0.839825
148 348 0.989474
148 348 0.969161
148 348 0.916709
148 348 0.89109
149 349 0.845085
149 349 0.952405
149 349 0.66974
149 349 0.96604
149 349 0.861113
149 349 0.88821
149 349 0.924108
149 349 0.623446
151 351 0.932118
151 351 0.603276
151 351 0.97514
151 351 0.888837
228 528 0.95225
228 528 0.990584
228 528 0.986656
228 528 0.813938
228 528 0.982227
228 528 0.981891
228 528 0.919389
152 352 0.820904
152 352 0.941682
152 352 0.956958
152 352 0.982483
152 352 0.832357
153 353 0.903875
153 353 0.793667
153 353 0.913121
153 353 0.949285
153 353 0.921728
153 353 0.817075
153 353 0.762939
153 353 0.848588
154 354 0.886813
154 354 0.90268
154 354 0.7644
155 355 0.918684
155 355 0.973968
155 355 0.96323
155 355 0.683903
155 355 0.834785
155 355 0.995069
155 355 0.972689
155 355 0.94344
234 534 0.944253
234 534 0.97787
157 357 0.990818
157 357 0.979876
157 357 0.981917
157 357 0.989979
157 357 0.953078
158 358 0.795583
158 358 0.908154
158 358 0.993395
158 358 0.894755
158 358 0.760631
158 358 0.912554
158 358 0.931936
158 358 0.976217
159 359 0.932641
240 540 0.890532
240 540 0.854813
240 540 0.825586
240 540 0.889919
240 540 0.890878
240 540 0.81053
160 360 0.961328
160 360 0.994775
160 360 0.917481
160 360 0.984609
161 361 0.937925
161 361 0.90725
161 361 0.838198
161 361 0.833382
161 361 0.842824
163 363 0.975466
163 363 0.902743
163 363 0.959084
163 363 0.999708
163 363 0.982597
163 363 0.860811
163 363 0.899729
246 546 0.94232
246 546 0.858125
246 546 0.943196
246 546 0.938842
164 364 0.895441
164 364 0.932895
165 365 0.995734
165 365 0.981413
165 365 0.897772
165 365 0.712793
165 365 0.965935
166 366 0.985123
166 366 0.891303
166 366 0.963335
166 366 0.922633
167 367 0.962151
167 367 0.879768
167 367 0.734839
167 367 0.992425
167 367 0.883297
167 367 0.842516
252 552 0.941564
252 552 0.995796
169 369 0.871657
169 369 0.874757
169 369 0.925323
169 369 0.983895
170 370 0.855468
170 370 0.791225
170 370 0.994999
170 370 0.901008
171 371 0.883126
258 558 0.885235
258 558 0.874642
258 558 0.750683
258 558 0.878358
258 558 0.643269
172 372 0.899537
172 372 0.967914
172 372 0.721898
172 372 0.951095
172 372 0.852457
173 373 0.991836
173 373 0.975389
173 373 0.839407
173 373 0.970861
173 373 0.721519
173 373 0.95417
173 373 0.993191
173 373 0.954518
173 373 0.997424
175 375 0.993216
175 375 0.986486
175 375 0.934933
175 375 0.838875
175 375 0.933456
175 375 0.971524
175 375 0.803158
264 564 0.827506
264 564 0.933876
264 564 0.977781
264 564 0.98033
176 376 0.718661
176 376 0.984125
176 376 0.964647
176 376 0.845091
177 377 0.786675
177 377 0.99976
177 377 0.840324
177 377 0.915139
177 377 0.996108
177 377 0.975589
177 377 0.880961
177 377 0.789627
178 378 0.996499
178 378 0.885896
178 378 0.960534
178 378 0.611815
178 378 0.997406
178 378 0.897394
178 378 0.992047
178 378 0.985735
179 379 0.960792
179 379 0.97688
179 379 0.831479
270 570 0.971653
270 570 0.966173
270 570 0.941491
270 570 0.973681
270 570 0.976863
181 381 0.943035
181 381 0.94015
181 381 0.967827
181 381 0.986419
181 381 0.962936
182 382 0.94625
182 382 0.957105
182 382 0.77976
182 382 0.986703
182 382 0.994314
182 382 0.926208
182 382 0.910681
182 382 0.865085
183 383 0.892544
183 383 0.970532
183 383 0.984765
276 576 0.983906
276 576 0.95478
276 576 0.975538
184 384 0.899504
184 384 0.935957
184 384 0.900162
184 384 0.984526
184 384 0.900935
184 384 0.851925
185 385 0.964826
185 385 0.932395
185 385 0.692837
185 385 0.996576
185 385 0.764913
185 385 0.972717
282 582 0.83257
282 582 0.971128
282 582 0.929983
282 582 0.991527
282 582 0.924736
282 582 0.920986
188 388 0.89496
188 388 0.999814
188 388 0.842518
188 388 0.376719
188 388 0.942235
188 388 0.908108
189 389 0.884817
189 389 0.98788
189 389 0.824028
189 389 0.944491
189 389 0.836555
190 390 0.992569
190 390 0.909934
191 391 0.920383
191 391 0.910704
191 391 0.971853
191 391 0.899465
191 391 0.59073
288 588 0.817777
288 588 0.994094
288 588 1
288 588 1
288 588 1
193 393 1
193 393 1
193 393 1
194 394 1
194 394 1
194 394 1
194 394 1
194 394 1
195 395 1
294 594 1
294 594 1
294 594 1
294 594 1
196 396 1
196 396 1
196 396 1
196 396 1
196 396 1
196 396 1
196 396 1
196 396 1
196 396 1
197 397 1
197 397 1
197 397 1
197 397 1
197 397 1
199 399 1
199 399 1
199 399 1
199 399 1
300 600 1
300 600 1
300 600 1
300 600 1
300 600 1
300 600 1
300 600 1
300 600 1
200 400 1
200 400 1
200 400 1
201 401 1
201 401 1
201 401 1
202 402 1
202 402 1
202 402 1
203 403 1
203 403 1
203 403 1
203 403 1
203 403 1
203 403 1
203 403 1
306 606 1
306 606 1
306 606 1
306 606 1
306 606 1
306 606 1
306 606 1
205 405 1
205 405 1
205 405 1
205 405 1
206 406 1
206 406 1
206 406 1
206 406 1
207 407 1
207 407 1
207 407 1
207 407 1
207 407 1
312 612 1
312 612 1
312 612 1
312 612 1
208 408 1
208 408 1
208 408 1
208 408 1
208 408 1
208 408 1
208 408 1
209 409 1
209 409 1
209 409 1
209 409 1
209 409 1
209 409 1
209 409 1
211 411 1
211 411 1
211 411 1
211 411 1
318 618 1
318 618 1
318 618 1
318 618 1
318 618 1
318 618 1
318 618 1
212 412 1
212 412 1
213 413 1
213 413 1
213 413 1
213 413 1
213 413 1
214 414 1
214 414 1
214 414 1
214 414 1
214 414 1
215 415 1
215 415 1
215 415 1
215 415 1
215 415 1
215 415 1
215 415 1
324 624 1
324 624 1
324 624 1
324 624 1
324 624 1
217 417 1
217 417 1
217 417 1
217 417 1
217 417 1
218 418 1
218 418 1
218 418 1
218 418 1
219 419 1
219 419 1
219 419 1
219 419 1
219 419 1
219 419 1
330 630 1
330 630 1
330 630 1
330 630 1
330 630 1
220 420 1
220 420 1
220 420 1
220 420 1
220 420 1
221 421 1
221 421 1
221 421 1
223 423 1
223 423 1
223 423 1
223 423 1
223 423 1
223 423 1
223 423 1
223 423 1
223 423 1
336 636 1
336 636 1
336 636 1
336 636 1
336 636 1
224 424 1
224 424 1
224 424 1
224 424 1
225 425 1
225 425 1
225 425 1
225 425 1
225 425 1
225 425 1
226 426 1
226 426 1
226 426 1
226 426 1
227 427 1
227 427 1
227 427 1
342 642 1
342 642 1
342 642 1
342 642 1
342 642 1
229 429 1
229 429 1
229 429 1
229 429 1
229 429 1
229 429 1
229 429 1
229 429 1
231 431 1
231 431 1
231 431 1
231 431 1
231 431 1
348 648 1
348 648 1
348 648 1
348 648 1
232 432 1
233 433 1
233 433 1
233 433 1
233 433 1
233 433 1
235 435 1
235 435 1
235 435 1
235 435 1
235 435 1
354 654 1
354 654 1
354 654 1
354 654 1
236 436 1
236 436 1
236 436 1
236 436 1
236 436 1
236 436 1
236 436 1
236 436 1
236 436 1
236 436 1
237 437 1
237 437 1
237 437 1
237 437 1
237 437 1
237 437 1
238 438 1
238 438 1
238 438 1
238 438 1
239 439 1
360 660 1
360 660 1
360 660 1
360 660 1
360 660 1
360 660 1
241 441 1
241 441 1
241 441 1
241 441 1
241 441 1
241 441 1
241 441 1
241 441 1
242 442 1
242 442 1
242 442 1
242 442 1
242 442 1
242 442 1
242 442 1
243 443 1
243 443 1
243 443 1
243 443 1
243 443 1
366 666 1
366 666 1
366 666 1
366 666 1
244 444 1
244 444 1
244 444 1
245 445 1
245 445 1
245 445 1
245 445 1
245 445 1
247 447 1
247 447 1
247 447 1
247 447 1
247 447 1
372 672 1
372 672 1
372 672 1
372 672 1
372 672 1
248 448 1
248 448 1
248 448 1
248 448 1
249 449 1
249 449 1
249 449 1
249 449 1
249 449 1
249 449 1
249 449 1
249 449 1
250 450 1
250 450 1
250 450 1
250 450 1
251 451 1
251 451 1
251 451 1
378 678 1
378 678 1
378 678 1
378 678 1
378 678 1
253 453 1
253 453 1
253 453 1
253 453 1
253 453 1
253 453 1
254 454 1
254 454 1
254 454 1
254 454 1
254 454 1
254 454 1
255 455 1
255 455 1
255 455 1
255 455 1
255 455 1
255 455 1
384 684 1
384 684 1
384 684 1
384 684 1
384 684 1
256 456 1
256 456 1
256 456 1
256 456 1
256 456 1
256 456 1
256 456 1
256 456 1
256 456 1
257 457 1
257 457 1
257 457 1
257 457 1
259 459 1
259 459 1
259 459 1
259 459 1
259 459 1
259 459 1
390 690 1
390 690 1
390 690 1
260 460 1
260 460 1
261 461 1
261 461 1
261 461 1
261 461 1
262 462 1
262 462 1
262 462 1
262 462 1
262 462 1
262 462 1
262 462 1
263 463 1
263 463 1
263 463 1
263 463 1
263 463 1
396 696 1
396 696 1
396 696 1
396 696 1
396 696 1
396 696 1
265 465 1
265 465 1
265 465 1
265 465 1
265 465 1
265 465 1
265 465 1
266 466 1
266 466 1
266 466 1
266 466 1
266 466 1
266 466 1
267 467 1
267 467 1
267 467 1
267 467 1
267 467 1
267 467 1
267 467 1
402 702 1
402 702 1
402 702 1
402 702 1
402 702 1
402 702 1
268 468 1
268 468 1
268 468 1
269 469 1
269 469 1
269 469 1
269 469 1
269 469 1
269 469 1
269 469 1
269 469 1
269 469 1
269 469 1
269 469 1
271 471 1
271 471 1
271 471 1
271 471 1
271 471 1
271 471 1
271 471 1
271 471 1
408 708 1
408 708 1
408 708 1
408 708 1
408 708 1
408 708 1
408 708 1
408 708 1
272 472 1
272 472 1
272 472 1
272 472 1
272 472 1
272 472 1
272 472 1
273 473 1
273 473 1
273 473 1
273 473 1
273 473 1
274 474 1
274 474 1
274 474 1
275 475 1
275 475 1
275 475 1
275 475 1
275 475 1
275 475 1
275 475 1
275 475 1
414 714 1
414 714 1
414 714 1
277 477 1
277 477 1
277 477 1
277 477 1
278 478 1
278 478 1
278 478 1
278 478 1
278 478 1
279 479 1
279 479 1
279 479 1
279 479 1
279 479 1
420 720 1
420 720 1
420 720 1
420 720 1
420 720 1
420 720 1
420 720 1
280 480 1
280 480 1
280 480 1
281 481 1
281 481 1
281 481 1
281 481 1
281 481 1
281 481 1
283 483 1
283 483 1
283 483 1
283 483 1
283 483 1
283 483 1
283 483 1
283 483 1
426 726 1
426 726 1
426 726 1
426 726 1
426 726 1
284 484 1
284 484 1
284 484 1
285 485 1
285 485 1
285 485 1
285 485 1
286 486 1
286 486 1
286 486 1
286 486 1
287 487 1
287 487 1
287 487 1
287 487 1
287 487 1
287 487 1
287 487 1
287 487 1
432 732 1
432 732 1
432 732 1
432 732 1
432 732 1
432 732 1
432 732 1
432 732 1
289 489 1
289 489 1
289 489 1
289 489 1
289 489 1
289 489 1
289 489 1
289 489 1
289 489 1
290 490 1
290 490 1
291 491 1
291 491 1
291 491 1
291 491 1
291 491 1
438 738 1
438 738 1
438 738 1
438 738 1
438 738 1
438 738 1
292 492 1
292 492 1
292 492 1
292 492 1
292 492 1
293 493 1
293 493 1
293 493 1
293 493 1
295 495 1
295 495 1
295 495 1
295 495 1
444 744 1
296 496 1
296 496 1
296 496 1
296 496 1
296 496 1
297 497 1
297 497 1
297 497 1
297 497 1
297 497 1
297 497 1
297 497 1
298 498 1
298 498 1
298 498 1
298 498 1
298 498 1
298 498 1
298 498 1
299 499 1
299 499 1
299 499 1
299 499 1
299 499 1
450 750 1
450 750 1
450 750 1
450 750 1
450 750 1
450 750 1
301 501 1
301 501 1
301 501 1
301 501 1
301 501 1
301 501 1
301 501 1
301 501 1
302 502 1
302 502 1
302 502 1
302 502 1
302 502 1
302 502 1
302 502 1
303 503 1
303 503 1
303 503 1
456 756 1
456 756 1
456 756 1
456 756 1
304 504 1
304 504 1
304 504 1
304 504 1
304 504 1
305 505 1
305 505 1
305 505 1
305 505 1
305 505 1
305 505 1
305 505 1
307 507 1
307 507 1
307 507 1
307 507 1
307 507 1
462 762 1
462 762 1
462 762 1
462 762 1
462 762 1
308 508 1
308 508 1
308 508 1
309 509 1
309 509 1
309 509 1
309 509 1
309 509 1
309 509 1
310 510 1
310 510 1
310 510 1
310 510 1
311 511 1
311 511 1
468 768 1
468 768 1
468 768 1
468 768 1
313 513 1
313 513 1
313 513 1
313 513 1
313 513 1
313 513 1
313 513 1
314 514 1
314 514 1
314 514 1
314 514 1
314 514 1
314 514 1
314 514 1
315 515 1
315 515 1
315 515 1
315 515 1
315 515 1
474 774 1
474 774 1
474 774 1
474 774 1
316 516 1
316 516 1
316 516 1
317 517 1
317 517 1
319 519 1
319 519 1
319 519 1
480 780 1
480 780 1
480 780 1
480 780 1
480 780 1
480 780 1
320 520 1
320 520 1
320 520 1
321 521 1
321 521 1
321 521 1
321 521 1
321 521 1
321 521 1
322 522 1
323 523 1
323 523 1
323 523 1
323 523 1
323 523 1
323 523 1
323 523 1
486 786 1
486 786 1
325 525 1
325 525 1
326 526 1
326 526 1
326 526 1
326 526 1
326 526 1
326 526 1
327 527 1
327 527 1
327 527 1
327 527 1
327 527 1
327 527 1
327 527 1
327 527 1
492 792 1
492 792 1
328 528 1
328 528 1
328 528 1
328 528 1
328 528 1
329 529 1
329 529 1
329 529 1
329 529 1
329 529 1
331 531 1
331 531 1
498 798 1
498 798 1
498 798 1
498 798 1
498 798 1
498 798 1
332 532 1
332 532 1
332 532 1
332 532 1
332 532 1
332 532 1
332 532 1
332 532 1
332 532 1
332 532 1
332 532 1
333 533 1
333 533 1
333 533 1
333 533 1
333 533 1
334 534 1
334 534 1
334 534 1
334 534 1
334 534 1
335 535 1
335 535 1
335 535 1
335 535 1
335 535 1
504 804 1
504 804 1
504 804 1
504 804 1
504 804 1
504 804 1
337 537 1
337 537 1
337 537 1
337 537 1
338 538 1
338 538 1
338 538 1
338 538 1
338 538 1
338 538 1
339 539 1
339 539 1
339 539 1
339 539 1
510 810 1
510 810 1
510 810 1
340 540 1
340 540 1
340 540 1
340 540 1
341 541 1
341 541 1
341 541 1
341 541 1
343 543 1
343 543 1
343 543 1
343 543 1
516 816 1
516 816 1
516 816 1
344 544 1
344 544 1
344 544 1
344 544 1
344 544 1
344 544 1
344 544 1
344 544 1
344 544 1
345 545 1
345 545 1
345 545 1
345 545 1
345 545 1
345 545 1
345 545 1
345 545 1
345 545 1
345 545 1
346 546 1
346 546 1
346 546 1
347 547 1
347 547 1
347 547 1
347 547 1
347 547 1
522 822 1
522 822 1
522 822 1
522 822 1
522 822 1
522 822 1
522 822 1
349 549 1
349 549 1
349 549 1
349 549 1
349 549 1
349 549 1
350 550 1
350 550 1
350 550 1
350 550 1
350 550 1
351 551 1
351 551 1
351 551 1
351 551 1
528 828 1
528 828 1
528 828 1
528 828 1
352 552 1
352 552 1
352 552 1
352 552 1
353 553 1
353 553 1
355 555 1
355 555 1
355 555 1
355 555 1
355 555 1
355 555 1
355 555 1
355 555 1
534 834 1
534 834 1
534 834 1
534 834 1
356 556 1
356 556 1
357 557 1
357 557 1
358 558 1
358 558 1
358 558 1
358 558 1
358 558 1
359 559 1
359 559 1
359 559 1
359 559 1
359 559 1
540 840 1
540 840 1
361 561 1
361 561 1
361 561 1
361 561 1
362 562 1
362 562 1
362 562 1
362 562 1
362 562 1
363 563 1
363 563 1
363 563 1
363 563 1
546 846 1
546 846 1
546 846 1
546 846 1
546 846 1
546 846 1
546 846 1
546 846 1
546 846 1
364 564 1
364 564 1
364 564 1
364 564 1
364 564 1
364 564 1
364 564 1
364 564 1
364 564 1
365 565 1
365 565 1
365 565 1
367 567 1
552 852 1
552 852 1
552 852 1
552 852 1
552 852 1
552 852 1
552 852 1
552 852 1
552 852 1
552 852 1
368 568 1
368 568 1
368 568 1
368 568 1
368 568 1
369 569 1
369 569 1
369 569 1
369 569 1
369 569 1
369 569 1
370 570 1
370 570 1
370 570 1
370 570 1
370 570 1
370 570 1
370 570 1
371 571 1
371 571 1
558 858 1
558 858 1
558 858 1
558 858 1
558 858 1
373 573 1
373 573 1
373 573 1
373 573 1
373 573 1
373 573 1
373 573 1
373 573 1
373 573 1
374 574 1
374 574 1
374 574 1
374 574 1
375 575 1
375 575 1
375 575 1
375 575 1
375 575 1
375 575 1
375 575 1
375 575 1
375 575 1
375 575 1
375 575 1
375 575 1
375 575 1
375 575 1
564 864 1
376 576 1
376 576 1
376 576 1
376 576 1
377 577 1
377 577 1
377 577 1
377 577 1
379 579 1
570 870 1
570 870 1
570 870 1
570 870 1
570 870 1
570 870 1
570 870 1
380 580 1
380 580 1
380 580 1
381 581 1
381 581 1
381 581 1
381 581 1
382 582 1
382 582 1
382 582 1
382 582 1
382 582 1
383 583 1
383 583 1
383 583 1
383 583 1
383 583 1
383 583 1
576 876 1
576 876 1
576 876 1
576 876 1
576 876 1
576 876 1
576 876 1
576 876 1
576 876 1
576 876 1
385 585 1
385 585 1
385 585 1
385 585 1
385 585 1
385 585 1
385 585 1
386 586 1
386 586 1
386 586 1
387 587 1
387 587 1
387 587 1
582 882 1
582 882 1
388 588 1
388 588 1
388 588 1
388 588 1
389 589 1
389 589 1
389 589 1
391 591 1
391 591 1
391 591 1
391 591 1
391 591 1
588 888 1
588 888 1
588 888 1
588 888 1
392 592 1
392 592 1
392 592 1
392 592 1
392 592 1
393 593 1
394 594 1
394 594 1
394 594 1
394 594 1
395 595 1
395 595 1
395 595 1
395 595 1
594 894 1
594 894 1
594 894 1
594 894 1
397 597 1
397 597 1
397 597 1
397 597 1
397 597 1
397 597 1
398 598 1
398 598 1
398 598 1
398 598 1
398 598 1
398 598 1
398 598 1
399 599 1
399 599 1
399 599 1
600 900 1
600 900 1
600 900 1
600 900 1
600 900 1
600 900 1
400 600 1
400 600 1
400 600 1
400 600 1
400 600 1
401 601 1
401 601 1
401 601 1
401 601 1
401 601 1
401 601 1
403 603 1
606 906 1
606 906 1
606 906 1
606 906 1
606 906 1
606 906 1
606 906 1
606 906 1
606 906 1
606 906 1
606 906 1
404 604 1
404 604 1
404 604 1
404 604 1
405 605 1
405 605 1
405 605 1
406 606 1
406 606 1
406 606 1
406 606 1
406 606 1
406 606 1
406 606 1
406 606 1
406 606 1
407 607 1
407 607 1
407 607 1
407 607 1
407 607 1
407 607 1
612 912 1
612 912 1
612 912 1
409 609 1
409 609 1
409 609 1
410 610 1
410 610 1
410 610 1
410 610 1
410 610 1
410 610 1
410 610 1
410 610 1
411 611 1
411 611 1
411 611 1
411 611 1
411 611 1
411 611 1
411 611 1
618 918 1
618 918 1
412 612 1
412 612 1
412 612 1
412 612 1
412 612 1
412 612 1
413 613 1
413 613 1
413 613 1
413 613 1
415 615 1
415 615 1
415 615 1
415 615 1
415 615 1
415 615 1
415 615 1
415 615 1
624 924 1
624 924 1
624 924 1
624 924 1
624 924 1
624 924 1
416 616 1
416 616 1
416 616 1
416 616 1
417 617 1
417 617 1
417 617 1
418 618 1
418 618 1
418 618 1
418 618 1
419 619 1
419 619 1
419 619 1
419 619 1
630 930 1
630 930 1
630 930 1
630 930 1
630 930 1
421 621 1
421 621 1
422 622 1
422 622 1
422 622 1
423 623 1
423 623 1
423 623 1
423 623 1
423 623 1
423 623 1
423 623 1
423 623 1
423 623 1
636 936 1
636 936 1
636 936 1
636 936 1
424 624 1
424 624 1
424 624 1
424 624 1
424 624 1
424 624 1
424 624 1
425 625 1
425 625 1
425 625 1
425 625 1
425 625 1
427 627 1
427 627 1
427 627 1
642 942 1
642 942 1
642 942 1
642 942 1
642 942 1
642 942 1
428 628 1
428 628 1
429 629 1
429 629 1
429 629 1
429 629 1
429 629 1
430 630 1
430 630 1
431 631 1
431 631 1
431 631 1
431 631 1
431 631 1
648 948 1
648 948 1
648 948 1
648 948 1
648 948 1
648 948 1
433 633 1
433 633 1
433 633 1
434 634 1
434 634 1
434 634 1
434 634 1
434 634 1
435 635 1
435 635 1
654 954 1
654 954 1
436 636 1
436 636 1
437 637 1
437 637 1
437 637 1
437 637 1
437 637 1
439 639 1
439 639 1
439 639 1
439 639 1
439 639 1
660 960 1
660 960 1
660 960 1
660 960 1
440 640 1
440 640 1
440 640 1
441 641 1
441 641 1
441 641 1
441 641 1
441 641 1
441 641 1
442 642 1
442 642 1
442 642 1
442 642 1
442 642 1
442 642 1
443 643 1
443 643 1
443 643 1
443 643 1
443 643 1
666 966 1
666 966 1
666 966 1
666 966 1
445 645 1
445 645 1
445 645 1
445 645 1
445 645 1
445 645 1
445 645 1
445 645 1
445 645 1
446 646 1
446 646 1
446 646 1
446 646 1
446 646 1
447 647 1
447 647 1
447 647 1
447 647 1
672 972 1
672 972 1
672 972 1
672 972 1
672 972 1
672 972 1
448 648 1
448 648 1
448 648 1
448 648 1
448 648 1
448 648 1
448 648 1
449 649 1
449 649 1
449 649 1
449 649 1
451 651 1
451 651 1
451 651 1
451 651 1
451 651 1
451 651 1
451 651 1
451 651 1
678 978 1
678 978 1
678 978 1
678 978 1
678 978 1
678 978 1
452 652 1
452 652 1
452 652 1
452 652 1
452 652 1
452 652 1
453 653 1
453 653 1
453 653 1
453 653 1
453 653 1
453 653 1
454 654 1
454 654 1
454 654 1
454 654 1
454 654 1
455 655 1
455 655 1
455 655 1
455 655 1
455 655 1
684 984 1
684 984 1
684 984 1
684 984 1
684 984 1
457 657 1
457 657 1
457 657 1
457 657 1
457 657 1
457 657 1
457 657 1
457 657 1
457 657 1
458 658 1
458 658 1
458 658 1
458 658 1
458 658 1
459 659 1
459 659 1
459 659 1
459 659 1
459 659 1
690 990 1
690 990 1
690 990 1
690 990 1
690 990 1
460 660 1
460 660 1
460 660 1
460 660 1
460 660 1
461 661 1
461 661 1
461 661 1
461 661 1
461 661 1
463 663 1
463 663 1
463 663 1
463 663 1
463 663 1
696 996 1
696 996 1
696 996 1
696 996 1
696 996 1
464 664 1
464 664 1
464 664 1
464 664 1
464 664 1
465 665 1
465 665 1
465 665 1
466 666 1
466 666 1
466 666 1
466 666 1
466 666 1
466 666 1
467 667 1
467 667 1
467 667 1
467 667 1
467 667 1
467 667 1
467 667 1
467 667 1
467 667 1
467 667 1
702 1002 1
702 1002 1
702 1002 1
469 669 1
469 669 1
469 669 1
469 669 1
470 670 1
470 670 1
470 670 1
470 670 1
470 670 1
470 670 1
470 670 1
470 670 1
470 670 1
470 670 1
471 671 1
471 671 1
471 671 1
471 671 1
471 671 1
471 671 1
471 671 1
471 671 1
471 671 1
471 671 1
708 1008 1
708 1008 1
708 1008 1
708 1008 1
708 1008 1
708 1008 1
708 1008 1
708 1008 1
472 672 1
472 672 1
472 672 1
472 672 1
472 672 1
472 672 1
472 672 1
472 672 1
472 672 1
472 672 1
472 672 1
472 672 1
473 673 1
473 673 1
473 673 1
473 673 1
475 675 1
475 675 1
475 675 1
475 675 1
714 1014 1
714 1014 1
714 1014 1
714 1014 1
714 1014 1
714 1014 1
714 1014 1
476 676 1
476 676 1
476 676 1
476 676 1
476 676 1
477 677 1
477 677 1
477 677 1
477 677 1
477 677 1
477 677 1
477 677 1
477 677 1
477 677 1
477 677 1
478 678 1
478 678 1
478 678 1
478 678 1
478 678 1
478 678 1
479 679 1
479 679 1
720 1020 1
720 1020 1
720 1020 1
720 1020 1
481 681 1
481 681 1
481 681 1
481 681 1
481 681 1
481 681 1
481 681 1
482 682 1
482 682 1
482 682 1
483 683 1
483 683 1
483 683 1
483 683 1
726 1026 1
726 1026 1
726 1026 1
726 1026 1
726 1026 1
726 1026 1
726 1026 1
726 1026 1
484 684 1
484 684 1
485 685 1
485 685 1
485 685 1
485 685 1
485 685 1
485 685 1
487 687 1
487 687 1
487 687 1
487 687 1
487 687 1
732 1032 1
732 1032 1
732 1032 1
488 688 1
488 688 1
488 688 1
488 688 1
488 688 1
489 689 1
490 690 1
490 690 1
490 690 1
490 690 1
490 690 1
491 691 1
491 691 1
491 691 1
491 691 1
491 691 1
491 691 1
491 691 1
738 1038 1
738 1038 1
738 1038 1
738 1038 1
738 1038 1
493 693 1
493 693 1
493 693 1
493 693 1
493 693 1
493 693 1
493 693 1
494 694 1
494 694 1
494 694 1
494 694 1
495 695 1
495 695 1
495 695 1
495 695 1
495 695 1
495 695 1
744 1044 1
744 1044 1
744 1044 1
744 1044 1
744 1044 1
744 1044 1
744 1044 1
744 1044 1
496 696 1
496 696 1
496 696 1
496 696 1
496 696 1
496 696 1
497 697 1
497 697 1
497 697 1
497 697 1
497 697 1
497 697 1
497 697 1
497 697 1
499 699 1
499 699 1
499 699 1
750 1050 1
750 1050 1
750 1050 1
750 1050 1
500 700 1
500 700 1
500 700 1
500 700 1
500 700 1
500 700 1
501 701 1
501 701 1
501 701 1
502 702 1
502 702 1
502 702 1
503 703 1
503 703 1
503 703 1
503 703 1
503 703 1
503 703 1
503 703 1
503 703 1
503 703 1
503 703 1
756 1056 1
756 1056 1
505 705 1
505 705 1
505 705 1
506 706 1
506 706 1
506 706 1
506 706 1
506 706 1
507 707 1
507 707 1
507 707 1
507 707 1
762 1062 1
762 1062 1
762 1062 1
762 1062 1
762 1062 1
762 1062 1
508 708 1
509 709 1
509 709 1
509 709 1
509 709 1
509 709 1
509 709 1
509 709 1
511 711 1
511 711 1
511 711 1
511 711 1
511 711 1
511 711 1
768 1068 1
768 1068 1
768 1068 1
512 712 1
512 712 1
512 712 1
512 712 1
512 712 1
512 712 1
512 712 1
513 713 1
513 713 1
513 713 1
514 714 1
514 714 1
514 714 1
514 714 1
515 715 1
515 715 1
515 715 1
515 715 1
515 715 1
515 715 1
515 715 1
515 715 1
515 715 1
515 715 1
774 1074 1
774 1074 1
774 1074 1
774 1074 1
774 1074 1
774 1074 1
517 717 1
517 717 1
517 717 1
517 717 1
517 717 1
517 717 1
518 718 1
518 718 1
518 718 1
518 718 1
518 718 1
519 719 1
519 719 1
519 719 1
780 1080 1
780 1080 1
780 1080 1
780 1080 1
780 1080 1
520 720 1
520 720 1
520 720 1
520 720 1
520 720 1
520 720 1
520 720 1
520 720 1
520 720 1
521 721 1
521 721 1
521 721 1
521 721 1
521 721 1
521 721 1
523 723 1
523 723 1
523 723 1
523 723 1
523 723 1
523 723 1
523 723 1
786 1086 1
786 1086 1
786 1086 1
786 1086 1
786 1086 1
786 1086 1
786 1086 1
524 724 1
524 724 1
524 724 1
524 724 1
525 725 1
525 725 1
525 725 1
525 725 1
526 726 1
526 726 1
527 727 1
527 727 1
527 727 1
527 727 1
792 1092 1
792 1092 1
792 1092 1
792 1092 1
792 1092 1
792 1092 1
792 1092 1
792 1092 1
792 1092 1
529 729 1
529 729 1
529 729 1
529 729 1
529 729 1
529 729 1
529 729 1
530 730 1
530 730 1
530 730 1
531 731 1
531 731 1
531 731 1
531 731 1
798 1098 1
798 1098 1
798 1098 1
798 1098 1
798 1098 1
798 1098 1
798 1098 1
532 732 1
532 732 1
532 732 1
532 732 1
532 732 1
532 732 1
533 733 1
533 733 1
533 733 1
533 733 1
533 733 1
533 733 1
533 733 1
533 733 1
533 733 1
533 733 1
533 733 1
535 735 1
535 735 1
535 735 1
535 735 1
535 735 1
535 735 1
804 1104 1
804 1104 1
804 1104 1
537 737 1
537 737 1
537 737 1
537 737 1
538 738 1
538 738 1
538 738 1
538 738 1
538 738 1
538 738 1
539 739 1
539 739 1
539 739 1
810 1110 1
810 1110 1
810 1110 1
810 1110 1
810 1110 1
810 1110 1
541 741 1
541 741 1
541 741 1
541 741 1
541 741 1
541 741 1
541 741 1
542 742 1
542 742 1
542 742 1
542 742 1
542 742 1
542 742 1
542 742 1
542 742 1
542 742 1
543 743 1
543 743 1
543 743 1
543 743 1
543 743 1
816 1116 1
816 1116 1
816 1116 1
816 1116 1
816 1116 1
816 1116 1
816 1116 1
816 1116 1
544 744 1
544 744 1
544 744 1
544 744 1
544 744 1
544 744 1
544 744 1
544 744 1
544 744 1
544 744 1
544 744 1
544 744 1
545 745 1
545 745 1
545 745 1
547 747 1
547 747 1
547 747 1
547 747 1
547 747 1
547 747 1
547 747 1
822 1122 1
822 1122 1
822 1122 1
822 1122 1
548 748 1
548 748 1
548 748 1
548 748 1
549 749 1
549 749 1
549 749 1
549 749 1
549 749 1
550 750 1
550 750 1
550 750 1
550 750 1
550 750 1
551 751 1
551 751 1
551 751 1
551 751 1
551 751 1
551 751 1
828 1128 1
828 1128 1
828 1128 1
828 1128 1
553 753 1
553 753 1
553 753 1
553 753 1
554 754 1
554 754 1
554 754 1
554 754 1
554 754 1
555 755 1
555 755 1
555 755 1
555 755 1
555 755 1
555 755 1
555 755 1
834 1134 1
834 1134 1
834 1134 1
556 756 1
556 756 1
556 756 1
557 757 1
559 759 1
559 759 1
559 759 1
559 759 1
559 759 1
559 759 1
840 1140 1
840 1140 1
560 760 1
560 760 1
560 760 1
560 760 1
560 760 1
561 761 1
561 761 1
561 761 1
561 761 1
561 761 1
561 761 1
562 762 1
562 762 1
562 762 1
562 762 1
563 763 1
563 763 1
563 763 1
563 763 1
846 1146 1
846 1146 1
846 1146 1
846 1146 1
846 1146 1
846 1146 1
846 1146 1
846 1146 1
846 1146 1
565 765 1
566 766 1
566 766 1
566 766 1
566 766 1
566 766 1
566 766 1
566 766 1
566 766 1
567 767 1
567 767 1
567 767 1
567 767 1
567 767 1
567 767 1
852 1152 1
852 1152 1
852 1152 1
852 1152 1
852 1152 1
568 768 1
568 768 1
568 768 1
568 768 1
568 768 1
568 768 1
568 768 1
568 768 1
568 768 1
569 769 1
569 769 1
569 769 1
569 769 1
569 769 1
571 771 1
571 771 1
571 771 1
858 1158 1
858 1158 1
858 1158 1
858 1158 1
858 1158 1
858 1158 1
572 772 1
572 772 1
572 772 1
572 772 1
572 772 1
572 772 1
572 772 1
573 773 1
573 773 1
573 773 1
573 773 1
573 773 1
574 774 1
575 775 1
575 775 1
575 775 1
575 775 1
575 775 1
575 775 1
575 775 1
864 1164 1
864 1164 1
864 1164 1
864 1164 1
864 1164 1
864 1164 1
864 1164 1
577 777 1
577 777 1
577 777 1
577 777 1
578 778 1
578 778 1
578 778 1
578 778 1
578 778 1
579 779 1
579 779 1
579 779 1
579 779 1
579 779 1
579 779 1
870 1170 1
870 1170 1
580 780 1
580 780 1
580 780 1
581 781 1
581 781 1
581 781 1
581 781 1
581 781 1
583 783 1
583 783 1
583 783 1
583 783 1
583 783 1
876 1176 1
876 1176 1
876 1176 1
876 1176 1
876 1176 1
584 784 1
584 784 1
584 784 1
585 785 1
585 785 1
585 785 1
585 785 1
585 785 1
585 785 1
585 785 1
585 785 1
586 786 1
586 786 1
586 786 1
586 786 1
586 786 1
586 786 1
586 786 1
586 786 1
586 786 1
586 786 1
587 787 1
587 787 1
587 787 1
587 787 1
882 1182 1
882 1182 1
882 1182 1
882 1182 1
882 1182 1
882 1182 1
882 1182 1
589 789 1
589 789 1
589 789 1
589 789 1
589 789 1
589 789 1
589 789 1
590 790 1
590 790 1
590 790 1
590 790 1
590 790 1
590 790 1
591 791 1
591 791 1
591 791 1
888 1188 1
888 1188 1
888 1188 1
888 1188 1
888 1188 1
888 1188 1
592 792 1
592 792 1
592 792 1
592 792 1
592 792 1
592 792 1
592 792 1
593 793 1
593 793 1
593 793 1
593 793 1
593 793 1
595 795 1
595 795 1
595 795 1
595 795 1
595 795 1
595 795 1
595 795 1
595 795 1
894 1194 1
894 1194 1
894 1194 1
894 1194 1
596 796 1
596 796 1
597 797 1
597 797 1
598 798 1
598 798 1
598 798 1
598 798 1
598 798 1
598 798 1
599 799 1
599 799 1
599 799 1
599 799 1
900 1200 1
900 1200 1
900 1200 1
900 1200 1
900 1200 1
900 1200 1
900 1200 1
601 801 1
601 801 1
601 801 1
601 801 1
601 801 1
601 801 1
601 801 1
601 801 1
601 801 1
601 801 1
602 802 1
602 802 1
602 802 1
603 803 1
603 803 1
603 803 1
603 803 1
603 803 1
603 803 1
603 803 1
906 1206 1
906 1206 1
604 804 1
604 804 1
604 804 1
604 804 1
604 804 1
604 804 1
605 805 1
605 805 1
605 805 1
607 807 1
607 807 1
607 807 1
607 807 1
607 807 1
607 807 1
607 807 1
912 1212 1
912 1212 1
912 1212 1
912 1212 1
912 1212 1
912 1212 1
608 808 1
608 808 1
608 808 1
608 808 1
609 809 1
609 809 1
609 809 1
609 809 1
610 810 1
610 810 1
610 810 1
610 810 1
611 811 1
611 811 1
918 1218 1
918 1218 1
918 1218 1
918 1218 1
918 1218 1
918 1218 1
918 1218 1
918 1218 1
918 1218 1
918 1218 1
613 813 1
613 813 1
613 813 1
613 813 1
613 813 1
613 813 1
614 814 1
614 814 1
614 814 1
614 814 1
614 814 1
615 815 1
615 815 1
615 815 1
615 815 1
924 1224 1
924 1224 1
924 1224 1
924 1224 1
616 816 1
616 816 1
616 816 1
617 817 1
617 817 1
617 817 1
617 817 1
617 817 1
619 819 1
619 819 1
619 819 1
619 819 1
930 1230 1
930 1230 1
620 820 1
620 820 1
620 820 1
620 820 1
620 820 1
621 821 1
621 821 1
622 822 1
622 822 1
623 823 1
623 823 1
936 1236 1
936 1236 1
936 1236 1
936 1236 1
936 1236 1
625 825 1
625 825 1
625 825 1
625 825 1
625 825 1
625 825 1
626 826 1
626 826 1
626 826 1
627 827 1
627 827 1
627 827 1
627 827 1
627 827 1
627 827 1
942 1242 1
942 1242 1
942 1242 1
942 1242 1
942 1242 1
942 1242 1
942 1242 1
942 1242 1
628 828 1
628 828 1
628 828 1
628 828 1
628 828 1
628 828 1
628 828 1
628 828 1
629 829 1
629 829 1
629 829 1
629 829 1
629 829 1
631 831 1
631 831 1
948 1248 1
948 1248 1
948 1248 1
948 1248 1
948 1248 1
632 832 1
632 832 1
632 832 1
632 832 1
633 833 1
633 833 1
633 833 1
633 833 1
633 833 1
633 833 1
634 834 1
634 834 1
634 834 1
634 834 1
634 834 1
634 834 1
635 835 1
635 835 1
954 1254 1
954 1254 1
954 1254 1
954 1254 1
637 837 1
637 837 1
637 837 1
637 837 1
637 837 1
637 837 1
637 837 1
637 837 1
638 838 1
638 838 1
638 838 1
638 838 1
638 838 1
638 838 1
639 839 1
639 839 1
639 839 1
639 839 1
639 839 1
960 1260 1
960 1260 1
960 1260 1
960 1260 1
640 840 1
641 841 1
641 841 1
641 841 1
641 841 1
643 843 1
643 843 1
643 843 1
643 843 1
643 843 1
643 843 1
643 843 1
966 1266 1
966 1266 1
644 844 1
644 844 1
644 844 1
645 845 1
645 845 1
645 845 1
645 845 1
645 845 1
646 846 1
646 846 1
646 846 1
646 846 1
646 846 1
646 846 1
647 847 1
647 847 1
647 847 1
647 847 1
647 847 1
647 847 1
647 847 1
972 1272 1
972 1272 1
972 1272 1
972 1272 1
972 1272 1
649 849 1
649 849 1
649 849 1
649 849 1
649 849 1
649 849 1
650 850 1
650 850 1
650 850 1
651 851 1
651 851 1
651 851 1
651 851 1
651 851 1
651 851 1
651 851 1
651 851 1
651 851 1
978 1278 1
978 1278 1
978 1278 1
978 1278 1
978 1278 1
652 852 1
652 852 1
652 852 1
652 852 1
652 852 1
652 852 1
653 853 1
653 853 1
655 855 1
655 855 1
655 855 1
984 1284 1
984 1284 1
984 1284 1
984 1284 1
984 1284 1
984 1284 1
984 1284 1
984 1284 1
984 1284 1
656 856 1
656 856 1
656 856 1
656 856 1
656 856 1
657 857 1
657 857 1
657 857 1
657 857 1
657 857 1
658 858 1
658 858 1
658 858 1
658 858 1
658 858 1
658 858 1
658 858 1
658 858 1
658 858 1
659 859 1
659 859 1
659 859 1
659 859 1
659 859 1
659 859 1
659 859 1
659 859 1
659 859 1
990 1290 1
990 1290 1
990 1290 1
990 1290 1
990 1290 1
661 861 1
661 861 1
661 861 1
661 861 1
662 862 1
662 862 1
662 862 1
662 862 1
663 863 1
663 863 1
663 863 1
663 863 1
663 863 1
663 863 1
996 1296 1
996 1296 1
996 1296 1
664 864 1
664 864 1
664 864 1
664 864 1
664 864 1
664 864 1
664 864 1
665 865 1
665 865 1
665 865 1
665 865 1
667 867 1
667 867 1
667 867 1
667 867 1
667 867 1
667 867 1
667 867 1
667 867 1
667 867 1
668 868 1
668 868 1
668 868 1
668 868 1
669 869 1
669 869 1
669 869 1
669 869 1
669 869 1
669 869 1
670 870 1
670 870 1
670 870 1
670 870 1
671 871 1
671 871 1
671 871 1
671 871 1
673 873 1
673 873 1
673 873 1
673 873 1
673 873 1
674 874 1
674 874 1
674 874 1
674 874 1
675 875 1
675 875 1
675 875 1
675 875 1
676 876 1
676 876 1
676 876 1
677 877 1
677 877 1
677 877 1
679 879 1
679 879 1
679 879 1
679 879 1
680 880 1
680 880 1
680 880 1
680 880 1
680 880 1
680 880 1
681 881 1
681 881 1
681 881 1
682 882 1
682 882 1
682 882 1
682 882 1
682 882 1
682 882 1
683 883 1
683 883 1
683 883 1
683 883 1
683 883 1
683 883 1
683 883 1
685 885 1
685 885 1
685 885 1
686 886 1
686 886 1
686 886 1
686 886 1
686 886 1
686 886 1
686 886 1
686 886 1
686 886 1
687 887 1
687 887 1
687 887 1
687 887 1
688 888 1
688 888 1
688 888 1
688 888 1
688 888 1
688 888 1
688 888 1
689 889 1
689 889 1
689 889 1
689 889 1
691 891 1
691 891 1
691 891 1
691 891 1
692 892 1
692 892 1
692 892 1
692 892 1
693 893 1
693 893 1
693 893 1
693 893 1
693 893 1
693 893 1
693 893 1
693 893 1
694 894 1
694 894 1
694 894 1
694 894 1
694 894 1
694 894 1
694 894 1
695 895 1
695 895 1
695 895 1
695 895 1
695 895 1
695 895 1
695 895 1
695 895 1
697 897 1
697 897 1
698 898 1
698 898 1
698 898 1
699 899 1
699 899 1
699 899 1
699 899 1
700 900 1
700 900 1
700 900 1
700 900 1
701 901 1
701 901 1
703 903 1
703 903 1
703 903 1
703 903 1
703 903 1
704 904 1
704 904 1
704 904 1
704 904 1
704 904 1
705 905 1
705 905 1
706 906 1
706 906 1
707 907 1
707 907 1
707 907 1
707 907 1
707 907 1
707 907 1
707 907 1
709 909 1
709 909 1
709 909 1
709 909 1
709 909 1
709 909 1
710 910 1
710 910 1
710 910 1
710 910 1
711 911 1
711 911 1
711 911 1
711 911 1
711 911 1
712 912 1
712 912 1
712 912 1
712 912 1
712 912 1
713 913 1
713 913 1
713 913 1
713 913 1
713 913 1
715 915 1
716 916 1
716 916 1
716 916 1
716 916 1
716 916 1
717 917 1
717 917 1
717 917 1
718 918 1
718 918 1
718 918 1
718 918 1
719 919 1
719 919 1
719 919 1
719 919 1
719 919 1
719 919 1
719 919 1
721 921 1
721 921 1
721 921 1
721 921 1
721 921 1
721 921 1
721 921 1
721 921 1
721 921 1
721 921 1
721 921 1
721 921 1
722 922 1
722 922 1
722 922 1
722 922 1
722 922 1
723 923 1
723 923 1
723 923 1
723 923 1
723 923 1
723 923 1
724 924 1
724 924 1
724 924 1
724 924 1
724 924 1
725 925 1
725 925 1
727 927 1
727 927 1
728 928 1
728 928 1
728 928 1
728 928 1
728 928 1
728 928 1
728 928 1
729 929 1
729 929 1
729 929 1
729 929 1
729 929 1
730 930 1
730 930 1
730 930 1
730 930 1
731 931 1
731 931 1
731 931 1
731 931 1
733 933 1
733 933 1
733 933 1
733 933 1
733 933 1
733 933 1
734 934 1
734 934 1
734 934 1
734 934 1
734 934 1
734 934 1
734 934 1
734 934 1
734 934 1
735 935 1
735 935 1
735 935 1
735 935 1
735 935 1
735 935 1
735 935 1
735 935 1
735 935 1
735 935 1
736 936 1
736 936 1
736 936 1
736 936 1
736 936 1
737 937 1
737 937 1
737 937 1
739 939 1
739 939 1
739 939 1
739 939 1
739 939 1
739 939 1
740 940 1
740 940 1
741 941 1
741 941 1
741 941 1
741 941 1
741 941 1
741 941 1
741 941 1
741 941 1
742 942 1
742 942 1
742 942 1
742 942 1
742 942 1
742 942 1
743 943 1
745 945 1
746 946 1
746 946 1
746 946 1
746 946 1
746 946 1
746 946 1
746 946 1
746 946 1
746 946 1
747 947 1
747 947 1
747 947 1
747 947 1
747 947 1
747 947 1
747 947 1
747 947 1
747 947 1
748 948 1
748 948 1
748 948 1
748 948 1
748 948 1
751 951 1
751 951 1
751 951 1
751 951 1
751 951 1
751 951 1
751 951 1
751 951 1
752 952 1
752 952 1
752 952 1
752 952 1
752 952 1
753 953 1
753 953 1
753 953 1
753 953 1
753 953 1
753 953 1
754 954 1
754 954 1
754 954 1
754 954 1
754 954 1
755 955 1
755 955 1
755 955 1
757 957 1
757 957 1
757 957 1
757 957 1
757 957 1
758 958 1
758 958 1
758 958 1
758 958 1
758 958 1
758 958 1
758 958 1
758 958 1
758 958 1
759 959 1
759 959 1
759 959 1
759 959 1
760 960 1
760 960 1
760 960 1
760 960 1
760 960 1
761 961 1
763 963 1
763 963 1
763 963 1
764 964 1
764 964 1
764 964 1
764 964 1
764 964 1
764 964 1
764 964 1
765 965 1
765 965 1
765 965 1
765 965 1
765 965 1
766 966 1
766 966 1
766 966 1
766 966 1
766 966 1
766 966 1
766 966 1
766 966 1
766 966 1
767 967 1
767 967 1
767 967 1
767 967 1
767 967 1
769 969 1
769 969 1
769 969 1
769 969 1
770 970 1
770 970 1
770 970 1
771 971 1
771 971 1
771 971 1
771 971 1
771 971 1
771 971 1
772 972 1
772 972 1
772 972 1
772 972 1
772 972 1
772 972 1
772 972 1
772 972 1
773 973 1
773 973 1
773 973 1
775 975 1
775 975 1
775 975 1
775 975 1
775 975 1
775 975 1
775 975 1
776 976 1
776 976 1
776 976 1
776 976 1
776 976 1
776 976 1
777 977 1
777 977 1
777 977 1
777 977 1
777 977 1
778 978 1
779 979 1
779 979 1
779 979 1
779 979 1
779 979 1
779 979 1
779 979 1
779 979 1
781 981 1
781 981 1
781 981 1
782 982 1
782 982 1
782 982 1
783 983 1
783 983 1
783 983 1
783 983 1
783 983 1
784 984 1
784 984 1
784 984 1
784 984 1
785 985 1
785 985 1
785 985 1
785 985 1
785 985 1
785 985 1
785 985 1
785 985 1
785 985 1
785 985 1
785 985 1
785 985 1
787 987 1
787 987 1
787 987 1
787 987 1
787 987 1
788 988 1
788 988 1
788 988 1
788 988 1
788 988 1
788 988 1
789 989 1
789 989 1
789 989 1
790 990 1
790 990 1
790 990 1
790 990 1
790 990 1
790 990 1
790 990 1
790 990 1
791 991 1
791 991 1
791 991 1
791 991 1
793 993 1
794 994 1
794 994 1
795 995 1
795 995 1
795 995 1
795 995 1
795 995 1
795 995 1
796 996 1
796 996 1
796 996 1
796 996 1
797 997 1
797 997 1
797 997 1
800 1000 1
800 1000 1
800 1000 1
800 1000 1
801 1001 1
801 1001 1
801 1001 1
801 1001 1
801 1001 1
802 1002 1
802 1002 1
803 1003 1
803 1003 1
803 1003 1
803 1003 1
803 1003 1
803 1003 1
805 1005 1
805 1005 1
805 1005 1
805 1005 1
805 1005 1
805 1005 1
805 1005 1
805 1005 1
805 1005 1
805 1005 1
806 1006 1
806 1006 1
806 1006 1
806 1006 1
806 1006 1
807 1007 1
807 1007 1
807 1007 1
807 1007 1
807 1007 1
807 1007 1
807 1007 1
808 1008 1
808 1008 1
808 1008 1
808 1008 1
808 1008 1
808 1008 1
808 1008 1
809 1009 1
811 1011 1
811 1011 1
811 1011 1
811 1011 1
811 1011 1
811 1011 1
811 1011 1
812 1012 1
812 1012 1
812 1012 1
812 1012 1
813 1013 1
813 1013 1
813 1013 1
813 1013 1
813 1013 1
813 1013 1
814 1014 1
814 1014 1
814 1014 1
814 1014 1
814 1014 1
814 1014 1
815 1015 1
815 1015 1
815 1015 1
815 1015 1
815 1015 1
815 1015 1
817 1017 1
817 1017 1
817 1017 1
817 1017 1
817 1017 1
818 1018 1
818 1018 1
818 1018 1
818 1018 1
818 1018 1
818 1018 1
819 1019 1
819 1019 1
819 1019 1
819 1019 1
819 1019 1
819 1019 1
820 1020 1
820 1020 1
820 1020 1
820 1020 1
820 1020 1
820 1020 1
820 1020 1
820 1020 1
820 1020 1
820 1020 1
820 1020 1
821 1021 1
821 1021 1
821 1021 1
821 1021 1
823 1023 1
823 1023 1
823 1023 1
823 1023 1
823 1023 1
824 1024 1
824 1024 1
824 1024 1
824 1024 1
824 1024 1
824 1024 1
825 1025 1
825 1025 1
825 1025 1
825 1025 1
826 1026 1
826 1026 1
826 1026 1
827 1027 1
827 1027 1
827 1027 1
827 1027 1
827 1027 1
827 1027 1
829 1029 1
829 1029 1
829 1029 1
829 1029 1
830 1030 1
830 1030 1
830 1030 1
830 1030 1
831 1031 1
831 1031 1
831 1031 1
831 1031 1
832 1032 1
832 1032 1
833 1033 1
833 1033 1
835 1035 1
835 1035 1
835 1035 1
835 1035 1
835 1035 1
835 1035 1
835 1035 1
836 1036 1
836 1036 1
836 1036 1
836 1036 1
836 1036 1
836 1036 1
836 1036 1
836 1036 1
837 1037 1
837 1037 1
837 1037 1
837 1037 1
837 1037 1
837 1037 1
838 1038 1
838 1038 1
838 1038 1
838 1038 1
838 1038 1
838 1038 1
839 1039 1
839 1039 1
839 1039 1
839 1039 1
841 1041 1
841 1041 1
841 1041 1
841 1041 1
841 1041 1
842 1042 1
842 1042 1
842 1042 1
842 1042 1
842 1042 1
842 1042 1
843 1043 1
843 1043 1
843 1043 1
843 1043 1
843 1043 1
843 1043 1
844 1044 1
844 1044 1
844 1044 1
844 1044 1
844 1044 1
845 1045 1
845 1045 1
845 1045 1
845 1045 1
845 1045 1
845 1045 1
845 1045 1
845 1045 1
847 1047 1
848 1048 1
848 1048 1
849 1049 1
849 1049 1
849 1049 1
849 1049 1
850 1050 1
850 1050 1
850 1050 1
850 1050 1
850 1050 1
850 1050 1
850 1050 1
850 1050 1
851 1051 1
851 1051 1
851 1051 1
851 1051 1
851 1051 1
853 1053 1
853 1053 1
853 1053 1
853 1053 1
853 1053 1
853 1053 1
854 1054 1
854 1054 1
854 1054 1
854 1054 1
854 1054 1
854 1054 1
855 1055 1
855 1055 1
855 1055 1
855 1055 1
855 1055 1
855 1055 1
855 1055 1
855 1055 1
855 1055 1
855 1055 1
855 1055 1
855 1055 1
855 1055 1
855 1055 1
855 1055 1
855 1055 1
856 1056 1
856 1056 1
856 1056 1
856 1056 1
856 1056 1
856 1056 1
857 1057 1
857 1057 1
857 1057 1
857 1057 1
857 1057 1
857 1057 1
857 1057 1
857 1057 1
857 1057 1
857 1057 1
859 1059 1
859 1059 1
859 1059 1
859 1059 1
859 1059 1
859 1059 1
860 1060 1
860 1060 1
860 1060 1
861 1061 1
862 1062 1
862 1062 1
862 1062 1
862 1062 1
862 1062 1
862 1062 1
862 1062 1
862 1062 1
862 1062 1
863 1063 1
863 1063 1
863 1063 1
863 1063 1
863 1063 1
865 1065 1
865 1065 1
865 1065 1
865 1065 1
865 1065 1
865 1065 1
866 1066 1
866 1066 1
866 1066 1
867 1067 1
867 1067 1
867 1067 1
867 1067 1
867 1067 1
867 1067 1
867 1067 1
867 1067 1
868 1068 1
869 1069 1
869 1069 1
869 1069 1
869 1069 1
869 1069 1
869 1069 1
869 1069 1
871 1071 1
871 1071 1
871 1071 1
871 1071 1
871 1071 1
871 1071 1
871 1071 1
871 1071 1
872 1072 1
872 1072 1
872 1072 1
872 1072 1
873 1073 1
873 1073 1
873 1073 1
873 1073 1
874 1074 1
874 1074 1
874 1074 1
874 1074 1
875 1075 1
875 1075 1
875 1075 1
875 1075 1
875 1075 1
875 1075 1
877 1077 1
877 1077 1
877 1077 1
877 1077 1
877 1077 1
878 1078 1
878 1078 1
878 1078 1
878 1078 1
878 1078 1
878 1078 1
878 1078 1
879 1079 1
879 1079 1
879 1079 1
880 1080 1
880 1080 1
880 1080 1
880 1080 1
880 1080 1
881 1081 1
881 1081 1
881 1081 1
883 1083 1
883 1083 1
883 1083 1
883 1083 1
884 1084 1
884 1084 1
884 1084 1
884 1084 1
885 1085 1
885 1085 1
885 1085 1
885 1085 1
885 1085 1
886 1086 1
886 1086 1
886 1086 1
886 1086 1
887 1087 1
887 1087 1
889 1089 1
889 1089 1
889 1089 1
889 1089 1
890 1090 1
890 1090 1
890 1090 1
891 1091 1
891 1091 1
891 1091 1
892 1092 1
892 1092 1
892 1092 1
892 1092 1
892 1092 1
892 1092 1
893 1093 1
893 1093 1
893 1093 1
893 1093 1
895 1095 1
895 1095 1
896 1096 1
896 1096 1
896 1096 1
896 1096 1
896 1096 1
897 1097 1
897 1097 1
897 1097 1
897 1097 1
898 1098 1
898 1098 1
898 1098 1
898 1098 1
899 1099 1
899 1099 1
899 1099 1
899 1099 1
899 1099 1
899 1099 1
901 1101 1
901 1101 1
901 1101 1
901 1101 1
902 1102 1
902 1102 1
902 1102 1
902 1102 1
902 1102 1
902 1102 1
903 1103 1
903 1103 1
903 1103 1
903 1103 1
904 1104 1
904 1104 1
904 1104 1
904 1104 1
904 1104 1
904 1104 1
905 1105 1
905 1105 1
905 1105 1
905 1105 1
907 1107 1
907 1107 1
907 1107 1
907 1107 1
907 1107 1
908 1108 1
908 1108 1
908 1108 1
908 1108 1
908 1108 1
908 1108 1
909 1109 1
909 1109 1
909 1109 1
909 1109 1
909 1109 1
909 1109 1
909 1109 1
909 1109 1
910 1110 1
910 1110 1
910 1110 1
910 1110 1
910 1110 1
910 1110 1
910 1110 1
910 1110 1
910 1110 1
910 1110 1
910 1110 1
911 1111 1
911 1111 1
911 1111 1
913 1113 1
913 1113 1
914 1114 1
914 1114 1
914 1114 1
914 1114 1
915 1115 1
915 1115 1
915 1115 1
915 1115 1
915 1115 1
916 1116 1
916 1116 1
916 1116 1
916 1116 1
916 1116 1
917 1117 1
917 1117 1
919 1119 1
919 1119 1
919 1119 1
919 1119 1
919 1119 1
919 1119 1
920 1120 1
920 1120 1
920 1120 1
920 1120 1
920 1120 1
920 1120 1
920 1120 1
920 1120 1
921 1121 1
921 1121 1
921 1121 1
921 1121 1
921 1121 1
922 1122 1
922 1122 1
922 1122 1
922 1122 1
922 1122 1
922 1122 1
922 1122 1
922 1122 1
922 1122 1
922 1122 1
923 1123 1
923 1123 1
923 1123 1
923 1123 1
923 1123 1
923 1123 1
923 1123 1
923 1123 1
925 1125 1
925 1125 1
925 1125 1
925 1125 1
925 1125 1
926 1126 1
926 1126 1
926 1126 1
927 1127 1
927 1127 1
927 1127 1
927 1127 1
928 1128 1
928 1128 1
928 1128 1
928 1128 1
928 1128 1
928 1128 1
928 1128 1
929 1129 1
929 1129 1
929 1129 1
929 1129 1
929 1129 1
929 1129 1
931 1131 1
931 1131 1
931 1131 1
932 1132 1
933 1133 1
933 1133 1
933 1133 1
934 1134 1
934 1134 1
934 1134 1
934 1134 1
934 1134 1
935 1135 1
935 1135 1
935 1135 1
935 1135 1
935 1135 1
935 1135 1
935 1135 1
935 1135 1
937 1137 1
937 1137 1
937 1137 1
937 1137 1
937 1137 1
937 1137 1
938 1138 1
938 1138 1
938 1138 1
938 1138 1
938 1138 1
939 1139 1
939 1139 1
939 1139 1
939 1139 1
939 1139 1
940 1140 1
940 1140 1
940 1140 1
940 1140 1
940 1140 1
940 1140 1
941 1141 1
941 1141 1
941 1141 1
941 1141 1
943 1143 1
943 1143 1
943 1143 1
943 1143 1
943 1143 1
944 1144 1
944 1144 1
944 1144 1
944 1144 1
944 1144 1
944 1144 1
945 1145 1
945 1145 1
945 1145 1
946 1146 1
946 1146 1
946 1146 1
946 1146 1
946 1146 1
946 1146 1
946 1146 1
947 1147 1
947 1147 1
947 1147 1
947 1147 1
947 1147 1
949 1149 1
949 1149 1
949 1149 1
949 1149 1
949 1149 1
949 1149 1
950 1150 1
950 1150 1
950 1150 1
950 1150 1
951 1151 1
951 1151 1
951 1151 1
951 1151 1
952 1152 1
952 1152 1
952 1152 1
952 1152 1
953 1153 1
953 1153 1
953 1153 1
953 1153 1
953 1153 1
955 1155 1
955 1155 1
955 1155 1
955 1155 1
955 1155 1
955 1155 1
956 1156 1
956 1156 1
957 1157 1
957 1157 1
957 1157 1
957 1157 1
957 1157 1
957 1157 1
957 1157 1
957 1157 1
958 1158 1
958 1158 1
959 1159 1
959 1159 1
959 1159 1
959 1159 1
959 1159 1
959 1159 1
961 1161 1
961 1161 1
961 1161 1
961 1161 1
962 1162 1
962 1162 1
962 1162 1
962 1162 1
962 1162 1
962 1162 1
962 1162 1
963 1163 1
963 1163 1
963 1163 1
964 1164 1
964 1164 1
964 1164 1
964 1164 1
964 1164 1
965 1165 1
965 1165 1
965 1165 1
965 1165 1
965 1165 1
965 1165 1
965 1165 1
965 1165 1
967 1167 1
967 1167 1
968 1168 1
968 1168 1
968 1168 1
968 1168 1
968 1168 1
968 1168 1
968 1168 1
968 1168 1
969 1169 1
969 1169 1
970 1170 1
970 1170 1
970 1170 1
970 1170 1
970 1170 1
970 1170 1
970 1170 1
970 1170 1
970 1170 1
971 1171 1
971 1171 1
971 1171 1
971 1171 1
971 1171 1
973 1173 1
973 1173 1
973 1173 1
973 1173 1
974 1174 1
974 1174 1
975 1175 1
975 1175 1
975 1175 1
975 1175 1
975 1175 1
976 1176 1
976 1176 1
976 1176 1
976 1176 1
976 1176 1
976 1176 1
976 1176 1
977 1177 1
977 1177 1
979 1179 1
979 1179 1
979 1179 1
979 1179 1
979 1179 1
979 1179 1
979 1179 1
979 1179 1
980 1180 1
980 1180 1
980 1180 1
980 1180 1
980 1180 1
981 1181 1
981 1181 1
981 1181 1
981 1181 1
981 1181 1
981 1181 1
981 1181 1
982 1182 1
982 1182 1
982 1182 1
982 1182 1
982 1182 1
983 1183 1
983 1183 1
983 1183 1
983 1183 1
983 1183 1
983 1183 1
985 1185 1
985 1185 1
985 1185 1
985 1185 1
985 1185 1
985 1185 1
986 1186 1
986 1186 1
987 1187 1
987 1187 1
987 1187 1
987 1187 1
987 1187 1
987 1187 1
988 1188 1
988 1188 1
988 1188 1
988 1188 1
988 1188 1
988 1188 1
989 1189 1
989 1189 1
989 1189 1
989 1189 1
989 1189 1
989 1189 1
991 1191 1
991 1191 1
992 1192 1
992 1192 1
992 1192 1
993 1193 1
993 1193 1
993 1193 1
994 1194 1
994 1194 1
994 1194 1
995 1195 1
995 1195 1
995 1195 1
995 1195 1
997 1197 1
997 1197 1
997 1197 1
997 1197 1
997 1197 1
998 1198 1
998 1198 1
998 1198 1
998 1198 1
999 1199 1
999 1199 1
1000 1200 1
1000 1200 1
1000 1200 1
1000 1200 1
1000 1200 1
1000 1200 1
1000 1200 1
1000 1200 1
