1000 106435
984 1284 0.9
984 1284 0.9
978 1278 0.901109
978 1278 0.901109
972 1272 0.902218
966 1266 0.903327
960 1260 0.904436
954 1254 0.905545
936 1236 0.908872
924 1224 0.911091
924 1224 0.911091
924 1224 0.911091
918 1218 0.9122
918 1218 0.9122
906 1206 0.914418
906 1206 0.914418
906 1206 0.914418
906 1206 0.914418
1000 1200 0.915527
900 1200 0.915527
998 1198 0.915896
995 1195 0.916451
994 1194 0.916636
994 1194 0.916636
994 1194 0.916636
994 1194 0.916636
994 1194 0.916636
894 1194 0.916636
894 1194 0.916636
992 1192 0.917006
992 1192 0.917006
991 1191 0.91719
991 1191 0.91719
989 1189 0.91756
988 1188 0.917745
987 1187 0.91793
986 1186 0.918115
986 1186 0.918115
986 1186 0.918115
985 1185 0.918299
985 1185 0.918299
983 1183 0.918669
882 1182 0.918854
981 1181 0.919039
981 1181 0.919039
979 1179 0.919409
876 1176 0.919963
975 1175 0.920148
975 1175 0.920148
974 1174 0.920333
974 1174 0.920333
974 1174 0.920333
974 1174 0.920333
974 1174 0.920333
973 1173 0.920518
971 1171 0.920887
971 1171 0.920887
971 1171 0.920887
970 1170 0.921072
870 1170 0.921072
870 1170 0.921072
967 1167 0.921627
967 1167 0.921627
864 1164 0.922181
864 1164 0.922181
864 1164 0.922181
962 1162 0.922551
959 1159 0.923105
958 1158 0.92329
858 1158 0.92329
953 1153 0.924214
952 1152 0.924399
951 1151 0.924584
949 1149 0.924954
949 1149 0.924954
949 1149 0.924954
947 1147 0.925323
947 1147 0.925323
946 1146 0.925508
946 1146 0.925508
946 1146 0.925508
846 1146 0.925508
943 1143 0.926063
941 1141 0.926433
939 1139 0.926802
938 1138 0.926987
937 1137 0.927172
937 1137 0.927172
935 1135 0.927542
935 1135 0.927542
934 1134 0.927726
934 1134 0.927726
834 1134 0.927726
834 1134 0.927726
933 1133 0.927911
933 1133 0.927911
928 1128 0.928835
927 1127 0.92902
926 1126 0.929205
926 1126 0.929205
925 1125 0.92939
923 1123 0.92976
922 1122 0.929945
920 1120 0.930314
920 1120 0.930314
920 1120 0.930314
919 1119 0.930499
916 1116 0.931054
914 1114 0.931423
913 1113 0.931608
913 1113 0.931608
911 1111 0.931978
910 1110 0.932163
910 1110 0.932163
810 1110 0.932163
810 1110 0.932163
909 1109 0.932348
908 1108 0.932532
907 1107 0.932717
905 1105 0.933087
904 1104 0.933272
904 1104 0.933272
904 1104 0.933272
903 1103 0.933457
901 1101 0.933826
901 1101 0.933826
897 1097 0.934566
897 1097 0.934566
896 1096 0.93475
896 1096 0.93475
895 1095 0.934935
895 1095 0.934935
892 1092 0.93549
889 1089 0.936044
886 1086 0.936599
786 1086 0.936599
786 1086 0.936599
786 1086 0.936599
885 1085 0.936784
883 1083 0.937153
880 1080 0.937708
878 1078 0.938078
877 1077 0.938262
875 1075 0.938632
874 1074 0.938817
774 1074 0.938817
774 1074 0.938817
774 1074 0.938817
873 1073 0.939002
873 1073 0.939002
873 1073 0.939002
873 1073 0.939002
872 1072 0.939187
871 1071 0.939372
868 1068 0.939926
868 1068 0.939926
768 1068 0.939926
867 1067 0.940111
867 1067 0.940111
867 1067 0.940111
867 1067 0.940111
865 1065 0.940481
863 1063 0.94085
863 1063 0.94085
862 1062 0.941035
862 1062 0.941035
860 1060 0.941405
860 1060 0.941405
855 1055 0.942329
853 1053 0.942699
850 1050 0.943253
750 1050 0.943253
750 1050 0.943253
849 1049 0.943438
848 1048 0.943623
847 1047 0.943808
847 1047 0.943808
845 1045 0.944177
845 1045 0.944177
744 1044 0.944362
744 1044 0.944362
744 1044 0.944362
843 1043 0.944547
839 1039 0.945287
838 1038 0.945471
838 1038 0.945471
838 1038 0.945471
738 1038 0.945471
837 1037 0.945656
837 1037 0.945656
837 1037 0.945656
836 1036 0.945841
835 1035 0.946026
835 1035 0.946026
833 1033 0.946396
732 1032 0.94658
831 1031 0.946765
830 1030 0.94695
830 1030 0.94695
726 1026 0.947689
825 1025 0.947874
824 1024 0.948059
824 1024 0.948059
823 1023 0.948244
821 1021 0.948614
820 1020 0.948799
820 1020 0.948799
819 1019 0.948983
714 1014 0.949908
714 1014 0.949908
813 1013 0.950092
813 1013 0.950092
811 1011 0.950462
811 1011 0.950462
809 1009 0.950832
808 1008 0.951017
808 1008 0.951017
708 1008 0.951017
708 1008 0.951017
807 1007 0.951201
803 1003 0.951941
803 1003 0.951941
702 1002 0.952126
801 1001 0.952311
800 1000 0.952495
797 997 0.95305
797 997 0.95305
797 997 0.95305
797 997 0.95305
796 996 0.953235
795 995 0.95342
795 995 0.95342
795 995 0.95342
793 993 0.953789
791 991 0.954159
791 991 0.954159
791 991 0.954159
790 990 0.954344
790 990 0.954344
790 990 0.954344
790 990 0.954344
790 990 0.954344
690 990 0.954344
690 990 0.954344
789 989 0.954529
789 989 0.954529
788 988 0.954713
787 987 0.954898
787 987 0.954898
787 987 0.954898
785 985 0.955268
784 984 0.955453
784 984 0.955453
784 984 0.955453
782 982 0.955823
779 979 0.956377
779 979 0.956377
779 979 0.956377
778 978 0.956562
777 977 0.956747
776 976 0.956932
776 976 0.956932
771 971 0.957856
771 971 0.957856
770 970 0.958041
767 967 0.958595
666 966 0.95878
765 965 0.958965
765 965 0.958965
765 965 0.958965
763 963 0.959335
763 963 0.959335
660 960 0.959889
660 960 0.959889
660 960 0.959889
759 959 0.960074
758 958 0.960259
754 954 0.960998
654 954 0.960998
752 952 0.961368
748 948 0.962107
748 948 0.962107
747 947 0.962292
746 946 0.962477
742 942 0.963216
642 942 0.963216
739 939 0.963771
737 937 0.96414
737 937 0.96414
735 935 0.96451
735 935 0.96451
734 934 0.964695
731 931 0.96525
730 930 0.965434
630 930 0.965434
727 927 0.965989
727 927 0.965989
725 925 0.966359
725 925 0.966359
724 924 0.966543
724 924 0.966543
724 924 0.966543
724 924 0.966543
624 924 0.966543
624 924 0.966543
624 924 0.966543
723 923 0.966728
723 923 0.966728
722 922 0.966913
722 922 0.966913
722 922 0.966913
722 922 0.966913
721 921 0.967098
719 919 0.967468
717 917 0.967837
716 916 0.968022
716 916 0.968022
716 916 0.968022
715 915 0.968207
715 915 0.968207
715 915 0.968207
712 912 0.968762
710 910 0.969131
709 909 0.969316
707 907 0.969686
704 904 0.97024
703 903 0.970425
701 901 0.970795
701 901 0.970795
700 900 0.97098
700 900 0.97098
700 900 0.97098
699 899 0.971165
699 899 0.971165
698 898 0.971349
698 898 0.971349
698 898 0.971349
697 897 0.971534
697 897 0.971534
694 894 0.972089
691 891 0.972643
688 888 0.973198
588 888 0.973198
588 888 0.973198
686 886 0.973567
685 885 0.973752
683 883 0.974122
682 882 0.974307
582 882 0.974307
681 881 0.974492
677 877 0.975231
677 877 0.975231
676 876 0.975416
576 876 0.975416
576 876 0.975416
674 874 0.975786
671 871 0.97634
671 871 0.97634
670 870 0.976525
670 870 0.976525
670 870 0.976525
570 870 0.976525
570 870 0.976525
570 870 0.976525
570 870 0.976525
570 870 0.976525
570 870 0.976525
669 869 0.97671
669 869 0.97671
668 868 0.976895
667 867 0.977079
665 865 0.977449
664 864 0.977634
664 864 0.977634
564 864 0.977634
663 863 0.977819
662 862 0.978004
662 862 0.978004
659 859 0.978558
659 859 0.978558
659 859 0.978558
658 858 0.978743
658 858 0.978743
658 858 0.978743
558 858 0.978743
558 858 0.978743
558 858 0.978743
657 857 0.978928
655 855 0.979298
653 853 0.979667
653 853 0.979667
652 852 0.979852
652 852 0.979852
650 850 0.980222
649 849 0.980407
649 849 0.980407
646 846 0.980961
546 846 0.980961
546 846 0.980961
546 846 0.980961
645 845 0.981146
645 845 0.981146
644 844 0.981331
641 841 0.981885
640 840 0.98207
640 840 0.98207
639 839 0.982255
638 838 0.98244
638 838 0.98244
638 838 0.98244
635 835 0.982994
635 835 0.982994
635 835 0.982994
635 835 0.982994
634 834 0.983179
534 834 0.983179
534 834 0.983179
633 833 0.983364
633 833 0.983364
632 832 0.983549
632 832 0.983549
629 829 0.984104
628 828 0.984288
528 828 0.984288
627 827 0.984473
627 827 0.984473
627 827 0.984473
625 825 0.984843
623 823 0.985213
623 823 0.985213
622 822 0.985397
621 821 0.985582
619 819 0.985952
619 819 0.985952
616 816 0.986506
516 816 0.986506
516 816 0.986506
614 814 0.986876
613 813 0.987061
613 813 0.987061
610 810 0.987616
610 810 0.987616
610 810 0.987616
510 810 0.987616
609 809 0.9878
607 807 0.98817
504 804 0.988725
602 802 0.989094
598 798 0.989834
597 797 0.990018
597 797 0.990018
596 796 0.990203
593 793 0.990758
492 792 0.990943
492 792 0.990943
492 792 0.990943
590 790 0.991312
590 790 0.991312
590 790 0.991312
586 786 0.992052
586 786 0.992052
585 785 0.992237
585 785 0.992237
583 783 0.992606
583 783 0.992606
581 781 0.992976
580 780 0.993161
480 780 0.993161
577 777 0.993715
574 774 0.99427
474 774 0.99427
474 774 0.99427
573 773 0.994455
572 772 0.99464
572 772 0.99464
571 771 0.994824
571 771 0.994824
571 771 0.994824
571 771 0.994824
569 769 0.995194
566 766 0.995749
566 766 0.995749
565 765 0.995933
562 762 0.996488
462 762 0.996488
462 762 0.996488
560 760 0.996858
560 760 0.996858
559 759 0.997043
559 759 0.997043
557 757 0.997412
456 756 0.997597
456 756 0.997597
456 756 0.997597
554 754 0.997967
551 751 0.998521
550 750 0.998706
550 750 0.998706
450 750 0.998706
547 747 0.999261
543 743 1
542 742 1
541 741 1
539 739 1
539 739 1
538 738 1
538 738 1
537 737 1
432 732 1
530 730 1
529 729 1
526 726 1
526 726 1
426 726 1
426 726 1
524 724 1
524 724 1
524 724 1
524 724 1
523 723 1
521 721 1
420 720 1
519 719 1
518 718 1
517 717 1
515 715 1
514 714 1
414 714 1
414 714 1
511 711 1
509 709 1
507 707 1
506 706 1
505 705 1
402 702 1
402 702 1
402 702 1
500 700 1
500 700 1
499 699 1
499 699 1
497 697 1
497 697 1
495 695 1
493 693 1
491 691 1
491 691 1
490 690 1
490 690 1
487 687 1
485 685 1
483 683 1
478 678 1
478 678 1
477 677 1
476 676 1
475 675 1
475 675 1
472 672 1
472 672 1
372 672 1
372 672 1
467 667 1
466 666 1
366 666 1
366 666 1
464 664 1
464 664 1
461 661 1
461 661 1
461 661 1
461 661 1
460 660 1
460 660 1
360 660 1
360 660 1
458 658 1
457 657 1
455 655 1
354 654 1
453 653 1
453 653 1
452 652 1
452 652 1
451 651 1
451 651 1
451 651 1
449 649 1
449 649 1
348 648 1
348 648 1
348 648 1
446 646 1
446 646 1
446 646 1
445 645 1
443 643 1
443 643 1
443 643 1
443 643 1
442 642 1
442 642 1
342 642 1
342 642 1
441 641 1
439 639 1
439 639 1
336 636 1
336 636 1
434 634 1
431 631 1
330 630 1
330 630 1
429 629 1
324 624 1
422 622 1
421 621 1
419 619 1
418 618 1
418 618 1
417 617 1
416 616 1
415 615 1
413 613 1
312 612 1
411 611 1
411 611 1
410 610 1
409 609 1
306 606 1
306 606 1
405 605 1
403 603 1
401 601 1
401 601 1
399 599 1
397 597 1
395 595 1
394 594 1
394 594 1
394 594 1
394 594 1
394 594 1
294 594 1
294 594 1
392 592 1
392 592 1
389 589 1
288 588 1
288 588 1
385 585 1
383 583 1
382 582 1
282 582 1
282 582 1
381 581 1
381 581 1
379 579 1
377 577 1
377 577 1
276 576 1
276 576 1
375 575 1
374 574 1
371 571 1
371 571 1
270 570 1
369 569 1
368 568 1
264 564 1
264 564 1
363 563 1
363 563 1
362 562 1
359 559 1
258 558 1
357 557 1
356 556 1
355 555 1
353 553 1
352 552 1
351 551 1
350 550 1
349 549 1
349 549 1
347 547 1
347 547 1
344 544 1
344 544 1
343 543 1
341 541 1
341 541 1
240 540 1
240 540 1
339 539 1
338 538 1
338 538 1
335 535 1
334 534 1
334 534 1
332 532 1
332 532 1
331 531 1
331 531 1
329 529 1
228 528 1
326 526 1
323 523 1
322 522 1
222 522 1
321 521 1
320 520 1
320 520 1
319 519 1
319 519 1
316 516 1
316 516 1
316 516 1
216 516 1
315 515 1
314 514 1
313 513 1
310 510 1
310 510 1
308 508 1
308 508 1
305 505 1
304 504 1
204 504 1
204 504 1
303 503 1
301 501 1
301 501 1
298 498 1
297 497 1
296 496 1
296 496 1
296 496 1
296 496 1
295 495 1
293 493 1
192 492 1
289 489 1
286 486 1
286 486 1
186 486 1
186 486 1
284 484 1
283 483 1
283 483 1
281 481 1
180 480 1
279 479 1
279 479 1
278 478 1
275 475 1
274 474 1
274 474 1
174 474 1
273 473 1
269 469 1
269 469 1
268 468 1
268 468 1
168 468 1
168 468 1
267 467 1
263 463 1
263 463 1
262 462 1
262 462 1
261 461 1
260 460 1
260 460 1
257 457 1
256 456 1
256 456 1
254 454 1
253 453 1
253 453 1
251 451 1
251 451 1
251 451 1
251 451 1
245 445 1
245 445 1
243 443 1
242 442 1
238 438 1
138 438 1
235 435 1
232 432 1
231 431 1
229 429 1
229 429 1
126 426 1
126 426 1
225 425 1
224 424 1
224 424 1
223 423 1
220 420 1
220 420 1
220 420 1
220 420 1
220 420 1
219 419 1
218 418 1
217 417 1
217 417 1
215 415 1
214 414 1
211 411 1
108 408 1
207 407 1
203 403 1
203 403 1
201 401 1
200 400 1
199 399 1
199 399 1
197 397 1
196 396 1
96 396 1
191 391 1
190 390 1
90 390 1
189 389 1
188 388 1
188 388 1
185 385 1
184 384 1
184 384 1
84 384 1
84 384 1
84 384 1
181 381 1
179 379 1
78 378 1
176 376 1
176 376 1
176 376 1
172 372 1
72 372 1
171 371 1
170 370 1
169 369 1
169 369 1
169 369 1
66 366 1
165 365 1
165 365 1
165 365 1
164 364 1
164 364 1
164 364 1
160 360 1
159 359 1
159 359 1
159 359 1
158 358 1
158 358 1
54 354 1
54 354 1
153 353 1
153 353 1
153 353 1
152 352 1
148 348 1
148 348 1
48 348 1
48 348 1
147 347 1
147 347 1
146 346 1
145 345 1
145 345 1
143 343 1
143 343 1
42 342 1
42 342 1
140 340 1
140 340 1
136 336 1
136 336 1
36 336 1
36 336 1
135 335 1
131 331 1
30 330 1
129 329 1
127 327 1
127 327 1
125 325 1
124 324 1
124 324 1
124 324 1
124 324 1
123 323 1
123 323 1
122 322 1
122 322 1
121 321 1
121 321 1
119 319 1
116 316 1
116 316 1
111 311 1
111 311 1
110 310 1
110 310 1
109 309 1
107 307 1
105 305 1
105 305 1
104 304 1
101 301 1
101 301 1
99 299 1
98 298 1
98 298 1
94 294 1
94 294 1
93 293 1
93 293 1
91 291 1
91 291 1
91 291 1
91 291 1
89 289 1
89 289 1
87 287 1
86 286 1
85 285 1
81 281 1
81 281 1
81 281 1
80 280 1
76 276 1
74 274 1
73 273 1
70 270 1
69 269 1
65 265 1
63 263 1
61 261 1
59 259 1
59 259 1
59 259 1
58 258 1
57 257 1
56 256 1
52 252 1
50 250 1
50 250 1
47 247 1
45 245 1
41 241 1
41 241 1
39 239 1
38 238 1
37 237 1
37 237 1
35 235 1
34 234 1
33 233 1
33 233 1
32 232 1
32 232 1
31 231 1
29 229 1
29 229 1
29 229 1
28 228 1
27 227 1
27 227 1
26 226 1
26 226 1
26 226 1
25 225 1
25 225 1
25 225 1
19 219 1
17 217 1
15 215 1
13 213 1
11 211 1
9 209 1
8 208 1
8 208 1
8 208 1
8 208 1
8 208 1
8 208 1
7 207 1
4 204 1
3 203 1
3 203 1
1 201 1
1 201 1
