5000 2087080
1521 999 1
169 111 1
338 222 1
338 222 1
207 891 1
1352 888 1
92 396 1
69 297 1
46 198 1
92 396 1
845 555 1
169 111 1
338 222 1
23 99 1
207 891 1
161 693 1
1183 777 1
46 198 1
845 555 1
92 396 1
1521 999 1
845 555 1
46 198 1
507 333 1
69 297 1
184 792 0.843246
138 594 1
1690 1110 1
207 891 1
230 990 1
169 111 1
845 555 1
46 198 1
676 444 0.921189
92 396 0.741981
184 792 1
69 297 1
161 693 1
230 990 1
23 99 1
230 990 1
46 198 1
230 990 1
845 555 1
507 333 1
1014 666 1
92 396 1
1352 888 1
69 297 1
23 99 1
46 198 1
1183 777 1
676 444 1
845 555 1
1521 999 1
230 990 1
69 297 0.830426
115 495 1
207 891 1
1521 999 1
1690 1110 0.809917
115 495 1
1521 999 0.715107
69 297 1
207 891 1
138 594 1
184 792 1
507 333 1
92 396 1
138 594 1
23 99 0.825527
230 990 1
676 444 1
1690 1110 1
1690 1110 1
1183 777 1
676 444 1
46 198 1
1014 666 1
69 297 1
69 297 1
676 444 0.832253
169 111 1
184 792 1
676 444 1
230 990 1
184 792 1
69 297 1
92 396 1
230 990 1
338 222 1
1521 999 1
23 99 1
676 444 1
1690 1110 1
115 495 1
1014 666 1
23 99 1
845 555 1
161 693 0.75693
230 990 1
184 792 1
115 495 1
1014 666 1
676 444 1
92 396 1
184 792 1
1352 888 1
207 891 1
1183 777 1
845 555 1
338 222 1
169 111 1
161 693 1
115 495 1
23 99 1
1014 666 1
23 99 1
1521 999 1
1521 999 1
230 990 1
169 111 1
92 396 1
46 198 0.963913
1690 1110 1
161 693 1
184 792 1
207 891 1
845 555 1
46 198 0.79688
115 495 1
230 990 1
161 693 1
207 891 1
161 693 1
115 495 1
1352 888 1
184 792 1
230 990 1
1352 888 0.82203
46 198 1
338 222 1
69 297 1
676 444 1
184 792 1
338 222 1
1521 999 1
92 396 1
1521 999 1
184 792 1
338 222 1
207 891 1
115 495 1
161 693 1
1690 1110 1
92 396 1
845 555 1
169 111 1
1521 999 0.63291
676 444 1
1521 999 1
1183 777 1
845 555 1
1014 666 1
184 792 1
115 495 1
46 198 1
184 792 1
161 693 1
1521 999 0.970055
507 333 1
115 495 1
1690 1110 1
845 555 1
1014 666 1
230 990 1
676 444 1
1521 999 1
338 222 0.943197
138 594 1
69 297 1
676 444 1
92 396 1
69 297 1
184 792 1
507 333 1
1690 1110 1
845 555 1
207 891 1
92 396 1
207 891 1
207 891 1
845 555 0.690092
1521 999 1
46 198 1
23 99 1
207 891 0.941578
1014 666 1
184 792 1
1183 777 1
169 111 1
1014 666 1
1690 1110 1
138 594 1
1183 777 1
230 990 1
230 990 1
1014 666 1
69 297 1
507 333 1
115 495 0.632636
1521 999 1
115 495 1
1690 1110 1
1521 999 1
46 198 1
92 396 1
338 222 1
676 444 1
676 444 1
115 495 1
46 198 1
230 990 1
69 297 1
169 111 1
1014 666 1
169 111 1
1183 777 0.716245
69 297 0.890892
1014 666 1
338 222 1
46 198 0.790017
138 594 1
169 111 1
46 198 1
23 99 1
1690 1110 1
1183 777 0.921957
169 111 1
207 891 1
138 594 1
1352 888 1
23 99 1
507 333 1
207 891 1
184 792 1
338 222 1
169 111 1
1521 999 1
507 333 1
507 333 1
23 99 1
676 444 1
69 297 1
1521 999 1
138 594 1
69 297 1
46 198 1
184 792 0.915282
676 444 1
161 693 1
169 111 1
676 444 0.737306
1014 666 1
507 333 1
23 99 1
507 333 1
138 594 1
138 594 1
1352 888 1
184 792 1
161 693 1
1352 888 1
23 99 1
338 222 1
23 99 1
138 594 1
1183 777 1
507 333 1
115 495 1
169 111 1
1521 999 0.777068
115 495 1
92 396 1
1690 1110 1
115 495 1
1690 1110 1
845 555 1
92 396 1
184 792 1
1352 888 1
69 297 1
115 495 1
676 444 1
169 111 1
230 990 1
23 99 1
1521 999 1
161 693 1
138 594 1
1521 999 1
23 99 1
207 891 1
1521 999 0.676799
169 111 1
46 198 1
845 555 1
115 495 1
845 555 0.841297
169 111 1
115 495 1
184 792 1
115 495 1
1183 777 1
1352 888 0.790013
338 222 1
207 891 1
207 891 1
338 222 1
207 891 1
676 444 1
1014 666 1
69 297 1
161 693 1
138 594 1
169 111 1
69 297 1
184 792 1
184 792 1
92 396 1
161 693 1
207 891 1
23 99 1
138 594 0.890326
507 333 1
1352 888 1
23 99 1
507 333 1
338 222 1
161 693 1
92 396 1
23 99 0.901702
46 198 0.923186
1014 666 0.869268
507 333 1
161 693 1
69 297 1
169 111 1
92 396 1
115 495 1
115 495 1
46 198 1
115 495 1
115 495 1
46 198 1
1352 888 1
69 297 1
230 990 1
507 333 1
507 333 1
1352 888 1
169 111 1
23 99 1
207 891 1
161 693 1
1352 888 1
184 792 1
507 333 1
845 555 1
92 396 1
1352 888 1
161 693 1
845 555 1
115 495 1
138 594 1
69 297 1
92 396 1
1690 1110 1
1352 888 1
23 99 1
507 333 1
845 555 1
138 594 1
23 99 1
1014 666 1
207 891 1
338 222 1
676 444 1
46 198 1
845 555 1
845 555 1
1014 666 1
676 444 1
338 222 1
1521 999 1
46 198 1
92 396 1
1521 999 1
161 693 1
1183 777 0.937632
169 111 1
23 99 1
1183 777 1
676 444 1
1521 999 1
507 333 1
1183 777 1
676 444 1
184 792 1
23 99 1
138 594 0.83017
115 495 1
1521 999 1
23 99 0.916581
1183 777 1
23 99 1
46 198 1
1183 777 1
507 333 1
184 792 1
161 693 0.872709
138 594 1
161 693 0.889492
338 222 1
1690 1110 1
1014 666 1
69 297 1
1352 888 1
338 222 1
161 693 0.845034
92 396 1
676 444 1
845 555 1
92 396 1
1014 666 1
1690 1110 1
845 555 0.819797
46 198 1
1183 777 1
507 333 1
845 555 1
115 495 1
507 333 1
507 333 1
207 891 1
1521 999 1
845 555 1
1352 888 1
69 297 1
1352 888 1
161 693 1
207 891 1
1183 777 1
1690 1110 1
507 333 0.797425
92 396 1
507 333 1
1352 888 1
507 333 1
1352 888 1
1352 888 1
23 99 0.863123
46 198 1
184 792 0.879153
169 111 1
184 792 1
169 111 1
845 555 1
69 297 1
92 396 1
1352 888 1
92 396 1
1690 1110 1
69 297 0.992114
338 222 1
23 99 1
207 891 1
23 99 1
845 555 1
507 333 1
1521 999 1
1352 888 1
115 495 1
507 333 1
169 111 1
1521 999 1
1521 999 1
676 444 1
1014 666 1
507 333 1
1014 666 1
507 333 1
207 891 1
92 396 1
1690 1110 1
338 222 1
23 99 1
46 198 1
115 495 1
676 444 1
92 396 1
1521 999 1
1690 1110 1
1690 1110 1
1352 888 1
207 891 1
207 891 1
184 792 1
1352 888 1
169 111 1
115 495 1
169 111 0.785115
1183 777 1
184 792 1
207 891 1
845 555 1
161 693 1
23 99 1
1521 999 1
1352 888 1
507 333 1
138 594 1
92 396 1
1183 777 1
161 693 1
138 594 1
338 222 1
230 990 0.893609
845 555 1
338 222 1
92 396 1
69 297 1
115 495 1
1521 999 1
115 495 1
92 396 1
1183 777 1
138 594 1
115 495 1
338 222 1
184 792 1
1352 888 1
161 693 1
1690 1110 1
1521 999 0.957445
169 111 1
161 693 1
184 792 1
169 111 1
1690 1110 1
115 495 1
161 693 1
92 396 1
1014 666 1
23 99 1
1690 1110 1
676 444 1
46 198 1
92 396 1
1690 1110 1
207 891 1
138 594 1
845 555 1
92 396 1
676 444 1
676 444 1
23 99 1
69 297 1
507 333 1
507 333 1
1521 999 1
115 495 1
230 990 1
676 444 1
507 333 0.605471
207 891 1
169 111 1
46 198 1
184 792 1
161 693 1
1352 888 1
138 594 1
69 297 1
230 990 1
845 555 1
69 297 1
676 444 1
230 990 1
207 891 1
1014 666 1
338 222 0.75996
1352 888 1
845 555 1
23 99 1
169 111 1
338 222 1
845 555 1
676 444 1
338 222 0.938724
1352 888 1
845 555 1
207 891 1
1352 888 1
1521 999 0.917818
507 333 1
845 555 1
69 297 1
1183 777 1
1014 666 1
1014 666 1
230 990 0.873824
1014 666 1
1521 999 1
845 555 1
92 396 1
230 990 1
1183 777 1
230 990 1
69 297 1
161 693 1
23 99 0.723872
1183 777 1
1014 666 1
23 99 1
115 495 1
169 111 0.946951
23 99 1
1183 777 1
1183 777 1
169 111 1
230 990 1
161 693 1
169 111 1
1521 999 1
1521 999 1
23 99 1
23 99 1
230 990 1
169 111 1
1183 777 1
207 891 1
507 333 1
184 792 1
69 297 1
1690 1110 1
338 222 1
1014 666 0.791146
230 990 1
92 396 1
230 990 1
1521 999 1
92 396 1
1690 1110 1
161 693 1
92 396 0.776326
92 396 1
845 555 1
1183 777 1
338 222 1
115 495 1
69 297 1
676 444 1
1352 888 1
23 99 1
69 297 1
115 495 0.746151
507 333 1
115 495 1
1014 666 1
207 891 1
23 99 1
507 333 1
338 222 1
1690 1110 1
1690 1110 1
1352 888 1
184 792 1
207 891 1
138 594 1
138 594 1
184 792 1
184 792 1
184 792 1
1014 666 1
69 297 1
115 495 1
1690 1110 1
46 198 1
1521 999 1
338 222 1
507 333 1
1521 999 1
69 297 1
169 111 1
338 222 1
92 396 1
1352 888 1
184 792 1
507 333 1
507 333 1
169 111 1
845 555 0.817446
115 495 0.937745
138 594 1
169 111 1
23 99 1
169 111 1
1690 1110 1
676 444 1
1352 888 1
92 396 1
1183 777 1
1183 777 1
507 333 1
1183 777 0.847476
1690 1110 1
169 111 1
1352 888 1
1521 999 1
23 99 1
338 222 1
676 444 1
207 891 1
207 891 1
230 990 1
1352 888 1
161 693 1
1521 999 1
69 297 1
161 693 0.674555
1690 1110 1
92 396 1
169 111 1
184 792 1
1521 999 1
1521 999 1
845 555 1
184 792 1
161 693 1
507 333 0.887673
138 594 1
169 111 1
1690 1110 1
169 111 1
161 693 1
507 333 1
230 990 1
92 396 1
1014 666 1
676 444 1
338 222 1
1352 888 1
1014 666 1
92 396 1
46 198 1
115 495 0.899197
507 333 1
1352 888 1
1183 777 0.916878
23 99 1
1352 888 1
1183 777 1
845 555 1
338 222 1
138 594 1
676 444 1
184 792 1
676 444 1
92 396 1
845 555 1
161 693 1
1183 777 1
207 891 1
138 594 1
161 693 1
507 333 1
92 396 1
23 99 1
138 594 1
184 792 1
1352 888 1
1521 999 1
115 495 1
338 222 1
1521 999 1
338 222 1
338 222 1
69 297 1
1690 1110 1
1014 666 0.633618
1521 999 1
92 396 1
23 99 1
1183 777 1
230 990 0.837996
207 891 1
169 111 1
169 111 1
169 111 1
338 222 1
1183 777 1
1014 666 1
1014 666 1
115 495 1
161 693 0.821032
46 198 1
161 693 1
676 444 1
23 99 0.767186
92 396 1
92 396 1
1014 666 1
138 594 1
1352 888 1
169 111 1
169 111 1
676 444 1
138 594 1
184 792 0.914055
46 198 1
169 111 1
676 444 1
115 495 1
115 495 1
507 333 1
207 891 1
46 198 1
676 444 1
184 792 1
676 444 1
1014 666 1
161 693 1
1690 1110 1
338 222 1
115 495 1
1521 999 0.897964
338 222 1
507 333 0.89207
69 297 1
1352 888 0.729308
46 198 1
169 111 1
115 495 0.965265
845 555 1
845 555 1
338 222 1
115 495 1
338 222 1
1183 777 0.913634
92 396 1
1690 1110 1
230 990 1
161 693 1
1521 999 1
169 111 1
507 333 1
338 222 1
1014 666 1
169 111 1
161 693 1
169 111 1
845 555 1
1352 888 1
338 222 1
207 891 1
69 297 1
1521 999 1
207 891 1
1690 1110 0.862669
161 693 1
1352 888 1
69 297 1
207 891 1
845 555 1
338 222 1
184 792 1
69 297 1
69 297 1
69 297 1
230 990 1
46 198 1
1690 1110 1
1014 666 0.527196
69 297 1
207 891 1
507 333 1
169 111 1
169 111 1
92 396 0.89082
1183 777 1
1690 1110 1
676 444 1
676 444 1
507 333 1
1521 999 1
230 990 1
161 693 1
338 222 1
69 297 1
1690 1110 1
207 891 1
1690 1110 1
1352 888 0.80839
115 495 1
207 891 0.725142
507 333 1
184 792 1
92 396 1
1521 999 1
92 396 0.775445
230 990 0.742697
1183 777 1
161 693 1
161 693 1
69 297 1
92 396 1
69 297 1
23 99 1
169 111 1
1183 777 1
184 792 1
507 333 1
115 495 1
338 222 1
1352 888 1
338 222 1
161 693 1
138 594 1
1521 999 1
338 222 0.940553
676 444 1
138 594 1
169 111 1
1690 1110 0.659046
1183 777 1
676 444 1
92 396 1
1183 777 0.900544
338 222 1
1183 777 1
1014 666 0.755363
1352 888 1
338 222 0.79512
1014 666 1
338 222 1
1183 777 1
69 297 1
115 495 1
1183 777 1
161 693 0.786718
23 99 1
1352 888 1
207 891 1
1521 999 1
69 297 1
161 693 1
138 594 0.775512
46 198 1
69 297 1
1183 777 1
845 555 1
184 792 1
23 99 0.90542
169 111 1
1521 999 1
845 555 1
115 495 1
207 891 1
1690 1110 1
46 198 1
1183 777 0.981048
23 99 1
1014 666 1
115 495 1
115 495 1
1690 1110 1
207 891 1
1183 777 1
69 297 1
92 396 1
676 444 1
676 444 1
161 693 1
23 99 1
207 891 1
1183 777 1
138 594 1
845 555 1
169 111 1
230 990 1
1183 777 1
23 99 1
1183 777 1
69 297 1
845 555 1
138 594 1
1014 666 1
46 198 1
338 222 1
23 99 1
1521 999 1
1183 777 1
338 222 1
184 792 0.660497
23 99 1
230 990 1
169 111 1
69 297 1
69 297 1
338 222 1
1352 888 1
46 198 1
1183 777 1
115 495 1
207 891 1
92 396 1
92 396 1
138 594 1
138 594 1
230 990 1
46 198 1
1014 666 0.769367
1014 666 1
1183 777 1
46 198 0.963382
169 111 1
845 555 1
1521 999 1
46 198 1
845 555 1
338 222 1
1183 777 1
115 495 1
23 99 1
1352 888 1
1521 999 1
1352 888 0.964257
1521 999 1
1690 1110 0.946743
1352 888 1
138 594 1
845 555 1
845 555 1
69 297 1
115 495 0.93518
92 396 1
115 495 1
46 198 1
845 555 1
676 444 1
230 990 1
1183 777 1
1521 999 0.773129
1014 666 1
92 396 0.845254
1521 999 1
1014 666 0.928357
207 891 0.825986
184 792 1
184 792 1
115 495 1
338 222 1
845 555 1
1014 666 1
1014 666 0.898749
23 99 1
1690 1110 1
138 594 1
184 792 1
1521 999 1
1690 1110 1
676 444 1
92 396 1
23 99 1
507 333 1
207 891 1
676 444 1
507 333 1
207 891 1
1014 666 1
507 333 1
161 693 1
92 396 1
1690 1110 1
1521 999 1
92 396 1
507 333 1
92 396 1
138 594 1
92 396 1
138 594 1
507 333 0.69957
115 495 1
92 396 1
46 198 1
676 444 1
1690 1110 1
115 495 1
1352 888 1
845 555 1
161 693 1
169 111 1
161 693 1
507 333 1
338 222 1
230 990 1
845 555 1
207 891 1
92 396 1
169 111 1
69 297 1
230 990 1
138 594 1
1521 999 1
138 594 1
69 297 1
184 792 1
184 792 1
69 297 1
207 891 1
676 444 1
184 792 1
676 444 1
169 111 1
1690 1110 1
46 198 1
92 396 1
169 111 1
138 594 1
138 594 1
1521 999 1
115 495 1
115 495 1
184 792 1
507 333 1
676 444 1
46 198 1
69 297 1
184 792 0.849219
169 111 1
92 396 1
207 891 1
161 693 1
1183 777 1
338 222 1
1014 666 1
845 555 1
169 111 1
115 495 1
230 990 1
230 990 1
46 198 1
184 792 1
1690 1110 1
1690 1110 1
230 990 1
1014 666 1
184 792 1
207 891 1
1521 999 1
845 555 1
69 297 1
207 891 1
92 396 1
207 891 1
92 396 1
92 396 1
230 990 0.631751
676 444 1
23 99 0.828802
115 495 0.896364
845 555 1
69 297 1
1521 999 1
1183 777 1
92 396 1
230 990 1
169 111 1
1014 666 1
1014 666 1
1183 777 1
184 792 1
138 594 1
1690 1110 1
69 297 1
230 990 1
845 555 1
1014 666 0.921851
1352 888 1
1521 999 1
1014 666 1
184 792 1
1014 666 1
1183 777 1
69 297 0.96347
1352 888 1
1690 1110 1
1690 1110 1
230 990 1
92 396 1
230 990 1
23 99 1
115 495 0.832694
676 444 1
161 693 1
1690 1110 1
845 555 1
46 198 1
1690 1110 1
1690 1110 1
69 297 1
161 693 1
1690 1110 1
115 495 1
507 333 1
92 396 1
184 792 0.830952
23 99 1
1521 999 1
138 594 1
46 198 1
845 555 1
1690 1110 0.569503
92 396 0.824572
338 222 1
115 495 1
1521 999 1
69 297 1
69 297 1
92 396 1
115 495 1
230 990 0.932166
676 444 1
184 792 1
507 333 1
1014 666 1
507 333 1
230 990 1
1352 888 1
161 693 1
1352 888 1
230 990 1
92 396 1
1690 1110 1
115 495 1
507 333 1
138 594 1
207 891 1
1183 777 1
23 99 1
169 111 1
138 594 1
23 99 1
92 396 1
1521 999 1
115 495 1
1352 888 1
1521 999 1
676 444 1
1352 888 1
1690 1110 1
1352 888 1
169 111 1
161 693 1
138 594 1
184 792 1
676 444 1
207 891 1
184 792 1
92 396 1
184 792 1
169 111 1
23 99 1
1352 888 1
1014 666 1
169 111 1
138 594 1
676 444 1
507 333 1
23 99 1
338 222 1
92 396 1
1352 888 0.733822
1690 1110 1
184 792 1
161 693 1
1014 666 1
230 990 1
1690 1110 1
1690 1110 1
1521 999 1
46 198 1
1183 777 1
230 990 1
46 198 0.713264
1014 666 1
46 198 1
138 594 1
69 297 1
230 990 1
115 495 1
46 198 1
1690 1110 1
138 594 1
115 495 1
69 297 1
161 693 1
138 594 1
161 693 1
161 693 0.956325
1521 999 1
507 333 1
230 990 1
1521 999 1
1183 777 1
169 111 1
1521 999 1
184 792 1
1521 999 1
1521 999 0.905504
845 555 1
69 297 1
169 111 1
1690 1110 1
169 111 1
230 990 1
138 594 1
169 111 1
1690 1110 1
207 891 1
507 333 1
1183 777 0.899074
169 111 1
507 333 1
169 111 1
1521 999 1
184 792 1
1521 999 0.984486
507 333 0.919409
69 297 1
338 222 1
1183 777 1
676 444 1
676 444 1
69 297 1
230 990 1
676 444 1
115 495 1
507 333 1
676 444 1
46 198 1
676 444 1
69 297 1
23 99 1
115 495 1
230 990 0.738923
1521 999 1
207 891 1
46 198 1
23 99 1
138 594 1
92 396 1
46 198 1
676 444 1
507 333 1
1352 888 1
23 99 1
184 792 1
184 792 0.82998
1183 777 1
1521 999 1
1183 777 1
23 99 1
1352 888 1
1183 777 1
230 990 0.930004
1521 999 1
338 222 1
23 99 1
338 222 1
845 555 1
1014 666 1
169 111 1
1690 1110 1
92 396 0.852591
845 555 0.933978
1014 666 0.906611
845 555 1
69 297 1
115 495 1
184 792 1
676 444 1
1690 1110 0.690225
46 198 1
845 555 1
115 495 1
676 444 1
23 99 1
338 222 1
69 297 1
115 495 1
1183 777 1
1183 777 1
676 444 1
676 444 1
845 555 0.705761
138 594 1
1352 888 1
115 495 1
23 99 1
69 297 1
115 495 1
161 693 1
23 99 1
138 594 1
92 396 1
845 555 1
845 555 1
207 891 1
138 594 1
1521 999 1
184 792 1
1183 777 1
69 297 1
138 594 1
169 111 1
230 990 1
207 891 1
69 297 1
138 594 1
1690 1110 1
161 693 1
23 99 1
1521 999 1
230 990 1
1521 999 1
338 222 1
184 792 1
138 594 1
169 111 1
230 990 0.894884
92 396 1
507 333 1
184 792 1
507 333 1
338 222 1
230 990 1
1183 777 1
184 792 1
184 792 0.784977
1183 777 1
207 891 1
161 693 1
230 990 1
184 792 1
1352 888 1
207 891 1
1352 888 1
1352 888 0.78104
676 444 1
1352 888 1
184 792 1
138 594 1
507 333 1
676 444 1
69 297 1
184 792 1
184 792 1
1690 1110 1
161 693 1
138 594 1
1183 777 1
1014 666 1
230 990 1
115 495 1
1521 999 1
184 792 0.877554
169 111 1
207 891 0.909737
845 555 1
1352 888 1
338 222 1
845 555 1
676 444 1
207 891 1
507 333 1
169 111 1
169 111 1
169 111 1
676 444 1
161 693 1
1014 666 1
1521 999 1
1521 999 0.690058
845 555 1
676 444 1
845 555 1
1690 1110 1
230 990 1
23 99 1
115 495 1
1183 777 1
184 792 1
169 111 1
169 111 1
845 555 0.947879
115 495 1
230 990 1
1521 999 1
23 99 1
1690 1110 0.902286
1521 999 0.588147
207 891 0.932704
1521 999 1
230 990 1
92 396 1
69 297 1
138 594 1
845 555 1
338 222 1
1352 888 1
92 396 1
1690 1110 1
138 594 0.936126
184 792 1
1521 999 1
92 396 1
845 555 1
23 99 0.777039
46 198 1
230 990 1
115 495 1
115 495 1
1352 888 1
115 495 0.837621
46 198 1
230 990 1
676 444 1
1014 666 0.841842
676 444 1
230 990 1
184 792 1
92 396 1
230 990 1
1521 999 1
1521 999 1
115 495 1
676 444 1
184 792 1
169 111 1
507 333 1
676 444 0.772284
69 297 1
207 891 1
676 444 1
46 198 1
338 222 0.875153
46 198 1
92 396 1
46 198 1
169 111 1
507 333 1
1183 777 1
184 792 1
1014 666 1
138 594 1
676 444 1
507 333 1
115 495 1
230 990 1
69 297 1
1352 888 1
23 99 1
1352 888 1
115 495 1
676 444 1
1352 888 1
1352 888 1
1014 666 1
161 693 1
1183 777 1
46 198 1
69 297 0.949541
676 444 1
207 891 1
207 891 0.615213
92 396 1
1352 888 1
676 444 1
1352 888 1
845 555 1
1521 999 1
46 198 1
338 222 1
184 792 1
338 222 1
1183 777 1
845 555 1
1183 777 1
676 444 1
92 396 1
1690 1110 1
169 111 0.939837
69 297 1
1183 777 1
207 891 1
1014 666 1
1014 666 1
1690 1110 1
169 111 1
1690 1110 1
46 198 1
69 297 1
161 693 1
507 333 1
69 297 1
184 792 1
161 693 1
207 891 1
1521 999 1
23 99 1
1183 777 1
1183 777 1
115 495 1
169 111 1
676 444 1
1352 888 1
845 555 1
1690 1110 1
161 693 0.90198
1014 666 0.689468
69 297 1
230 990 1
23 99 1
92 396 1
207 891 1
507 333 1
46 198 1
69 297 1
115 495 1
92 396 1
46 198 1
169 111 1
676 444 1
1014 666 1
138 594 1
169 111 1
69 297 1
1352 888 1
230 990 1
1014 666 1
23 99 1
1352 888 1
169 111 1
676 444 1
1521 999 1
1352 888 1
169 111 1
1352 888 1
1014 666 1
1183 777 1
1690 1110 1
845 555 1
92 396 1
46 198 1
207 891 1
69 297 1
1521 999 1
338 222 1
1183 777 1
46 198 1
338 222 1
69 297 1
338 222 1
1352 888 1
138 594 1
1690 1110 1
69 297 1
845 555 1
1690 1110 1
1352 888 0.887883
115 495 1
1014 666 1
1014 666 1
845 555 0.755252
23 99 0.723942
169 111 1
676 444 1
46 198 0.936116
23 99 1
1183 777 1
507 333 1
1690 1110 1
676 444 1
46 198 1
92 396 0.856308
1352 888 0.935617
161 693 1
676 444 1
184 792 1
230 990 1
1183 777 1
207 891 1
207 891 1
138 594 1
184 792 1
207 891 1
46 198 1
1183 777 1
138 594 1
1690 1110 1
161 693 1
184 792 1
69 297 1
338 222 1
23 99 1
92 396 1
169 111 1
161 693 1
207 891 1
69 297 1
161 693 1
1014 666 1
1014 666 1
138 594 0.881513
1352 888 1
676 444 1
169 111 1
338 222 1
69 297 1
184 792 1
338 222 1
169 111 1
69 297 1
169 111 1
184 792 1
507 333 1
676 444 1
1183 777 1
676 444 1
184 792 1
138 594 1
207 891 1
1690 1110 1
46 198 1
207 891 1
507 333 1
46 198 1
845 555 0.687324
23 99 1
184 792 1
138 594 1
161 693 0.922123
169 111 1
1352 888 0.934942
676 444 1
507 333 1
676 444 1
46 198 1
115 495 1
1521 999 1
1521 999 1
23 99 1
1183 777 1
338 222 1
338 222 1
138 594 1
1352 888 1
1521 999 1
845 555 1
1014 666 1
1183 777 1
676 444 1
169 111 1
676 444 1
169 111 1
1521 999 1
338 222 1
676 444 1
207 891 1
169 111 1
338 222 1
507 333 1
338 222 1
207 891 1
1521 999 1
1352 888 0.895738
845 555 1
507 333 1
1352 888 0.669505
92 396 0.907106
161 693 1
845 555 1
169 111 1
92 396 1
1352 888 1
138 594 1
1183 777 1
169 111 1
115 495 1
23 99 1
1521 999 1
1014 666 1
115 495 1
230 990 1
207 891 1
1014 666 1
230 990 1
184 792 1
184 792 1
1690 1110 1
46 198 1
69 297 1
1183 777 1
1352 888 1
676 444 1
69 297 1
184 792 1
1690 1110 1
169 111 1
184 792 1
138 594 1
69 297 1
138 594 1
1183 777 1
1183 777 1
1690 1110 1
676 444 1
115 495 1
138 594 1
676 444 1
1521 999 1
338 222 1
1352 888 1
1690 1110 1
115 495 1
1014 666 0.649001
845 555 1
1352 888 1
507 333 0.829412
1183 777 1
138 594 1
115 495 1
338 222 1
1690 1110 1
1352 888 1
1183 777 1
1014 666 1
338 222 1
138 594 1
23 99 1
169 111 1
845 555 0.800435
161 693 0.641925
1014 666 1
1183 777 1
1183 777 0.919834
230 990 1
1352 888 1
23 99 1
69 297 1
1352 888 1
1352 888 1
1690 1110 1
161 693 1
46 198 1
69 297 1
507 333 0.902327
676 444 1
161 693 1
1014 666 1
92 396 1
138 594 1
845 555 1
46 198 1
161 693 1
338 222 1
46 198 1
1690 1110 1
507 333 1
1183 777 1
676 444 1
207 891 1
169 111 1
1521 999 1
507 333 1
161 693 1
1014 666 1
1521 999 1
46 198 1
1183 777 0.836569
845 555 1
1690 1110 1
23 99 1
169 111 1
161 693 1
845 555 1
845 555 1
184 792 1
845 555 1
338 222 1
207 891 1
23 99 1
161 693 1
92 396 1
507 333 1
69 297 1
1521 999 1
115 495 1
845 555 1
92 396 1
1183 777 0.915002
230 990 1
338 222 1
169 111 1
1521 999 1
207 891 0.754599
92 396 1
845 555 1
230 990 1
138 594 1
1014 666 1
676 444 1
184 792 1
138 594 0.942227
845 555 1
507 333 1
845 555 1
161 693 1
46 198 1
1014 666 1
138 594 1
230 990 1
115 495 1
507 333 1
92 396 1
1183 777 1
161 693 1
845 555 0.886826
69 297 1
338 222 0.825654
1352 888 1
1183 777 1
207 891 1
845 555 0.926027
23 99 1
1183 777 1
1352 888 1
845 555 1
184 792 0.828014
1690 1110 1
338 222 1
845 555 0.913552
115 495 1
1014 666 1
1352 888 1
69 297 1
169 111 1
46 198 1
507 333 1
1014 666 1
507 333 1
230 990 1
184 792 1
1352 888 1
69 297 1
138 594 1
507 333 1
184 792 1
1183 777 1
138 594 0.860456
1183 777 1
338 222 1
115 495 1
1690 1110 1
138 594 1
1014 666 1
1690 1110 1
1690 1110 1
1352 888 1
169 111 1
845 555 1
92 396 1
184 792 0.734047
138 594 1
230 990 1
1690 1110 1
69 297 1
338 222 1
161 693 0.979979
230 990 1
1521 999 0.941168
507 333 1
507 333 1
1521 999 1
115 495 1
69 297 0.720492
207 891 1
115 495 1
184 792 1
169 111 1
1183 777 0.890734
69 297 1
207 891 1
138 594 1
69 297 0.762872
23 99 1
46 198 1
338 222 1
207 891 1
338 222 1
169 111 0.764873
1183 777 0.890137
1690 1110 0.531898
46 198 1
161 693 1
1521 999 1
1183 777 0.897685
845 555 1
1183 777 1
92 396 1
1014 666 1
115 495 1
46 198 1
46 198 1
1521 999 1
1521 999 1
1183 777 1
507 333 1
161 693 1
1352 888 1
161 693 1
184 792 1
507 333 1
845 555 1
1014 666 1
338 222 1
23 99 1
338 222 1
207 891 1
138 594 1
207 891 1
1183 777 1
1183 777 0.863583
845 555 1
1352 888 1
184 792 1
338 222 1
69 297 1
69 297 1
207 891 1
207 891 1
23 99 1
69 297 1
169 111 1
507 333 1
46 198 1
676 444 1
676 444 1
676 444 0.897336
845 555 1
1690 1110 0.871114
138 594 0.932469
138 594 1
230 990 1
69 297 1
161 693 1
138 594 1
1014 666 1
1521 999 1
138 594 1
169 111 1
338 222 1
207 891 1
1690 1110 1
161 693 1
845 555 1
1183 777 1
507 333 1
230 990 1
1014 666 0.982624
230 990 1
46 198 1
507 333 0.96502
1521 999 1
1014 666 1
1014 666 1
1690 1110 1
23 99 1
23 99 1
69 297 0.830689
845 555 1
184 792 1
46 198 1
845 555 1
1690 1110 1
138 594 1
46 198 1
169 111 1
69 297 1
1183 777 1
1183 777 1
507 333 1
1352 888 1
338 222 1
46 198 1
1183 777 1
138 594 1
46 198 1
92 396 1
169 111 1
845 555 1
845 555 1
338 222 1
507 333 1
1014 666 1
184 792 1
115 495 1
338 222 0.949362
138 594 1
1183 777 1
230 990 1
169 111 1
845 555 1
138 594 1
1521 999 1
507 333 1
230 990 1
1014 666 1
676 444 1
23 99 1
92 396 1
138 594 1
138 594 1
230 990 0.900887
338 222 1
1014 666 1
207 891 1
230 990 1
115 495 1
46 198 1
138 594 1
338 222 1
845 555 1
230 990 1
169 111 0.631691
1014 666 1
1014 666 1
184 792 1
845 555 1
230 990 1
138 594 1
845 555 1
1690 1110 0.75618
161 693 1
184 792 1
1352 888 1
115 495 0.814256
1014 666 1
1014 666 0.961909
230 990 1
338 222 1
338 222 1
207 891 1
207 891 1
115 495 1
507 333 1
184 792 1
845 555 1
169 111 1
1014 666 1
676 444 1
1690 1110 1
1183 777 1
138 594 1
169 111 1
507 333 1
338 222 1
69 297 1
507 333 1
1521 999 1
1352 888 1
1521 999 1
69 297 1
1352 888 1
1690 1110 1
69 297 1
92 396 1
46 198 1
676 444 1
1690 1110 1
507 333 0.981223
207 891 1
169 111 1
169 111 0.89448
1352 888 1
676 444 1
230 990 1
338 222 1
1014 666 1
338 222 1
161 693 1
92 396 1
676 444 1
169 111 0.957639
230 990 1
1521 999 1
69 297 1
207 891 1
161 693 0.819569
845 555 1
69 297 1
338 222 1
1690 1110 1
845 555 1
115 495 1
46 198 1
23 99 1
676 444 1
161 693 1
207 891 1
1183 777 1
207 891 1
207 891 1
23 99 1
230 990 1
161 693 1
92 396 1
92 396 1
338 222 1
115 495 1
1690 1110 1
1183 777 1
507 333 1
92 396 1
338 222 1
507 333 1
207 891 1
1014 666 1
169 111 1
507 333 1
115 495 0.846356
230 990 1
138 594 1
338 222 1
161 693 1
507 333 1
138 594 1
169 111 0.820131
184 792 1
845 555 1
115 495 0.778114
46 198 1
1690 1110 1
1690 1110 1
507 333 1
46 198 1
1014 666 1
1183 777 1
845 555 1
230 990 1
169 111 1
1521 999 1
169 111 1
1352 888 1
338 222 1
1014 666 0.717476
230 990 1
23 99 1
1521 999 1
507 333 1
169 111 1
1521 999 1
184 792 1
169 111 1
1014 666 1
1521 999 1
207 891 1
23 99 0.874361
1690 1110 1
230 990 1
1521 999 1
23 99 0.769466
23 99 1
138 594 1
169 111 1
845 555 1
46 198 1
207 891 1
161 693 1
169 111 1
845 555 1
92 396 1
230 990 1
1352 888 1
46 198 1
46 198 1
1183 777 1
207 891 0.728055
138 594 1
1183 777 1
169 111 1
1521 999 0.736737
1014 666 1
507 333 1
138 594 1
23 99 0.895175
69 297 1
115 495 1
138 594 1
184 792 1
676 444 1
507 333 1
1521 999 1
184 792 1
161 693 1
338 222 0.87305
230 990 1
169 111 0.933547
23 99 1
845 555 1
1352 888 1
507 333 1
115 495 1
169 111 1
845 555 1
507 333 0.708757
1183 777 1
184 792 1
1014 666 1
845 555 1
169 111 0.770168
161 693 1
676 444 1
92 396 1
161 693 1
92 396 1
184 792 1
1183 777 1
338 222 1
161 693 0.781016
338 222 0.81939
92 396 1
1352 888 1
184 792 1
23 99 1
138 594 1
69 297 0.927534
46 198 1
161 693 1
676 444 1
676 444 0.849918
92 396 1
1352 888 1
138 594 1
115 495 1
1352 888 0.968345
1521 999 1
169 111 1
1183 777 1
1352 888 1
1014 666 0.810398
1690 1110 1
1352 888 1
69 297 1
1352 888 1
338 222 1
169 111 1
1690 1110 1
138 594 1
1690 1110 1
1014 666 1
1690 1110 1
230 990 1
1352 888 1
92 396 1
92 396 0.767202
1014 666 1
46 198 1
184 792 1
1352 888 1
1521 999 1
184 792 1
338 222 1
1014 666 1
676 444 1
46 198 1
1521 999 0.668264
23 99 1
23 99 0.950308
230 990 1
507 333 1
230 990 1
23 99 0.849382
1183 777 1
23 99 1
115 495 1
138 594 1
1690 1110 1
676 444 1
507 333 1
69 297 1
115 495 1
23 99 1
23 99 1
1690 1110 0.894719
184 792 1
1521 999 1
676 444 1
115 495 0.908021
69 297 1
184 792 1
676 444 1
184 792 1
138 594 1
1690 1110 1
1014 666 1
69 297 1
138 594 1
1183 777 1
1521 999 1
161 693 1
23 99 1
184 792 1
1352 888 1
507 333 1
1352 888 0.955971
46 198 1
207 891 1
230 990 1
1352 888 1
1183 777 1
676 444 1
23 99 1
207 891 1
161 693 1
46 198 1
138 594 1
1690 1110 1
1352 888 0.93159
676 444 1
115 495 1
46 198 1
69 297 0.723012
169 111 1
1690 1110 1
1352 888 1
1352 888 1
1521 999 1
23 99 1
138 594 0.865889
184 792 1
46 198 0.827124
169 111 1
507 333 1
46 198 1
845 555 0.93486
184 792 0.966247
1690 1110 1
507 333 1
676 444 1
338 222 1
507 333 1
1183 777 0.874554
184 792 1
230 990 1
507 333 0.953706
507 333 1
1521 999 1
507 333 1
1690 1110 1
1183 777 1
1690 1110 1
230 990 0.911337
184 792 1
138 594 1
169 111 1
845 555 1
507 333 1
169 111 1
184 792 1
1521 999 1
207 891 1
184 792 1
1690 1110 1
184 792 1
1014 666 1
92 396 1
92 396 1
138 594 1
161 693 1
230 990 0.892203
69 297 1
92 396 1
230 990 1
184 792 1
169 111 0.927069
23 99 1
676 444 1
1352 888 1
161 693 0.891159
23 99 1
138 594 1
115 495 1
845 555 1
23 99 1
338 222 1
676 444 1
69 297 1
115 495 1
230 990 1
92 396 1
138 594 1
207 891 1
169 111 1
1521 999 1
207 891 1
46 198 1
1014 666 1
23 99 1
161 693 1
230 990 1
46 198 1
69 297 1
92 396 1
92 396 0.857148
845 555 1
207 891 0.570055
115 495 1
46 198 1
1521 999 0.709991
46 198 1
161 693 1
161 693 1
230 990 1
845 555 1
507 333 1
1521 999 1
169 111 0.922194
1014 666 0.917174
1352 888 1
115 495 1
507 333 1
1690 1110 1
1014 666 1
161 693 1
507 333 1
676 444 1
207 891 1
845 555 0.451374
845 555 1
1521 999 0.832552
46 198 1
92 396 1
1521 999 1
1014 666 1
1183 777 1
507 333 1
169 111 1
1183 777 1
845 555 1
1690 1110 1
161 693 1
92 396 1
845 555 1
1521 999 1
338 222 1
1014 666 1
1690 1110 1
1014 666 1
69 297 1
1014 666 1
92 396 1
23 99 1
92 396 1
115 495 1
1352 888 0.954591
845 555 1
1352 888 1
23 99 1
138 594 1
1521 999 1
845 555 1
169 111 1
230 990 1
207 891 1
507 333 1
230 990 1
1014 666 1
1521 999 1
1183 777 1
115 495 1
115 495 1
1183 777 1
184 792 1
507 333 1
115 495 1
207 891 1
184 792 1
507 333 1
23 99 0.920898
230 990 1
230 990 1
845 555 1
207 891 1
1183 777 1
69 297 1
507 333 1
676 444 1
507 333 1
69 297 1
138 594 1
169 111 1
676 444 1
69 297 1
676 444 1
69 297 0.854916
1352 888 1
69 297 1
1521 999 1
23 99 1
338 222 1
845 555 1
1521 999 1
1521 999 0.859307
1352 888 1
115 495 1
184 792 1
46 198 1
1521 999 1
338 222 1
230 990 1
169 111 1
92 396 1
845 555 1
23 99 1
138 594 0.869687
1183 777 1
184 792 1
169 111 1
1690 1110 1
676 444 1
46 198 1
1014 666 1
1690 1110 1
230 990 1
676 444 1
207 891 1
69 297 1
138 594 1
92 396 1
1014 666 1
138 594 1
1690 1110 0.74549
207 891 1
161 693 1
46 198 1
184 792 1
1352 888 1
845 555 1
207 891 1
230 990 1
1690 1110 1
1690 1110 1
1690 1110 1
338 222 1
138 594 1
207 891 1
1352 888 1
207 891 1
69 297 1
23 99 1
1014 666 1
92 396 1
1183 777 1
207 891 1
1690 1110 1
207 891 1
138 594 1
1014 666 1
46 198 1
676 444 1
161 693 1
207 891 1
92 396 1
507 333 1
507 333 1
115 495 1
1521 999 1
23 99 1
1690 1110 1
1014 666 1
507 333 1
230 990 1
161 693 1
169 111 1
184 792 1
507 333 1
1014 666 1
207 891 1
69 297 1
507 333 1
338 222 1
207 891 1
230 990 1
676 444 1
230 990 1
169 111 1
230 990 0.850782
1014 666 1
1352 888 1
23 99 1
338 222 1
676 444 1
69 297 0.946519
1690 1110 1
1014 666 0.856378
230 990 1
507 333 1
92 396 0.885575
676 444 1
1014 666 1
1521 999 1
161 693 1
676 444 1
1352 888 1
207 891 1
46 198 1
1690 1110 1
1690 1110 1
845 555 1
1183 777 0.917868
1014 666 1
46 198 0.923447
845 555 1
69 297 1
184 792 1
69 297 1
1521 999 1
1183 777 1
46 198 1
845 555 1
845 555 1
845 555 1
207 891 1
161 693 1
115 495 1
207 891 1
676 444 1
169 111 1
338 222 1
1014 666 0.767195
69 297 1
46 198 1
46 198 1
1183 777 1
92 396 1
230 990 1
115 495 1
676 444 1
1352 888 1
161 693 1
1690 1110 1
1014 666 1
184 792 1
46 198 1
338 222 1
230 990 1
507 333 1
1183 777 1
115 495 1
161 693 1
69 297 0.754771
1352 888 1
69 297 1
115 495 1
161 693 1
338 222 1
230 990 1
676 444 1
1014 666 1
230 990 1
1183 777 1
115 495 1
23 99 1
184 792 1
23 99 1
46 198 0.876759
1690 1110 1
138 594 1
69 297 0.933893
161 693 1
207 891 1
115 495 1
161 693 0.77067
184 792 1
115 495 1
507 333 1
1014 666 1
845 555 1
169 111 1
1183 777 1
507 333 0.668597
507 333 1
1690 1110 1
184 792 1
115 495 1
1690 1110 1
46 198 1
676 444 0.980009
161 693 0.639504
92 396 0.827379
676 444 1
1183 777 1
184 792 1
92 396 1
184 792 1
161 693 1
845 555 1
46 198 1
507 333 1
507 333 1
1690 1110 1
92 396 1
161 693 1
676 444 1
1521 999 1
115 495 1
69 297 1
845 555 1
676 444 1
845 555 1
676 444 1
1690 1110 1
46 198 1
23 99 1
845 555 1
230 990 1
69 297 1
1521 999 1
676 444 1
184 792 1
1690 1110 1
1014 666 1
184 792 1
230 990 1
1014 666 1
230 990 1
115 495 1
46 198 1
1690 1110 1
46 198 1
507 333 1
1521 999 1
1690 1110 1
338 222 1
92 396 1
676 444 1
69 297 1
507 333 1
507 333 1
1690 1110 1
46 198 1
338 222 0.765948
23 99 1
507 333 1
507 333 1
138 594 1
1352 888 1
1352 888 1
207 891 0.85133
676 444 1
23 99 1
69 297 0.82781
1014 666 1
138 594 1
1352 888 1
115 495 1
338 222 1
1014 666 1
207 891 1
230 990 1
207 891 1
230 990 1
46 198 1
184 792 1
1690 1110 1
184 792 1
207 891 1
230 990 1
46 198 1
169 111 1
1014 666 1
23 99 1
69 297 1
1521 999 1
69 297 1
845 555 1
1521 999 1
92 396 0.806744
230 990 1
507 333 1
1690 1110 1
184 792 1
115 495 1
161 693 1
161 693 0.898591
1690 1110 1
1521 999 1
23 99 1
676 444 1
184 792 1
169 111 1
1521 999 1
169 111 0.87455
338 222 1
230 990 1
1352 888 1
161 693 1
92 396 1
207 891 1
161 693 1
507 333 1
138 594 1
676 444 1
92 396 1
1014 666 1
161 693 1
184 792 1
1183 777 1
138 594 1
115 495 1
230 990 1
1183 777 1
1014 666 1
338 222 1
1521 999 1
845 555 1
92 396 1
138 594 1
1352 888 1
230 990 1
161 693 1
1183 777 1
676 444 1
230 990 1
69 297 1
161 693 1
23 99 1
845 555 1
115 495 1
23 99 1
138 594 1
115 495 1
169 111 1
69 297 1
23 99 1
1521 999 1
115 495 1
338 222 1
338 222 1
338 222 0.632323
207 891 1
138 594 1
46 198 1
92 396 1
1014 666 1
1352 888 1
1183 777 1
338 222 1
1521 999 1
338 222 1
507 333 1
338 222 1
845 555 1
338 222 1
161 693 1
1014 666 1
676 444 1
1183 777 1
161 693 1
207 891 0.876001
46 198 1
1014 666 1
138 594 1
1014 666 1
1183 777 1
1690 1110 1
46 198 1
230 990 1
161 693 0.899181
169 111 1
161 693 1
676 444 1
1183 777 1
207 891 1
1183 777 1
69 297 0.920657
92 396 1
23 99 1
169 111 1
1352 888 1
169 111 1
161 693 1
92 396 1
1690 1110 1
46 198 1
69 297 1
1183 777 1
207 891 1
46 198 1
46 198 1
1183 777 1
138 594 1
676 444 1
69 297 1
338 222 1
1014 666 1
1690 1110 1
92 396 1
92 396 1
1183 777 1
338 222 1
1521 999 1
92 396 1
46 198 1
845 555 1
46 198 1
207 891 1
1014 666 1
230 990 1
676 444 1
676 444 1
1183 777 1
1690 1110 1
23 99 1
46 198 1
207 891 1
138 594 1
507 333 1
161 693 1
338 222 1
69 297 1
69 297 1
138 594 1
1521 999 1
69 297 1
207 891 1
676 444 1
23 99 1
115 495 1
184 792 0.856588
1014 666 1
230 990 1
676 444 1
46 198 1
138 594 1
1521 999 1
845 555 1
92 396 1
1352 888 0.749801
207 891 0.864822
46 198 1
207 891 1
1521 999 0.795256
230 990 1
1690 1110 1
1183 777 1
92 396 1
845 555 1
69 297 1
69 297 0.839755
1352 888 1
115 495 1
676 444 1
230 990 1
169 111 1
138 594 1
115 495 1
207 891 1
69 297 0.860726
207 891 1
676 444 1
1352 888 1
184 792 1
46 198 1
23 99 1
1183 777 1
845 555 1
161 693 1
1014 666 1
115 495 1
46 198 1
138 594 1
1690 1110 0.985947
161 693 1
46 198 0.764303
169 111 1
1014 666 1
207 891 1
845 555 1
69 297 1
23 99 1
184 792 1
676 444 1
845 555 1
115 495 1
115 495 1
115 495 1
207 891 0.837146
46 198 1
845 555 1
169 111 1
1183 777 1
1183 777 1
184 792 1
1690 1110 1
161 693 1
507 333 1
507 333 1
169 111 1
1521 999 1
1014 666 1
1183 777 1
1521 999 1
845 555 1
23 99 1
845 555 1
115 495 1
207 891 1
338 222 1
1183 777 1
507 333 0.656265
69 297 1
845 555 1
1352 888 1
92 396 1
338 222 1
46 198 0.547161
138 594 1
1521 999 1
1690 1110 1
1014 666 1
230 990 1
1352 888 1
169 111 1
845 555 1
338 222 0.895727
1690 1110 1
69 297 1
1014 666 1
1183 777 1
115 495 1
161 693 1
1014 666 1
23 99 1
1521 999 1
1690 1110 1
207 891 1
207 891 1
1183 777 1
169 111 1
1690 1110 1
1014 666 1
338 222 1
169 111 1
230 990 1
338 222 1
138 594 1
230 990 1
184 792 1
230 990 1
230 990 1
507 333 1
169 111 1
69 297 1
69 297 1
1690 1110 1
1014 666 1
1352 888 1
230 990 1
23 99 1
184 792 1
1521 999 1
69 297 1
1690 1110 1
507 333 1
507 333 1
161 693 1
1521 999 0.877721
23 99 1
230 990 1
184 792 1
845 555 1
115 495 1
138 594 1
23 99 1
507 333 0.890007
115 495 1
1690 1110 1
338 222 1
1352 888 1
1521 999 1
1183 777 1
184 792 1
1521 999 1
338 222 1
338 222 1
1352 888 1
1521 999 1
230 990 1
23 99 1
338 222 1
338 222 1
161 693 1
69 297 1
845 555 0.849335
46 198 1
338 222 1
845 555 1
92 396 1
1521 999 1
169 111 1
207 891 1
1014 666 1
1690 1110 1
46 198 1
169 111 1
507 333 1
338 222 1
115 495 1
207 891 1
207 891 0.7854
338 222 1
1690 1110 1
1183 777 1
138 594 1
92 396 1
184 792 1
92 396 1
676 444 1
115 495 1
23 99 0.813542
169 111 1
845 555 1
338 222 1
23 99 1
207 891 1
23 99 1
69 297 1
138 594 0.765727
138 594 1
23 99 1
1690 1110 1
845 555 0.992433
1014 666 1
230 990 0.897121
1014 666 1
1521 999 1
1183 777 0.70863
46 198 0.691025
46 198 1
676 444 1
338 222 1
338 222 0.791001
138 594 1
169 111 1
845 555 1
1183 777 1
46 198 1
115 495 1
1690 1110 1
676 444 1
169 111 1
676 444 1
115 495 1
161 693 0.832184
230 990 1
92 396 1
230 990 1
115 495 1
1014 666 1
115 495 1
338 222 1
676 444 1
92 396 1
1690 1110 0.87409
138 594 1
69 297 1
115 495 1
338 222 0.851196
92 396 1
138 594 1
23 99 1
92 396 1
1183 777 1
69 297 0.907438
507 333 0.903166
1183 777 1
1183 777 1
1521 999 1
169 111 1
46 198 1
845 555 1
1014 666 1
46 198 1
507 333 1
169 111 1
23 99 1
1014 666 1
338 222 1
92 396 1
845 555 1
115 495 1
845 555 1
23 99 1
69 297 1
338 222 1
230 990 1
138 594 1
1183 777 1
1521 999 0.867124
138 594 1
23 99 1
184 792 1
1521 999 1
1183 777 1
1352 888 1
184 792 1
338 222 1
1352 888 1
207 891 0.842068
676 444 1
1352 888 0.871725
169 111 1
23 99 0.715938
1352 888 1
138 594 1
184 792 1
115 495 0.641635
676 444 1
1014 666 1
184 792 1
169 111 1
1521 999 1
69 297 1
1183 777 1
138 594 1
207 891 1
184 792 1
46 198 1
23 99 1
338 222 1
184 792 1
161 693 1
1521 999 1
115 495 1
138 594 1
169 111 1
207 891 1
338 222 1
115 495 1
207 891 1
230 990 1
138 594 1
845 555 1
230 990 1
1183 777 1
338 222 1
1352 888 1
676 444 0.853191
1690 1110 0.738102
1690 1110 1
115 495 1
1690 1110 1
1014 666 1
184 792 1
676 444 1
69 297 1
169 111 1
676 444 1
845 555 1
161 693 1
1183 777 1
1521 999 1
1521 999 1
23 99 1
676 444 1
507 333 0.742536
845 555 1
1521 999 1
138 594 1
161 693 1
184 792 1
23 99 1
338 222 1
169 111 1
69 297 1
184 792 0.889634
338 222 1
207 891 1
161 693 1
138 594 1
46 198 1
161 693 1
23 99 1
507 333 1
184 792 1
207 891 0.877407
184 792 1
1183 777 1
1690 1110 1
23 99 1
1014 666 1
161 693 0.83182
507 333 0.709672
1014 666 1
1014 666 1
207 891 1
46 198 1
69 297 1
184 792 1
161 693 1
169 111 1
1183 777 1
46 198 1
207 891 1
1183 777 1
207 891 0.915988
207 891 1
23 99 1
1690 1110 1
92 396 1
69 297 1
169 111 1
1521 999 1
138 594 1
69 297 1
1521 999 1
1352 888 1
23 99 1
230 990 1
92 396 1
115 495 1
1183 777 1
161 693 0.910213
845 555 1
138 594 1
1690 1110 1
1690 1110 1
161 693 1
161 693 1
1352 888 1
207 891 1
1352 888 1
230 990 1
69 297 1
1521 999 1
1014 666 1
230 990 1
845 555 1
845 555 1
676 444 1
338 222 1
507 333 1
1352 888 1
138 594 1
23 99 0.858162
676 444 1
338 222 1
23 99 1
507 333 1
23 99 1
1014 666 1
1690 1110 1
115 495 1
1352 888 1
184 792 1
338 222 0.717858
338 222 1
1521 999 1
676 444 1
338 222 0.904881
207 891 1
676 444 1
92 396 1
230 990 1
23 99 1
1352 888 1
845 555 0.622315
1521 999 1
23 99 1
161 693 1
115 495 1
845 555 1
1690 1110 1
92 396 0.848757
845 555 1
1352 888 1
1521 999 1
507 333 1
1521 999 1
845 555 1
1183 777 1
138 594 1
169 111 1
92 396 1
338 222 1
1521 999 1
92 396 1
230 990 1
92 396 1
115 495 1
161 693 0.874753
184 792 1
507 333 1
338 222 1
69 297 1
92 396 1
230 990 1
184 792 1
115 495 0.405914
161 693 1
676 444 1
46 198 0.916458
46 198 1
676 444 1
161 693 0.596498
507 333 1
1352 888 1
676 444 1
23 99 1
184 792 1
23 99 1
676 444 1
46 198 1
676 444 1
507 333 0.9164
169 111 1
338 222 1
1014 666 1
1521 999 1
1183 777 1
338 222 1
207 891 1
1690 1110 1
1014 666 1
507 333 1
1014 666 1
184 792 1
138 594 1
207 891 1
115 495 1
507 333 1
338 222 0.916704
507 333 0.62484
1521 999 1
676 444 1
161 693 1
676 444 1
69 297 1
184 792 1
23 99 1
161 693 1
230 990 1
338 222 1
207 891 1
169 111 1
676 444 1
69 297 1
338 222 0.801611
138 594 1
138 594 0.639458
507 333 1
207 891 1
161 693 1
845 555 1
115 495 1
676 444 1
507 333 1
138 594 1
169 111 0.767641
1014 666 1
1690 1110 1
1014 666 1
1014 666 1
184 792 1
115 495 1
1690 1110 1
169 111 0.924072
338 222 1
1352 888 1
845 555 1
92 396 1
46 198 1
676 444 1
169 111 1
161 693 1
1690 1110 1
169 111 1
92 396 1
92 396 0.611607
115 495 1
184 792 1
1352 888 1
230 990 1
1352 888 1
23 99 1
184 792 1
507 333 1
115 495 1
184 792 1
1352 888 1
115 495 1
230 990 1
115 495 1
23 99 0.897116
338 222 1
676 444 1
23 99 1
676 444 1
115 495 1
845 555 1
1690 1110 1
1521 999 1
92 396 1
1521 999 1
46 198 1
69 297 0.858156
338 222 1
1183 777 1
169 111 1
1014 666 1
1352 888 1
184 792 1
676 444 1
1014 666 1
676 444 1
507 333 1
1014 666 0.701481
507 333 1
845 555 1
184 792 0.886107
230 990 1
1352 888 0.861764
1014 666 1
338 222 1
207 891 1
1014 666 1
338 222 1
138 594 1
1014 666 1
115 495 1
1690 1110 1
161 693 1
676 444 1
169 111 1
23 99 1
1183 777 1
845 555 1
845 555 1
845 555 1
1352 888 1
92 396 1
69 297 1
46 198 1
1014 666 1
169 111 1
138 594 1
169 111 1
169 111 1
676 444 1
230 990 1
676 444 1
138 594 1
92 396 1
138 594 1
230 990 1
338 222 1
676 444 1
184 792 1
1521 999 1
1690 1110 1
1352 888 1
161 693 1
676 444 1
676 444 1
1352 888 1
184 792 1
1014 666 1
46 198 1
1014 666 1
46 198 1
92 396 0.853557
69 297 0.72329
230 990 1
1183 777 1
69 297 1
1014 666 0.939306
169 111 1
169 111 1
161 693 1
338 222 1
676 444 1
23 99 1
1183 777 1
138 594 1
230 990 1
115 495 1
1690 1110 1
676 444 1
1690 1110 1
46 198 1
23 99 1
69 297 1
338 222 1
92 396 1
46 198 1
507 333 1
23 99 0.528155
69 297 1
46 198 1
507 333 1
115 495 1
138 594 1
69 297 1
46 198 1
338 222 1
845 555 1
338 222 1
507 333 1
1014 666 1
1352 888 1
161 693 0.932256
845 555 1
23 99 1
1690 1110 1
184 792 1
507 333 1
92 396 0.932401
338 222 1
676 444 1
92 396 0.897528
1690 1110 1
338 222 1
507 333 0.869743
1183 777 1
1183 777 0.870285
1352 888 1
46 198 1
676 444 1
115 495 1
92 396 1
1352 888 1
46 198 1
46 198 1
46 198 1
1521 999 1
115 495 1
115 495 1
161 693 1
184 792 1
676 444 1
23 99 1
207 891 1
169 111 1
507 333 1
1690 1110 0.984912
676 444 1
338 222 1
46 198 1
23 99 1
207 891 1
184 792 0.935153
1014 666 1
115 495 1
676 444 1
1352 888 1
845 555 1
69 297 1
23 99 1
184 792 0.908141
23 99 1
92 396 1
169 111 1
69 297 1
1352 888 1
1690 1110 0.744708
1521 999 1
1690 1110 1
169 111 1
507 333 1
115 495 1
138 594 1
676 444 1
46 198 1
1690 1110 1
161 693 1
46 198 1
1521 999 1
338 222 1
46 198 1
184 792 1
845 555 1
1352 888 1
1352 888 1
92 396 1
1521 999 1
69 297 1
69 297 1
92 396 1
676 444 1
138 594 1
23 99 1
69 297 1
184 792 1
1690 1110 1
138 594 1
1521 999 1
161 693 1
1183 777 1
184 792 1
69 297 1
507 333 1
138 594 1
1690 1110 1
1014 666 1
161 693 1
1352 888 1
92 396 1
1521 999 0.722625
676 444 1
1352 888 1
845 555 1
46 198 1
676 444 1
23 99 1
1690 1110 1
230 990 0.94486
845 555 1
1521 999 1
161 693 1
69 297 0.785808
115 495 1
338 222 1
230 990 1
138 594 1
1690 1110 1
92 396 1
161 693 1
1521 999 1
23 99 1
230 990 1
507 333 1
115 495 0.958014
184 792 1
69 297 1
207 891 1
338 222 1
92 396 1
46 198 0.952917
507 333 0.823956
46 198 1
92 396 1
338 222 0.403066
1352 888 1
92 396 1
1014 666 1
184 792 1
1014 666 1
1183 777 0.878985
92 396 0.716207
207 891 0.82337
169 111 1
138 594 1
69 297 1
230 990 1
1183 777 1
1183 777 1
507 333 1
338 222 1
115 495 1
169 111 1
1352 888 1
207 891 1
207 891 1
92 396 1
1014 666 1
46 198 1
1183 777 1
1014 666 1
138 594 0.899474
845 555 1
1014 666 1
676 444 1
169 111 1
115 495 1
1521 999 0.655025
845 555 1
1521 999 1
207 891 1
230 990 1
507 333 1
161 693 1
1014 666 1
230 990 1
507 333 1
184 792 1
1690 1110 1
207 891 1
207 891 1
1352 888 1
230 990 1
507 333 1
230 990 1
1183 777 1
115 495 1
1183 777 0.715742
23 99 0.962833
92 396 1
1183 777 0.989284
138 594 1
169 111 1
69 297 1
169 111 1
230 990 1
1183 777 1
1521 999 1
69 297 0.806693
507 333 1
169 111 1
1014 666 1
507 333 1
1183 777 1
23 99 1
115 495 1
507 333 1
46 198 1
507 333 1
46 198 1
1352 888 1
1352 888 1
46 198 0.816521
207 891 1
676 444 1
115 495 1
161 693 1
1014 666 1
184 792 1
207 891 0.703751
1014 666 1
207 891 1
1183 777 1
1690 1110 1
115 495 1
845 555 1
230 990 1
1183 777 1
46 198 1
92 396 1
338 222 1
169 111 1
207 891 1
46 198 1
138 594 1
23 99 1
69 297 1
1690 1110 1
69 297 1
230 990 1
507 333 1
23 99 1
676 444 0.726038
230 990 1
230 990 1
169 111 0.906363
23 99 1
338 222 1
507 333 1
115 495 1
169 111 1
69 297 1
230 990 1
207 891 1
138 594 1
184 792 1
207 891 0.950312
115 495 1
1014 666 1
507 333 1
507 333 1
1690 1110 1
207 891 1
46 198 1
23 99 1
230 990 1
507 333 1
1352 888 1
230 990 1
92 396 1
161 693 1
507 333 1
338 222 1
115 495 1
1183 777 1
115 495 1
169 111 1
507 333 1
1352 888 1
138 594 1
69 297 1
69 297 1
1521 999 1
161 693 0.874799
161 693 1
1521 999 1
207 891 1
845 555 1
1183 777 1
507 333 1
1521 999 1
115 495 1
676 444 1
207 891 0.788007
161 693 1
169 111 1
92 396 1
92 396 0.70133
115 495 1
338 222 1
92 396 1
1690 1110 1
92 396 0.992539
1521 999 1
23 99 1
92 396 1
184 792 0.831599
1352 888 1
338 222 1
507 333 1
169 111 1
207 891 1
676 444 1
676 444 1
1014 666 1
69 297 1
161 693 1
92 396 1
92 396 0.868373
1690 1110 1
230 990 1
115 495 1
1521 999 1
207 891 1
207 891 0.945991
161 693 1
138 594 1
69 297 1
161 693 1
138 594 1
138 594 1
1521 999 1
1183 777 1
1521 999 1
207 891 1
161 693 1
92 396 1
230 990 1
338 222 1
207 891 1
138 594 1
138 594 1
92 396 1
230 990 1
1014 666 1
1014 666 1
92 396 1
1014 666 1
92 396 1
184 792 1
207 891 1
338 222 1
676 444 1
184 792 1
115 495 1
161 693 1
676 444 1
1352 888 0.902057
676 444 1
46 198 1
845 555 1
46 198 1
169 111 1
1690 1110 1
69 297 1
230 990 0.976151
161 693 1
161 693 1
23 99 1
46 198 1
1014 666 1
46 198 1
92 396 1
1183 777 1
69 297 1
92 396 1
1183 777 1
1352 888 1
92 396 1
1014 666 1
676 444 1
230 990 1
69 297 1
1014 666 1
338 222 1
92 396 1
23 99 1
845 555 1
1183 777 1
92 396 1
138 594 1
69 297 1
230 990 1
1183 777 1
1183 777 1
507 333 1
338 222 1
1690 1110 1
676 444 1
23 99 0.905042
1521 999 1
138 594 1
92 396 1
161 693 1
161 693 1
338 222 1
115 495 1
169 111 1
338 222 1
1014 666 1
23 99 1
115 495 1
69 297 0.945307
69 297 0.799851
1183 777 1
845 555 1
69 297 1
115 495 1
1690 1110 1
845 555 1
1352 888 0.973496
1183 777 1
92 396 1
23 99 1
184 792 1
676 444 1
46 198 1
1014 666 1
676 444 1
207 891 1
1183 777 1
338 222 1
1183 777 1
115 495 1
676 444 1
676 444 1
115 495 1
338 222 1
845 555 1
161 693 0.84751
1352 888 1
138 594 1
169 111 1
1521 999 1
23 99 1
69 297 1
845 555 0.912021
207 891 0.913703
138 594 1
1352 888 0.662209
207 891 1
207 891 1
184 792 1
161 693 1
161 693 1
338 222 1
230 990 1
1014 666 1
1690 1110 1
69 297 1
69 297 1
184 792 1
92 396 0.932388
207 891 1
230 990 1
845 555 1
338 222 1
184 792 1
676 444 0.754552
46 198 1
507 333 1
1352 888 1
184 792 1
207 891 1
46 198 0.94848
46 198 1
230 990 1
845 555 1
23 99 1
1183 777 1
1014 666 1
69 297 0.630285
138 594 1
845 555 1
845 555 1
46 198 1
138 594 1
676 444 1
23 99 1
169 111 1
1014 666 0.889086
1690 1110 0.957979
23 99 1
184 792 1
161 693 1
184 792 1
676 444 1
184 792 1
207 891 1
115 495 1
138 594 1
676 444 1
507 333 1
115 495 1
138 594 1
161 693 1
1183 777 1
115 495 1
230 990 1
1352 888 1
676 444 1
1014 666 1
138 594 1
1352 888 1
161 693 1
138 594 1
338 222 1
1690 1110 0.646524
184 792 1
138 594 1
1014 666 0.940714
69 297 1
1183 777 0.852394
23 99 1
138 594 1
507 333 1
69 297 1
161 693 1
1352 888 1
1014 666 1
1352 888 1
23 99 1
138 594 1
845 555 0.832023
184 792 1
23 99 1
1521 999 1
46 198 1
1521 999 1
23 99 1
507 333 1
92 396 1
46 198 1
23 99 1
169 111 1
1014 666 1
115 495 0.71907
1690 1110 1
115 495 1
1183 777 1
46 198 1
138 594 0.942196
1352 888 1
92 396 1
507 333 1
1183 777 1
676 444 0.715031
69 297 1
115 495 1
1690 1110 1
115 495 1
1521 999 1
1352 888 1
1014 666 1
138 594 1
184 792 1
1014 666 1
92 396 1
1690 1110 1
161 693 0.757492
1183 777 1
92 396 1
1183 777 1
1690 1110 1
1690 1110 1
115 495 1
1352 888 1
115 495 1
1183 777 1
507 333 1
676 444 1
1352 888 1
69 297 1
845 555 1
115 495 1
169 111 1
230 990 1
338 222 1
1521 999 1
23 99 1
69 297 1
138 594 1
676 444 0.764574
230 990 0.703875
207 891 1
338 222 1
507 333 1
1690 1110 1
207 891 1
92 396 1
184 792 1
138 594 1
1183 777 0.740796
69 297 1
230 990 1
115 495 1
1014 666 1
184 792 0.733246
230 990 1
169 111 0.724378
230 990 1
1521 999 1
1690 1110 1
69 297 1
338 222 1
1352 888 1
845 555 1
676 444 0.959826
1521 999 1
338 222 1
507 333 1
161 693 1
845 555 1
338 222 0.705611
1521 999 1
230 990 1
845 555 1
507 333 1
507 333 1
1183 777 1
169 111 1
184 792 1
207 891 1
161 693 1
115 495 1
115 495 1
230 990 1
230 990 0.887045
230 990 1
1521 999 1
115 495 1
207 891 1
1690 1110 1
1183 777 1
207 891 1
230 990 1
1014 666 1
338 222 1
161 693 1
69 297 1
207 891 1
1014 666 1
138 594 1
507 333 1
1690 1110 1
338 222 1
92 396 1
507 333 1
338 222 0.880472
69 297 1
845 555 1
1521 999 1
138 594 1
1014 666 1
207 891 1
207 891 1
676 444 1
1014 666 1
169 111 1
138 594 1
207 891 1
169 111 1
92 396 1
115 495 1
845 555 1
507 333 1
338 222 1
676 444 1
230 990 1
46 198 1
184 792 1
161 693 1
92 396 1
507 333 1
169 111 0.955985
161 693 1
230 990 1
676 444 1
1352 888 0.882089
161 693 1
46 198 1
1183 777 1
23 99 1
1352 888 1
184 792 0.598409
46 198 1
69 297 1
138 594 1
207 891 1
207 891 1
184 792 1
1521 999 0.836333
1183 777 1
1183 777 1
161 693 1
845 555 1
676 444 1
207 891 1
184 792 1
230 990 1
1014 666 1
184 792 1
161 693 1
1690 1110 0.655555
115 495 1
507 333 1
1690 1110 1
845 555 1
1521 999 1
338 222 1
138 594 1
1352 888 1
1183 777 1
845 555 1
161 693 1
161 693 1
169 111 1
845 555 0.739699
138 594 1
138 594 1
92 396 1
169 111 1
1521 999 1
845 555 1
23 99 1
338 222 1
115 495 1
1521 999 0.906524
138 594 1
115 495 1
845 555 1
1352 888 1
161 693 1
169 111 1
230 990 1
676 444 1
69 297 1
115 495 1
1690 1110 1
207 891 1
230 990 1
1521 999 1
161 693 1
1690 1110 1
338 222 0.816362
507 333 1
115 495 1
138 594 1
169 111 1
507 333 1
69 297 1
161 693 1
161 693 1
138 594 1
1521 999 0.845821
161 693 1
46 198 1
184 792 1
184 792 1
184 792 1
69 297 1
845 555 1
169 111 0.9083
69 297 1
161 693 1
1352 888 1
138 594 1
92 396 1
338 222 1
507 333 1
338 222 1
69 297 1
1690 1110 1
138 594 1
676 444 1
92 396 1
115 495 1
138 594 1
23 99 1
69 297 1
338 222 0.925928
845 555 1
115 495 1
115 495 1
92 396 1
676 444 1
169 111 1
676 444 1
184 792 1
1014 666 1
23 99 1
92 396 1
169 111 1
92 396 1
338 222 1
184 792 0.905704
1352 888 1
69 297 1
507 333 1
1690 1110 1
138 594 1
138 594 1
92 396 1
507 333 1
845 555 1
169 111 1
1014 666 0.736455
207 891 1
169 111 1
845 555 1
845 555 1
1183 777 1
1352 888 1
845 555 1
1690 1110 1
115 495 1
169 111 1
169 111 1
1521 999 1
507 333 1
207 891 1
23 99 1
184 792 0.798011
1521 999 1
138 594 1
92 396 1
1690 1110 1
1014 666 1
1183 777 1
69 297 1
1521 999 1
338 222 1
1352 888 1
1352 888 1
845 555 1
845 555 0.840716
161 693 1
1014 666 1
1352 888 1
115 495 1
845 555 1
1352 888 1
1183 777 1
115 495 1
845 555 1
138 594 1
338 222 1
338 222 1
46 198 1
845 555 1
184 792 0.931476
1183 777 1
1521 999 1
1014 666 1
184 792 0.957402
338 222 1
1014 666 1
338 222 1
507 333 0.925909
92 396 1
507 333 1
230 990 1
69 297 1
69 297 1
169 111 1
1690 1110 1
1690 1110 1
138 594 1
115 495 1
138 594 1
1014 666 1
115 495 0.971902
169 111 1
230 990 1
23 99 1
184 792 1
338 222 1
69 297 0.717568
46 198 1
1014 666 1
1014 666 1
169 111 1
845 555 1
184 792 1
161 693 1
676 444 1
507 333 1
115 495 1
161 693 1
169 111 1
845 555 1
1352 888 1
676 444 1
23 99 1
161 693 1
1521 999 1
169 111 1
115 495 1
845 555 1
169 111 1
1521 999 1
115 495 1
338 222 1
1014 666 1
1014 666 1
507 333 1
845 555 0.860494
845 555 1
69 297 1
338 222 1
207 891 1
1521 999 1
1690 1110 1
1183 777 1
338 222 1
161 693 1
169 111 1
338 222 1
338 222 1
230 990 1
676 444 1
1352 888 0.927007
184 792 1
92 396 1
1014 666 1
338 222 1
169 111 1
1690 1110 1
1183 777 1
23 99 1
1014 666 1
46 198 1
69 297 1
230 990 1
507 333 1
507 333 1
230 990 1
230 990 1
69 297 1
230 990 1
1690 1110 1
676 444 0.849311
1352 888 1
169 111 1
845 555 1
115 495 0.974483
845 555 1
1183 777 1
92 396 1
676 444 1
138 594 1
92 396 1
1690 1110 1
138 594 0.874605
1352 888 1
115 495 1
1352 888 1
23 99 1
1014 666 0.636762
46 198 1
184 792 1
92 396 1
161 693 1
1690 1110 1
230 990 1
184 792 1
169 111 1
184 792 1
169 111 1
169 111 1
507 333 1
1521 999 1
338 222 1
115 495 1
1183 777 1
92 396 1
69 297 1
507 333 1
46 198 1
184 792 1
169 111 1
161 693 1
1014 666 0.90782
207 891 1
845 555 1
23 99 1
138 594 1
845 555 1
1690 1110 1
845 555 1
23 99 1
507 333 1
338 222 1
1183 777 1
338 222 1
845 555 1
115 495 1
845 555 1
845 555 1
161 693 1
115 495 1
1183 777 1
845 555 1
169 111 1
138 594 1
207 891 1
845 555 1
161 693 1
92 396 1
138 594 1
169 111 0.657968
46 198 0.805017
161 693 1
138 594 0.892855
1183 777 1
1521 999 1
161 693 1
676 444 1
1183 777 1
1014 666 1
161 693 1
1352 888 1
845 555 1
184 792 1
1183 777 1
507 333 1
845 555 0.680772
1014 666 1
92 396 1
46 198 0.819069
207 891 1
92 396 1
46 198 0.968391
1183 777 1
1014 666 1
169 111 1
1352 888 1
138 594 1
1352 888 0.66831
161 693 1
1014 666 1
1014 666 0.750767
23 99 1
138 594 1
115 495 1
46 198 1
184 792 1
169 111 0.707466
46 198 1
169 111 1
115 495 1
1352 888 1
1521 999 1
845 555 1
23 99 1
338 222 0.63091
1690 1110 1
230 990 1
1690 1110 1
46 198 1
207 891 1
1352 888 1
92 396 1
138 594 1
138 594 0.853378
1521 999 1
1352 888 1
230 990 0.968725
1352 888 1
1014 666 1
169 111 1
507 333 1
1014 666 1
230 990 1
115 495 1
46 198 1
138 594 1
1690 1110 1
1352 888 1
507 333 1
92 396 1
1690 1110 1
207 891 1
230 990 1
1014 666 1
1014 666 1
845 555 1
69 297 1
676 444 1
845 555 0.961016
184 792 0.832
169 111 1
23 99 1
1014 666 1
184 792 1
507 333 1
92 396 1
169 111 1
1014 666 0.897833
115 495 0.961288
138 594 1
46 198 1
138 594 1
507 333 1
1183 777 1
69 297 1
69 297 0.851338
338 222 1
92 396 0.810087
338 222 1
23 99 1
169 111 1
169 111 1
23 99 1
161 693 1
1183 777 1
169 111 1
507 333 1
845 555 1
1183 777 1
1183 777 1
1014 666 1
1014 666 1
676 444 1
1014 666 1
115 495 0.73952
1690 1110 1
115 495 1
1521 999 1
138 594 1
184 792 1
184 792 1
23 99 1
676 444 1
338 222 1
161 693 0.899858
1352 888 1
92 396 0.85799
1690 1110 0.8492
1014 666 1
1521 999 1
161 693 1
1352 888 1
161 693 1
1352 888 1
138 594 1
69 297 0.947677
1352 888 1
46 198 1
23 99 1
230 990 1
46 198 1
184 792 1
46 198 0.842276
138 594 1
676 444 1
161 693 1
338 222 1
207 891 1
1183 777 1
230 990 1
230 990 1
115 495 1
1014 666 1
138 594 0.736499
115 495 1
46 198 1
207 891 1
507 333 1
92 396 1
23 99 1
230 990 1
184 792 1
1352 888 1
845 555 1
676 444 1
1183 777 1
338 222 1
138 594 1
23 99 1
676 444 1
676 444 1
230 990 1
845 555 1
1352 888 1
161 693 1
169 111 1
46 198 1
69 297 1
338 222 1
1014 666 1
507 333 1
1521 999 1
676 444 1
23 99 1
230 990 1
161 693 1
338 222 1
161 693 1
1690 1110 1
138 594 1
115 495 1
676 444 1
1014 666 1
92 396 0.84038
676 444 1
161 693 1
230 990 1
207 891 1
1521 999 1
338 222 1
69 297 1
1690 1110 1
23 99 1
507 333 1
230 990 0.82816
1521 999 1
230 990 1
69 297 1
169 111 1
1521 999 1
161 693 1
46 198 1
1521 999 1
338 222 1
115 495 1
169 111 0.837667
676 444 1
230 990 1
676 444 1
1014 666 1
1183 777 1
845 555 1
676 444 0.590389
1690 1110 1
92 396 1
1521 999 1
92 396 1
23 99 1
845 555 1
1183 777 0.721338
169 111 1
1690 1110 1
115 495 1
207 891 1
676 444 1
338 222 1
507 333 1
507 333 1
184 792 1
207 891 0.953549
69 297 1
676 444 1
184 792 1
1352 888 1
338 222 1
676 444 1
46 198 1
676 444 1
115 495 1
