5000 2093264
510 830 0.636674
510 830 0.915416
510 830 0.931433
510 830 0.948535
510 830 0.94304
510 830 0.779402
510 830 0.898421
510 830 0.962893
510 830 0.965913
510 830 0.836447
510 830 0.995438
510 830 0.9114
510 830 0.939741
510 830 0.971116
510 830 0.921903
510 830 0.939752
510 830 0.896707
510 830 0.851924
510 830 0.975886
510 830 0.756776
510 830 0.963495
510 830 0.950426
510 830 0.974144
510 830 0.983092
510 830 0.999322
510 830 0.996138
510 830 0.950614
510 830 0.863303
510 830 0.962582
510 830 0.909899
510 830 0.88599
510 830 0.89724
510 830 0.988058
510 830 0.99128
510 830 0.858189
510 830 0.849159
510 830 0.954637
510 830 0.768849
510 830 0.859438
510 830 0.893424
510 830 0.755369
510 830 0.96498
510 830 0.952385
510 830 0.918386
510 830 0.792581
510 830 0.985878
510 830 0.762509
510 830 0.895723
510 830 0.856167
510 830 0.935762
510 830 0.911419
510 830 0.917332
510 830 0.601977
510 830 0.991814
510 830 0.946082
510 830 0.858019
510 830 0.816306
510 830 0.979524
510 830 0.874155
510 830 0.852844
510 830 0.999627
510 830 0.971246
510 830 0.874599
510 830 0.940476
510 830 0.916581
510 830 0.973349
510 830 0.980381
510 830 0.953997
510 830 0.848312
510 830 0.966865
510 830 0.789787
510 830 0.788981
510 830 0.981465
510 830 0.823437
510 830 0.927412
510 830 0.892864
510 830 0.967598
510 830 0.972752
510 830 0.985307
510 830 0.764377
510 830 0.990987
510 830 0.860182
510 830 0.889711
510 830 0.787794
510 830 0.976422
510 830 0.899562
510 830 0.923845
510 830 0.980761
510 830 0.787486
510 830 0.93215
510 830 0.950155
510 830 0.966677
510 830 0.975609
510 830 0.999948
510 830 0.785755
510 830 0.820959
510 830 0.966398
510 830 0.955703
510 830 0.957793
510 830 0.975864
510 830 0.964876
510 830 0.808067
510 830 0.887471
510 830 0.988189
510 830 0.887024
510 830 0.930066
510 830 0.713793
510 830 0.993908
510 830 0.83667
510 830 0.950661
510 830 0.885602
510 830 0.914065
510 830 0.926951
510 830 0.952954
510 830 0.986188
510 830 0.966033
510 830 0.956737
510 830 0.847054
510 830 0.857997
510 830 0.89677
510 830 0.885917
510 830 0.91577
510 830 0.978535
510 830 0.976376
510 830 0.788607
510 830 0.715555
510 830 0.722052
510 830 0.960096
510 830 0.937853
510 830 0.990527
510 830 0.991081
510 830 0.971806
510 830 0.857243
510 830 0.793025
510 830 0.982481
510 830 0.969357
510 830 0.774754
510 830 0.993805
510 830 0.93803
510 830 0.877676
510 830 0.800788
510 830 0.94151
510 830 0.98714
510 830 0.94267
510 830 0.967984
510 830 0.936983
510 830 0.645017
510 830 0.952197
510 830 0.867838
510 830 0.892615
510 830 0.791739
510 830 0.981437
510 830 0.968778
510 830 0.991422
510 830 0.966877
510 830 0.89968
510 830 0.973077
510 830 0.87707
510 830 0.992254
510 830 0.834798
510 830 0.923251
510 830 0.951969
510 830 0.940748
510 830 0.976131
510 830 0.705585
510 830 0.95817
510 830 0.631891
510 830 0.959526
510 830 0.946259
510 830 0.961409
510 830 0.821482
510 830 0.710117
510 830 0.963041
510 830 0.987147
510 830 0.995826
510 830 0.905196
510 830 0.996194
510 830 0.836944
510 830 0.951735
510 830 0.889046
510 830 0.94701
510 830 0.990101
510 830 0.95871
510 830 0.786751
510 830 0.870369
510 830 0.927016
510 830 0.924711
510 830 0.947523
510 830 0.980609
510 830 0.999331
510 830 0.850484
510 830 0.928973
510 830 0.82998
510 830 0.921324
510 830 0.861037
510 830 0.914061
510 830 0.861187
510 830 0.945564
510 830 0.779185
510 830 0.620703
510 830 0.974402
510 830 0.990343
510 830 0.880171
510 830 0.954104
510 830 0.997655
510 830 0.973517
510 830 0.956171
510 830 0.828904
510 830 0.784915
510 830 0.958995
510 830 0.663995
510 830 0.865167
510 830 0.987274
510 830 0.982236
510 830 0.952034
510 830 0.948134
510 830 0.968241
510 830 0.949346
510 830 0.600643
510 830 0.994823
510 830 0.905223
510 830 0.974212
510 830 0.984264
510 830 0.918339
510 830 0.883814
510 830 0.95372
510 830 0.967086
510 830 0.979221
510 830 0.642699
510 830 0.70542
510 830 0.980875
510 830 0.902362
510 830 0.936949
510 830 0.89857
510 830 0.940214
510 830 0.951628
510 830 0.890908
510 830 0.793363
510 830 0.886129
510 830 0.81532
510 830 0.944504
510 830 0.943574
510 830 0.845873
510 830 0.897397
510 830 0.802937
510 830 0.952749
510 830 0.972955
510 830 0.992897
510 830 0.99147
510 830 0.966736
510 830 0.853679
510 830 0.958554
510 830 0.956994
510 830 0.973889
510 830 0.992979
510 830 0.882642
510 830 0.713698
459 747 0.984275
459 747 0.950408
459 747 0.705575
459 747 0.930951
459 747 0.970245
459 747 0.966931
459 747 0.892561
459 747 0.977347
459 747 0.889726
459 747 0.760483
459 747 0.978121
459 747 0.707128
459 747 0.835283
459 747 0.961772
459 747 0.857085
459 747 0.966913
459 747 0.988217
459 747 0.960339
459 747 0.982922
459 747 0.944787
459 747 0.92055
459 747 0.951425
459 747 0.984377
459 747 0.982465
459 747 0.922238
459 747 0.992874
459 747 0.896869
459 747 0.991336
459 747 0.924439
459 747 0.888182
459 747 0.978428
459 747 0.841804
459 747 0.920227
459 747 0.901817
459 747 0.971019
459 747 0.925755
459 747 0.886601
459 747 0.959615
459 747 0.97393
459 747 0.954576
459 747 0.959556
459 747 0.995275
459 747 0.835982
459 747 0.998691
459 747 0.773611
459 747 0.809039
459 747 0.96373
459 747 0.819395
459 747 0.939736
459 747 0.976563
459 747 0.975458
459 747 0.788706
459 747 0.974932
459 747 0.976321
459 747 0.997555
459 747 0.9399
459 747 0.737738
459 747 0.991438
459 747 0.982654
459 747 0.939786
459 747 0.876965
459 747 0.994176
459 747 0.844758
459 747 0.980137
459 747 0.94572
459 747 0.970668
459 747 0.901475
459 747 0.640258
459 747 0.955253
459 747 0.92464
459 747 0.920946
459 747 0.994233
459 747 0.858209
459 747 0.989946
459 747 0.930003
459 747 0.963408
459 747 0.907969
459 747 0.990803
459 747 0.889809
459 747 0.97282
459 747 0.562114
459 747 0.844071
459 747 0.837192
459 747 0.84607
459 747 0.920507
459 747 0.984416
459 747 0.944775
459 747 0.979023
459 747 0.952366
459 747 0.863099
459 747 0.976712
459 747 0.761062
459 747 0.961341
459 747 0.886168
459 747 0.793861
459 747 0.976908
459 747 0.938562
459 747 0.644679
459 747 0.874047
459 747 0.915071
459 747 0.930078
459 747 0.92795
459 747 0.989889
459 747 0.92335
459 747 0.880533
459 747 0.969859
459 747 0.917729
459 747 0.872929
459 747 0.780974
459 747 0.812519
459 747 0.937596
459 747 0.92577
459 747 0.98871
459 747 0.79201
459 747 0.849257
459 747 0.799616
459 747 0.951319
459 747 0.998045
459 747 0.991717
459 747 0.981127
459 747 0.975867
459 747 0.888802
459 747 0.996972
459 747 0.98882
459 747 0.921471
459 747 0.963117
459 747 0.653018
459 747 0.967477
459 747 0.913112
459 747 0.950854
459 747 0.949482
459 747 0.98159
459 747 0.954229
459 747 0.996263
459 747 0.945009
459 747 0.88996
459 747 0.983026
459 747 0.995619
459 747 0.917781
459 747 0.896902
459 747 0.980268
459 747 0.999849
459 747 0.992923
459 747 0.976046
459 747 0.994311
459 747 0.77946
459 747 0.988442
459 747 0.968831
459 747 0.9786
459 747 0.85762
459 747 0.965138
459 747 0.736364
459 747 0.937279
459 747 0.738705
459 747 0.991252
459 747 0.924041
459 747 0.895597
459 747 0.995474
459 747 0.783436
459 747 0.930404
459 747 0.911281
459 747 0.948668
459 747 0.975235
459 747 0.97732
459 747 0.970844
459 747 0.99506
459 747 0.910987
459 747 0.879119
459 747 0.95588
459 747 0.923388
459 747 0.979596
459 747 0.909553
459 747 0.860281
459 747 0.952841
459 747 0.96271
459 747 0.85277
459 747 0.847546
459 747 0.772996
459 747 0.833965
459 747 0.975481
459 747 0.972684
459 747 0.967838
459 747 0.917469
459 747 0.964944
459 747 0.950375
459 747 0.963921
459 747 0.566143
459 747 0.891768
459 747 0.905741
459 747 0.994827
459 747 0.833814
459 747 0.692406
459 747 0.972065
459 747 0.81741
459 747 0.67014
459 747 0.887235
459 747 0.983956
459 747 0.754168
459 747 0.999974
459 747 0.953966
459 747 0.989725
459 747 0.909806
459 747 0.810279
459 747 0.727273
459 747 0.968351
459 747 0.99305
459 747 0.971601
459 747 0.837975
459 747 0.785462
459 747 0.965114
459 747 0.99618
459 747 0.984395
459 747 0.97791
459 747 0.935913
459 747 0.98931
459 747 0.978832
459 747 0.910419
459 747 0.903012
459 747 0.778497
459 747 0.98885
459 747 0.666086
459 747 0.766158
459 747 0.977016
459 747 0.994343
459 747 0.988149
459 747 0.933649
459 747 0.879111
459 747 0.875888
459 747 0.679631
459 747 0.841843
459 747 0.98958
459 747 0.934039
459 747 0.96231
459 747 0.976677
459 747 0.988013
459 747 0.965661
459 747 0.962874
459 747 0.827567
459 747 0.842314
459 747 0.892199
459 747 0.907143
459 747 0.952199
459 747 0.928418
459 747 0.966293
459 747 0.869598
459 747 0.815121
459 747 0.86151
459 747 0.98655
459 747 0.914572
459 747 0.869105
459 747 0.948769
459 747 0.756063
459 747 0.959018
459 747 0.49815
459 747 0.87527
459 747 0.895377
459 747 0.859874
459 747 0.920979
459 747 0.810462
459 747 0.953905
459 747 0.804177
459 747 0.703155
459 747 0.963774
459 747 0.903177
459 747 0.995518
459 747 0.97101
459 747 0.947031
459 747 0.905329
459 747 0.626377
408 664 0.957615
408 664 0.988752
408 664 0.92764
408 664 0.970481
408 664 0.982586
408 664 0.739122
408 664 0.808555
408 664 0.969549
408 664 0.968559
408 664 0.848264
408 664 0.890693
408 664 0.915367
408 664 0.968001
408 664 0.875903
408 664 0.993309
408 664 0.709943
408 664 0.907632
408 664 0.98073
408 664 0.931799
408 664 0.95623
408 664 0.800339
408 664 0.92566
408 664 0.910963
408 664 0.946646
408 664 0.994749
408 664 0.969096
408 664 0.877187
408 664 0.977074
408 664 0.968186
408 664 0.921926
408 664 0.956649
408 664 0.858161
408 664 0.690706
408 664 0.796509
408 664 0.988517
408 664 0.979893
408 664 0.93759
408 664 0.983882
408 664 0.997127
408 664 0.99078
408 664 0.86597
408 664 0.956901
408 664 0.98215
408 664 0.917116
408 664 0.911411
408 664 0.862398
408 664 0.71146
408 664 0.968199
408 664 0.797945
408 664 0.812943
408 664 0.924044
408 664 0.935893
408 664 0.754883
408 664 0.556876
408 664 0.964042
408 664 0.9892
408 664 0.958037
408 664 0.991923
408 664 0.718794
408 664 0.959364
408 664 0.990568
408 664 0.941258
408 664 0.91999
408 664 0.787555
408 664 0.899655
408 664 0.916381
408 664 0.963092
408 664 0.956552
408 664 0.758646
408 664 0.891128
408 664 0.917997
408 664 0.893601
408 664 0.842047
408 664 0.798547
408 664 0.934982
408 664 0.942645
408 664 0.923266
408 664 0.976875
408 664 0.853075
408 664 0.996635
408 664 0.927887
408 664 0.894759
408 664 0.883596
408 664 0.931467
408 664 0.977766
408 664 0.950732
408 664 0.96667
408 664 0.980329
408 664 0.928245
408 664 0.923505
408 664 0.870396
408 664 0.868974
408 664 0.861929
408 664 0.885012
408 664 0.944182
408 664 0.867226
408 664 0.995419
408 664 0.968935
408 664 0.923351
408 664 0.967123
408 664 0.898674
408 664 0.997019
408 664 0.89308
408 664 0.987815
408 664 0.797456
408 664 0.958159
408 664 0.818464
408 664 0.857063
408 664 0.933301
408 664 0.815434
408 664 0.713086
408 664 0.956377
408 664 0.813633
408 664 0.838682
408 664 0.868141
408 664 0.870453
408 664 0.874946
408 664 0.977972
408 664 0.798437
408 664 0.949546
408 664 0.760708
408 664 0.817402
408 664 0.877572
408 664 0.89836
408 664 0.910933
408 664 0.99302
408 664 0.959074
408 664 0.984681
408 664 0.922075
408 664 0.620435
408 664 0.951668
408 664 0.748392
408 664 0.900172
408 664 0.778263
408 664 0.852052
408 664 0.931585
408 664 0.996112
408 664 0.930609
408 664 0.861097
408 664 0.92752
408 664 0.979417
408 664 0.942782
408 664 0.98996
408 664 0.948997
408 664 0.854379
408 664 0.833093
408 664 0.999008
408 664 0.961287
408 664 0.986216
408 664 0.9302
408 664 0.940072
408 664 0.971328
408 664 0.694106
408 664 0.974038
408 664 0.811796
408 664 0.83081
408 664 0.989987
408 664 0.891152
408 664 0.948807
408 664 0.901232
408 664 0.914654
408 664 0.968237
408 664 0.848713
408 664 0.984155
408 664 0.917761
408 664 0.924747
408 664 0.840655
408 664 0.883472
408 664 0.920258
408 664 0.999004
408 664 0.980912
408 664 0.963869
408 664 0.957463
408 664 0.984119
408 664 0.968179
408 664 0.902128
408 664 0.948181
408 664 0.724449
408 664 0.81614
408 664 0.910867
408 664 0.898113
408 664 0.793471
408 664 0.964059
408 664 0.999292
408 664 0.991956
408 664 0.968776
408 664 0.982742
408 664 0.833697
408 664 0.953409
408 664 0.922437
408 664 0.995291
408 664 0.820042
408 664 0.948669
408 664 0.997182
408 664 0.691645
408 664 0.908965
408 664 0.982133
408 664 0.99341
408 664 0.996456
408 664 0.973915
408 664 0.952798
408 664 0.942988
408 664 0.96152
408 664 0.917053
408 664 0.813408
408 664 0.832742
408 664 0.932206
408 664 0.914162
408 664 0.985319
408 664 0.838725
408 664 0.908864
408 664 0.833542
408 664 0.984641
408 664 0.972923
408 664 0.947089
408 664 0.870069
408 664 0.844414
408 664 0.875364
408 664 0.960745
408 664 0.786197
408 664 0.847194
408 664 0.749237
408 664 0.996433
408 664 0.981523
408 664 0.95722
408 664 0.999585
408 664 0.958686
408 664 0.960751
408 664 0.988998
408 664 0.96325
408 664 0.950763
408 664 0.862422
408 664 0.98864
408 664 0.778256
408 664 0.981771
408 664 0.933664
408 664 0.832319
408 664 0.906764
408 664 0.979456
408 664 0.796898
408 664 0.98768
408 664 0.998637
408 664 0.872117
408 664 0.90569
408 664 0.833989
408 664 0.937825
408 664 0.901338
408 664 0.99369
408 664 0.983398
408 664 0.948669
408 664 0.983791
408 664 0.984935
408 664 0.981244
1220 630 0.916902
1220 630 0.778708
1220 630 0.738916
1220 630 0.92703
1220 630 0.998809
1220 630 0.982511
1220 630 0.990242
1220 630 0.962699
1220 630 0.526446
1220 630 0.942105
1220 630 0.979798
1220 630 0.974657
1220 630 0.730605
1220 630 0.985746
1220 630 0.972633
1220 630 0.98043
1220 630 0.749839
1220 630 0.931792
1220 630 0.960242
1220 630 0.930113
1220 630 0.969394
1220 630 0.99833
1220 630 0.902497
1220 630 0.907702
1220 630 0.99625
1220 630 0.858352
1220 630 0.801413
1220 630 0.955374
1220 630 0.906964
1220 630 0.952657
1220 630 0.893171
1220 630 0.94009
1220 630 0.955627
1220 630 0.935654
1220 630 0.913835
1220 630 0.948275
1220 630 0.908772
1220 630 0.89133
1220 630 0.912811
1220 630 0.953469
1220 630 0.89849
1220 630 0.930896
1220 630 0.988003
1220 630 0.787111
1220 630 0.945538
1220 630 0.955
1220 630 0.837751
1220 630 0.69839
1220 630 0.908583
1220 630 0.933894
1220 630 0.954147
1220 630 0.974576
1220 630 0.999455
1220 630 0.886639
1220 630 0.985533
1220 630 0.879706
1220 630 0.936704
1220 630 0.939237
1220 630 0.761401
1220 630 0.636555
1220 630 0.966837
1220 630 0.89659
1220 630 0.961252
1220 630 0.898254
1220 630 0.982325
1220 630 0.831299
1220 630 0.886533
1220 630 0.996824
1220 630 0.947514
1220 630 0.809911
1220 630 0.853778
1220 630 0.933533
1220 630 0.981636
1220 630 0.828
1220 630 0.770121
1220 630 0.999697
1220 630 0.882195
1220 630 0.913711
1220 630 0.781374
1220 630 0.972269
1220 630 0.955563
1220 630 0.868973
1220 630 0.985532
1220 630 0.903468
1220 630 0.941031
1220 630 0.96465
1220 630 0.979783
1220 630 0.961257
1220 630 0.988782
1220 630 0.760764
1220 630 0.768571
1220 630 0.988223
1220 630 0.835764
1220 630 0.999639
1220 630 0.888657
1220 630 0.993037
1220 630 0.994149
1220 630 0.981959
1220 630 0.950862
1220 630 0.988457
1220 630 0.757204
1220 630 0.999654
1220 630 0.997356
1220 630 0.945114
1220 630 0.906867
1220 630 0.951284
1220 630 0.851861
1220 630 0.996379
1220 630 0.920374
1220 630 0.98901
1220 630 0.90879
1220 630 0.962108
1220 630 0.966415
1220 630 0.97933
1220 630 0.89059
1220 630 0.626828
1220 630 0.921029
1220 630 0.91381
1220 630 0.947834
1220 630 0.890048
1220 630 0.950201
1220 630 0.936103
1220 630 0.668419
1220 630 0.857875
1220 630 0.870099
1220 630 0.95425
1220 630 0.968831
1220 630 0.94636
1220 630 0.909406
1220 630 0.999929
1220 630 0.991743
1220 630 0.995074
1220 630 0.915272
1220 630 0.821941
1220 630 0.967212
1220 630 0.999644
1220 630 0.809405
1220 630 0.927049
1220 630 0.953542
1220 630 0.909739
1220 630 0.619535
1220 630 0.972068
1220 630 0.931824
1220 630 0.999791
1220 630 0.93938
1220 630 0.842078
1220 630 0.93755
1220 630 0.989363
1220 630 0.929765
1220 630 0.953823
1220 630 0.916965
1220 630 0.85321
1220 630 0.878367
1220 630 0.838265
1220 630 0.981756
1220 630 0.976316
1220 630 0.991412
1220 630 0.97808
1220 630 0.787836
1220 630 0.905888
1220 630 0.976805
1220 630 0.987662
1220 630 0.940633
1220 630 0.919759
1220 630 0.895243
1220 630 0.734317
1220 630 0.912243
1220 630 0.941058
1220 630 0.945267
1220 630 0.600297
1220 630 0.884161
1220 630 0.97228
1220 630 0.837786
1220 630 0.759857
1220 630 0.701698
1220 630 0.841053
1220 630 0.916269
1220 630 0.997527
1220 630 0.948005
1220 630 0.923566
1220 630 0.959516
1220 630 0.841001
1220 630 0.963526
1220 630 0.65819
1220 630 0.790078
1220 630 0.847944
1220 630 0.890409
1220 630 0.912845
1220 630 0.676647
1220 630 0.99897
1220 630 0.971075
1220 630 0.989464
1220 630 0.562373
1220 630 0.975124
1220 630 0.99061
1220 630 0.881958
1220 630 0.915635
1220 630 0.90874
1220 630 0.902847
1220 630 0.968978
1220 630 0.971904
1220 630 0.736973
1220 630 0.94563
1220 630 0.89227
1220 630 0.993547
1220 630 0.990374
1220 630 0.807733
1220 630 0.622227
1220 630 0.897791
1220 630 0.888429
1220 630 0.996225
1220 630 0.959011
1220 630 0.908779
1220 630 0.966683
1220 630 0.860386
1220 630 0.997602
1220 630 0.977591
1220 630 0.947033
1220 630 0.820907
1220 630 0.737802
1220 630 0.934035
1220 630 0.869039
1220 630 0.982781
1220 630 0.871712
1220 630 0.856363
1220 630 0.943909
1220 630 0.969337
1220 630 0.997876
1220 630 0.889027
1220 630 0.983134
1220 630 0.978849
1220 630 0.907601
1220 630 0.984221
1220 630 0.967855
1220 630 0.856479
1220 630 0.847356
1220 630 0.908355
1220 630 0.948525
1220 630 0.817013
1220 630 0.921943
1220 630 0.990785
1220 630 0.917037
1220 630 0.984772
357 581 0.861625
357 581 0.889469
357 581 0.872818
357 581 0.993763
357 581 0.84133
357 581 0.967891
357 581 0.968227
357 581 0.930201
357 581 0.891277
357 581 0.946882
357 581 0.766939
357 581 0.765926
357 581 0.877303
357 581 0.914953
357 581 0.928073
357 581 0.953166
357 581 0.974407
357 581 0.963138
357 581 0.956405
357 581 0.794631
357 581 0.918011
357 581 0.859695
357 581 0.786967
357 581 0.92642
357 581 0.889716
357 581 0.938736
357 581 0.959661
357 581 0.893397
357 581 0.833528
357 581 0.908033
357 581 0.959482
357 581 0.844166
357 581 0.983644
357 581 0.978815
357 581 0.969078
357 581 0.57986
357 581 0.831656
357 581 0.861922
357 581 0.985538
357 581 0.884056
357 581 0.995068
357 581 0.930665
357 581 0.998723
357 581 0.790792
357 581 0.902191
357 581 0.915562
357 581 0.979618
357 581 0.929925
357 581 0.972597
357 581 0.942292
357 581 0.909167
357 581 0.983556
357 581 0.919148
357 581 0.850746
357 581 0.902108
357 581 0.863665
357 581 0.873853
357 581 0.735647
357 581 0.974839
357 581 0.958663
357 581 0.925255
357 581 0.824988
357 581 0.89501
357 581 0.999104
357 581 0.96953
357 581 0.894818
357 581 0.809522
357 581 0.717302
357 581 0.938922
357 581 0.94705
357 581 0.779774
357 581 0.908962
357 581 0.977545
357 581 0.986322
357 581 0.982714
357 581 0.871152
357 581 0.836203
357 581 0.992093
357 581 0.633049
357 581 0.847161
357 581 0.831324
357 581 0.88766
357 581 0.841654
357 581 0.913415
357 581 0.984514
357 581 0.896529
357 581 0.81719
357 581 0.80999
357 581 0.880041
357 581 0.954181
357 581 0.95455
357 581 0.844638
357 581 0.956064
357 581 0.997617
357 581 0.980206
357 581 0.893478
357 581 0.896057
357 581 0.971832
357 581 0.96694
357 581 0.923219
357 581 0.997722
357 581 0.99018
357 581 0.956262
357 581 0.820528
357 581 0.737514
357 581 0.911071
357 581 0.885558
357 581 0.873002
357 581 0.921821
357 581 0.860669
357 581 0.890926
357 581 0.651711
357 581 0.860763
357 581 0.841728
357 581 0.921501
357 581 0.884875
357 581 0.905589
357 581 0.988927
357 581 0.963809
357 581 0.966035
357 581 0.819861
357 581 0.997634
357 581 0.971622
357 581 0.978875
357 581 0.972486
357 581 0.978882
357 581 0.945193
357 581 0.869646
357 581 0.812844
357 581 0.949814
357 581 0.954482
357 581 0.877685
357 581 0.981086
357 581 0.964333
357 581 0.845805
357 581 0.87912
357 581 0.850803
357 581 0.900265
357 581 0.877683
357 581 0.967635
357 581 0.996182
357 581 0.996769
357 581 0.891124
357 581 0.901864
357 581 0.970645
357 581 0.989729
357 581 0.790326
357 581 0.93294
357 581 0.769767
357 581 0.989705
357 581 0.769586
357 581 0.970501
357 581 0.898381
357 581 0.906335
357 581 0.997815
357 581 0.865848
357 581 0.984587
357 581 0.914062
357 581 0.81508
357 581 0.968771
357 581 0.990558
357 581 0.747999
357 581 0.913772
357 581 0.983764
357 581 0.869857
357 581 0.960563
357 581 0.989744
357 581 0.91936
357 581 0.999602
357 581 0.649157
357 581 0.869851
357 581 0.834024
357 581 0.999021
357 581 0.943124
357 581 0.942959
357 581 0.928303
357 581 0.90851
357 581 0.937708
357 581 0.914736
357 581 0.976831
357 581 0.94957
357 581 0.974339
357 581 0.860564
357 581 0.932157
357 581 0.886019
357 581 0.813533
357 581 0.907039
357 581 0.992467
357 581 0.962397
357 581 0.739169
357 581 0.878793
357 581 0.997263
357 581 0.964176
357 581 0.905482
357 581 0.983153
357 581 0.979102
357 581 0.892719
357 581 0.903842
357 581 0.853679
357 581 0.977968
357 581 0.962434
357 581 0.839937
357 581 0.865498
357 581 0.772396
357 581 0.980372
357 581 0.925616
357 581 0.97637
357 581 0.984599
357 581 0.987139
357 581 0.760823
357 581 0.832923
357 581 0.994884
357 581 0.988792
357 581 0.838509
357 581 0.893634
357 581 0.965034
357 581 0.87798
357 581 0.909324
357 581 0.916741
357 581 0.808693
357 581 0.940128
357 581 0.930385
357 581 0.851784
357 581 0.955867
357 581 0.983563
357 581 0.885831
357 581 0.951774
357 581 0.906139
357 581 0.999583
357 581 0.985243
357 581 0.959694
357 581 0.985068
357 581 0.715765
357 581 0.906964
357 581 0.948873
357 581 0.954372
357 581 0.746113
357 581 0.781085
357 581 0.921516
357 581 0.689065
357 581 0.995848
1098 567 0.952303
1098 567 0.880711
1098 567 0.99562
1098 567 0.960314
1098 567 0.905598
1098 567 0.985703
1098 567 0.979347
1098 567 0.85369
1098 567 0.956035
1098 567 0.81735
1098 567 0.929075
1098 567 0.857939
1098 567 0.849338
1098 567 0.955827
1098 567 0.959701
1098 567 0.981734
1098 567 0.968507
1098 567 0.909668
1098 567 0.895482
1098 567 0.790564
1098 567 0.977351
1098 567 0.779621
1098 567 0.883344
1098 567 0.822087
1098 567 0.831165
1098 567 0.977274
1098 567 0.943242
1098 567 0.89046
1098 567 0.899913
1098 567 0.82625
1098 567 0.911555
1098 567 0.973504
1098 567 0.949204
1098 567 0.815289
1098 567 0.88533
1098 567 0.894671
1098 567 0.985613
1098 567 0.948891
1098 567 0.9158
1098 567 0.959292
1098 567 0.97374
1098 567 0.92786
1098 567 0.963983
1098 567 0.911783
1098 567 0.830174
1098 567 0.723469
1098 567 0.96974
1098 567 0.967832
1098 567 0.613409
1098 567 0.941081
1098 567 0.985873
1098 567 0.922771
1098 567 0.940813
1098 567 0.981307
1098 567 0.884884
1098 567 0.975535
1098 567 0.899558
1098 567 0.967368
1098 567 0.846665
1098 567 0.957284
1098 567 0.917202
1098 567 0.965059
1098 567 0.972264
1098 567 0.995374
1098 567 0.991508
1098 567 0.954084
1098 567 0.628265
1098 567 0.960154
1098 567 0.892859
1098 567 0.754004
1098 567 0.916857
1098 567 0.82498
1098 567 0.879891
1098 567 0.984554
1098 567 0.908669
1098 567 0.862462
1098 567 0.96298
1098 567 0.76067
1098 567 0.877985
1098 567 0.7516
1098 567 0.976065
1098 567 0.910252
1098 567 0.992733
1098 567 0.964114
1098 567 0.980358
1098 567 0.941385
1098 567 0.974827
1098 567 0.897937
1098 567 0.836044
1098 567 0.834343
1098 567 0.887632
1098 567 0.910818
1098 567 0.848326
1098 567 0.998338
1098 567 0.820488
1098 567 0.970389
1098 567 0.956484
1098 567 0.932358
1098 567 0.959943
1098 567 0.951247
1098 567 0.81897
1098 567 0.975407
1098 567 0.965656
1098 567 0.904897
1098 567 0.972244
1098 567 0.960855
1098 567 0.863331
1098 567 0.82609
1098 567 0.998368
1098 567 0.892013
1098 567 0.805101
1098 567 0.909534
1098 567 0.951694
1098 567 0.823619
1098 567 0.950114
1098 567 0.941214
1098 567 0.859276
1098 567 0.969237
1098 567 0.969118
1098 567 0.661628
1098 567 0.972615
1098 567 0.578689
1098 567 0.999109
1098 567 0.845231
1098 567 0.850612
1098 567 0.992413
1098 567 0.981254
1098 567 0.943648
1098 567 0.953222
1098 567 0.9551
1098 567 0.950365
1098 567 0.95709
1098 567 0.781919
1098 567 0.940533
1098 567 0.919584
1098 567 0.958762
1098 567 0.997784
1098 567 0.598092
1098 567 0.735746
1098 567 0.741973
1098 567 0.924177
1098 567 0.943208
1098 567 0.809647
1098 567 0.9731
1098 567 0.950328
1098 567 0.850405
1098 567 0.900328
1098 567 0.98497
1098 567 0.787153
1098 567 0.850275
1098 567 0.921544
1098 567 0.816937
1098 567 0.772516
1098 567 0.829623
1098 567 0.963911
1098 567 0.966566
1098 567 0.938572
1098 567 0.991898
1098 567 0.938855
1098 567 0.812858
1098 567 0.847239
1098 567 0.949105
1098 567 0.926686
1098 567 0.918589
1098 567 0.909449
1098 567 0.699373
1098 567 0.796369
1098 567 0.922698
1098 567 0.90269
1098 567 0.827709
1098 567 0.997767
1098 567 0.961492
1098 567 0.991528
1098 567 0.897049
1098 567 0.973294
1098 567 0.768946
1098 567 0.92042
1098 567 0.991329
1098 567 0.940084
1098 567 0.994815
1098 567 0.993935
1098 567 0.969965
1098 567 0.944142
1098 567 0.929574
1098 567 0.92507
1098 567 0.808746
1098 567 0.909052
1098 567 0.968983
1098 567 0.898338
1098 567 0.851696
1098 567 0.852987
1098 567 0.988126
1098 567 0.876833
1098 567 0.887314
1098 567 0.889094
1098 567 0.923784
1098 567 0.982219
1098 567 0.941544
1098 567 0.847523
1098 567 0.930152
1098 567 0.885913
1098 567 0.908388
1098 567 0.970096
1098 567 0.925685
1098 567 0.991807
1098 567 0.960235
1098 567 0.978773
1098 567 0.984212
1098 567 0.923083
1098 567 0.999725
1098 567 0.89941
1098 567 0.714416
1098 567 0.8543
1098 567 0.797287
1098 567 0.932268
1098 567 0.984728
1098 567 0.99194
1098 567 0.9865
1098 567 0.89517
1098 567 0.862764
1098 567 0.981219
1098 567 0.961132
1098 567 0.921924
1098 567 0.936254
1098 567 0.875382
1098 567 0.989571
1098 567 0.77091
1098 567 0.835162
1098 567 0.743104
1098 567 0.90304
1098 567 0.941618
1098 567 0.936689
1098 567 0.966041
1098 567 0.93732
1098 567 0.924419
1098 567 0.994884
1098 567 0.901209
976 504 0.991679
976 504 0.999055
976 504 0.813209
976 504 0.972706
976 504 0.942547
976 504 0.963476
976 504 0.859966
976 504 0.918733
976 504 0.996614
976 504 0.990684
976 504 0.910051
976 504 0.73162
976 504 0.93
976 504 0.979081
976 504 0.960769
976 504 0.964607
976 504 0.930333
976 504 0.935383
976 504 0.927244
976 504 0.985225
976 504 0.914068
976 504 0.887142
976 504 0.973129
976 504 0.866783
976 504 0.967784
976 504 0.863733
976 504 0.995363
976 504 0.968436
976 504 0.99366
976 504 0.880842
976 504 0.998302
976 504 0.983183
976 504 0.958247
976 504 0.996778
976 504 0.971874
976 504 0.875638
976 504 0.794234
976 504 0.915732
976 504 0.946799
976 504 0.94683
976 504 0.982089
976 504 0.959522
976 504 0.999111
976 504 0.970759
976 504 0.921961
976 504 0.998887
976 504 0.888186
976 504 0.912186
976 504 0.975611
976 504 0.877292
976 504 0.925134
976 504 0.815843
976 504 0.948995
976 504 0.940532
976 504 0.919423
976 504 0.996198
976 504 0.926769
976 504 0.87127
976 504 0.946178
976 504 0.915196
976 504 0.75689
976 504 0.767155
976 504 0.962925
976 504 0.991459
976 504 0.991001
976 504 0.965686
976 504 0.990136
976 504 0.973078
976 504 0.849024
976 504 0.866061
976 504 0.987659
976 504 0.98289
976 504 0.885636
976 504 0.960172
976 504 0.901409
976 504 0.951163
976 504 0.860546
976 504 0.958502
976 504 0.990423
976 504 0.953889
976 504 0.8528
976 504 0.715003
976 504 0.913121
976 504 0.985234
976 504 0.960877
976 504 0.932031
976 504 0.921411
976 504 0.821586
976 504 0.977805
976 504 0.85386
976 504 0.954392
976 504 0.939992
976 504 0.999792
976 504 0.986423
976 504 0.689528
976 504 0.670475
976 504 0.981259
976 504 0.667867
976 504 0.953501
976 504 0.929944
976 504 0.778892
976 504 0.821777
976 504 0.972573
976 504 0.968695
976 504 0.999038
976 504 0.919875
976 504 0.976578
976 504 0.980704
976 504 0.956406
976 504 0.961982
976 504 0.981225
976 504 0.933645
976 504 0.963482
976 504 0.809659
976 504 0.863325
976 504 0.957806
976 504 0.982384
976 504 0.984989
976 504 0.937283
976 504 0.938012
976 504 0.981798
976 504 0.763501
976 504 0.99434
976 504 0.823346
976 504 0.940768
976 504 0.712315
976 504 0.961165
976 504 0.973169
976 504 0.849763
976 504 0.97262
976 504 0.875336
976 504 0.976072
976 504 0.90517
976 504 0.938409
976 504 0.817579
976 504 0.960652
976 504 0.823425
976 504 0.899675
976 504 0.89584
976 504 0.980119
976 504 0.842095
976 504 0.981903
976 504 0.837832
976 504 0.4549
976 504 0.951326
976 504 0.907721
976 504 0.947883
976 504 0.763541
976 504 0.953386
976 504 0.916643
976 504 0.936179
976 504 0.985773
976 504 0.987295
976 504 0.955757
976 504 0.988987
976 504 0.955287
976 504 0.968608
976 504 0.968871
976 504 0.988006
976 504 0.940803
976 504 0.876278
976 504 0.890757
976 504 0.804712
976 504 0.915088
976 504 0.828708
976 504 0.94992
976 504 0.965412
976 504 0.974458
976 504 0.585928
976 504 0.870739
976 504 0.983003
976 504 0.981718
976 504 0.978406
976 504 0.960553
976 504 0.961145
976 504 0.847439
976 504 0.843281
976 504 0.856658
976 504 0.997265
976 504 0.920088
976 504 0.994755
976 504 0.987697
976 504 0.928973
976 504 0.860557
976 504 0.964242
976 504 0.964603
976 504 0.907007
976 504 0.905033
976 504 0.972713
976 504 0.927197
976 504 0.993233
976 504 0.927387
976 504 0.821845
976 504 0.989249
976 504 0.964746
976 504 0.958803
976 504 0.954695
976 504 0.770788
976 504 0.9716
976 504 0.997814
976 504 0.947854
976 504 0.941066
976 504 0.732235
976 504 0.913209
976 504 0.953776
976 504 0.993936
976 504 0.971455
976 504 0.771929
976 504 0.92921
976 504 0.957898
976 504 0.91603
976 504 0.798332
976 504 0.971877
976 504 0.905953
976 504 0.754269
976 504 0.980823
976 504 0.980997
976 504 0.892686
976 504 0.716474
976 504 0.845378
976 504 0.926991
976 504 0.882284
976 504 0.907131
976 504 0.929523
976 504 0.894964
306 498 0.886192
306 498 0.944666
306 498 0.608606
306 498 0.918918
306 498 0.98155
306 498 0.984115
306 498 0.927246
306 498 0.997072
306 498 0.940007
306 498 0.830006
306 498 0.994256
306 498 0.805451
306 498 0.990804
306 498 0.929996
306 498 0.788949
306 498 0.909565
306 498 0.969973
306 498 0.996332
306 498 0.989891
306 498 0.773228
306 498 0.995266
306 498 0.938144
306 498 0.972692
306 498 0.994098
306 498 0.700756
306 498 0.941293
306 498 0.965415
306 498 0.902784
306 498 0.76169
306 498 0.968176
306 498 0.98111
306 498 0.973566
306 498 0.634377
306 498 0.860461
306 498 0.81554
306 498 0.964165
306 498 0.959799
306 498 0.838709
306 498 0.64372
306 498 0.871832
306 498 0.934858
306 498 0.987097
306 498 0.960911
306 498 0.884334
306 498 0.904999
306 498 0.858834
306 498 0.975542
306 498 0.984706
306 498 0.886561
306 498 0.809576
306 498 0.996954
306 498 0.99787
306 498 0.884005
306 498 0.669873
306 498 0.860777
306 498 0.861716
306 498 0.970643
306 498 0.974098
306 498 0.895503
306 498 0.684491
306 498 0.924919
306 498 0.993661
306 498 0.832665
306 498 0.904777
306 498 0.781299
306 498 0.777228
306 498 0.995892
306 498 0.834271
306 498 0.969288
306 498 0.948713
306 498 0.939758
306 498 0.963547
306 498 0.964352
306 498 0.998978
306 498 0.685471
306 498 0.74094
306 498 0.76653
306 498 0.999289
306 498 0.988802
306 498 0.693517
306 498 0.944415
306 498 0.892848
306 498 0.685484
306 498 0.836706
306 498 0.859083
306 498 0.980825
306 498 0.883653
306 498 0.851558
306 498 0.98347
306 498 0.979188
306 498 0.96951
306 498 0.935825
306 498 0.95454
306 498 0.978484
306 498 0.916822
306 498 0.985667
306 498 0.853696
306 498 0.887414
306 498 0.901725
306 498 0.975953
306 498 0.925587
306 498 0.942287
306 498 0.91359
306 498 0.957647
306 498 0.896531
306 498 0.895647
306 498 0.80678
306 498 0.968149
306 498 0.996814
306 498 0.962358
306 498 0.814058
306 498 0.710668
306 498 0.952861
306 498 0.934808
306 498 0.946396
306 498 0.940642
306 498 0.948882
306 498 0.822097
306 498 0.952228
306 498 0.956611
306 498 0.988165
306 498 0.955972
306 498 0.933995
306 498 0.974115
306 498 0.977014
306 498 0.991843
306 498 0.918783
306 498 0.986862
306 498 0.955342
306 498 0.990127
306 498 0.93863
306 498 0.970795
306 498 0.937784
306 498 0.861156
306 498 0.835048
306 498 0.971828
306 498 0.630345
306 498 0.721687
306 498 0.965589
306 498 0.929314
306 498 0.937583
306 498 0.976385
306 498 0.925325
306 498 0.731789
306 498 0.978366
306 498 0.973264
306 498 0.998115
306 498 0.935637
306 498 0.920026
306 498 0.994681
306 498 0.96577
306 498 0.876557
306 498 0.986471
306 498 0.969955
306 498 0.876117
306 498 0.841815
306 498 0.954091
306 498 0.866948
306 498 0.920923
306 498 0.71313
306 498 0.92465
306 498 0.999225
306 498 0.908975
306 498 0.933151
306 498 0.950645
306 498 0.980703
306 498 0.881339
306 498 0.969776
306 498 0.82502
306 498 0.932196
306 498 0.912209
306 498 0.912222
306 498 0.863644
306 498 0.959205
306 498 0.852472
306 498 0.772655
306 498 0.930705
306 498 0.931131
306 498 0.80074
306 498 0.975296
306 498 0.984831
306 498 0.972685
306 498 0.93996
306 498 0.949521
306 498 0.856189
306 498 0.883485
306 498 0.858727
306 498 0.960906
306 498 0.987805
306 498 0.668443
306 498 0.947677
306 498 0.847598
306 498 0.958098
306 498 0.749183
306 498 0.954969
306 498 0.967552
306 498 0.955027
306 498 0.900638
306 498 0.857566
306 498 0.987695
306 498 0.89919
306 498 0.966354
306 498 0.97345
306 498 0.920207
306 498 0.963555
306 498 0.794615
306 498 0.911506
306 498 0.955001
306 498 0.923605
306 498 0.830758
306 498 0.947896
306 498 0.94306
306 498 0.881693
306 498 0.823665
306 498 0.747044
306 498 0.854817
306 498 0.912029
306 498 0.691356
306 498 0.457564
306 498 0.896932
306 498 0.990057
306 498 0.976047
306 498 0.960425
306 498 0.981301
306 498 0.996835
306 498 0.753061
306 498 0.950055
306 498 0.895438
306 498 0.97281
306 498 0.950169
306 498 0.920722
306 498 0.977312
306 498 0.880406
306 498 0.916523
306 498 0.969569
306 498 0.76817
306 498 0.904065
306 498 0.95886
306 498 0.726808
306 498 0.906797
306 498 0.985805
306 498 0.810176
306 498 0.885592
306 498 0.944981
306 498 0.991635
306 498 0.943647
306 498 0.9995
306 498 0.806628
306 498 0.884998
306 498 0.936828
306 498 0.962019
306 498 0.919224
306 498 0.930683
306 498 0.963263
306 498 0.987558
306 498 0.863316
306 498 0.969643
306 498 0.967677
306 498 0.952176
306 498 0.978768
306 498 0.876088
306 498 0.87548
306 498 0.935491
306 498 0.976123
306 498 0.988869
306 498 0.98867
854 441 0.90793
854 441 0.927378
854 441 0.735049
854 441 0.954099
854 441 0.895628
854 441 0.881202
854 441 0.818444
854 441 0.953042
854 441 0.982124
854 441 0.968915
854 441 0.741478
854 441 0.884518
854 441 0.775006
854 441 0.866278
854 441 0.82981
854 441 0.976807
854 441 0.934235
854 441 0.91207
854 441 0.772233
854 441 0.936371
854 441 0.944849
854 441 0.949824
854 441 0.940193
854 441 0.715374
854 441 0.887914
854 441 0.789455
854 441 0.815374
854 441 0.996699
854 441 0.941397
854 441 0.985654
854 441 0.958522
854 441 0.981681
854 441 0.895681
854 441 0.921172
854 441 0.991508
854 441 0.909031
854 441 0.83
854 441 0.997668
854 441 0.993056
854 441 0.897006
854 441 0.981927
854 441 0.939368
854 441 0.830491
854 441 0.980279
854 441 0.717825
854 441 0.984123
854 441 0.955902
854 441 0.989781
854 441 0.916396
854 441 0.519644
854 441 0.907154
854 441 0.982236
854 441 0.589734
854 441 0.85676
854 441 0.944162
854 441 0.988562
854 441 0.987297
854 441 0.959869
854 441 0.997061
854 441 0.768524
854 441 0.810766
854 441 0.891489
854 441 0.88504
854 441 0.994196
854 441 0.974132
854 441 0.659027
854 441 0.818788
854 441 0.825803
854 441 0.98199
854 441 0.905596
854 441 0.849635
854 441 0.998849
854 441 0.984846
854 441 0.519721
854 441 0.750251
854 441 0.94287
854 441 0.997518
854 441 0.822966
854 441 0.981683
854 441 0.989965
854 441 0.971504
854 441 0.959958
854 441 0.863969
854 441 0.977865
854 441 0.99308
854 441 0.686211
854 441 0.939399
854 441 0.679687
854 441 0.828157
854 441 0.939872
854 441 0.942618
854 441 0.927702
854 441 0.827324
854 441 0.822718
854 441 0.893317
854 441 0.885945
854 441 0.984499
854 441 0.882286
854 441 0.967206
854 441 0.960087
854 441 0.980926
854 441 0.8736
854 441 0.948044
854 441 0.891666
854 441 0.96648
854 441 0.994798
854 441 0.792266
854 441 0.970215
854 441 0.908042
854 441 0.996259
854 441 0.857096
854 441 0.957636
854 441 0.815041
854 441 0.978109
854 441 0.968496
854 441 0.914981
854 441 0.953135
854 441 0.96575
854 441 0.86644
854 441 0.972308
854 441 0.953183
854 441 0.973209
854 441 0.999398
854 441 0.996511
854 441 0.876924
854 441 0.522211
854 441 0.83422
854 441 0.962167
854 441 0.767575
854 441 0.788399
854 441 0.961443
854 441 0.989403
854 441 0.922307
854 441 0.964319
854 441 0.776137
854 441 0.817954
854 441 0.829103
854 441 0.912072
854 441 0.95554
854 441 0.993602
854 441 0.966879
854 441 0.927743
854 441 0.974382
854 441 0.992037
854 441 0.924333
854 441 0.775797
854 441 0.905695
854 441 0.807314
854 441 0.653018
854 441 0.954966
854 441 0.891276
854 441 0.826457
854 441 0.909383
854 441 0.905398
854 441 0.902616
854 441 0.758693
854 441 0.86286
854 441 0.860076
854 441 0.936645
854 441 0.924449
854 441 0.980227
854 441 0.966063
854 441 0.957495
854 441 0.948096
854 441 0.95481
854 441 0.994482
854 441 0.817801
854 441 0.978368
854 441 0.984906
854 441 0.97298
854 441 0.922362
854 441 0.737209
854 441 0.877704
854 441 0.962769
854 441 0.944061
854 441 0.990848
854 441 0.911125
854 441 0.999065
854 441 0.753653
854 441 0.798242
854 441 0.982125
854 441 0.735824
854 441 0.992793
854 441 0.946739
854 441 0.977617
854 441 0.959874
854 441 0.89059
854 441 0.859318
854 441 0.971466
854 441 0.932368
854 441 0.998478
854 441 0.865025
854 441 0.998851
854 441 0.966277
854 441 0.976428
854 441 0.956557
854 441 0.997462
854 441 0.765173
854 441 0.992383
854 441 0.825839
854 441 0.844435
854 441 0.576024
854 441 0.91184
854 441 0.930856
854 441 0.944007
854 441 0.62266
854 441 0.908571
854 441 0.98855
854 441 0.926553
854 441 0.869288
854 441 0.996586
854 441 0.991168
854 441 0.996015
854 441 0.97863
854 441 0.906239
854 441 0.831937
854 441 0.943543
854 441 0.989563
854 441 0.965531
854 441 0.97802
854 441 0.941231
854 441 0.870319
854 441 0.90728
854 441 0.997008
854 441 0.978599
854 441 0.958677
854 441 0.958076
854 441 0.731939
854 441 0.974327
854 441 0.945291
854 441 0.958162
255 415 0.85905
255 415 0.988925
255 415 0.83222
255 415 0.932825
255 415 0.882823
255 415 0.815028
255 415 0.983546
255 415 0.956331
255 415 0.859071
255 415 0.920438
255 415 0.925918
255 415 0.958099
255 415 0.94258
255 415 0.957381
255 415 0.900638
255 415 0.915082
255 415 0.970663
255 415 0.849453
255 415 0.911453
255 415 0.950117
255 415 0.915901
255 415 0.994168
255 415 0.947131
255 415 0.704991
255 415 0.977652
255 415 0.99071
255 415 0.903262
255 415 0.806389
255 415 0.934432
255 415 0.97496
255 415 0.998088
255 415 0.887871
255 415 0.956471
255 415 0.8487
255 415 0.844423
255 415 0.991605
255 415 0.957752
255 415 0.799227
255 415 0.981015
255 415 0.938245
255 415 0.877334
255 415 0.972155
255 415 0.972256
255 415 0.727015
255 415 0.950991
255 415 0.976344
255 415 0.983491
255 415 0.925416
255 415 0.456936
255 415 0.989839
255 415 0.889982
255 415 0.862044
255 415 0.815305
255 415 0.832433
255 415 0.947593
255 415 0.951134
255 415 0.9553
255 415 0.977398
255 415 0.742728
255 415 0.982182
255 415 0.937071
255 415 0.986421
255 415 0.96622
255 415 0.871302
255 415 0.962198
255 415 0.955122
255 415 0.890735
255 415 0.912649
255 415 0.987313
255 415 0.923604
255 415 0.922246
255 415 0.997574
255 415 0.935139
255 415 0.987756
255 415 0.927125
255 415 0.906711
255 415 0.870122
255 415 0.735034
255 415 0.897847
255 415 0.843198
255 415 0.849644
255 415 0.852587
255 415 0.986035
255 415 0.836705
255 415 0.894616
255 415 0.961114
255 415 0.950133
255 415 0.950937
255 415 0.849337
255 415 0.912117
255 415 0.770156
255 415 0.866847
255 415 0.790188
255 415 0.760833
255 415 0.989588
255 415 0.998003
255 415 0.943212
255 415 0.924343
255 415 0.989571
255 415 0.956514
255 415 0.970406
255 415 0.930771
255 415 0.974281
255 415 0.828612
255 415 0.834158
255 415 0.814476
255 415 0.839095
255 415 0.975243
255 415 0.96292
255 415 0.992207
255 415 0.8347
255 415 0.72414
255 415 0.866088
255 415 0.809996
255 415 0.976458
255 415 0.763626
255 415 0.96718
255 415 0.949606
255 415 0.876319
255 415 0.997324
255 415 0.981382
255 415 0.990913
255 415 0.938882
255 415 0.855514
255 415 0.930668
255 415 0.783034
255 415 0.939257
255 415 0.817315
255 415 0.987425
255 415 0.975762
255 415 0.994224
255 415 0.898136
255 415 0.890941
255 415 0.962302
255 415 0.835878
255 415 0.810889
255 415 0.688034
255 415 0.937198
255 415 0.832152
255 415 0.939726
255 415 0.946566
255 415 0.979172
255 415 0.905204
255 415 0.99764
255 415 0.945605
255 415 0.938426
255 415 0.979224
255 415 0.945946
255 415 0.87078
255 415 0.870034
255 415 0.789985
255 415 0.906709
255 415 0.99974
255 415 0.896004
255 415 0.720556
255 415 0.92685
255 415 0.919534
255 415 0.949157
255 415 0.97771
255 415 0.930867
255 415 0.97317
255 415 0.775042
255 415 0.992043
255 415 0.913353
255 415 0.599317
255 415 0.867204
255 415 0.86004
255 415 0.89827
255 415 0.998846
255 415 0.920109
255 415 0.916617
255 415 0.936505
255 415 0.950133
255 415 0.906617
255 415 0.530686
255 415 0.865397
255 415 0.611199
255 415 0.817603
255 415 0.929405
255 415 0.958485
255 415 0.876527
255 415 0.87773
255 415 0.820834
255 415 0.899467
255 415 0.806301
255 415 0.80966
255 415 0.995536
255 415 0.973612
255 415 0.990828
255 415 0.839103
255 415 0.880795
255 415 0.793003
255 415 0.961431
255 415 0.999073
255 415 0.857817
255 415 0.909876
255 415 0.90308
255 415 0.938408
255 415 0.929362
255 415 0.982097
255 415 0.982063
255 415 0.988495
255 415 0.884657
255 415 0.969575
255 415 0.858643
255 415 0.99051
255 415 0.851201
255 415 0.811433
255 415 0.99754
255 415 0.909452
255 415 0.817745
255 415 0.939334
255 415 0.821985
255 415 0.8228
255 415 0.92006
255 415 0.91097
255 415 0.984034
255 415 0.883871
255 415 0.917532
255 415 0.938837
255 415 0.884487
255 415 0.97403
255 415 0.763997
255 415 0.964115
255 415 0.854451
255 415 0.989433
255 415 0.875633
255 415 0.993847
255 415 0.962683
255 415 0.78183
255 415 0.992483
255 415 0.882743
255 415 0.774813
255 415 0.86947
255 415 0.97461
255 415 0.902724
255 415 0.953181
255 415 0.897715
255 415 0.924114
255 415 0.822509
255 415 0.662247
255 415 0.982617
255 415 0.942444
255 415 0.80374
255 415 0.994777
255 415 0.953218
255 415 0.965163
255 415 0.988679
255 415 0.987413
255 415 0.847293
255 415 0.91977
255 415 0.942153
255 415 0.926126
255 415 0.955143
255 415 0.918106
255 415 0.932612
255 415 0.980162
255 415 0.979901
255 415 0.987972
732 378 0.876869
732 378 0.755896
732 378 0.968313
732 378 0.942644
732 378 0.796021
732 378 0.936905
732 378 0.969873
732 378 0.886577
732 378 0.994756
732 378 0.944206
732 378 0.7753
732 378 0.774408
732 378 0.846233
732 378 0.972037
732 378 0.837831
732 378 0.849665
732 378 0.953813
732 378 0.906588
732 378 0.930256
732 378 1
732 378 1
732 378 1
732 378 1
732 378 1
732 378 1
732 378 1
732 378 1
732 378 1
732 378 1
732 378 1
732 378 1
732 378 1
732 378 1
732 378 1
732 378 1
732 378 1
732 378 1
732 378 1
732 378 1
732 378 1
732 378 1
732 378 1
732 378 1
732 378 1
732 378 1
732 378 1
732 378 1
732 378 1
732 378 1
732 378 1
732 378 1
732 378 1
732 378 1
732 378 1
732 378 1
732 378 1
732 378 1
732 378 1
732 378 1
732 378 1
732 378 1
732 378 1
732 378 1
732 378 1
732 378 1
732 378 1
732 378 1
732 378 1
732 378 1
732 378 1
732 378 1
732 378 1
732 378 1
732 378 1
732 378 1
732 378 1
732 378 1
732 378 1
732 378 1
732 378 1
732 378 1
732 378 1
732 378 1
732 378 1
732 378 1
732 378 1
732 378 1
732 378 1
732 378 1
732 378 1
732 378 1
732 378 1
732 378 1
732 378 1
732 378 1
732 378 1
732 378 1
732 378 1
732 378 1
732 378 1
732 378 1
732 378 1
732 378 1
732 378 1
732 378 1
732 378 1
732 378 1
732 378 1
732 378 1
732 378 1
732 378 1
732 378 1
732 378 1
732 378 1
732 378 1
732 378 1
732 378 1
732 378 1
732 378 1
732 378 1
732 378 1
732 378 1
732 378 1
732 378 1
732 378 1
732 378 1
732 378 1
732 378 1
732 378 1
732 378 1
732 378 1
732 378 1
732 378 1
732 378 1
732 378 1
732 378 1
732 378 1
732 378 1
732 378 1
732 378 1
732 378 1
732 378 1
732 378 1
732 378 1
732 378 1
732 378 1
732 378 1
732 378 1
732 378 1
732 378 1
732 378 1
732 378 1
732 378 1
732 378 1
732 378 1
732 378 1
732 378 1
732 378 1
732 378 1
732 378 1
732 378 1
732 378 1
732 378 1
732 378 1
732 378 1
732 378 1
732 378 1
732 378 1
732 378 1
732 378 1
732 378 1
732 378 1
732 378 1
732 378 1
732 378 1
732 378 1
732 378 1
732 378 1
732 378 1
732 378 1
732 378 1
732 378 1
732 378 1
732 378 1
732 378 1
732 378 1
732 378 1
732 378 1
732 378 1
732 378 1
732 378 1
732 378 1
732 378 1
732 378 1
732 378 1
732 378 1
732 378 1
732 378 1
732 378 1
732 378 1
732 378 1
732 378 1
732 378 1
732 378 1
732 378 1
732 378 1
732 378 1
732 378 1
732 378 1
732 378 1
732 378 1
732 378 1
732 378 1
732 378 1
732 378 1
732 378 1
732 378 1
732 378 1
732 378 1
732 378 1
732 378 1
732 378 1
732 378 1
732 378 1
204 332 1
204 332 1
204 332 1
204 332 1
204 332 1
204 332 1
204 332 1
204 332 1
204 332 1
204 332 1
204 332 1
204 332 1
204 332 1
204 332 1
204 332 1
204 332 1
204 332 1
204 332 1
204 332 1
204 332 1
204 332 1
204 332 1
204 332 1
204 332 1
204 332 1
204 332 1
204 332 1
204 332 1
204 332 1
204 332 1
204 332 1
204 332 1
204 332 1
204 332 1
204 332 1
204 332 1
204 332 1
204 332 1
204 332 1
204 332 1
204 332 1
204 332 1
204 332 1
204 332 1
204 332 1
204 332 1
204 332 1
204 332 1
204 332 1
204 332 1
204 332 1
204 332 1
204 332 1
204 332 1
204 332 1
204 332 1
204 332 1
204 332 1
204 332 1
204 332 1
204 332 1
204 332 1
204 332 1
204 332 1
204 332 1
204 332 1
204 332 1
204 332 1
204 332 1
204 332 1
204 332 1
204 332 1
204 332 1
204 332 1
204 332 1
204 332 1
204 332 1
204 332 1
204 332 1
204 332 1
204 332 1
204 332 1
204 332 1
204 332 1
204 332 1
204 332 1
204 332 1
204 332 1
204 332 1
204 332 1
204 332 1
204 332 1
204 332 1
204 332 1
204 332 1
204 332 1
204 332 1
204 332 1
204 332 1
204 332 1
204 332 1
204 332 1
204 332 1
204 332 1
204 332 1
204 332 1
204 332 1
204 332 1
204 332 1
204 332 1
204 332 1
204 332 1
204 332 1
204 332 1
204 332 1
204 332 1
204 332 1
204 332 1
204 332 1
204 332 1
204 332 1
204 332 1
204 332 1
204 332 1
204 332 1
204 332 1
204 332 1
204 332 1
204 332 1
204 332 1
204 332 1
204 332 1
204 332 1
204 332 1
204 332 1
204 332 1
204 332 1
204 332 1
204 332 1
204 332 1
204 332 1
204 332 1
204 332 1
204 332 1
204 332 1
204 332 1
204 332 1
204 332 1
204 332 1
204 332 1
204 332 1
204 332 1
204 332 1
204 332 1
204 332 1
204 332 1
204 332 1
204 332 1
204 332 1
204 332 1
204 332 1
204 332 1
204 332 1
204 332 1
204 332 1
204 332 1
204 332 1
204 332 1
204 332 1
204 332 1
204 332 1
204 332 1
204 332 1
204 332 1
204 332 1
204 332 1
204 332 1
204 332 1
204 332 1
204 332 1
204 332 1
204 332 1
204 332 1
204 332 1
204 332 1
204 332 1
204 332 1
204 332 1
204 332 1
204 332 1
204 332 1
204 332 1
204 332 1
204 332 1
204 332 1
204 332 1
204 332 1
204 332 1
204 332 1
204 332 1
204 332 1
204 332 1
204 332 1
204 332 1
204 332 1
204 332 1
204 332 1
204 332 1
204 332 1
204 332 1
204 332 1
204 332 1
204 332 1
204 332 1
204 332 1
204 332 1
204 332 1
204 332 1
204 332 1
204 332 1
204 332 1
204 332 1
204 332 1
204 332 1
204 332 1
204 332 1
204 332 1
204 332 1
204 332 1
204 332 1
204 332 1
204 332 1
204 332 1
204 332 1
204 332 1
204 332 1
204 332 1
204 332 1
204 332 1
204 332 1
204 332 1
204 332 1
204 332 1
204 332 1
204 332 1
204 332 1
204 332 1
204 332 1
204 332 1
204 332 1
204 332 1
204 332 1
204 332 1
204 332 1
204 332 1
204 332 1
204 332 1
204 332 1
204 332 1
204 332 1
204 332 1
204 332 1
204 332 1
204 332 1
204 332 1
204 332 1
204 332 1
204 332 1
204 332 1
204 332 1
204 332 1
204 332 1
204 332 1
204 332 1
610 315 1
610 315 1
610 315 1
610 315 1
610 315 1
610 315 1
610 315 1
610 315 1
610 315 1
610 315 1
610 315 1
610 315 1
610 315 1
610 315 1
610 315 1
610 315 1
610 315 1
610 315 1
610 315 1
610 315 1
610 315 1
610 315 1
610 315 1
610 315 1
610 315 1
610 315 1
610 315 1
610 315 1
610 315 1
610 315 1
610 315 1
610 315 1
610 315 1
610 315 1
610 315 1
610 315 1
610 315 1
610 315 1
610 315 1
610 315 1
610 315 1
610 315 1
610 315 1
610 315 1
610 315 1
610 315 1
610 315 1
610 315 1
610 315 1
610 315 1
610 315 1
610 315 1
610 315 1
610 315 1
610 315 1
610 315 1
610 315 1
610 315 1
610 315 1
610 315 1
610 315 1
610 315 1
610 315 1
610 315 1
610 315 1
610 315 1
610 315 1
610 315 1
610 315 1
610 315 1
610 315 1
610 315 1
610 315 1
610 315 1
610 315 1
610 315 1
610 315 1
610 315 1
610 315 1
610 315 1
610 315 1
610 315 1
610 315 1
610 315 1
610 315 1
610 315 1
610 315 1
610 315 1
610 315 1
610 315 1
610 315 1
610 315 1
610 315 1
610 315 1
610 315 1
610 315 1
610 315 1
610 315 1
610 315 1
610 315 1
610 315 1
610 315 1
610 315 1
610 315 1
610 315 1
610 315 1
610 315 1
610 315 1
610 315 1
610 315 1
610 315 1
610 315 1
610 315 1
610 315 1
610 315 1
610 315 1
610 315 1
610 315 1
610 315 1
610 315 1
610 315 1
610 315 1
610 315 1
610 315 1
610 315 1
610 315 1
610 315 1
610 315 1
610 315 1
610 315 1
610 315 1
610 315 1
610 315 1
610 315 1
610 315 1
610 315 1
610 315 1
610 315 1
610 315 1
610 315 1
610 315 1
610 315 1
610 315 1
610 315 1
610 315 1
610 315 1
610 315 1
610 315 1
610 315 1
610 315 1
610 315 1
610 315 1
610 315 1
610 315 1
610 315 1
610 315 1
610 315 1
610 315 1
610 315 1
610 315 1
610 315 1
610 315 1
610 315 1
610 315 1
610 315 1
610 315 1
610 315 1
610 315 1
610 315 1
610 315 1
610 315 1
610 315 1
610 315 1
610 315 1
610 315 1
610 315 1
610 315 1
610 315 1
610 315 1
610 315 1
610 315 1
610 315 1
610 315 1
610 315 1
610 315 1
610 315 1
610 315 1
610 315 1
610 315 1
610 315 1
610 315 1
610 315 1
610 315 1
610 315 1
610 315 1
610 315 1
610 315 1
610 315 1
610 315 1
610 315 1
610 315 1
610 315 1
610 315 1
610 315 1
610 315 1
610 315 1
610 315 1
610 315 1
610 315 1
610 315 1
610 315 1
610 315 1
610 315 1
610 315 1
610 315 1
610 315 1
610 315 1
610 315 1
610 315 1
610 315 1
610 315 1
610 315 1
610 315 1
610 315 1
610 315 1
610 315 1
610 315 1
610 315 1
610 315 1
610 315 1
610 315 1
610 315 1
610 315 1
610 315 1
488 252 1
488 252 1
488 252 1
488 252 1
488 252 1
488 252 1
488 252 1
488 252 1
488 252 1
488 252 1
488 252 1
488 252 1
488 252 1
488 252 1
488 252 1
488 252 1
488 252 1
488 252 1
488 252 1
488 252 1
488 252 1
488 252 1
488 252 1
488 252 1
488 252 1
488 252 1
488 252 1
488 252 1
488 252 1
488 252 1
488 252 1
488 252 1
488 252 1
488 252 1
488 252 1
488 252 1
488 252 1
488 252 1
488 252 1
488 252 1
488 252 1
488 252 1
488 252 1
488 252 1
488 252 1
488 252 1
488 252 1
488 252 1
488 252 1
488 252 1
488 252 1
488 252 1
488 252 1
488 252 1
488 252 1
488 252 1
488 252 1
488 252 1
488 252 1
488 252 1
488 252 1
488 252 1
488 252 1
488 252 1
488 252 1
488 252 1
488 252 1
488 252 1
488 252 1
488 252 1
488 252 1
488 252 1
488 252 1
488 252 1
488 252 1
488 252 1
488 252 1
488 252 1
488 252 1
488 252 1
488 252 1
488 252 1
488 252 1
488 252 1
488 252 1
488 252 1
488 252 1
488 252 1
488 252 1
488 252 1
488 252 1
488 252 1
488 252 1
488 252 1
488 252 1
488 252 1
488 252 1
488 252 1
488 252 1
488 252 1
488 252 1
488 252 1
488 252 1
488 252 1
488 252 1
488 252 1
488 252 1
488 252 1
488 252 1
488 252 1
488 252 1
488 252 1
488 252 1
488 252 1
488 252 1
488 252 1
488 252 1
488 252 1
488 252 1
488 252 1
488 252 1
488 252 1
488 252 1
488 252 1
488 252 1
488 252 1
488 252 1
488 252 1
488 252 1
488 252 1
488 252 1
488 252 1
488 252 1
488 252 1
488 252 1
488 252 1
488 252 1
488 252 1
488 252 1
488 252 1
488 252 1
488 252 1
488 252 1
488 252 1
488 252 1
488 252 1
488 252 1
488 252 1
488 252 1
488 252 1
488 252 1
488 252 1
488 252 1
488 252 1
488 252 1
488 252 1
488 252 1
488 252 1
488 252 1
488 252 1
488 252 1
488 252 1
488 252 1
488 252 1
488 252 1
488 252 1
488 252 1
488 252 1
488 252 1
488 252 1
488 252 1
488 252 1
488 252 1
488 252 1
488 252 1
488 252 1
488 252 1
488 252 1
488 252 1
488 252 1
488 252 1
488 252 1
488 252 1
488 252 1
488 252 1
488 252 1
488 252 1
488 252 1
488 252 1
488 252 1
488 252 1
488 252 1
488 252 1
488 252 1
488 252 1
488 252 1
488 252 1
488 252 1
488 252 1
488 252 1
488 252 1
488 252 1
488 252 1
488 252 1
488 252 1
488 252 1
488 252 1
488 252 1
488 252 1
488 252 1
488 252 1
488 252 1
488 252 1
488 252 1
488 252 1
488 252 1
488 252 1
488 252 1
488 252 1
488 252 1
488 252 1
488 252 1
488 252 1
488 252 1
488 252 1
488 252 1
488 252 1
488 252 1
488 252 1
488 252 1
488 252 1
488 252 1
488 252 1
488 252 1
488 252 1
488 252 1
488 252 1
488 252 1
488 252 1
488 252 1
488 252 1
488 252 1
488 252 1
488 252 1
488 252 1
488 252 1
488 252 1
488 252 1
488 252 1
488 252 1
488 252 1
488 252 1
488 252 1
488 252 1
488 252 1
488 252 1
488 252 1
488 252 1
488 252 1
488 252 1
488 252 1
488 252 1
488 252 1
488 252 1
488 252 1
488 252 1
488 252 1
488 252 1
153 249 1
153 249 1
153 249 1
153 249 1
153 249 1
153 249 1
153 249 1
153 249 1
153 249 1
153 249 1
153 249 1
153 249 1
153 249 1
153 249 1
153 249 1
153 249 1
153 249 1
153 249 1
153 249 1
153 249 1
153 249 1
153 249 1
153 249 1
153 249 1
153 249 1
153 249 1
153 249 1
153 249 1
153 249 1
153 249 1
153 249 1
153 249 1
153 249 1
153 249 1
153 249 1
153 249 1
153 249 1
153 249 1
153 249 1
153 249 1
153 249 1
153 249 1
153 249 1
153 249 1
153 249 1
153 249 1
153 249 1
153 249 1
153 249 1
153 249 1
153 249 1
153 249 1
153 249 1
153 249 1
153 249 1
153 249 1
153 249 1
153 249 1
153 249 1
153 249 1
153 249 1
153 249 1
153 249 1
153 249 1
153 249 1
153 249 1
153 249 1
153 249 1
153 249 1
153 249 1
153 249 1
153 249 1
153 249 1
153 249 1
153 249 1
153 249 1
153 249 1
153 249 1
153 249 1
153 249 1
153 249 1
153 249 1
153 249 1
153 249 1
153 249 1
153 249 1
153 249 1
153 249 1
153 249 1
153 249 1
153 249 1
153 249 1
153 249 1
153 249 1
153 249 1
153 249 1
153 249 1
153 249 1
153 249 1
153 249 1
153 249 1
153 249 1
153 249 1
153 249 1
153 249 1
153 249 1
153 249 1
153 249 1
153 249 1
153 249 1
153 249 1
153 249 1
153 249 1
153 249 1
153 249 1
153 249 1
153 249 1
153 249 1
153 249 1
153 249 1
153 249 1
153 249 1
153 249 1
153 249 1
153 249 1
153 249 1
153 249 1
153 249 1
153 249 1
153 249 1
153 249 1
153 249 1
153 249 1
153 249 1
153 249 1
153 249 1
153 249 1
153 249 1
153 249 1
153 249 1
153 249 1
153 249 1
153 249 1
153 249 1
153 249 1
153 249 1
153 249 1
153 249 1
153 249 1
153 249 1
153 249 1
153 249 1
153 249 1
153 249 1
153 249 1
153 249 1
153 249 1
153 249 1
153 249 1
153 249 1
153 249 1
153 249 1
153 249 1
153 249 1
153 249 1
153 249 1
153 249 1
153 249 1
153 249 1
153 249 1
153 249 1
153 249 1
153 249 1
153 249 1
153 249 1
153 249 1
153 249 1
153 249 1
153 249 1
153 249 1
153 249 1
153 249 1
153 249 1
153 249 1
153 249 1
153 249 1
153 249 1
153 249 1
153 249 1
153 249 1
153 249 1
153 249 1
153 249 1
153 249 1
153 249 1
153 249 1
153 249 1
153 249 1
153 249 1
153 249 1
153 249 1
153 249 1
153 249 1
153 249 1
153 249 1
153 249 1
153 249 1
153 249 1
153 249 1
153 249 1
153 249 1
153 249 1
153 249 1
153 249 1
153 249 1
153 249 1
153 249 1
153 249 1
153 249 1
153 249 1
153 249 1
153 249 1
153 249 1
153 249 1
153 249 1
153 249 1
153 249 1
153 249 1
153 249 1
153 249 1
153 249 1
153 249 1
153 249 1
153 249 1
153 249 1
153 249 1
153 249 1
153 249 1
153 249 1
153 249 1
153 249 1
153 249 1
153 249 1
153 249 1
153 249 1
153 249 1
153 249 1
153 249 1
153 249 1
153 249 1
153 249 1
153 249 1
153 249 1
153 249 1
153 249 1
153 249 1
153 249 1
153 249 1
153 249 1
153 249 1
153 249 1
153 249 1
153 249 1
153 249 1
366 189 1
366 189 1
366 189 1
366 189 1
366 189 1
366 189 1
366 189 1
366 189 1
366 189 1
366 189 1
366 189 1
366 189 1
366 189 1
366 189 1
366 189 1
366 189 1
366 189 1
366 189 1
366 189 1
366 189 1
366 189 1
366 189 1
366 189 1
366 189 1
366 189 1
366 189 1
366 189 1
366 189 1
366 189 1
366 189 1
366 189 1
366 189 1
366 189 1
366 189 1
366 189 1
366 189 1
366 189 1
366 189 1
366 189 1
366 189 1
366 189 1
366 189 1
366 189 1
366 189 1
366 189 1
366 189 1
366 189 1
366 189 1
366 189 1
366 189 1
366 189 1
366 189 1
366 189 1
366 189 1
366 189 1
366 189 1
366 189 1
366 189 1
366 189 1
366 189 1
366 189 1
366 189 1
366 189 1
366 189 1
366 189 1
366 189 1
366 189 1
366 189 1
366 189 1
366 189 1
366 189 1
366 189 1
366 189 1
366 189 1
366 189 1
366 189 1
366 189 1
366 189 1
366 189 1
366 189 1
366 189 1
366 189 1
366 189 1
366 189 1
366 189 1
366 189 1
366 189 1
366 189 1
366 189 1
366 189 1
366 189 1
366 189 1
366 189 1
366 189 1
366 189 1
366 189 1
366 189 1
366 189 1
366 189 1
366 189 1
366 189 1
366 189 1
366 189 1
366 189 1
366 189 1
366 189 1
366 189 1
366 189 1
366 189 1
366 189 1
366 189 1
366 189 1
366 189 1
366 189 1
366 189 1
366 189 1
366 189 1
366 189 1
366 189 1
366 189 1
366 189 1
366 189 1
366 189 1
366 189 1
366 189 1
366 189 1
366 189 1
366 189 1
366 189 1
366 189 1
366 189 1
366 189 1
366 189 1
366 189 1
366 189 1
366 189 1
366 189 1
366 189 1
366 189 1
366 189 1
366 189 1
366 189 1
366 189 1
366 189 1
366 189 1
366 189 1
366 189 1
366 189 1
366 189 1
366 189 1
366 189 1
366 189 1
366 189 1
366 189 1
366 189 1
366 189 1
366 189 1
366 189 1
366 189 1
366 189 1
366 189 1
366 189 1
366 189 1
366 189 1
366 189 1
366 189 1
366 189 1
366 189 1
366 189 1
366 189 1
366 189 1
366 189 1
366 189 1
366 189 1
366 189 1
366 189 1
366 189 1
366 189 1
366 189 1
366 189 1
366 189 1
366 189 1
366 189 1
366 189 1
366 189 1
366 189 1
366 189 1
366 189 1
366 189 1
366 189 1
366 189 1
366 189 1
366 189 1
366 189 1
366 189 1
366 189 1
366 189 1
366 189 1
366 189 1
366 189 1
366 189 1
366 189 1
366 189 1
366 189 1
366 189 1
366 189 1
366 189 1
366 189 1
366 189 1
366 189 1
366 189 1
366 189 1
366 189 1
366 189 1
366 189 1
366 189 1
366 189 1
366 189 1
366 189 1
366 189 1
366 189 1
366 189 1
366 189 1
366 189 1
366 189 1
366 189 1
366 189 1
366 189 1
366 189 1
366 189 1
366 189 1
366 189 1
366 189 1
366 189 1
366 189 1
366 189 1
366 189 1
366 189 1
366 189 1
366 189 1
366 189 1
366 189 1
366 189 1
366 189 1
366 189 1
366 189 1
366 189 1
366 189 1
366 189 1
366 189 1
366 189 1
366 189 1
366 189 1
366 189 1
366 189 1
366 189 1
366 189 1
366 189 1
366 189 1
366 189 1
366 189 1
366 189 1
102 166 1
102 166 1
102 166 1
102 166 1
102 166 1
102 166 1
102 166 1
102 166 1
102 166 1
102 166 1
102 166 1
102 166 1
102 166 1
102 166 1
102 166 1
102 166 1
102 166 1
102 166 1
102 166 1
102 166 1
102 166 1
102 166 1
102 166 1
102 166 1
102 166 1
102 166 1
102 166 1
102 166 1
102 166 1
102 166 1
102 166 1
102 166 1
102 166 1
102 166 1
102 166 1
102 166 1
102 166 1
102 166 1
102 166 1
102 166 1
102 166 1
102 166 1
102 166 1
102 166 1
102 166 1
102 166 1
102 166 1
102 166 1
102 166 1
102 166 1
102 166 1
102 166 1
102 166 1
102 166 1
102 166 1
102 166 1
102 166 1
102 166 1
102 166 1
102 166 1
102 166 1
102 166 1
102 166 1
102 166 1
102 166 1
102 166 1
102 166 1
102 166 1
102 166 1
102 166 1
102 166 1
102 166 1
102 166 1
102 166 1
102 166 1
102 166 1
102 166 1
102 166 1
102 166 1
102 166 1
102 166 1
102 166 1
102 166 1
102 166 1
102 166 1
102 166 1
102 166 1
102 166 1
102 166 1
102 166 1
102 166 1
102 166 1
102 166 1
102 166 1
102 166 1
102 166 1
102 166 1
102 166 1
102 166 1
102 166 1
102 166 1
102 166 1
102 166 1
102 166 1
102 166 1
102 166 1
102 166 1
102 166 1
102 166 1
102 166 1
102 166 1
102 166 1
102 166 1
102 166 1
102 166 1
102 166 1
102 166 1
102 166 1
102 166 1
102 166 1
102 166 1
102 166 1
102 166 1
102 166 1
102 166 1
102 166 1
102 166 1
102 166 1
102 166 1
102 166 1
102 166 1
102 166 1
102 166 1
102 166 1
102 166 1
102 166 1
102 166 1
102 166 1
102 166 1
102 166 1
102 166 1
102 166 1
102 166 1
102 166 1
102 166 1
102 166 1
102 166 1
102 166 1
102 166 1
102 166 1
102 166 1
102 166 1
102 166 1
102 166 1
102 166 1
102 166 1
102 166 1
102 166 1
102 166 1
102 166 1
102 166 1
102 166 1
102 166 1
102 166 1
102 166 1
102 166 1
102 166 1
102 166 1
102 166 1
102 166 1
102 166 1
102 166 1
102 166 1
102 166 1
102 166 1
102 166 1
102 166 1
102 166 1
102 166 1
102 166 1
102 166 1
102 166 1
102 166 1
102 166 1
102 166 1
102 166 1
102 166 1
102 166 1
102 166 1
102 166 1
102 166 1
102 166 1
102 166 1
102 166 1
102 166 1
102 166 1
102 166 1
102 166 1
102 166 1
102 166 1
102 166 1
102 166 1
102 166 1
102 166 1
102 166 1
102 166 1
102 166 1
102 166 1
102 166 1
102 166 1
102 166 1
102 166 1
102 166 1
102 166 1
102 166 1
102 166 1
102 166 1
102 166 1
102 166 1
102 166 1
102 166 1
102 166 1
102 166 1
102 166 1
102 166 1
102 166 1
102 166 1
102 166 1
102 166 1
244 126 1
244 126 1
244 126 1
244 126 1
244 126 1
244 126 1
244 126 1
244 126 1
244 126 1
244 126 1
244 126 1
244 126 1
244 126 1
244 126 1
244 126 1
244 126 1
244 126 1
244 126 1
244 126 1
244 126 1
244 126 1
244 126 1
244 126 1
244 126 1
244 126 1
244 126 1
244 126 1
244 126 1
244 126 1
244 126 1
244 126 1
244 126 1
244 126 1
244 126 1
244 126 1
244 126 1
244 126 1
244 126 1
244 126 1
244 126 1
244 126 1
244 126 1
244 126 1
244 126 1
244 126 1
244 126 1
244 126 1
244 126 1
244 126 1
244 126 1
244 126 1
244 126 1
244 126 1
244 126 1
244 126 1
244 126 1
244 126 1
244 126 1
244 126 1
244 126 1
244 126 1
244 126 1
244 126 1
244 126 1
244 126 1
244 126 1
244 126 1
244 126 1
244 126 1
244 126 1
244 126 1
244 126 1
244 126 1
244 126 1
244 126 1
244 126 1
244 126 1
244 126 1
244 126 1
244 126 1
244 126 1
244 126 1
244 126 1
244 126 1
244 126 1
244 126 1
244 126 1
244 126 1
244 126 1
244 126 1
244 126 1
244 126 1
244 126 1
244 126 1
244 126 1
244 126 1
244 126 1
244 126 1
244 126 1
244 126 1
244 126 1
244 126 1
244 126 1
244 126 1
244 126 1
244 126 1
244 126 1
244 126 1
244 126 1
244 126 1
244 126 1
244 126 1
244 126 1
244 126 1
244 126 1
244 126 1
244 126 1
244 126 1
244 126 1
244 126 1
244 126 1
244 126 1
244 126 1
244 126 1
244 126 1
244 126 1
244 126 1
244 126 1
244 126 1
244 126 1
244 126 1
244 126 1
244 126 1
244 126 1
244 126 1
244 126 1
244 126 1
244 126 1
244 126 1
244 126 1
244 126 1
244 126 1
244 126 1
244 126 1
244 126 1
244 126 1
244 126 1
244 126 1
244 126 1
244 126 1
244 126 1
244 126 1
244 126 1
244 126 1
244 126 1
244 126 1
244 126 1
244 126 1
244 126 1
244 126 1
244 126 1
244 126 1
244 126 1
244 126 1
244 126 1
244 126 1
244 126 1
244 126 1
244 126 1
244 126 1
244 126 1
244 126 1
244 126 1
244 126 1
244 126 1
244 126 1
244 126 1
244 126 1
244 126 1
244 126 1
244 126 1
244 126 1
244 126 1
244 126 1
244 126 1
244 126 1
244 126 1
244 126 1
244 126 1
244 126 1
244 126 1
244 126 1
244 126 1
244 126 1
244 126 1
244 126 1
244 126 1
244 126 1
244 126 1
244 126 1
244 126 1
244 126 1
244 126 1
244 126 1
244 126 1
244 126 1
244 126 1
244 126 1
244 126 1
244 126 1
244 126 1
244 126 1
244 126 1
244 126 1
244 126 1
244 126 1
244 126 1
244 126 1
244 126 1
244 126 1
244 126 1
244 126 1
244 126 1
244 126 1
244 126 1
244 126 1
244 126 1
244 126 1
244 126 1
244 126 1
244 126 1
244 126 1
244 126 1
244 126 1
244 126 1
244 126 1
244 126 1
244 126 1
244 126 1
244 126 1
244 126 1
244 126 1
244 126 1
244 126 1
244 126 1
244 126 1
244 126 1
244 126 1
244 126 1
244 126 1
51 83 1
51 83 1
51 83 1
51 83 1
51 83 1
51 83 1
51 83 1
51 83 1
51 83 1
51 83 1
51 83 1
51 83 1
51 83 1
51 83 1
51 83 1
51 83 1
51 83 1
51 83 1
51 83 1
51 83 1
51 83 1
51 83 1
51 83 1
51 83 1
51 83 1
51 83 1
51 83 1
51 83 1
51 83 1
51 83 1
51 83 1
51 83 1
51 83 1
51 83 1
51 83 1
51 83 1
51 83 1
51 83 1
51 83 1
51 83 1
51 83 1
51 83 1
51 83 1
51 83 1
51 83 1
51 83 1
51 83 1
51 83 1
51 83 1
51 83 1
51 83 1
51 83 1
51 83 1
51 83 1
51 83 1
51 83 1
51 83 1
51 83 1
51 83 1
51 83 1
51 83 1
51 83 1
51 83 1
51 83 1
51 83 1
51 83 1
51 83 1
51 83 1
51 83 1
51 83 1
51 83 1
51 83 1
51 83 1
51 83 1
51 83 1
51 83 1
51 83 1
51 83 1
51 83 1
51 83 1
51 83 1
51 83 1
51 83 1
51 83 1
51 83 1
51 83 1
51 83 1
51 83 1
51 83 1
51 83 1
51 83 1
51 83 1
51 83 1
51 83 1
51 83 1
51 83 1
51 83 1
51 83 1
51 83 1
51 83 1
51 83 1
51 83 1
51 83 1
51 83 1
51 83 1
51 83 1
51 83 1
51 83 1
51 83 1
51 83 1
51 83 1
51 83 1
51 83 1
51 83 1
51 83 1
51 83 1
51 83 1
51 83 1
51 83 1
51 83 1
51 83 1
51 83 1
51 83 1
51 83 1
51 83 1
51 83 1
51 83 1
51 83 1
51 83 1
51 83 1
51 83 1
51 83 1
51 83 1
51 83 1
51 83 1
51 83 1
51 83 1
51 83 1
51 83 1
51 83 1
51 83 1
51 83 1
51 83 1
51 83 1
51 83 1
51 83 1
51 83 1
51 83 1
51 83 1
51 83 1
51 83 1
51 83 1
51 83 1
51 83 1
51 83 1
51 83 1
51 83 1
51 83 1
51 83 1
51 83 1
51 83 1
51 83 1
51 83 1
51 83 1
51 83 1
51 83 1
51 83 1
51 83 1
51 83 1
51 83 1
51 83 1
51 83 1
51 83 1
51 83 1
51 83 1
51 83 1
51 83 1
51 83 1
51 83 1
51 83 1
51 83 1
51 83 1
51 83 1
51 83 1
51 83 1
51 83 1
51 83 1
51 83 1
51 83 1
51 83 1
51 83 1
51 83 1
51 83 1
51 83 1
51 83 1
51 83 1
51 83 1
51 83 1
51 83 1
51 83 1
51 83 1
51 83 1
51 83 1
51 83 1
51 83 1
51 83 1
51 83 1
51 83 1
51 83 1
51 83 1
51 83 1
51 83 1
51 83 1
51 83 1
51 83 1
51 83 1
51 83 1
51 83 1
51 83 1
51 83 1
51 83 1
51 83 1
51 83 1
51 83 1
51 83 1
51 83 1
51 83 1
51 83 1
51 83 1
51 83 1
51 83 1
51 83 1
51 83 1
51 83 1
51 83 1
51 83 1
51 83 1
51 83 1
51 83 1
51 83 1
51 83 1
51 83 1
51 83 1
51 83 1
51 83 1
51 83 1
51 83 1
51 83 1
51 83 1
51 83 1
51 83 1
51 83 1
51 83 1
51 83 1
51 83 1
51 83 1
51 83 1
122 63 1
122 63 1
122 63 1
122 63 1
122 63 1
122 63 1
122 63 1
122 63 1
122 63 1
122 63 1
122 63 1
122 63 1
122 63 1
122 63 1
122 63 1
122 63 1
122 63 1
122 63 1
122 63 1
122 63 1
122 63 1
122 63 1
122 63 1
122 63 1
122 63 1
122 63 1
122 63 1
122 63 1
122 63 1
122 63 1
122 63 1
122 63 1
122 63 1
122 63 1
122 63 1
122 63 1
122 63 1
122 63 1
122 63 1
122 63 1
122 63 1
122 63 1
122 63 1
122 63 1
122 63 1
122 63 1
122 63 1
122 63 1
122 63 1
122 63 1
122 63 1
122 63 1
122 63 1
122 63 1
122 63 1
122 63 1
122 63 1
122 63 1
122 63 1
122 63 1
122 63 1
122 63 1
122 63 1
122 63 1
122 63 1
122 63 1
122 63 1
122 63 1
122 63 1
122 63 1
122 63 1
122 63 1
122 63 1
122 63 1
122 63 1
122 63 1
122 63 1
122 63 1
122 63 1
122 63 1
122 63 1
122 63 1
122 63 1
122 63 1
122 63 1
122 63 1
122 63 1
122 63 1
122 63 1
122 63 1
122 63 1
122 63 1
122 63 1
122 63 1
122 63 1
122 63 1
122 63 1
122 63 1
122 63 1
122 63 1
122 63 1
122 63 1
122 63 1
122 63 1
122 63 1
122 63 1
122 63 1
122 63 1
122 63 1
122 63 1
122 63 1
122 63 1
122 63 1
122 63 1
122 63 1
122 63 1
122 63 1
122 63 1
122 63 1
122 63 1
122 63 1
122 63 1
122 63 1
122 63 1
122 63 1
122 63 1
122 63 1
122 63 1
122 63 1
122 63 1
122 63 1
122 63 1
122 63 1
122 63 1
122 63 1
122 63 1
122 63 1
122 63 1
122 63 1
122 63 1
122 63 1
122 63 1
122 63 1
122 63 1
122 63 1
122 63 1
122 63 1
122 63 1
122 63 1
122 63 1
122 63 1
122 63 1
122 63 1
122 63 1
122 63 1
122 63 1
122 63 1
122 63 1
122 63 1
122 63 1
122 63 1
122 63 1
122 63 1
122 63 1
122 63 1
122 63 1
122 63 1
122 63 1
122 63 1
122 63 1
122 63 1
122 63 1
122 63 1
122 63 1
122 63 1
122 63 1
122 63 1
122 63 1
122 63 1
122 63 1
122 63 1
122 63 1
122 63 1
122 63 1
122 63 1
122 63 1
122 63 1
122 63 1
122 63 1
122 63 1
122 63 1
122 63 1
122 63 1
122 63 1
122 63 1
122 63 1
122 63 1
122 63 1
122 63 1
122 63 1
122 63 1
122 63 1
122 63 1
122 63 1
122 63 1
122 63 1
122 63 1
122 63 1
122 63 1
122 63 1
122 63 1
122 63 1
122 63 1
122 63 1
122 63 1
122 63 1
122 63 1
122 63 1
122 63 1
122 63 1
122 63 1
122 63 1
122 63 1
122 63 1
122 63 1
122 63 1
122 63 1
122 63 1
122 63 1
122 63 1
122 63 1
122 63 1
122 63 1
122 63 1
122 63 1
122 63 1
122 63 1
122 63 1
122 63 1
122 63 1
122 63 1
122 63 1
122 63 1
122 63 1
122 63 1
122 63 1
122 63 1
122 63 1
122 63 1
122 63 1
122 63 1
122 63 1
122 63 1
122 63 1
122 63 1
122 63 1
122 63 1
