5000 930098
764 765 1
53 54 1
46 48 1
978 978 1
736 738 0.002033
119 120 1
328 330 1
290 291 0.005155
437 438 1
65 66 1
613 615 1
273 273 1
65 66 1
552 552 1
517 519 1
642 642 1
4 6 1
472 474 1
737 738 1
568 570 1
656 657 1
749 750 1
330 330 1
790 792 1
231 231 1
453 453 1
38 39 1
630 630 1
216 216 1
679 681 1
819 819 1
310 312 1
690 690 1
285 285 1
466 468 1
859 861 1
751 753 1
957 957 1
685 687 0.002183
618 618 1
506 507 1
12 12 1
304 306 1
585 585 1
377 378 1
465 465 1
939 939 1
523 525 1
523 525 1
32 33 1
101 102 1
81 81 1
673 675 1
251 252 1
970 972 1
88 90 1
793 795 0.001887
594 594 1
446 447 1
345 345 1
790 792 0.001894
12 12 1
1000 1002 1
844 846 1
793 795 1
99 99 1
871 873 1
236 237 1
411 411 1
476 477 1
311 312 1
557 558 1
847 849 1
820 822 1
317 318 1
584 585 1
92 93 1
323 324 1
358 360 0.004167
718 720 1
329 330 1
196 198 0.007576
764 765 1
752 753 1
735 735 1
739 741 0.002024
664 666 1
525 525 1
322 324 1
837 837 1
936 936 1
692 693 1
688 690 1
67 69 1
618 618 1
781 783 1
111 111 1
502 504 1
935 936 1
475 477 1
315 315 1
108 108 1
257 258 1
4 6 1
261 261 0.005747
729 729 1
988 990 1
911 912 1
348 348 0.00431
791 792 1
488 489 1
516 516 1
344 345 1
438 438 1
932 933 1
655 657 1
201 201 1
211 213 1
668 669 1
581 582 1
316 318 1
989 990 1
580 582 1
749 750 1
750 750 1
363 363 1
355 357 0.004202
112 114 0.013158
790 792 1
407 408 1
857 858 1
401 402 1
630 630 1
29 30 1
768 768 1
454 456 1
659 660 1
396 396 1
389 390 0.003846
756 756 1
992 993 1
979 981 1
576 576 1
846 846 1
734 735 1
453 453 1
463 465 1
69 69 1
607 609 1
349 351 1
695 696 1
801 801 1
742 744 1
18 18 1
347 348 1
854 855 1
1000 1002 1
875 876 1
370 372 1
887 888 1
37 39 1
764 765 0.001961
204 204 1
55 57 1
95 96 1
471 471 1
941 942 1
778 780 0.001923
864 864 1
99 99 1
785 786 1
232 234 0.00641
608 609 0.002463
16 18 1
77 78 1
10 12 1
629 630 1
216 216 1
916 918 1
643 645 0.002326
585 585 1
168 168 1
775 777 1
967 969 1
943 945 1
884 885 1
475 477 1
14 15 1
182 183 1
653 654 1
431 432 1
346 348 1
348 348 0.00431
358 360 0.004167
146 147 1
844 846 1
683 684 1
242 243 1
225 225 1
266 267 1
918 918 1
568 570 1
998 999 1
372 372 1
564 564 1
527 528 1
833 834 1
226 228 1
204 204 1
65 66 0.022727
779 780 1
351 351 1
471 471 1
699 699 1
54 54 1
713 714 1
993 993 1
651 651 1
134 135 1
125 126 1
912 912 1
809 810 1
954 954 1
23 24 1
699 699 1
118 120 1
650 651 1
776 777 1
731 732 1
159 159 1
482 483 1
277 279 1
588 588 1
658 660 1
694 696 1
23 24 1
565 567 1
151 153 1
620 621 1
533 534 1
923 924 1
391 393 1
996 996 1
946 948 0.001582
402 402 1
232 234 1
66 66 1
813 813 1
179 180 1
496 498 1
618 618 1
916 918 1
390 390 1
845 846 1
547 549 1
303 303 0.00495
298 300 1
26 27 1
709 711 1
899 900 0.001667
135 135 1
92 93 1
970 972 1
404 405 1
259 261 1
57 57 1
272 273 1
377 378 1
873 873 1
607 609 1
148 150 1
211 213 1
802 804 1
675 675 1
424 426 1
37 39 1
152 153 1
463 465 1
933 933 1
621 621 1
478 480 1
993 993 1
297 297 0.005051
985 987 1
377 378 1
122 123 1
282 282 1
811 813 1
897 897 1
612 612 1
305 306 1
653 654 1
592 594 1
931 933 1
40 42 0.035714
949 951 1
913 915 1
437 438 1
971 972 1
633 633 0.00237
42 42 1
153 153 1
442 444 1
812 813 1
826 828 1
115 117 1
773 774 1
303 303 1
299 300 1
206 207 0.007246
942 942 0.001592
944 945 1
808 810 1
896 897 0.001672
170 171 1
574 576 1
375 375 1
825 825 1
768 768 1
673 675 1
368 369 1
331 333 1
463 465 1
726 726 1
325 327 1
339 339 1
476 477 0.003145
673 675 1
143 144 1
38 39 1
833 834 1
762 762 1
606 606 0.002475
4 6 1
663 663 1
104 105 1
977 978 1
897 897 0.001672
300 300 1
216 216 1
697 699 1
78 78 1
621 621 1
190 192 1
739 741 1
707 708 1
45 45 1
777 777 1
490 492 1
80 81 1
483 483 1
795 795 1
600 600 1
695 696 1
392 393 1
991 993 1
613 615 1
356 357 1
22 24 1
689 690 0.002174
70 72 1
588 588 1
497 498 1
985 987 1
287 288 0.005208
969 969 1
361 363 1
871 873 1
593 594 1
827 828 1
574 576 1
616 618 1
4 6 1
88 90 1
850 852 1
183 183 0.008197
973 975 1
876 876 1
682 684 1
788 789 1
81 81 1
569 570 1
733 735 1
704 705 1
136 138 1
960 960 1
355 357 1
182 183 0.008197
770 771 1
278 279 1
62 63 0.02381
732 732 1
469 471 1
64 66 1
524 525 1
663 663 0.002262
268 270 1
454 456 1
778 780 1
146 147 1
160 162 1
891 891 1
338 339 1
15 15 1
35 36 1
674 675 1
462 462 1
427 429 1
472 474 1
490 492 1
978 978 1
342 342 0.004386
444 444 1
115 117 1
565 567 1
832 834 1
951 951 1
543 543 1
48 48 1
661 663 1
363 363 1
25 27 1
156 156 1
233 234 1
811 813 1
840 840 1
16 18 1
661 663 1
517 519 1
924 924 0.001623
217 219 1
367 369 1
496 498 1
64 66 1
696 696 1
997 999 0.001502
518 519 1
942 942 1
471 471 1
42 42 0.035714
3 3 1
109 111 1
339 339 1
727 729 1
347 348 1
710 711 1
83 84 1
3 3 1
271 273 1
178 180 1
534 534 1
619 621 1
16 18 1
13 15 1
897 897 1
418 420 1
570 570 0.002632
222 222 1
527 528 1
345 345 1
186 186 1
268 270 1
926 927 1
552 552 0.002717
72 72 1
930 930 1
912 912 1
642 642 0.002336
222 222 1
523 525 0.002857
798 798 0.00188
317 318 1
14 15 1
526 528 1
103 105 1
407 408 1
830 831 1
746 747 1
303 303 0.00495
426 426 1
167 168 1
515 516 1
856 858 1
552 552 0.002717
994 996 1
475 477 1
620 621 1
198 198 0.007576
193 195 1
769 771 1
447 447 1
837 837 1
868 870 1
949 951 1
241 243 1
924 924 0.001623
368 369 1
729 729 1
714 714 1
455 456 1
177 177 1
169 171 1
436 438 1
707 708 1
193 195 1
67 69 1
972 972 1
262 264 0.005682
566 567 1
751 753 1
585 585 1
115 117 1
551 552 1
96 96 1
83 84 1
164 165 1
287 288 1
321 321 1
548 549 0.002732
446 447 1
120 120 1
353 354 1
146 147 1
184 186 1
113 114 1
439 441 1
346 348 1
555 555 1
969 969 1
501 501 1
270 270 1
314 315 1
688 690 0.002174
608 609 1
288 288 1
267 267 1
812 813 1
350 351 1
372 372 1
629 630 1
185 186 1
150 150 1
313 315 0.004762
712 714 0.002101
544 546 1
723 723 1
160 162 0.009259
551 552 1
377 378 1
937 939 0.001597
515 516 0.002907
416 417 1
288 288 0.005208
958 960 1
775 777 1
730 732 1
459 459 1
842 843 1
538 540 1
877 879 1
201 201 1
254 255 1
669 669 0.002242
581 582 1
788 789 1
904 906 1
162 162 1
127 129 1
519 519 1
885 885 1
246 246 1
66 66 1
873 873 1
877 879 1
560 561 1
319 321 1
400 402 1
75 75 1
784 786 1
873 873 1
86 87 1
162 162 1
928 930 1
437 438 1
727 729 1
208 210 0.007143
286 288 1
171 171 0.008772
176 177 1
910 912 1
863 864 1
90 90 1
945 945 1
933 933 1
13 15 1
111 111 1
956 957 1
138 138 1
82 84 1
94 96 1
507 507 1
122 123 0.012195
50 51 1
279 279 1
53 54 1
262 264 1
180 180 1
258 258 1
649 651 1
840 840 1
657 657 1
235 237 1
872 873 1
964 966 1
891 891 1
974 975 1
783 783 0.001916
807 807 1
63 63 1
635 636 1
826 828 1
83 84 1
211 213 1
258 258 1
154 156 0.009615
112 114 1
136 138 1
296 297 1
103 105 1
644 645 1
568 570 1
8 9 0.166667
183 183 1
172 174 1
24 24 1
299 300 1
861 861 1
816 816 1
7 9 1
320 321 1
193 195 1
106 108 1
957 957 1
659 660 1
206 207 1
895 897 1
364 366 1
322 324 1
294 294 0.005102
76 78 1
170 171 1
82 84 1
128 129 1
737 738 1
365 366 1
838 840 1
891 891 1
497 498 1
517 519 1
552 552 1
471 471 1
464 465 1
308 309 1
414 414 1
50 51 0.029412
731 732 1
601 603 1
637 639 1
121 123 1
347 348 0.00431
176 177 1
49 51 1
330 330 0.004545
721 723 1
59 60 1
259 261 0.005747
576 576 1
587 588 1
980 981 0.001529
256 258 1
934 936 1
213 213 0.007042
695 696 1
505 507 1
338 339 0.004425
697 699 1
437 438 1
245 246 1
507 507 1
735 735 1
115 117 1
479 480 0.003125
548 549 1
108 108 1
615 615 1
198 198 1
966 966 1
927 927 1
907 909 1
591 591 1
473 474 1
463 465 1
735 735 1
525 525 1
267 267 1
510 510 1
883 885 1
330 330 1
566 567 1
88 90 1
673 675 1
962 963 1
566 567 1
828 828 1
231 231 1
390 390 1
1000 1002 0.001497
953 954 1
579 579 1
910 912 1
380 381 1
738 738 1
764 765 1
638 639 1
324 324 1
538 540 1
383 384 1
977 978 1
194 195 1
712 714 1
352 354 1
625 627 1
285 285 0.005263
564 564 1
796 798 1
468 468 1
20 21 1
159 159 1
333 333 1
47 48 1
216 216 1
183 183 1
565 567 1
335 336 1
462 462 1
264 264 1
41 42 0.035714
155 156 1
795 795 1
763 765 1
295 297 1
731 732 1
853 855 1
674 675 1
640 642 1
419 420 1
40 42 1
49 51 1
318 318 1
672 672 0.002232
782 783 1
351 351 1
950 951 1
793 795 1
957 957 1
930 930 1
431 432 1
847 849 1
109 111 1
558 558 1
225 225 1
37 39 1
927 927 1
142 144 1
287 288 1
904 906 0.001656
430 432 1
601 603 1
68 69 1
783 783 1
57 57 1
134 135 1
441 441 1
539 540 1
743 744 1
167 168 1
717 717 1
1000 1002 1
81 81 1
481 483 0.003106
307 309 1
362 363 1
146 147 1
466 468 1
31 33 0.045455
248 249 1
250 252 1
130 132 1
184 186 1
452 453 1
278 279 1
858 858 1
311 312 1
833 834 1
105 105 1
687 687 1
814 816 1
899 900 1
559 561 0.002674
215 216 1
930 930 1
786 786 1
620 621 1
690 690 1
193 195 0.007692
782 783 1
160 162 1
114 114 1
716 717 1
91 93 1
133 135 1
875 876 1
934 936 1
983 984 1
975 975 1
467 468 1
442 444 1
951 951 1
170 171 1
578 579 1
848 849 1
685 687 1
368 369 1
635 636 1
864 864 1
500 501 1
784 786 1
97 99 1
84 84 1
57 57 1
519 519 1
250 252 1
42 42 1
316 318 1
42 42 1
503 504 1
984 984 1
820 822 0.001825
545 546 0.002747
649 651 1
142 144 1
70 72 1
854 855 1
149 150 1
975 975 1
415 417 1
579 579 1
64 66 1
135 135 1
884 885 1
71 72 1
532 534 1
853 855 1
9 9 1
801 801 1
185 186 0.008065
986 987 1
694 696 0.002155
499 501 1
108 108 1
1000 1002 1
107 108 1
488 489 1
650 651 0.002304
492 492 1
189 189 1
925 927 1
669 669 0.002242
644 645 1
22 24 0.0625
963 963 1
494 495 1
345 345 1
552 552 1
667 669 1
696 696 1
382 384 1
242 243 1
976 978 0.001534
875 876 1
438 438 1
57 57 0.026316
120 120 1
414 414 1
169 171 0.008772
912 912 1
747 747 1
804 804 1
967 969 0.001548
864 864 1
26 27 1
144 144 1
467 468 0.003205
95 96 1
216 216 1
216 216 0.006944
641 642 1
341 342 1
780 780 1
964 966 0.001553
759 759 1
346 348 1
605 606 1
447 447 1
743 744 1
641 642 0.002336
492 492 0.003049
885 885 1
11 12 1
480 480 1
821 822 1
467 468 1
815 816 1
77 78 1
517 519 0.00289
690 690 1
867 867 1
778 780 1
669 669 1
852 852 1
822 822 1
545 546 1
141 141 1
389 390 1
331 333 1
463 465 0.003226
833 834 1
698 699 1
871 873 1
621 621 1
55 57 1
597 597 1
392 393 1
914 915 1
318 318 1
558 558 1
351 351 1
34 36 1
73 75 1
715 717 1
374 375 1
753 753 1
849 849 1
376 378 1
75 75 1
384 384 1
382 384 0.003906
15 15 1
195 195 1
23 24 1
14 15 1
618 618 1
119 120 1
272 273 0.005495
828 828 1
195 195 1
481 483 1
434 435 1
498 498 1
90 90 1
959 960 1
659 660 1
182 183 1
94 96 1
559 561 1
300 300 1
936 936 1
146 147 1
881 882 1
89 90 1
234 234 1
202 204 1
896 897 1
550 552 1
806 807 1
739 741 1
544 546 1
114 114 1
611 612 1
229 231 1
617 618 1
903 903 1
296 297 1
260 261 1
642 642 1
519 519 1
863 864 1
978 978 1
22 24 1
968 969 1
859 861 1
191 192 1
706 708 1
601 603 1
538 540 1
529 531 1
484 486 1
802 804 0.001866
867 867 1
35 36 1
453 453 1
519 519 0.00289
975 975 1
266 267 1
488 489 1
869 870 1
300 300 0.005
130 132 1
808 810 1
579 579 1
885 885 1
389 390 0.003846
765 765 1
66 66 1
251 252 1
388 390 1
447 447 1
965 966 1
607 609 1
99 99 1
897 897 1
977 978 0.001534
644 645 1
425 426 0.003521
479 480 1
94 96 1
849 849 1
525 525 1
247 249 1
443 444 1
357 357 1
513 513 1
108 108 1
821 822 1
313 315 1
883 885 1
685 687 0.002183
952 954 1
145 147 1
263 264 1
2 3 1
476 477 1
994 996 1
933 933 1
895 897 1
833 834 1
93 93 1
176 177 0.008475
294 294 1
371 372 0.004032
298 300 1
637 639 1
130 132 1
750 750 1
997 999 1
232 234 1
262 264 1
898 900 1
389 390 1
658 660 1
809 810 1
711 711 1
263 264 1
389 390 1
100 102 1
546 546 1
142 144 0.010417
93 93 0.016129
345 345 1
214 216 1
566 567 1
816 816 1
782 783 1
891 891 1
676 678 1
839 840 1
480 480 1
35 36 1
799 801 1
938 939 1
344 345 0.004348
967 969 1
378 378 1
95 96 1
385 387 1
397 399 1
487 489 1
652 654 0.002294
135 135 1
293 294 1
964 966 1
344 345 1
888 888 1
503 504 1
81 81 1
69 69 1
534 534 1
910 912 1
256 258 1
144 144 0.010417
899 900 1
983 984 1
252 252 1
551 552 1
92 93 1
226 228 1
818 819 0.001832
961 963 1
726 726 1
303 303 1
650 651 1
897 897 1
891 891 1
802 804 1
365 366 1
3 3 1
326 327 0.004587
752 753 1
616 618 1
709 711 1
794 795 1
567 567 1
416 417 1
63 63 1
462 462 1
921 921 1
596 597 1
795 795 1
187 189 1
185 186 1
86 87 1
861 861 1
988 990 1
723 723 1
81 81 1
907 909 1
308 309 1
24 24 1
412 414 1
773 774 1
939 939 1
551 552 1
868 870 1
638 639 1
353 354 1
69 69 1
597 597 0.002513
440 441 1
945 945 1
285 285 1
10 12 1
948 948 1
503 504 1
8 9 1
952 954 0.001572
367 369 1
818 819 1
158 159 1
735 735 1
542 543 1
314 315 1
187 189 1
136 138 1
962 963 1
186 186 1
298 300 1
711 711 1
460 462 1
478 480 1
237 237 1
346 348 0.00431
770 771 1
734 735 1
378 378 1
103 105 0.014286
759 759 1
177 177 1
158 159 1
985 987 1
463 465 1
266 267 1
534 534 1
804 804 1
159 159 1
790 792 1
697 699 1
412 414 1
985 987 1
876 876 1
63 63 1
986 987 1
189 189 1
243 243 0.006173
788 789 1
662 663 1
17 18 1
406 408 1
149 150 1
69 69 1
826 828 1
643 645 1
65 66 1
68 69 1
32 33 0.045455
759 759 1
320 321 1
538 540 1
93 93 1
539 540 1
575 576 1
522 522 1
862 864 1
330 330 1
786 786 1
302 303 1
688 690 1
224 225 1
840 840 1
428 429 1
651 651 1
772 774 1
491 492 1
541 543 1
138 138 1
414 414 1
580 582 1
224 225 1
177 177 1
505 507 1
954 954 0.001572
523 525 1
757 759 1
953 954 1
396 396 1
610 612 0.002451
215 216 1
382 384 1
490 492 1
85 87 1
297 297 1
951 951 1
815 816 1
622 624 1
6 6 1
127 129 1
145 147 1
488 489 1
982 984 1
635 636 0.002358
687 687 1
865 867 1
335 336 1
298 300 1
457 459 0.003268
480 480 1
300 300 1
795 795 1
268 270 1
431 432 1
658 660 1
561 561 0.002674
227 228 1
497 498 1
814 816 1
114 114 1
230 231 1
484 486 1
287 288 1
699 699 1
998 999 1
248 249 1
129 129 0.011628
613 615 1
46 48 1
454 456 1
480 480 1
819 819 1
931 933 1
210 210 1
425 426 1
73 75 1
629 630 1
801 801 0.001873
652 654 1
366 366 1
611 612 1
683 684 1
4 6 1
98 99 1
450 450 1
537 537 1
4 6 1
904 906 1
447 447 1
111 111 1
283 285 1
973 975 1
183 183 1
715 717 1
529 531 0.002825
638 639 1
422 423 1
619 621 1
871 873 1
606 606 1
868 870 0.001724
643 645 1
395 396 1
381 381 0.003937
273 273 1
572 573 0.002618
305 306 1
145 147 0.010204
346 348 1
854 855 1
210 210 0.007143
216 216 1
857 858 1
6 6 1
48 48 1
260 261 1
192 192 1
848 849 1
391 393 1
917 918 1
534 534 1
677 678 1
790 792 1
842 843 1
848 849 1
21 21 1
963 963 0.001558
792 792 1
48 48 1
919 921 1
890 891 1
416 417 1
874 876 1
995 996 1
262 264 1
405 405 1
737 738 1
239 240 0.00625
638 639 1
147 147 1
734 735 0.002041
222 222 1
145 147 1
817 819 1
705 705 0.002128
554 555 1
138 138 1
647 648 1
333 333 1
194 195 1
12 12 1
944 945 1
752 753 1
516 516 1
517 519 1
321 321 1
416 417 1
324 324 1
71 72 1
807 807 1
462 462 1
74 75 1
474 474 1
197 198 1
822 822 1
216 216 1
75 75 1
867 867 1
285 285 1
297 297 1
144 144 1
287 288 1
225 225 1
651 651 1
753 753 1
840 840 1
76 78 1
381 381 1
816 816 1
605 606 0.002475
177 177 1
569 570 1
553 555 1
513 513 1
765 765 1
219 219 1
866 867 1
978 978 1
806 807 1
807 807 1
100 102 1
173 174 1
671 672 1
734 735 1
519 519 1
635 636 1
730 732 1
753 753 1
353 354 1
807 807 0.001859
187 189 1
148 150 1
360 360 1
933 933 1
835 837 1
540 540 1
739 741 1
476 477 0.003145
771 771 1
353 354 1
612 612 1
837 837 0.001792
628 630 1
20 21 1
168 168 1
825 825 1
661 663 1
401 402 1
388 390 1
53 54 1
580 582 1
134 135 0.011111
954 954 1
305 306 1
275 276 1
818 819 1
594 594 1
220 222 1
276 276 1
558 558 1
696 696 1
922 924 1
805 807 1
487 489 1
676 678 1
662 663 1
13 15 1
81 81 1
77 78 1
111 111 1
92 93 1
205 207 1
261 261 1
534 534 1
462 462 1
459 459 1
719 720 1
94 96 1
128 129 1
680 681 1
619 621 1
19 21 1
833 834 1
745 747 1
569 570 1
99 99 1
898 900 1
206 207 1
505 507 1
639 639 1
958 960 1
887 888 1
769 771 1
10 12 1
626 627 1
314 315 1
982 984 0.001524
736 738 1
861 861 0.001742
250 252 1
737 738 1
496 498 1
553 555 1
41 42 0.035714
675 675 1
770 771 1
936 936 1
86 87 1
520 522 1
866 867 0.00173
767 768 1
655 657 1
192 192 1
754 756 1
933 933 0.001608
304 306 1
145 147 1
787 789 1
700 702 1
818 819 1
430 432 1
684 684 1
23 24 1
293 294 1
266 267 1
153 153 1
218 219 1
853 855 1
637 639 0.002347
925 927 0.001618
165 165 1
712 714 0.002101
717 717 1
303 303 1
673 675 1
165 165 1
934 936 1
913 915 1
120 120 1
78 78 1
218 219 1
531 531 0.002825
384 384 1
118 120 1
841 843 1
988 990 1
241 243 1
60 60 1
882 882 1
129 129 1
930 930 1
70 72 1
7 9 1
603 603 1
503 504 1
358 360 1
77 78 1
629 630 1
445 447 1
624 624 1
825 825 1
508 510 1
436 438 0.003425
393 393 1
651 651 1
421 423 1
396 396 1
697 699 1
78 78 1
545 546 1
448 450 1
425 426 1
597 597 1
171 171 1
317 318 1
693 693 1
400 402 1
832 834 1
427 429 1
523 525 1
92 93 1
925 927 1
146 147 1
890 891 1
54 54 1
645 645 1
974 975 1
699 699 1
424 426 1
920 921 1
596 597 1
595 597 1
706 708 1
620 621 1
58 60 1
863 864 1
906 906 1
32 33 1
474 474 1
637 639 1
683 684 1
595 597 1
222 222 1
449 450 1
698 699 1
601 603 1
477 477 1
389 390 0.003846
867 867 1
862 864 1
612 612 1
951 951 1
112 114 1
552 552 1
118 120 1
590 591 1
722 723 1
232 234 1
708 708 0.002119
285 285 1
853 855 1
801 801 1
421 423 1
79 81 1
648 648 1
975 975 1
863 864 1
616 618 1
418 420 1
793 795 1
763 765 1
306 306 1
478 480 1
488 489 1
636 636 1
573 573 1
383 384 1
277 279 1
736 738 1
4 6 1
932 933 1
830 831 0.001805
509 510 1
903 903 1
237 237 1
832 834 1
813 813 1
707 708 0.002119
35 36 0.041667
278 279 1
610 612 1
963 963 1
899 900 1
112 114 0.013158
794 795 0.001887
354 354 0.004237
203 204 1
549 549 1
859 861 1
150 150 1
675 675 1
385 387 1
375 375 1
286 288 1
981 981 1
798 798 1
49 51 1
900 900 1
342 342 1
519 519 1
686 687 1
156 156 1
978 978 1
752 753 0.001992
845 846 1
546 546 1
754 756 0.001984
807 807 1
415 417 1
456 456 1
985 987 1
590 591 1
598 600 1
197 198 1
546 546 1
142 144 1
161 162 1
446 447 0.003356
812 813 1
364 366 1
518 519 1
664 666 1
614 615 0.002439
455 456 1
95 96 1
227 228 1
58 60 1
175 177 1
293 294 1
872 873 1
125 126 1
55 57 1
71 72 1
212 213 1
965 966 1
260 261 1
460 462 1
634 636 1
465 465 1
836 837 1
548 549 1
340 342 1
836 837 1
655 657 1
314 315 1
827 828 0.001812
426 426 1
865 867 1
436 438 1
514 516 1
361 363 1
301 303 1
33 33 1
198 198 1
481 483 1
403 405 1
465 465 1
720 720 1
28 30 1
578 579 1
17 18 1
720 720 1
974 975 1
958 960 1
908 909 1
435 435 1
21 21 1
219 219 1
778 780 1
447 447 1
185 186 0.008065
375 375 1
60 60 1
433 435 1
45 45 1
875 876 1
677 678 1
629 630 1
44 45 1
42 42 1
682 684 0.002193
509 510 1
252 252 1
169 171 1
186 186 1
32 33 1
614 615 1
501 501 1
383 384 1
981 981 1
43 45 1
615 615 1
219 219 1
133 135 1
144 144 0.010417
658 660 1
387 387 1
211 213 1
146 147 1
435 435 1
671 672 1
535 537 1
386 387 1
664 666 1
127 129 1
918 918 1
90 90 1
521 522 1
415 417 1
547 549 0.002732
558 558 1
98 99 1
11 12 1
746 747 1
188 189 1
278 279 1
675 675 1
534 534 1
715 717 1
149 150 1
192 192 1
90 90 1
671 672 1
958 960 1
68 69 1
405 405 1
387 387 1
821 822 0.001825
990 990 1
900 900 1
573 573 1
510 510 1
699 699 0.002146
139 141 1
637 639 1
383 384 1
213 213 1
379 381 0.003937
925 927 1
498 498 1
856 858 1
782 783 1
834 834 0.001799
984 984 1
207 207 1
22 24 1
529 531 1
694 696 1
803 804 1
681 681 1
162 162 1
523 525 1
916 918 1
959 960 1
504 504 1
967 969 1
909 909 1
169 171 1
511 513 1
830 831 1
748 750 1
236 237 1
108 108 1
131 132 1
503 504 1
756 756 1
896 897 1
812 813 1
295 297 1
281 282 1
869 870 1
68 69 1
520 522 1
492 492 1
286 288 1
884 885 1
151 153 1
370 372 1
35 36 1
928 930 1
90 90 1
839 840 1
810 810 0.001852
895 897 0.001672
587 588 1
44 45 1
567 567 1
411 411 0.00365
13 15 0.1
666 666 1
92 93 1
781 783 1
884 885 1
476 477 1
505 507 1
634 636 1
569 570 1
136 138 1
949 951 1
904 906 1
348 348 1
726 726 1
938 939 1
552 552 1
847 849 1
63 63 1
220 222 1
661 663 1
857 858 1
358 360 1
154 156 1
420 420 1
736 738 1
114 114 1
179 180 1
626 627 1
725 726 1
378 378 0.003968
338 339 1
728 729 1
300 300 1
759 759 1
450 450 1
498 498 1
256 258 1
101 102 1
34 36 1
179 180 1
803 804 1
977 978 1
226 228 1
25 27 1
451 453 1
468 468 1
676 678 1
119 120 1
910 912 0.001645
38 39 1
147 147 1
278 279 1
79 81 1
955 957 1
998 999 1
410 411 1
349 351 1
953 954 1
269 270 1
491 492 1
714 714 1
271 273 1
747 747 1
224 225 1
618 618 1
976 978 1
890 891 1
997 999 1
872 873 1
653 654 1
89 90 1
134 135 1
115 117 1
38 39 1
897 897 1
561 561 1
342 342 1
841 843 1
547 549 1
656 657 1
259 261 1
449 450 1
539 540 1
172 174 1
927 927 1
64 66 1
48 48 1
482 483 1
937 939 1
556 558 1
33 33 1
905 906 1
107 108 1
469 471 0.003185
664 666 1
450 450 1
47 48 0.03125
349 351 1
907 909 1
734 735 1
98 99 1
158 159 1
173 174 1
427 429 1
115 117 1
63 63 1
977 978 1
71 72 1
748 750 1
839 840 1
887 888 1
147 147 1
576 576 1
280 282 1
436 438 1
448 450 1
243 243 1
212 213 1
950 951 0.001577
429 429 1
517 519 1
771 771 1
717 717 1
486 486 1
710 711 0.00211
915 915 1
427 429 1
982 984 1
947 948 1
926 927 1
788 789 1
894 894 1
7 9 1
783 783 1
326 327 1
163 165 1
874 876 0.001712
724 726 1
594 594 1
123 123 0.012195
765 765 0.001961
981 981 1
881 882 1
959 960 0.001563
228 228 1
379 381 1
967 969 0.001548
435 435 1
690 690 1
857 858 1
754 756 1
801 801 1
871 873 1
382 384 1
699 699 1
281 282 1
829 831 1
193 195 1
451 453 1
220 222 0.006757
678 678 1
547 549 1
111 111 1
699 699 0.002146
872 873 1
192 192 0.007813
349 351 0.004274
684 684 1
552 552 0.002717
13 15 1
220 222 1
573 573 1
18 18 1
507 507 1
743 744 1
751 753 1
207 207 1
930 930 1
130 132 1
747 747 1
356 357 1
6 6 1
939 939 1
8 9 1
689 690 1
957 957 1
817 819 1
970 972 1
767 768 0.001953
415 417 1
280 282 1
44 45 0.033333
993 993 1
420 420 1
459 459 1
991 993 0.001511
515 516 1
625 627 0.002392
48 48 1
368 369 1
526 528 0.002841
715 717 1
759 759 1
221 222 1
265 267 1
833 834 1
355 357 1
632 633 0.00237
457 459 1
709 711 1
791 792 1
266 267 1
25 27 1
236 237 1
361 363 1
448 450 1
554 555 1
481 483 1
273 273 1
218 219 1
356 357 1
133 135 1
26 27 1
438 438 1
170 171 1
482 483 1
392 393 1
953 954 1
690 690 1
778 780 1
881 882 1
326 327 1
594 594 1
916 918 1
12 12 1
28 30 1
924 924 1
455 456 1
28 30 1
843 843 1
282 282 1
269 270 1
692 693 0.002165
135 135 1
842 843 1
249 249 1
812 813 1
619 621 0.002415
794 795 1
728 729 1
490 492 1
991 993 1
524 525 0.002857
811 813 1
594 594 1
971 972 0.001543
827 828 1
35 36 0.041667
102 102 1
921 921 1
364 366 1
356 357 1
782 783 1
909 909 0.00165
934 936 1
362 363 1
233 234 1
128 129 1
609 609 1
934 936 1
369 369 1
393 393 1
906 906 0.001656
369 369 1
571 573 0.002618
506 507 1
813 813 1
718 720 1
900 900 1
536 537 1
353 354 0.004237
556 558 1
540 540 1
498 498 1
999 999 1
802 804 1
942 942 1
593 594 1
43 45 1
49 51 1
446 447 1
287 288 1
809 810 1
829 831 1
41 42 1
240 240 1
776 777 0.001931
844 846 1
368 369 1
987 987 1
186 186 1
676 678 1
820 822 1
312 312 1
705 705 1
392 393 1
643 645 1
715 717 1
60 60 1
260 261 0.005747
25 27 1
959 960 1
519 519 1
268 270 1
776 777 1
980 981 1
758 759 1
48 48 1
784 786 1
298 300 1
530 531 1
915 915 1
70 72 1
19 21 1
417 417 1
815 816 1
729 729 1
940 942 1
538 540 1
561 561 1
192 192 1
531 531 1
78 78 1
99 99 1
693 693 1
474 474 1
888 888 1
252 252 1
948 948 1
202 204 1
973 975 1
857 858 1
28 30 1
641 642 1
565 567 1
24 24 1
484 486 1
412 414 0.003623
847 849 1
887 888 1
783 783 1
36 36 1
696 696 1
217 219 1
88 90 1
853 855 1
20 21 1
304 306 1
622 624 1
490 492 1
675 675 1
859 861 1
16 18 1
482 483 1
437 438 1
882 882 1
826 828 1
910 912 1
550 552 1
924 924 1
366 366 1
455 456 1
106 108 1
607 609 1
155 156 1
372 372 1
353 354 0.004237
328 330 1
345 345 0.004348
882 882 1
68 69 1
574 576 1
962 963 1
961 963 0.001558
285 285 1
75 75 1
619 621 1
637 639 1
771 771 1
162 162 1
456 456 1
82 84 1
987 987 1
650 651 1
306 306 1
367 369 1
391 393 1
896 897 1
860 861 1
860 861 0.001742
994 996 1
528 528 1
321 321 0.004673
923 924 1
802 804 1
77 78 1
776 777 1
817 819 1
805 807 1
668 669 1
504 504 1
118 120 1
211 213 1
261 261 1
787 789 1
464 465 1
858 858 0.001748
977 978 1
582 582 1
940 942 1
340 342 1
996 996 1
855 855 1
501 501 1
298 300 1
972 972 1
614 615 1
858 858 1
740 741 0.002024
399 399 1
420 420 1
620 621 1
446 447 0.003356
153 153 1
382 384 1
317 318 1
853 855 1
819 819 1
522 522 1
329 330 1
679 681 1
124 126 0.011905
664 666 1
280 282 1
270 270 1
644 645 0.002326
450 450 1
186 186 1
365 366 1
355 357 0.004202
827 828 1
329 330 1
385 387 1
422 423 1
228 228 1
154 156 0.009615
232 234 1
650 651 0.002304
314 315 1
835 837 1
565 567 1
783 783 1
96 96 1
358 360 1
249 249 1
941 942 1
195 195 1
348 348 1
363 363 1
145 147 1
825 825 1
547 549 1
457 459 0.003268
537 537 1
224 225 1
128 129 1
260 261 1
171 171 1
13 15 1
637 639 1
456 456 1
242 243 1
394 396 1
747 747 1
104 105 1
353 354 1
165 165 1
128 129 1
126 126 1
325 327 0.004587
367 369 1
787 789 1
152 153 1
182 183 1
922 924 1
490 492 1
516 516 1
798 798 0.00188
506 507 1
674 675 1
876 876 0.001712
928 930 1
941 942 1
503 504 1
58 60 1
937 939 0.001597
258 258 1
527 528 1
437 438 1
867 867 1
285 285 1
90 90 1
521 522 1
668 669 1
465 465 1
620 621 1
883 885 1
843 843 1
812 813 1
345 345 1
570 570 1
635 636 1
878 879 0.001706
640 642 1
135 135 1
109 111 0.013514
177 177 1
673 675 1
37 39 1
706 708 0.002119
562 564 1
990 990 1
473 474 1
550 552 1
662 663 1
341 342 1
250 252 1
598 600 1
469 471 1
787 789 1
409 411 1
306 306 0.004902
491 492 0.003049
914 915 1
474 474 1
499 501 1
457 459 1
459 459 1
841 843 1
909 909 1
791 792 1
788 789 1
798 798 1
966 966 1
85 87 1
452 453 1
241 243 1
293 294 1
869 870 1
57 57 1
813 813 1
851 852 1
363 363 1
504 504 1
960 960 1
477 477 0.003145
700 702 1
597 597 1
377 378 1
527 528 1
586 588 0.002551
110 111 1
529 531 1
266 267 1
501 501 1
987 987 1
26 27 1
6 6 1
851 852 0.001761
441 441 1
834 834 1
792 792 1
696 696 1
594 594 1
217 219 1
269 270 1
398 399 1
5 6 1
902 903 1
76 78 1
238 240 1
644 645 1
493 495 1
816 816 1
597 597 1
264 264 1
147 147 1
323 324 1
96 96 1
687 687 1
56 57 1
44 45 1
311 312 0.004808
990 990 1
715 717 1
633 633 1
797 798 1
271 273 1
233 234 1
469 471 1
45 45 1
484 486 1
831 831 1
651 651 1
598 600 1
289 291 0.005155
154 156 1
280 282 1
504 504 1
325 327 0.004587
886 888 1
28 30 1
709 711 1
121 123 1
20 21 0.071429
233 234 1
952 954 1
751 753 1
321 321 0.004673
66 66 1
664 666 0.002252
771 771 1
725 726 0.002066
565 567 1
781 783 1
541 543 1
489 489 1
121 123 1
522 522 0.002874
341 342 1
656 657 1
336 336 0.004464
721 723 1
949 951 1
494 495 1
710 711 1
305 306 0.004902
762 762 1
219 219 1
815 816 1
635 636 1
507 507 1
25 27 0.055556
332 333 1
104 105 1
504 504 0.002976
249 249 1
46 48 1
988 990 1
675 675 1
234 234 1
529 531 1
526 528 1
714 714 1
170 171 1
834 834 1
397 399 0.003759
18 18 1
210 210 1
409 411 1
916 918 1
485 486 1
429 429 1
295 297 1
222 222 1
709 711 1
681 681 1
17 18 1
994 996 1
142 144 1
924 924 1
106 108 1
447 447 1
295 297 1
671 672 1
756 756 0.001984
481 483 1
929 930 1
774 774 1
95 96 1
514 516 1
454 456 1
758 759 1
64 66 1
841 843 1
418 420 1
893 894 0.001678
699 699 1
694 696 1
725 726 1
933 933 1
977 978 1
195 195 0.007692
7 9 1
489 489 1
555 555 1
388 390 0.003846
906 906 1
494 495 1
764 765 1
103 105 1
420 420 1
571 573 1
682 684 1
165 165 1
145 147 1
953 954 1
572 573 1
630 630 1
524 525 1
66 66 1
797 798 1
392 393 1
535 537 1
453 453 1
919 921 1
401 402 1
21 21 1
112 114 0.013158
57 57 1
760 762 0.001969
311 312 1
884 885 1
73 75 1
455 456 1
555 555 1
525 525 1
850 852 1
115 117 1
150 150 1
15 15 1
687 687 1
386 387 1
859 861 1
57 57 1
877 879 1
635 636 1
34 36 1
109 111 1
164 165 1
625 627 1
137 138 1
773 774 1
14 15 1
688 690 1
933 933 1
935 936 1
95 96 1
246 246 1
290 291 1
658 660 1
802 804 1
283 285 1
142 144 1
134 135 1
186 186 1
840 840 1
250 252 1
136 138 1
142 144 1
659 660 1
208 210 1
179 180 1
746 747 1
273 273 1
557 558 0.002688
471 471 1
133 135 1
594 594 1
880 882 1
517 519 1
549 549 1
441 441 1
977 978 1
280 282 1
452 453 1
649 651 1
498 498 1
85 87 1
886 888 1
784 786 1
753 753 1
851 852 1
768 768 1
31 33 1
188 189 1
844 846 1
314 315 1
807 807 0.001859
482 483 0.003106
442 444 1
445 447 1
429 429 1
264 264 0.005682
274 276 1
702 702 1
806 807 1
913 915 1
827 828 1
680 681 1
603 603 1
237 237 1
495 495 0.00303
325 327 1
142 144 1
106 108 1
993 993 1
702 702 1
83 84 1
509 510 1
477 477 1
453 453 1
471 471 1
922 924 1
171 171 1
626 627 1
836 837 0.001792
215 216 0.006944
468 468 1
675 675 1
522 522 1
573 573 1
178 180 1
57 57 1
703 705 1
902 903 1
348 348 1
377 378 1
472 474 1
424 426 1
199 201 1
776 777 1
133 135 1
943 945 1
917 918 1
966 966 0.001553
624 624 1
670 672 1
378 378 1
276 276 1
702 702 1
231 231 1
713 714 1
709 711 1
868 870 1
485 486 1
659 660 1
760 762 1
250 252 1
737 738 1
527 528 0.002841
203 204 1
11 12 1
394 396 1
539 540 1
265 267 1
955 957 1
779 780 1
289 291 1
653 654 1
15 15 1
272 273 1
162 162 0.009259
804 804 1
920 921 1
288 288 1
486 486 1
887 888 1
215 216 0.006944
564 564 1
249 249 1
606 606 1
786 786 1
278 279 1
896 897 1
301 303 1
141 141 1
467 468 1
705 705 1
346 348 1
946 948 1
145 147 1
342 342 1
28 30 1
265 267 0.005618
201 201 1
570 570 0.002632
397 399 1
503 504 1
77 78 1
297 297 1
257 258 1
395 396 1
298 300 1
860 861 1
980 981 1
44 45 1
79 81 1
171 171 0.008772
376 378 1
4 6 1
724 726 1
800 801 1
420 420 1
999 999 1
291 291 1
914 915 0.001639
917 918 1
540 540 1
538 540 1
335 336 1
696 696 0.002155
842 843 0.001779
831 831 1
216 216 1
205 207 1
324 324 1
674 675 1
712 714 1
542 543 1
493 495 1
118 120 1
437 438 1
285 285 1
420 420 1
471 471 1
629 630 1
41 42 1
345 345 1
92 93 0.016129
250 252 1
377 378 1
317 318 1
86 87 1
70 72 1
158 159 1
230 231 1
239 240 1
799 801 1
261 261 1
480 480 1
60 60 0.025
227 228 1
514 516 1
852 852 1
35 36 1
349 351 0.004274
606 606 0.002475
508 510 1
741 741 1
614 615 0.002439
290 291 1
836 837 1
580 582 1
748 750 1
817 819 1
291 291 1
621 621 1
477 477 0.003145
361 363 1
271 273 1
911 912 1
36 36 1
946 948 1
708 708 1
642 642 1
979 981 1
821 822 1
173 174 1
505 507 1
239 240 1
477 477 1
841 843 1
160 162 1
7 9 1
121 123 1
367 369 1
605 606 1
253 255 1
183 183 1
377 378 1
34 36 1
82 84 1
930 930 1
308 309 1
233 234 1
213 213 1
853 855 1
294 294 1
446 447 1
237 237 1
286 288 1
991 993 1
201 201 1
42 42 1
859 861 1
776 777 1
873 873 0.001718
439 441 1
23 24 0.0625
406 408 1
777 777 1
58 60 1
485 486 1
879 879 0.001706
5 6 1
906 906 1
771 771 1
827 828 1
614 615 1
840 840 1
385 387 1
380 381 1
130 132 1
950 951 1
903 903 1
670 672 0.002232
444 444 1
994 996 0.001506
218 219 1
527 528 1
65 66 1
923 924 1
198 198 1
247 249 0.006024
776 777 1
114 114 1
244 246 1
273 273 1
89 90 1
915 915 1
502 504 1
144 144 1
495 495 1
257 258 1
102 102 1
290 291 1
653 654 1
468 468 1
114 114 1
440 441 1
940 942 1
550 552 1
242 243 0.006173
395 396 1
643 645 1
329 330 1
632 633 1
344 345 1
677 678 1
682 684 1
318 318 1
228 228 1
902 903 1
361 363 1
843 843 1
649 651 1
942 942 1
950 951 1
774 774 1
343 345 0.004348
228 228 1
893 894 1
457 459 1
731 732 1
379 381 1
962 963 1
790 792 1
706 708 1
200 201 1
389 390 1
685 687 1
574 576 1
417 417 1
23 24 1
612 612 1
208 210 1
591 591 1
707 708 1
396 396 1
195 195 1
420 420 1
245 246 0.006098
411 411 0.00365
455 456 1
13 15 1
14 15 1
572 573 1
755 756 1
145 147 1
885 885 1
656 657 0.002283
914 915 1
72 72 0.020833
30 30 1
527 528 1
335 336 1
349 351 1
647 648 1
903 903 1
936 936 1
804 804 1
806 807 1
836 837 1
949 951 1
883 885 1
812 813 0.001845
85 87 1
761 762 1
604 606 1
732 732 1
637 639 1
144 144 1
25 27 1
164 165 1
351 351 1
407 408 0.003676
495 495 1
138 138 1
377 378 1
487 489 1
787 789 1
639 639 1
353 354 1
2 3 1
927 927 0.001618
447 447 1
258 258 1
204 204 1
469 471 1
903 903 1
16 18 1
522 522 0.002874
258 258 1
197 198 1
407 408 0.003676
502 504 1
860 861 1
707 708 1
759 759 1
328 330 1
524 525 1
428 429 0.003497
763 765 1
526 528 1
997 999 1
605 606 1
628 630 1
220 222 1
338 339 1
493 495 1
426 426 1
796 798 1
51 51 1
692 693 1
867 867 1
688 690 1
664 666 1
399 399 1
602 603 1
890 891 1
156 156 0.009615
834 834 1
641 642 1
626 627 0.002392
299 300 1
204 204 0.007353
830 831 1
159 159 1
75 75 1
38 39 1
617 618 1
124 126 1
382 384 0.003906
859 861 1
924 924 1
13 15 1
62 63 1
921 921 1
585 585 1
767 768 1
608 609 1
559 561 1
511 513 0.002924
83 84 1
537 537 1
332 333 1
813 813 1
538 540 1
459 459 1
46 48 1
261 261 1
329 330 1
184 186 1
360 360 1
682 684 0.002193
647 648 1
589 591 1
409 411 1
625 627 1
530 531 1
16 18 1
876 876 1
123 123 1
357 357 1
227 228 1
818 819 1
593 594 1
317 318 1
582 582 1
113 114 1
390 390 1
678 678 0.002212
175 177 1
480 480 1
113 114 1
802 804 0.001866
917 918 1
432 432 1
935 936 1
58 60 1
128 129 1
892 894 1
20 21 1
538 540 1
779 780 1
377 378 1
675 675 1
577 579 1
562 564 1
926 927 1
329 330 0.004545
390 390 1
932 933 1
101 102 1
837 837 1
19 21 1
577 579 1
664 666 1
867 867 1
526 528 1
500 501 1
148 150 1
268 270 1
563 564 1
73 75 1
104 105 1
78 78 1
114 114 1
96 96 1
854 855 1
10 12 1
695 696 1
688 690 1
193 195 1
800 801 1
924 924 1
444 444 1
293 294 1
828 828 1
616 618 1
225 225 1
706 708 0.002119
516 516 1
11 12 1
797 798 1
489 489 1
776 777 1
55 57 1
721 723 1
132 132 1
920 921 1
280 282 1
576 576 0.002604
842 843 0.001779
105 105 1
908 909 1
701 702 1
752 753 1
400 402 1
852 852 0.001761
336 336 0.004464
352 354 1
828 828 1
56 57 1
753 753 1
461 462 1
271 273 1
102 102 1
931 933 1
13 15 1
270 270 1
180 180 1
178 180 1
301 303 1
852 852 1
769 771 1
309 309 1
544 546 1
202 204 1
31 33 1
52 54 1
760 762 1
82 84 0.017857
395 396 1
458 459 1
763 765 1
158 159 1
827 828 1
355 357 1
430 432 1
125 126 1
398 399 1
247 249 1
317 318 0.004717
335 336 1
95 96 1
685 687 1
697 699 1
795 795 1
34 36 1
136 138 1
535 537 1
23 24 1
101 102 1
893 894 0.001678
703 705 1
992 993 1
240 240 1
266 267 1
114 114 1
517 519 0.00289
133 135 1
480 480 1
459 459 1
168 168 1
752 753 1
850 852 0.001761
527 528 1
76 78 1
79 81 1
259 261 1
132 132 0.011364
15 15 1
482 483 1
435 435 0.003448
981 981 1
377 378 1
500 501 0.002994
514 516 1
179 180 0.008333
395 396 0.003788
367 369 1
651 651 0.002304
285 285 1
785 786 1
516 516 1
314 315 1
873 873 0.001718
456 456 1
96 96 1
390 390 1
512 513 1
520 522 1
304 306 1
359 360 1
469 471 1
730 732 1
741 741 1
592 594 1
990 990 1
186 186 1
640 642 1
622 624 0.002404
465 465 1
165 165 1
287 288 1
726 726 1
808 810 1
724 726 1
701 702 1
858 858 1
709 711 1
871 873 0.001718
750 750 1
485 486 1
774 774 1
667 669 0.002242
127 129 0.011628
202 204 1
401 402 1
356 357 1
618 618 1
584 585 1
728 729 1
474 474 1
471 471 1
608 609 1
814 816 1
512 513 1
796 798 1
821 822 1
960 960 1
992 993 1
310 312 0.004808
490 492 1
533 534 1
303 303 1
605 606 0.002475
471 471 1
518 519 1
935 936 1
499 501 1
316 318 1
982 984 0.001524
119 120 1
645 645 0.002326
732 732 1
698 699 1
445 447 1
624 624 0.002404
907 909 1
625 627 1
740 741 1
116 117 1
464 465 1
196 198 1
901 903 0.001661
460 462 1
219 219 1
615 615 1
874 876 1
196 198 1
815 816 1
510 510 1
342 342 1
641 642 1
577 579 1
40 42 1
478 480 1
588 588 1
54 54 1
839 840 0.001786
258 258 1
783 783 1
672 672 1
358 360 0.004167
196 198 1
469 471 1
234 234 1
241 243 1
887 888 1
526 528 1
655 657 0.002283
760 762 1
904 906 1
568 570 1
318 318 0.004717
587 588 1
760 762 1
687 687 1
208 210 1
830 831 0.001805
424 426 1
477 477 1
632 633 1
326 327 1
340 342 1
186 186 1
401 402 1
643 645 1
528 528 1
668 669 1
435 435 1
524 525 1
621 621 1
383 384 1
359 360 1
5 6 1
276 276 1
935 936 1
901 903 1
291 291 1
473 474 1
665 666 1
28 30 1
133 135 1
449 450 1
973 975 1
642 642 1
877 879 1
420 420 0.003571
710 711 1
943 945 1
397 399 1
323 324 1
471 471 1
831 831 1
386 387 1
42 42 1
543 543 1
180 180 1
284 285 0.005263
359 360 1
782 783 1
663 663 1
571 573 1
408 408 1
325 327 1
535 537 1
195 195 0.007692
489 489 1
658 660 1
367 369 1
160 162 1
195 195 1
209 210 1
484 486 1
146 147 1
525 525 0.002857
403 405 1
981 981 1
82 84 1
367 369 1
290 291 1
273 273 1
443 444 1
977 978 1
426 426 1
875 876 1
945 945 1
600 600 1
378 378 1
849 849 1
316 318 1
121 123 1
872 873 1
648 648 1
14 15 1
276 276 1
152 153 1
321 321 1
272 273 1
697 699 1
437 438 1
135 135 1
89 90 1
805 807 1
78 78 1
14 15 1
142 144 1
366 366 1
482 483 0.003106
989 990 0.001515
850 852 1
298 300 1
820 822 1
268 270 1
895 897 1
932 933 1
927 927 1
150 150 1
867 867 1
23 24 0.0625
697 699 1
776 777 1
364 366 1
72 72 1
180 180 1
264 264 1
668 669 1
695 696 1
1000 1002 1
110 111 1
829 831 1
566 567 1
522 522 1
645 645 1
380 381 1
88 90 1
328 330 1
130 132 1
378 378 1
651 651 1
426 426 1
748 750 1
318 318 1
118 120 1
906 906 1
642 642 1
579 579 1
91 93 0.016129
892 894 1
72 72 1
256 258 1
549 549 1
694 696 0.002155
961 963 1
563 564 1
931 933 1
681 681 1
829 831 1
92 93 1
59 60 0.025
397 399 1
29 30 1
88 90 1
815 816 1
824 825 1
602 603 0.002488
731 732 1
635 636 1
856 858 0.001748
1 3 1
420 420 1
324 324 1
588 588 1
353 354 1
228 228 1
682 684 1
926 927 1
18 18 0.083333
351 351 1
966 966 1
27 27 1
279 279 0.005376
312 312 1
940 942 1
552 552 1
573 573 1
65 66 1
506 507 1
143 144 1
737 738 1
520 522 1
287 288 1
272 273 1
909 909 0.00165
315 315 1
52 54 1
416 417 1
268 270 1
357 357 1
293 294 0.005102
492 492 1
313 315 1
349 351 0.004274
265 267 1
614 615 1
643 645 1
262 264 1
677 678 1
135 135 1
652 654 1
257 258 0.005814
541 543 1
475 477 1
388 390 1
268 270 0.005556
915 915 1
55 57 1
618 618 1
286 288 1
581 582 1
390 390 1
819 819 1
640 642 1
106 108 1
815 816 1
688 690 1
21 21 1
613 615 1
48 48 1
620 621 1
274 276 1
416 417 1
998 999 1
587 588 1
630 630 1
98 99 1
930 930 1
84 84 1
274 276 1
361 363 1
45 45 1
344 345 1
906 906 1
640 642 1
259 261 1
840 840 1
938 939 1
674 675 1
276 276 1
66 66 1
938 939 1
420 420 1
590 591 1
795 795 1
346 348 1
246 246 1
668 669 1
606 606 1
197 198 1
922 924 1
401 402 1
411 411 1
658 660 1
131 132 1
277 279 1
808 810 1
134 135 1
391 393 1
14 15 1
260 261 1
618 618 1
445 447 1
64 66 1
390 390 1
507 507 1
560 561 1
117 117 1
530 531 1
780 780 1
569 570 1
5 6 1
579 579 1
917 918 1
720 720 1
639 639 1
465 465 1
55 57 1
779 780 1
365 366 1
965 966 1
350 351 1
636 636 1
908 909 0.00165
904 906 1
413 414 1
119 120 1
785 786 1
319 321 1
132 132 1
769 771 1
60 60 1
873 873 1
741 741 1
954 954 1
640 642 1
150 150 1
946 948 1
723 723 1
1000 1002 1
945 945 1
209 210 1
632 633 1
916 918 1
167 168 1
991 993 1
47 48 1
921 921 1
222 222 1
576 576 1
543 543 1
292 294 1
918 918 1
197 198 1
105 105 1
175 177 1
3 3 1
539 540 1
706 708 1
90 90 1
928 930 1
610 612 1
806 807 0.001859
371 372 1
532 534 1
683 684 1
806 807 1
485 486 1
937 939 1
121 123 1
83 84 1
141 141 1
455 456 1
536 537 1
240 240 1
871 873 0.001718
501 501 1
569 570 1
915 915 0.001639
925 927 1
288 288 1
947 948 1
963 963 1
248 249 1
50 51 1
995 996 0.001506
179 180 1
156 156 1
923 924 1
285 285 1
821 822 1
936 936 1
219 219 1
967 969 1
264 264 1
251 252 1
166 168 1
260 261 1
34 36 1
488 489 0.003067
109 111 1
487 489 1
542 543 1
26 27 1
27 27 0.055556
819 819 1
351 351 0.004274
560 561 1
629 630 1
618 618 1
394 396 1
122 123 1
889 891 1
842 843 1
944 945 1
337 339 1
335 336 1
248 249 1
841 843 1
874 876 0.001712
795 795 1
337 339 0.004425
913 915 1
387 387 1
592 594 1
564 564 1
694 696 1
580 582 1
925 927 1
625 627 1
191 192 1
759 759 1
84 84 1
748 750 1
350 351 1
993 993 1
453 453 1
562 564 1
55 57 1
334 336 1
823 825 1
905 906 1
366 366 1
815 816 1
367 369 0.004065
172 174 1
972 972 1
303 303 1
847 849 1
261 261 1
947 948 0.001582
177 177 1
96 96 1
801 801 1
725 726 1
772 774 1
751 753 1
247 249 1
960 960 1
767 768 1
595 597 1
384 384 1
796 798 1
836 837 1
900 900 1
808 810 1
234 234 1
376 378 1
670 672 0.002232
443 444 1
390 390 0.003846
609 609 1
523 525 1
392 393 1
902 903 1
734 735 1
236 237 1
17 18 1
25 27 1
594 594 0.002525
241 243 1
137 138 1
577 579 1
289 291 1
491 492 1
564 564 1
40 42 1
537 537 1
512 513 1
17 18 1
78 78 1
610 612 1
503 504 1
875 876 1
217 219 1
30 30 1
815 816 1
819 819 0.001832
266 267 1
521 522 1
324 324 1
495 495 1
902 903 1
937 939 1
546 546 1
294 294 1
450 450 0.003333
814 816 1
711 711 1
113 114 1
902 903 1
931 933 1
341 342 1
283 285 1
3 3 1
387 387 1
797 798 1
394 396 1
340 342 1
484 486 1
116 117 1
491 492 1
392 393 1
671 672 1
809 810 1
569 570 1
646 648 1
621 621 1
932 933 0.001608
605 606 1
990 990 1
219 219 1
273 273 0.005495
359 360 1
694 696 1
230 231 1
314 315 1
411 411 1
283 285 1
967 969 1
48 48 1
901 903 1
363 363 1
432 432 1
395 396 1
997 999 1
217 219 1
29 30 1
228 228 1
835 837 1
368 369 1
684 684 1
562 564 1
628 630 1
998 999 1
12 12 1
649 651 0.002304
465 465 0.003226
99 99 0.015152
33 33 1
380 381 1
295 297 1
295 297 1
134 135 1
507 507 1
633 633 1
918 918 1
305 306 1
893 894 1
848 849 0.001767
967 969 1
930 930 1
791 792 0.001894
835 837 1
176 177 1
11 12 1
483 483 1
550 552 1
371 372 1
857 858 1
898 900 1
239 240 0.00625
556 558 1
945 945 1
153 153 1
371 372 1
449 450 1
43 45 0.033333
191 192 1
269 270 1
216 216 1
738 738 1
469 471 1
568 570 1
419 420 0.003571
66 66 1
940 942 1
903 903 1
839 840 1
280 282 1
690 690 1
627 627 1
583 585 1
613 615 1
285 285 1
316 318 1
541 543 1
139 141 0.010638
653 654 1
542 543 1
482 483 1
493 495 1
294 294 1
670 672 1
473 474 1
259 261 1
603 603 1
610 612 1
943 945 0.001587
435 435 1
308 309 1
420 420 1
493 495 1
17 18 1
176 177 1
55 57 1
60 60 1
311 312 1
451 453 1
320 321 1
551 552 1
301 303 1
609 609 1
646 648 1
908 909 1
426 426 1
856 858 1
417 417 1
907 909 0.00165
656 657 1
506 507 1
758 759 1
693 693 1
771 771 1
840 840 0.001786
113 114 1
773 774 1
978 978 1
343 345 1
992 993 1
970 972 1
844 846 1
398 399 1
279 279 1
555 555 1
740 741 1
702 702 1
470 471 1
441 441 1
637 639 1
848 849 1
100 102 1
279 279 1
814 816 0.001838
634 636 1
943 945 1
29 30 1
855 855 1
450 450 0.003333
41 42 1
808 810 1
306 306 1
800 801 0.001873
156 156 1
155 156 1
570 570 1
312 312 1
70 72 1
122 123 1
198 198 0.007576
917 918 1
950 951 1
561 561 1
894 894 1
999 999 1
92 93 1
504 504 1
253 255 1
365 366 1
532 534 1
1 3 1
877 879 1
91 93 1
283 285 1
808 810 0.001852
653 654 1
213 213 1
592 594 1
890 891 1
502 504 1
873 873 1
884 885 1
382 384 1
833 834 0.001799
513 513 1
794 795 0.001887
118 120 1
698 699 1
462 462 0.003247
375 375 0.004
318 318 1
760 762 1
413 414 1
42 42 1
812 813 1
130 132 1
726 726 1
708 708 1
782 783 1
570 570 1
935 936 1
865 867 1
238 240 1
22 24 1
77 78 1
53 54 1
713 714 1
601 603 1
906 906 1
496 498 1
731 732 1
894 894 0.001678
71 72 1
602 603 1
916 918 1
933 933 0.001608
972 972 1
934 936 1
333 333 1
315 315 1
314 315 0.004762
19 21 1
339 339 1
454 456 1
328 330 0.004545
565 567 1
611 612 1
174 174 1
2 3 0.5
256 258 1
636 636 1
549 549 1
811 813 0.001845
453 453 1
271 273 1
751 753 1
36 36 0.041667
323 324 1
858 858 1
650 651 1
298 300 1
695 696 0.002155
216 216 1
47 48 1
491 492 1
707 708 1
834 834 1
527 528 0.002841
793 795 1
18 18 1
617 618 1
46 48 1
21 21 1
250 252 1
344 345 1
146 147 1
876 876 1
368 369 1
334 336 1
860 861 1
237 237 1
439 441 1
98 99 0.015152
557 558 1
361 363 0.004132
769 771 1
861 861 1
594 594 1
737 738 1
635 636 0.002358
915 915 1
689 690 1
819 819 0.001832
749 750 1
937 939 1
401 402 1
181 183 1
559 561 0.002674
832 834 1
941 942 1
784 786 1
373 375 1
80 81 1
113 114 1
222 222 0.006757
116 117 1
893 894 0.001678
211 213 1
331 333 1
874 876 1
157 159 1
155 156 1
375 375 1
393 393 1
688 690 1
818 819 1
97 99 1
587 588 1
94 96 1
926 927 1
877 879 1
759 759 1
628 630 1
876 876 1
839 840 0.001786
810 810 1
774 774 0.001938
556 558 1
629 630 1
87 87 1
278 279 1
601 603 1
409 411 1
119 120 1
219 219 1
982 984 1
76 78 1
681 681 0.002203
74 75 0.02
129 129 1
156 156 1
779 780 1
761 762 1
170 171 1
246 246 1
102 102 1
918 918 1
149 150 1
427 429 1
349 351 0.004274
227 228 1
475 477 0.003145
695 696 1
526 528 1
805 807 1
917 918 1
309 309 1
183 183 1
576 576 1
385 387 1
388 390 1
601 603 1
932 933 1
90 90 1
460 462 1
56 57 1
675 675 0.002222
779 780 1
209 210 1
209 210 1
600 600 1
100 102 1
167 168 1
306 306 1
280 282 0.005319
267 267 1
539 540 1
430 432 1
764 765 1
588 588 1
8 9 1
614 615 1
957 957 1
977 978 1
135 135 1
655 657 1
462 462 1
906 906 1
677 678 1
274 276 1
342 342 1
294 294 1
792 792 1
343 345 1
818 819 1
663 663 1
810 810 1
337 339 1
382 384 1
946 948 0.001582
860 861 1
500 501 0.002994
109 111 1
108 108 1
604 606 1
322 324 1
780 780 0.001923
533 534 1
383 384 1
769 771 1
347 348 1
608 609 0.002463
374 375 1
21 21 1
675 675 1
505 507 1
397 399 1
604 606 1
992 993 1
429 429 1
767 768 1
277 279 1
23 24 0.0625
109 111 1
3 3 1
528 528 1
713 714 1
138 138 1
553 555 1
640 642 1
270 270 1
890 891 1
301 303 0.00495
547 549 1
35 36 1
361 363 0.004132
299 300 1
112 114 1
324 324 1
65 66 1
896 897 1
135 135 1
873 873 1
866 867 1
359 360 1
36 36 1
269 270 1
817 819 1
217 219 1
972 972 1
721 723 1
933 933 1
51 51 1
999 999 1
885 885 1
213 213 1
956 957 1
308 309 1
600 600 1
283 285 1
123 123 1
911 912 1
882 882 1
515 516 1
460 462 1
341 342 1
432 432 1
292 294 1
388 390 1
29 30 1
88 90 1
621 621 1
136 138 1
697 699 1
904 906 1
289 291 1
306 306 1
731 732 1
259 261 1
995 996 0.001506
947 948 0.001582
880 882 1
371 372 1
594 594 1
465 465 1
959 960 1
535 537 1
902 903 1
170 171 1
995 996 1
334 336 1
120 120 1
775 777 1
356 357 1
490 492 1
941 942 1
626 627 1
410 411 1
22 24 1
59 60 1
543 543 1
394 396 1
144 144 1
378 378 1
118 120 1
397 399 1
471 471 1
652 654 1
311 312 1
352 354 1
13 15 1
374 375 1
308 309 1
198 198 1
381 381 1
276 276 1
562 564 1
807 807 1
757 759 1
56 57 1
287 288 1
253 255 1
813 813 1
850 852 1
469 471 1
417 417 1
710 711 1
264 264 1
189 189 1
153 153 1
900 900 1
376 378 1
565 567 0.002646
309 309 0.004854
452 453 1
817 819 1
458 459 1
957 957 0.001567
702 702 1
845 846 1
966 966 1
340 342 1
763 765 1
2 3 1
290 291 1
344 345 1
135 135 0.011111
811 813 1
36 36 1
887 888 1
16 18 1
371 372 1
642 642 1
794 795 0.001887
924 924 1
386 387 1
477 477 1
237 237 1
327 327 0.004587
805 807 1
415 417 1
149 150 1
346 348 1
242 243 0.006173
140 141 1
744 744 0.002016
116 117 1
241 243 0.006173
460 462 1
672 672 1
525 525 1
212 213 1
311 312 0.004808
904 906 1
941 942 1
47 48 1
87 87 1
92 93 1
633 633 1
544 546 1
113 114 1
125 126 1
110 111 0.013514
39 39 1
628 630 1
42 42 1
539 540 1
391 393 1
143 144 1
104 105 1
787 789 1
634 636 1
767 768 1
11 12 0.125
656 657 1
297 297 1
854 855 1
226 228 1
257 258 1
137 138 1
116 117 1
886 888 1
524 525 1
399 399 1
218 219 1
674 675 1
836 837 1
485 486 1
226 228 1
196 198 1
371 372 1
377 378 1
544 546 1
186 186 1
208 210 1
620 621 1
851 852 1
358 360 1
531 531 1
640 642 1
20 21 1
506 507 1
203 204 1
353 354 1
908 909 1
876 876 1
942 942 1
917 918 1
234 234 1
339 339 1
385 387 0.003876
339 339 1
243 243 1
967 969 1
59 60 1
175 177 1
759 759 1
108 108 1
286 288 0.005208
924 924 1
563 564 0.00266
671 672 1
246 246 1
200 201 1
873 873 1
71 72 1
31 33 1
899 900 1
560 561 1
469 471 1
754 756 1
535 537 1
42 42 1
987 987 1
560 561 0.002674
793 795 1
96 96 1
88 90 0.016667
677 678 1
854 855 1
768 768 1
595 597 0.002513
806 807 1
391 393 1
895 897 1
11 12 1
595 597 1
397 399 1
119 120 1
909 909 1
461 462 1
172 174 1
298 300 1
941 942 0.001592
608 609 1
755 756 1
260 261 1
146 147 1
2 3 1
114 114 1
92 93 1
630 630 1
74 75 1
339 339 0.004425
251 252 1
380 381 1
761 762 1
618 618 1
298 300 1
504 504 1
611 612 1
452 453 1
944 945 0.001587
218 219 1
463 465 1
291 291 1
330 330 1
586 588 1
754 756 1
759 759 1
841 843 1
957 957 1
248 249 1
590 591 0.002538
143 144 1
598 600 0.0025
51 51 1
484 486 1
865 867 1
685 687 1
609 609 1
811 813 1
302 303 0.00495
883 885 1
281 282 1
572 573 1
437 438 0.003425
835 837 1
550 552 1
204 204 1
283 285 1
59 60 1
666 666 1
464 465 1
34 36 1
376 378 1
220 222 1
688 690 1
595 597 1
205 207 1
770 771 1
183 183 1
100 102 1
556 558 1
743 744 1
480 480 1
810 810 0.001852
426 426 1
877 879 1
682 684 0.002193
496 498 1
607 609 1
380 381 1
485 486 1
597 597 1
923 924 1
945 945 1
667 669 1
634 636 1
938 939 1
975 975 1
7 9 1
97 99 1
136 138 1
561 561 1
496 498 1
255 255 1
790 792 1
533 534 1
447 447 1
258 258 1
410 411 1
954 954 0.001572
36 36 1
946 948 1
242 243 1
114 114 1
804 804 1
411 411 1
578 579 1
712 714 1
461 462 1
282 282 1
488 489 1
475 477 1
960 960 1
955 957 1
294 294 1
393 393 1
830 831 0.001805
753 753 1
208 210 1
4 6 1
731 732 1
925 927 1
425 426 1
824 825 1
838 840 1
77 78 1
250 252 0.005952
146 147 1
366 366 1
991 993 1
611 612 1
490 492 1
806 807 1
338 339 1
503 504 1
969 969 1
265 267 1
715 717 1
828 828 1
555 555 1
734 735 1
29 30 1
592 594 0.002525
78 78 1
156 156 1
663 663 1
789 789 1
257 258 1
287 288 1
82 84 1
629 630 1
997 999 0.001502
113 114 1
912 912 1
53 54 1
711 711 1
193 195 1
974 975 1
350 351 1
699 699 1
167 168 1
954 954 1
343 345 1
914 915 1
389 390 0.003846
156 156 1
60 60 1
44 45 1
495 495 1
665 666 1
282 282 1
862 864 1
699 699 0.002146
723 723 1
647 648 1
813 813 1
346 348 1
514 516 1
54 54 1
113 114 1
316 318 0.004717
749 750 1
145 147 1
555 555 0.002703
263 264 0.005682
729 729 1
269 270 1
982 984 1
681 681 1
440 441 1
121 123 1
601 603 1
793 795 1
667 669 1
38 39 1
786 786 1
289 291 1
881 882 1
759 759 1
100 102 1
150 150 1
924 924 1
394 396 1
722 723 0.002075
246 246 1
523 525 1
406 408 1
425 426 1
800 801 1
426 426 1
171 171 1
905 906 1
967 969 1
563 564 1
548 549 1
460 462 1
983 984 1
928 930 1
103 105 1
645 645 1
694 696 1
973 975 1
291 291 1
698 699 1
572 573 0.002618
866 867 1
1000 1002 0.001497
402 402 0.003731
82 84 1
663 663 1
386 387 1
431 432 1
790 792 1
870 870 1
206 207 1
461 462 1
373 375 1
565 567 1
835 837 1
257 258 1
55 57 1
464 465 1
842 843 1
114 114 1
159 159 1
538 540 1
558 558 1
58 60 1
576 576 1
685 687 1
228 228 1
261 261 0.005747
368 369 1
268 270 1
396 396 1
32 33 1
936 936 1
496 498 1
701 702 1
531 531 1
89 90 1
832 834 1
732 732 1
887 888 1
336 336 1
550 552 1
485 486 1
704 705 1
66 66 1
305 306 1
616 618 1
404 405 1
552 552 1
637 639 1
741 741 0.002024
706 708 1
388 390 1
452 453 1
184 186 0.008065
76 78 1
634 636 1
328 330 1
741 741 1
860 861 1
671 672 1
261 261 1
972 972 1
386 387 1
165 165 1
443 444 1
342 342 1
3 3 1
68 69 1
546 546 1
525 525 1
203 204 1
474 474 1
261 261 1
191 192 1
396 396 1
188 189 1
439 441 1
156 156 1
484 486 1
18 18 1
32 33 1
467 468 1
723 723 1
950 951 1
63 63 1
272 273 1
713 714 1
437 438 1
905 906 1
545 546 1
724 726 1
52 54 1
673 675 1
731 732 1
160 162 1
579 579 1
709 711 1
209 210 1
980 981 1
13 15 0.1
719 720 1
677 678 1
307 309 1
406 408 1
977 978 1
853 855 1
440 441 1
531 531 1
255 255 1
799 801 1
848 849 1
229 231 1
792 792 1
884 885 1
108 108 1
709 711 1
789 789 0.001901
752 753 1
996 996 1
209 210 1
480 480 1
15 15 1
124 126 1
237 237 1
406 408 1
578 579 1
746 747 1
699 699 1
261 261 1
768 768 1
365 366 1
963 963 1
902 903 1
740 741 0.002024
719 720 1
554 555 1
51 51 1
981 981 1
140 141 1
887 888 1
306 306 1
537 537 1
584 585 1
977 978 1
839 840 1
792 792 1
172 174 1
666 666 1
285 285 1
655 657 1
794 795 1
582 582 1
638 639 0.002347
449 450 1
628 630 1
876 876 1
622 624 1
15 15 1
632 633 1
427 429 1
379 381 1
249 249 1
190 192 1
382 384 1
327 327 1
683 684 1
327 327 1
600 600 1
580 582 1
88 90 1
368 369 1
920 921 1
766 768 1
874 876 1
148 150 1
542 543 1
908 909 1
439 441 0.003401
789 789 1
83 84 1
111 111 1
237 237 1
948 948 1
845 846 1
897 897 1
310 312 1
20 21 1
752 753 1
15 15 1
988 990 1
194 195 1
629 630 1
743 744 1
158 159 1
559 561 1
798 798 1
970 972 1
56 57 0.026316
724 726 1
71 72 1
218 219 1
391 393 1
236 237 1
767 768 1
285 285 1
474 474 0.003165
597 597 1
948 948 1
152 153 1
130 132 1
199 201 1
586 588 1
492 492 1
714 714 1
114 114 0.013158
172 174 1
99 99 1
503 504 0.002976
372 372 1
545 546 1
11 12 1
112 114 1
329 330 1
432 432 1
841 843 1
38 39 1
856 858 1
595 597 1
119 120 1
61 63 1
748 750 1
31 33 1
967 969 1
17 18 0.083333
32 33 1
26 27 1
926 927 1
145 147 0.010204
745 747 1
556 558 1
649 651 1
743 744 1
560 561 1
518 519 1
986 987 0.00152
726 726 1
709 711 1
293 294 0.005102
883 885 0.001695
738 738 1
196 198 1
687 687 1
865 867 1
931 933 1
475 477 1
388 390 1
290 291 0.005155
505 507 1
921 921 1
590 591 1
207 207 1
833 834 1
649 651 0.002304
17 18 1
274 276 1
462 462 0.003247
68 69 1
539 540 1
432 432 1
664 666 1
170 171 1
788 789 1
536 537 1
632 633 1
697 699 1
103 105 1
890 891 1
785 786 1
580 582 1
359 360 1
953 954 0.001572
984 984 1
749 750 1
482 483 1
385 387 1
493 495 0.00303
314 315 1
545 546 1
120 120 1
543 543 1
675 675 1
293 294 1
664 666 1
331 333 1
857 858 1
139 141 1
291 291 1
270 270 1
441 441 0.003401
312 312 1
702 702 1
285 285 1
543 543 1
606 606 1
46 48 1
612 612 1
715 717 1
389 390 1
29 30 1
211 213 1
182 183 1
674 675 1
789 789 1
66 66 1
133 135 1
546 546 1
267 267 1
966 966 1
317 318 1
191 192 0.007813
813 813 1
657 657 1
765 765 1
906 906 1
116 117 1
861 861 1
918 918 0.001634
494 495 1
98 99 1
497 498 1
53 54 0.027778
955 957 0.001567
517 519 1
394 396 1
456 456 1
705 705 1
50 51 1
979 981 1
972 972 1
584 585 1
626 627 1
517 519 1
725 726 0.002066
446 447 1
31 33 1
231 231 0.006494
