5000 342284
768 768 1
681 681 1
178 180 1
94 96 1
300 300 1
451 453 1
940 942 1
254 255 1
793 795 1
509 510 1
601 603 0.843246
437 438 1
781 783 1
12 12 1
737 738 1
998 999 1
24 24 1
180 180 1
837 837 1
44 45 1
748 750 1
553 555 1
694 696 1
890 891 1
955 957 1
393 393 1
954 954 1
122 123 1
60 60 1
851 852 1
351 351 1
850 852 1
262 264 1
993 993 1
902 903 1
143 144 1
195 195 1
561 561 1
337 339 1
694 696 1
382 384 1
64 66 1
996 996 1
397 399 1
709 711 1
837 837 1
87 87 1
743 744 1
903 903 1
684 684 1
425 426 1
637 639 1
941 942 1
287 288 1
262 264 1
924 924 1
533 534 1
310 312 1
506 507 1
989 990 1
178 180 1
640 642 1
444 444 1
96 96 1
429 429 0.921189
135 135 1
347 348 1
960 960 1
855 855 1
1000 1002 1
531 531 1
705 705 1
619 621 1
808 810 1
961 963 1
324 324 1
248 249 1
951 951 1
682 684 0.741981
34 36 1
445 447 1
728 729 1
192 192 1
204 204 1
355 357 1
463 465 1
324 324 1
481 483 0.830426
630 630 1
993 993 1
476 477 1
16 18 1
236 237 1
655 657 1
838 840 1
401 402 1
771 771 1
138 138 1
771 771 1
351 351 1
639 639 1
872 873 0.809917
453 453 1
680 681 1
713 714 1
653 654 1
712 714 1
355 357 1
1000 1002 1
635 636 1
468 468 1
8 9 0.715107
332 333 1
754 756 1
224 225 1
667 669 1
757 759 1
455 456 1
720 720 1
833 834 1
856 858 1
217 219 0.825527
520 522 1
425 426 1
482 483 1
679 681 1
95 96 0.832253
252 252 1
138 138 1
827 828 1
309 309 1
693 693 0.75693
122 123 1
321 321 1
932 933 1
906 906 1
983 984 1
576 576 0.963913
905 906 1
176 177 1
516 516 1
319 321 1
276 276 1
90 90 1
490 492 1
777 777 1
667 669 1
97 99 1
91 93 1
209 210 1
99 99 1
21 21 1
234 234 1
326 327 1
191 192 1
402 402 1
996 996 0.79688
359 360 1
310 312 1
843 843 1
145 147 1
232 234 1
408 408 0.82203
115 117 1
451 453 1
899 900 1
649 651 1
102 102 1
660 660 1
175 177 1
685 687 1
692 693 1
140 141 1
156 156 1
441 441 1
22 24 1
753 753 1
92 93 1
256 258 1
991 993 1
45 45 1
116 117 1
371 372 1
675 675 1
515 516 1
544 546 1
607 609 1
746 747 1
930 930 1
121 123 1
483 483 0.63291
910 912 1
696 696 1
402 402 1
470 471 1
224 225 1
655 657 1
86 87 1
285 285 1
54 54 1
194 195 1
148 150 1
810 810 1
136 138 1
944 945 1
387 387 1
389 390 1
222 222 1
704 705 1
61 63 1
119 120 1
819 819 1
363 363 1
823 825 1
266 267 1
221 222 1
533 534 1
311 312 1
874 876 1
553 555 1
308 309 1
341 342 1
910 912 1
131 132 1
175 177 1
642 642 1
46 48 1
172 174 1
831 831 1
19 21 1
582 582 1
265 267 1
408 408 1
22 24 1
530 531 1
499 501 1
97 99 1
323 324 1
480 480 1
521 522 1
567 567 1
339 339 1
376 378 1
774 774 1
942 942 1
292 294 1
254 255 1
281 282 1
279 279 1
420 420 1
518 519 1
696 696 1
90 90 1
193 195 1
487 489 1
91 93 1
198 198 1
846 846 1
361 363 1
503 504 1
579 579 1
240 240 1
86 87 1
472 474 1
95 96 1
805 807 1
124 126 1
117 117 1
213 213 1
355 357 1
304 306 1
399 399 1
414 414 1
783 783 1
172 174 1
17 18 1
964 966 1
187 189 1
633 633 1
1 3 1
490 492 1
117 117 1
789 789 1
917 918 1
741 741 1
710 711 1
166 168 1
503 504 1
925 927 1
920 921 1
333 333 1
801 801 1
708 708 1
903 903 1
324 324 1
825 825 1
645 645 1
193 195 1
63 63 1
333 333 1
606 606 1
709 711 1
470 471 1
848 849 1
990 990 1
207 207 1
97 99 1
19 21 1
63 63 1
698 699 1
978 978 1
388 390 1
140 141 1
476 477 1
622 624 1
602 603 1
875 876 1
693 693 1
788 789 1
45 45 1
636 636 1
639 639 1
515 516 1
250 252 1
201 201 0.970055
399 399 1
720 720 1
877 879 1
411 411 1
690 690 1
677 678 1
318 318 1
218 219 1
920 921 1
75 75 1
836 837 1
333 333 1
821 822 1
344 345 1
748 750 1
149 150 1
58 60 1
697 699 1
642 642 1
911 912 1
319 321 1
409 411 1
693 693 1
302 303 1
644 645 1
415 417 1
415 417 1
276 276 1
483 483 1
52 54 1
219 219 1
337 339 1
32 33 1
546 546 1
589 591 1
570 570 1
400 402 1
781 783 1
85 87 1
179 180 1
821 822 1
549 549 1
939 939 1
189 189 1
399 399 1
10 12 1
188 189 1
992 993 1
244 246 0.943197
606 606 1
731 732 0.690092
209 210 1
416 417 1
438 438 1
528 528 1
141 141 1
861 861 1
937 939 1
636 636 1
148 150 1
732 732 1
439 441 1
586 588 1
894 894 1
474 474 1
122 123 1
192 192 1
305 306 1
268 270 1
224 225 1
843 843 1
728 729 1
786 786 1
366 366 1
686 687 1
452 453 1
599 600 1
774 774 1
699 699 0.941578
463 465 1
422 423 1
66 66 1
7 9 1
404 405 1
526 528 1
542 543 1
986 987 1
96 96 1
191 192 1
281 282 1
284 285 1
283 285 1
419 420 1
604 606 1
209 210 1
143 144 1
613 615 1
888 888 1
261 261 1
495 495 1
636 636 1
988 990 1
545 546 1
593 594 1
896 897 1
413 414 1
363 363 1
348 348 1
364 366 1
972 972 1
657 657 1
698 699 1
610 612 1
379 381 1
86 87 1
375 375 1
177 177 1
711 711 1
203 204 1
343 345 1
594 594 1
839 840 1
679 681 1
667 669 1
302 303 1
194 195 1
423 423 1
468 468 1
481 483 1
669 669 1
166 168 1
22 24 1
834 834 1
211 213 1
461 462 1
334 336 1
768 768 1
522 522 1
428 429 1
756 756 1
950 951 1
452 453 1
638 639 1
522 522 1
463 465 1
994 996 1
49 51 1
922 924 0.632636
186 186 1
163 165 1
787 789 1
626 627 1
782 783 1
451 453 0.716245
526 528 1
427 429 1
999 999 1
132 132 1
572 573 1
542 543 1
39 39 1
440 441 1
666 666 1
389 390 1
741 741 1
867 867 1
505 507 1
600 600 1
481 483 1
909 909 1
304 306 1
212 213 1
917 918 1
822 822 1
643 645 1
725 726 1
405 405 1
192 192 1
551 552 1
845 846 1
847 849 1
184 186 1
114 114 1
82 84 1
955 957 1
469 471 1
335 336 1
883 885 1
372 372 0.890892
775 777 1
504 504 1
411 411 1
461 462 1
896 897 1
426 426 1
796 798 1
845 846 1
854 855 1
220 222 1
349 351 1
179 180 1
342 342 1
207 207 1
413 414 1
625 627 1
186 186 1
398 399 1
20 21 0.790017
132 132 1
404 405 1
87 87 1
120 120 1
746 747 1
432 432 1
17 18 1
45 45 1
154 156 1
453 453 1
892 894 1
564 564 1
895 897 1
948 948 1
459 459 1
317 318 1
157 159 1
511 513 1
548 549 1
588 588 1
154 156 1
611 612 1
742 744 1
879 879 1
934 936 1
702 702 1
713 714 1
685 687 1
50 51 1
513 513 1
705 705 1
496 498 1
28 30 1
22 24 1
987 987 1
155 156 1
417 417 1
434 435 1
846 846 1
757 759 1
689 690 1
412 414 1
795 795 1
132 132 1
919 921 1
580 582 1
445 447 1
490 492 1
934 936 1
276 276 1
857 858 1
851 852 1
964 966 1
322 324 1
615 615 1
516 516 1
170 171 1
267 267 1
870 870 1
77 78 1
513 513 1
489 489 1
619 621 1
40 42 1
198 198 1
6 6 1
850 852 1
903 903 1
278 279 1
230 231 1
507 507 1
753 753 1
506 507 1
432 432 1
510 510 1
525 525 1
748 750 1
605 606 1
359 360 1
444 444 1
432 432 1
471 471 1
610 612 1
691 693 1
947 948 1
603 603 1
463 465 1
230 231 1
295 297 1
159 159 1
534 534 1
894 894 1
204 204 1
884 885 1
324 324 1
971 972 1
592 594 1
756 756 1
12 12 1
827 828 1
112 114 1
940 942 1
471 471 1
225 225 1
140 141 1
931 933 1
676 678 1
405 405 1
142 144 1
137 138 1
71 72 1
58 60 1
171 171 1
48 48 1
950 951 1
2 3 1
392 393 1
750 750 1
742 744 1
796 798 0.921957
709 711 1
97 99 1
10 12 1
255 255 1
853 855 0.915282
705 705 1
84 84 1
643 645 1
572 573 1
192 192 1
514 516 1
486 486 1
583 585 1
229 231 1
449 450 1
53 54 1
367 369 1
276 276 1
629 630 1
774 774 1
269 270 1
783 783 1
487 489 1
580 582 1
807 807 1
464 465 1
796 798 0.737306
866 867 1
521 522 1
83 84 1
237 237 1
934 936 1
205 207 1
721 723 1
857 858 1
623 624 1
371 372 0.777068
143 144 1
995 996 1
896 897 1
672 672 1
211 213 1
386 387 1
146 147 1
843 843 1
511 513 1
883 885 1
341 342 1
115 117 1
747 747 1
297 297 1
247 249 1
626 627 1
343 345 0.676799
454 456 1
946 948 1
356 357 1
589 591 1
478 480 1
554 555 1
912 912 1
779 780 1
930 930 1
188 189 0.841297
445 447 1
119 120 1
650 651 1
784 786 1
694 696 1
320 321 1
58 60 1
480 480 1
822 822 1
643 645 1
93 93 1
182 183 0.790013
812 813 1
724 726 1
29 30 1
457 459 1
456 456 1
392 393 1
544 546 1
600 600 1
867 867 1
657 657 1
235 237 1
660 660 1
275 276 1
481 483 1
91 93 1
746 747 1
580 582 1
685 687 1
735 735 0.890326
351 351 0.901702
655 657 1
27 27 1
135 135 1
785 786 1
14 15 1
292 294 1
863 864 1
44 45 1
989 990 1
370 372 1
700 702 1
994 996 1
75 75 1
466 468 1
789 789 1
913 915 1
990 990 1
811 813 1
835 837 1
409 411 1
906 906 1
125 126 1
657 657 1
531 531 1
802 804 1
299 300 1
604 606 1
658 660 0.923186
925 927 1
976 978 1
483 483 1
165 165 1
514 516 1
533 534 1
639 639 1
203 204 1
571 573 1
617 618 1
380 381 1
381 381 1
981 981 1
567 567 1
782 783 1
462 462 1
574 576 1
651 651 1
164 165 1
878 879 1
254 255 1
484 486 1
752 753 1
178 180 1
158 159 1
675 675 1
397 399 0.869268
669 669 1
979 981 0.937632
954 954 1
799 801 1
139 141 1
643 645 1
854 855 1
830 831 1
520 522 1
318 318 1
749 750 1
402 402 1
204 204 1
230 231 1
896 897 1
519 519 0.83017
233 234 1
159 159 1
50 51 1
67 69 1
979 981 0.916581
39 39 1
710 711 1
555 555 1
62 63 0.872709
334 336 1
436 438 1
897 897 1
452 453 1
927 927 0.889492
572 573 1
664 666 1
868 870 1
757 759 1
616 618 1
149 150 1
563 564 1
198 198 1
614 615 1
368 369 1
734 735 1
755 756 1
988 990 1
280 282 1
989 990 1
501 501 1
570 570 1
450 450 1
18 18 1
465 465 1
827 828 1
931 933 0.845034
911 912 1
204 204 0.819797
123 123 1
496 498 1
283 285 1
808 810 1
329 330 1
229 231 1
117 117 0.797425
125 126 1
742 744 1
610 612 1
719 720 1
192 192 1
420 420 1
935 936 1
164 165 1
206 207 1
928 930 1
817 819 1
465 465 0.863123
593 594 1
960 960 1
490 492 1
31 33 0.879153
722 723 1
221 222 1
284 285 1
215 216 1
260 261 1
82 84 1
158 159 1
388 390 1
303 303 1
154 156 1
733 735 1
412 414 1
122 123 1
69 69 1
676 678 1
695 696 1
368 369 1
115 117 1
180 180 1
758 759 1
28 30 1
855 855 1
347 348 1
156 156 1
84 84 1
741 741 1
201 201 1
632 633 1
928 930 1
891 891 1
782 783 1
929 930 1
363 363 1
147 147 1
269 270 1
856 858 1
233 234 1
607 609 1
556 558 1
769 771 1
927 927 1
499 501 1
777 777 1
705 705 1
6 6 1
255 255 1
470 471 1
409 411 0.992114
336 336 1
882 882 1
53 54 1
465 465 1
121 123 1
647 648 1
323 324 1
725 726 1
958 960 1
667 669 0.785115
569 570 1
91 93 1
993 993 1
20 21 1
774 774 1
586 588 1
146 147 1
299 300 1
950 951 1
37 39 1
703 705 1
442 444 1
245 246 1
253 255 1
228 228 1
903 903 1
860 861 1
394 396 1
139 141 1
423 423 1
875 876 1
114 114 1
990 990 1
251 252 1
612 612 1
936 936 1
791 792 1
621 621 1
878 879 1
734 735 1
86 87 1
715 717 1
343 345 1
34 36 1
930 930 1
299 300 1
240 240 1
244 246 1
6 6 1
973 975 1
829 831 1
694 696 1
358 360 1
948 948 1
858 858 1
586 588 1
719 720 1
220 222 1
910 912 1
431 432 1
329 330 1
565 567 1
587 588 1
732 732 1
808 810 1
182 183 1
123 123 1
707 708 1
774 774 0.893609
114 114 1
172 174 0.957445
943 945 1
995 996 1
270 270 1
165 165 1
542 543 1
485 486 1
536 537 1
566 567 1
719 720 1
791 792 1
817 819 1
763 765 1
883 885 1
438 438 1
268 270 1
241 243 1
488 489 1
886 888 1
972 972 1
791 792 1
905 906 1
657 657 1
897 897 1
102 102 1
407 408 1
720 720 1
19 21 1
113 114 1
139 141 1
103 105 1
653 654 0.605471
557 558 1
488 489 1
21 21 0.75996
579 579 1
882 882 1
453 453 1
249 249 1
43 45 1
975 975 1
17 18 1
109 111 1
160 162 1
745 747 1
29 30 1
535 537 1
873 873 1
428 429 1
181 183 1
523 525 1
526 528 1
992 993 1
14 15 1
177 177 1
611 612 1
589 591 1
57 57 1
572 573 1
106 108 1
135 135 1
934 936 1
177 177 1
494 495 1
522 522 1
217 219 1
332 333 1
914 915 1
342 342 1
745 747 1
174 174 1
661 663 1
747 747 1
51 51 1
89 90 1
784 786 1
174 174 1
434 435 1
417 417 1
797 798 1
978 978 1
946 948 1
220 222 1
418 420 1
391 393 0.938724
552 552 1
891 891 1
60 60 1
967 969 1
123 123 1
294 294 1
428 429 1
619 621 1
238 240 1
171 171 1
181 183 1
969 969 1
459 459 1
584 585 1
883 885 1
25 27 1
632 633 1
940 942 1
44 45 1
627 627 1
725 726 0.917818
105 105 1
82 84 0.873824
58 60 1
300 300 1
596 597 1
759 759 1
771 771 1
232 234 1
763 765 1
880 882 1
590 591 1
814 816 1
621 621 1
682 684 1
771 771 1
590 591 0.723872
485 486 0.946951
623 624 1
54 54 1
681 681 1
231 231 1
962 963 1
932 933 1
124 126 1
769 771 1
470 471 1
363 363 1
716 717 1
51 51 1
50 51 1
213 213 1
232 234 1
71 72 1
359 360 1
165 165 1
114 114 1
921 921 1
632 633 1
63 63 1
973 975 1
615 615 1
168 168 1
276 276 1
256 258 1
513 513 1
719 720 1
355 357 1
440 441 1
994 996 1
933 933 1
833 834 0.791146
305 306 1
460 462 1
117 117 1
321 321 1
246 246 1
808 810 1
467 468 1
788 789 1
612 612 1
27 27 1
902 903 1
842 843 1
203 204 1
986 987 1
454 456 1
807 807 1
492 492 1
726 726 1
222 222 1
158 159 1
235 237 1
264 264 1
562 564 1
897 897 1
62 63 1
382 384 1
666 666 1
166 168 1
27 27 1
443 444 1
741 741 1
490 492 1
429 429 1
883 885 1
494 495 1
170 171 1
368 369 1
459 459 1
986 987 1
581 582 1
216 216 1
621 621 0.776326
752 753 0.746151
507 507 1
942 942 1
993 993 0.817446
279 279 0.937745
352 354 1
42 42 1
957 957 1
674 675 1
401 402 1
705 705 1
406 408 1
687 687 0.847476
797 798 1
200 201 1
276 276 1
755 756 1
180 180 1
294 294 1
337 339 1
807 807 1
27 27 1
158 159 0.674555
962 963 1
774 774 1
614 615 1
850 852 1
388 390 1
828 828 1
388 390 1
568 570 1
831 831 1
968 969 1
911 912 1
641 642 1
166 168 1
858 858 1
536 537 0.887673
436 438 0.899197
29 30 0.916878
781 783 1
910 912 1
455 456 1
353 354 1
277 279 1
8 9 1
54 54 1
875 876 1
586 588 1
414 414 1
265 267 1
949 951 1
875 876 1
379 381 1
610 612 1
34 36 1
827 828 1
901 903 1
436 438 1
10 12 1
759 759 1
307 309 1
293 294 1
355 357 1
574 576 1
861 861 0.633618
492 492 1
88 90 0.837996
391 393 1
208 210 0.821032
43 45 1
886 888 1
149 150 1
399 399 1
21 21 1
394 396 1
566 567 1
378 378 1
192 192 1
763 765 1
839 840 1
66 66 1
444 444 1
61 63 1
729 729 1
266 267 1
362 363 1
708 708 1
399 399 1
199 201 1
30 30 1
733 735 1
709 711 1
873 873 1
173 174 1
72 72 1
66 66 1
855 855 1
783 783 1
408 408 1
118 120 1
814 816 1
117 117 1
336 336 1
396 396 1
435 435 1
227 228 1
783 783 1
41 42 1
667 669 1
399 399 1
597 597 1
674 675 1
914 915 1
887 888 1
923 924 1
330 330 1
80 81 1
799 801 1
63 63 1
697 699 1
77 78 1
144 144 1
165 165 1
869 870 1
262 264 1
586 588 1
614 615 1
268 270 1
293 294 1
74 75 1
596 597 1
616 618 1
916 918 1
780 780 1
579 579 1
785 786 1
490 492 1
145 147 1
114 114 1
894 894 1
964 966 1
153 153 1
663 663 0.767186
268 270 1
684 684 1
667 669 1
926 927 1
748 750 1
910 912 1
431 432 1
930 930 1
545 546 1
949 951 1
851 852 1
290 291 1
767 768 1
866 867 1
490 492 1
437 438 1
29 30 1
477 477 1
582 582 1
974 975 1
779 780 1
145 147 1
566 567 1
424 426 1
892 894 1
620 621 1
152 153 1
945 945 1
253 255 1
604 606 1
432 432 1
819 819 1
147 147 1
162 162 1
526 528 1
622 624 1
721 723 1
658 660 1
76 78 1
975 975 1
151 153 1
273 273 1
997 999 0.914055
852 852 1
195 195 1
261 261 1
335 336 1
805 807 1
604 606 0.897964
176 177 1
769 771 1
756 756 1
889 891 1
301 303 1
525 525 1
933 933 1
181 183 1
985 987 1
303 303 1
942 942 1
974 975 1
354 354 1
475 477 1
576 576 1
89 90 0.89207
499 501 1
114 114 1
931 933 1
815 816 1
542 543 1
237 237 1
333 333 1
491 492 0.729308
463 465 1
40 42 1
652 654 1
401 402 1
959 960 1
632 633 1
447 447 1
768 768 1
335 336 1
853 855 1
496 498 1
881 882 1
136 138 1
464 465 1
876 876 1
381 381 1
465 465 1
861 861 1
680 681 1
529 531 1
568 570 1
354 354 0.965265
214 216 0.913634
685 687 0.862669
439 441 1
462 462 1
94 96 1
456 456 1
328 330 1
922 924 1
332 333 1
142 144 1
729 729 1
83 84 1
456 456 1
250 252 1
905 906 1
925 927 1
953 954 1
139 141 1
752 753 1
385 387 1
545 546 1
826 828 1
570 570 1
703 705 1
435 435 1
642 642 1
300 300 1
260 261 1
311 312 1
623 624 1
541 543 1
621 621 1
637 639 1
119 120 1
806 807 1
858 858 1
533 534 1
563 564 1
66 66 1
499 501 1
549 549 1
838 840 1
998 999 1
182 183 1
122 123 1
532 534 1
345 345 1
302 303 1
965 966 1
52 54 1
437 438 1
821 822 1
135 135 1
734 735 1
652 654 1
202 204 1
948 948 1
742 744 1
883 885 1
451 453 1
196 198 1
718 720 1
729 729 1
644 645 1
717 717 1
855 855 1
848 849 1
926 927 1
450 450 1
808 810 1
443 444 1
225 225 0.527196
54 54 1
541 543 1
38 39 1
321 321 1
681 681 1
953 954 1
561 561 1
836 837 1
505 507 1
59 60 1
53 54 1
873 873 1
18 18 1
205 207 1
652 654 1
490 492 1
30 30 1
7 9 1
812 813 1
338 339 1
333 333 0.89082
424 426 1
45 45 1
80 81 1
622 624 1
533 534 0.80839
14 15 1
194 195 1
155 156 1
727 729 1
691 693 1
90 90 1
705 705 1
113 114 1
857 858 1
780 780 1
285 285 1
672 672 1
208 210 1
509 510 1
471 471 1
633 633 1
688 690 1
421 423 1
906 906 1
53 54 1
148 150 1
669 669 1
137 138 1
399 399 1
977 978 1
601 603 1
580 582 1
788 789 1
951 951 1
847 849 1
984 984 1
889 891 1
6 6 0.725142
646 648 1
730 732 1
449 450 1
178 180 0.775445
823 825 1
396 396 1
268 270 1
240 240 1
879 879 1
766 768 1
408 408 1
166 168 1
947 948 0.742697
254 255 1
188 189 1
294 294 1
873 873 1
343 345 1
791 792 1
586 588 1
821 822 1
926 927 1
965 966 1
81 81 1
657 657 1
551 552 1
618 618 1
416 417 1
963 963 1
164 165 1
828 828 1
90 90 1
650 651 1
350 351 1
628 630 1
24 24 1
97 99 1
289 291 1
13 15 1
81 81 1
43 45 1
460 462 1
459 459 1
115 117 1
108 108 1
110 111 1
669 669 1
167 168 1
606 606 1
378 378 1
76 78 1
656 657 1
369 369 1
635 636 1
393 393 1
788 789 1
712 714 1
312 312 1
898 900 1
945 945 1
43 45 1
721 723 1
812 813 1
729 729 1
855 855 1
359 360 1
410 411 1
926 927 1
815 816 1
295 297 1
124 126 1
398 399 1
958 960 1
943 945 1
681 681 1
855 855 1
842 843 1
847 849 1
581 582 1
267 267 1
610 612 1
201 201 1
714 714 1
565 567 1
232 234 1
218 219 1
939 939 1
242 243 1
792 792 1
510 510 1
876 876 1
409 411 1
310 312 1
318 318 1
763 765 1
251 252 1
180 180 1
69 69 1
890 891 1
650 651 1
905 906 1
366 366 1
122 123 1
485 486 1
706 708 1
976 978 1
32 33 1
706 708 1
108 108 1
722 723 1
211 213 0.940553
523 525 1
295 297 1
998 999 1
939 939 1
233 234 1
556 558 1
601 603 1
211 213 1
627 627 1
320 321 1
481 483 1
120 120 1
200 201 1
630 630 1
725 726 1
920 921 1
424 426 1
240 240 0.659046
64 66 1
731 732 1
982 984 0.900544
911 912 1
102 102 1
509 510 1
752 753 1
502 504 1
709 711 1
273 273 1
653 654 1
706 708 1
301 303 1
839 840 1
325 327 1
308 309 0.755363
56 57 1
942 942 1
213 213 1
628 630 1
346 348 1
866 867 0.79512
456 456 1
319 321 1
969 969 1
375 375 1
182 183 1
339 339 1
781 783 0.786718
323 324 1
944 945 0.775512
165 165 1
473 474 1
271 273 1
337 339 1
665 666 1
32 33 1
686 687 1
54 54 1
409 411 1
272 273 1
149 150 0.90542
326 327 1
620 621 1
594 594 1
673 675 1
363 363 1
273 273 1
199 201 1
267 267 1
591 591 1
601 603 1
324 324 1
918 918 1
119 120 1
583 585 1
998 999 1
31 33 1
723 723 1
395 396 1
222 222 1
148 150 1
483 483 1
842 843 1
446 447 1
365 366 1
939 939 1
223 225 1
282 282 1
254 255 1
703 705 1
798 798 1
336 336 1
202 204 1
215 216 1
978 978 1
271 273 1
641 642 1
828 828 1
30 30 1
667 669 1
466 468 1
88 90 1
769 771 1
311 312 1
265 267 1
538 540 1
528 528 1
769 771 1
922 924 1
879 879 1
743 744 1
289 291 1
955 957 1
945 945 1
967 969 1
201 201 1
798 798 1
908 909 1
490 492 1
38 39 1
100 102 1
923 924 1
226 228 1
229 231 1
378 378 1
823 825 1
813 813 1
382 384 1
151 153 1
240 240 1
195 195 1
20 21 1
779 780 1
489 489 1
877 879 1
83 84 1
522 522 1
240 240 1
648 648 1
408 408 1
319 321 1
787 789 1
344 345 1
316 318 1
904 906 1
507 507 1
709 711 1
81 81 1
120 120 1
964 966 1
384 384 1
738 738 1
344 345 1
443 444 1
430 432 1
383 384 1
124 126 1
814 816 1
251 252 1
102 102 1
115 117 1
71 72 1
632 633 1
603 603 1
615 615 1
913 915 1
574 576 1
888 888 1
369 369 1
944 945 1
904 906 1
989 990 1
790 792 1
77 78 1
652 654 1
353 354 1
236 237 1
992 993 1
986 987 1
422 423 1
828 828 1
339 339 1
699 699 1
304 306 0.981048
377 378 1
421 423 1
386 387 1
566 567 1
760 762 1
180 180 1
454 456 1
271 273 1
718 720 0.660497
393 393 1
486 486 1
566 567 1
236 237 1
424 426 1
483 483 1
366 366 0.769367
510 510 1
356 357 1
241 243 1
806 807 1
375 375 1
503 504 1
773 774 1
502 504 1
549 549 1
567 567 1
200 201 1
440 441 0.963382
379 381 1
602 603 1
34 36 0.964257
567 567 0.946743
98 99 1
459 459 1
823 825 1
562 564 1
110 111 1
377 378 1
277 279 1
561 561 1
375 375 1
30 30 1
771 771 1
159 159 1
588 588 1
718 720 1
484 486 1
142 144 1
249 249 1
924 924 1
553 555 1
869 870 1
730 732 1
767 768 1
226 228 1
253 255 1
461 462 1
818 819 1
149 150 1
567 567 1
540 540 1
799 801 1
181 183 1
23 24 1
824 825 1
459 459 1
52 54 1
820 822 1
342 342 1
909 909 1
680 681 1
541 543 1
381 381 1
383 384 0.93518
993 993 1
572 573 1
102 102 1
667 669 0.773129
369 369 1
31 33 1
922 924 1
214 216 1
626 627 1
353 354 1
15 15 1
975 975 1
811 813 1
293 294 1
763 765 1
320 321 1
531 531 1
459 459 1
879 879 1
756 756 1
180 180 1
32 33 1
596 597 1
111 111 1
656 657 1
658 660 1
129 129 1
585 585 1
567 567 1
481 483 1
586 588 1
754 756 1
151 153 1
463 465 1
938 939 1
127 129 1
298 300 1
992 993 1
594 594 1
443 444 1
35 36 1
618 618 1
215 216 1
694 696 1
608 609 1
718 720 1
607 609 1
961 963 1
977 978 1
325 327 1
995 996 1
336 336 1
287 288 1
691 693 1
623 624 1
222 222 1
853 855 1
446 447 1
309 309 1
387 387 1
778 780 1
79 81 1
973 975 1
241 243 1
237 237 1
919 921 1
728 729 1
954 954 1
463 465 1
219 219 1
423 423 1
28 30 1
852 852 1
137 138 1
904 906 1
580 582 1
17 18 1
672 672 1
729 729 1
214 216 1
783 783 1
995 996 1
131 132 0.845254
27 27 1
798 798 1
318 318 1
751 753 1
728 729 1
354 354 1
631 633 1
820 822 1
797 798 1
993 993 1
493 495 1
750 750 1
995 996 1
123 123 0.928357
100 102 1
584 585 1
397 399 1
184 186 1
671 672 1
483 483 1
287 288 1
373 375 1
684 684 1
748 750 1
154 156 1
879 879 1
379 381 1
865 867 1
981 981 1
421 423 1
23 24 1
628 630 1
269 270 1
489 489 1
451 453 1
798 798 1
501 501 1
200 201 1
741 741 1
644 645 1
894 894 1
253 255 0.825986
245 246 1
518 519 1
344 345 1
417 417 1
494 495 1
722 723 1
878 879 1
102 102 1
524 525 1
541 543 1
470 471 1
54 54 1
389 390 1
386 387 1
710 711 1
40 42 1
960 960 1
208 210 1
824 825 1
795 795 1
40 42 1
959 960 1
158 159 1
377 378 1
152 153 1
139 141 1
590 591 1
445 447 1
240 240 1
863 864 1
502 504 1
388 390 1
78 78 1
475 477 1
8 9 1
639 639 1
622 624 1
647 648 1
511 513 0.898749
631 633 1
994 996 1
165 165 1
688 690 1
8 9 1
506 507 1
105 105 1
922 924 1
6 6 1
341 342 1
124 126 0.69957
205 207 1
226 228 1
677 678 1
69 69 1
118 120 1
277 279 1
127 129 0.849219
158 159 1
441 441 1
522 522 1
704 705 1
724 726 0.631751
709 711 1
368 369 1
384 384 1
414 414 1
563 564 0.828802
254 255 1
114 114 1
541 543 1
167 168 1
445 447 1
554 555 1
979 981 1
61 63 1
761 762 1
293 294 1
908 909 1
812 813 1
920 921 1
436 438 1
311 312 1
134 135 1
528 528 1
640 642 1
868 870 1
965 966 1
980 981 1
615 615 1
423 423 1
672 672 1
104 105 1
853 855 1
219 219 1
299 300 1
848 849 1
540 540 1
456 456 1
482 483 1
908 909 1
4 6 1
278 279 1
462 462 1
47 48 1
874 876 1
535 537 1
773 774 1
691 693 1
845 846 1
352 354 1
998 999 1
445 447 1
340 342 1
983 984 0.896364
826 828 0.921851
175 177 1
265 267 1
110 111 1
108 108 1
456 456 1
976 978 1
958 960 1
521 522 1
285 285 1
552 552 1
685 687 1
41 42 1
452 453 1
96 96 1
512 513 1
603 603 1
51 51 1
275 276 1
96 96 1
540 540 1
725 726 1
36 36 1
801 801 1
504 504 1
140 141 1
906 906 1
446 447 1
727 729 1
631 633 1
36 36 0.96347
38 39 1
985 987 1
254 255 1
358 360 1
466 468 1
138 138 1
440 441 1
58 60 1
835 837 1
686 687 1
219 219 1
311 312 1
496 498 1
941 942 1
36 36 1
757 759 1
902 903 1
576 576 1
642 642 1
622 624 1
677 678 1
345 345 1
7 9 1
831 831 1
857 858 1
199 201 1
142 144 1
532 534 1
670 672 1
295 297 1
798 798 1
310 312 1
939 939 1
531 531 1
44 45 1
584 585 1
704 705 1
446 447 1
460 462 1
605 606 1
383 384 1
302 303 1
529 531 1
228 228 1
845 846 1
769 771 1
848 849 1
988 990 1
234 234 1
335 336 1
593 594 1
831 831 1
644 645 1
582 582 0.832694
141 141 1
146 147 1
208 210 1
728 729 1
304 306 1
19 21 1
689 690 1
22 24 1
392 393 1
34 36 1
942 942 1
760 762 1
563 564 1
184 186 1
704 705 1
810 810 1
661 663 1
210 210 1
249 249 1
361 363 1
175 177 1
846 846 1
373 375 1
723 723 1
728 729 1
812 813 1
956 957 1
722 723 1
656 657 1
710 711 1
926 927 1
697 699 1
967 969 1
855 855 1
949 951 1
541 543 1
2 3 1
96 96 0.830952
494 495 1
380 381 1
998 999 1
902 903 1
807 807 1
545 546 1
907 909 1
772 774 1
866 867 1
717 717 1
593 594 1
487 489 1
24 24 1
759 759 1
229 231 1
325 327 1
599 600 1
837 837 1
573 573 1
652 654 1
4 6 0.569503
544 546 1
39 39 1
697 699 1
913 915 1
484 486 1
222 222 1
614 615 1
311 312 1
980 981 1
205 207 1
321 321 1
404 405 1
794 795 1
313 315 1
195 195 1
607 609 1
20 21 1
618 618 1
702 702 1
190 192 1
72 72 1
922 924 1
798 798 1
950 951 1
240 240 1
620 621 1
537 537 1
139 141 1
822 822 1
173 174 1
494 495 1
531 531 1
553 555 1
823 825 1
569 570 1
110 111 1
181 183 0.824572
400 402 1
629 630 1
600 600 1
631 633 0.932166
79 81 1
864 864 1
573 573 0.733822
54 54 1
679 681 1
42 42 1
852 852 1
315 315 1
321 321 1
869 870 1
565 567 1
865 867 1
334 336 1
118 120 0.713264
306 306 1
973 975 1
490 492 1
594 594 0.956325
721 723 1
238 240 1
154 156 1
417 417 1
431 432 1
853 855 1
990 990 1
519 519 1
470 471 1
846 846 1
719 720 1
285 285 1
911 912 1
405 405 1
993 993 1
963 963 1
920 921 1
242 243 1
298 300 1
945 945 1
832 834 1
653 654 1
801 801 1
657 657 1
373 375 1
241 243 1
479 480 1
63 63 1
180 180 1
316 318 1
9 9 1
232 234 1
409 411 1
629 630 1
987 987 1
822 822 1
434 435 1
293 294 1
726 726 1
441 441 1
751 753 1
334 336 1
210 210 1
735 735 1
301 303 0.905504
654 654 1
4 6 1
588 588 1
462 462 1
557 558 1
473 474 1
690 690 1
561 561 1
610 612 1
456 456 1
274 276 1
552 552 1
993 993 1
292 294 1
993 993 1
204 204 1
871 873 0.899074
903 903 1
108 108 1
907 909 1
108 108 1
48 48 1
27 27 1
970 972 1
935 936 1
325 327 1
137 138 1
203 204 1
197 198 1
561 561 1
993 993 1
272 273 1
491 492 1
271 273 1
426 426 1
957 957 1
470 471 1
700 702 1
932 933 1
649 651 1
98 99 1
616 618 1
113 114 1
669 669 1
208 210 1
165 165 1
916 918 1
443 444 1
69 69 1
854 855 1
708 708 1
607 609 1
905 906 1
457 459 1
193 195 1
33 33 0.984486
797 798 1
909 909 1
70 72 1
281 282 1
492 492 1
628 630 1
117 117 1
121 123 1
426 426 1
130 132 0.919409
253 255 1
230 231 1
87 87 1
851 852 1
871 873 1
423 423 1
93 93 1
168 168 1
20 21 1
324 324 1
941 942 1
450 450 1
360 360 1
839 840 1
862 864 1
797 798 1
826 828 1
254 255 1
302 303 1
774 774 1
337 339 1
166 168 1
382 384 1
213 213 0.738923
448 450 1
505 507 1
497 498 1
507 507 1
418 420 1
249 249 1
109 111 1
333 333 1
974 975 1
642 642 1
416 417 1
918 918 1
187 189 1
211 213 1
147 147 1
992 993 1
373 375 1
533 534 1
578 579 1
691 693 1
510 510 1
394 396 1
562 564 1
788 789 1
589 591 1
686 687 1
297 297 1
495 495 1
18 18 1
201 201 1
241 243 0.82998
829 831 1
159 159 1
115 117 0.930004
997 999 1
815 816 1
408 408 1
86 87 1
490 492 1
536 537 1
291 291 1
64 66 1
607 609 1
486 486 1
73 75 1
701 702 1
533 534 1
768 768 0.852591
578 579 1
712 714 1
86 87 1
121 123 1
140 141 1
435 435 1
577 579 1
835 837 1
109 111 1
569 570 1
252 252 1
981 981 1
292 294 1
19 21 0.933978
448 450 1
61 63 1
971 972 1
287 288 1
473 474 1
342 342 1
599 600 1
770 771 1
147 147 0.906611
827 828 1
630 630 1
343 345 1
997 999 1
649 651 1
47 48 1
102 102 1
281 282 1
584 585 1
85 87 1
237 237 1
905 906 1
250 252 1
44 45 1
913 915 1
371 372 1
995 996 1
450 450 0.690225
310 312 1
846 846 1
534 534 1
519 519 1
274 276 1
866 867 1
454 456 1
644 645 1
78 78 1
20 21 1
458 459 1
623 624 1
652 654 1
807 807 1
926 927 1
93 93 1
161 162 0.705761
227 228 1
553 555 1
166 168 1
564 564 1
617 618 1
569 570 1
485 486 1
253 255 1
620 621 1
952 954 1
85 87 1
206 207 1
265 267 1
322 324 1
636 636 1
965 966 1
543 543 1
44 45 1
787 789 1
816 816 1
152 153 1
414 414 1
659 660 1
110 111 1
606 606 1
585 585 0.894884
801 801 1
852 852 1
606 606 1
354 354 1
690 690 1
501 501 1
399 399 1
892 894 1
959 960 1
577 579 1
355 357 1
25 27 1
514 516 1
54 54 1
133 135 1
818 819 1
391 393 1
233 234 1
681 681 1
385 387 1
795 795 1
630 630 1
319 321 1
590 591 1
248 249 1
291 291 0.784977
256 258 1
567 567 1
150 150 1
289 291 1
758 759 1
133 135 1
491 492 1
834 834 1
88 90 1
637 639 1
228 228 1
740 741 1
787 789 1
924 924 1
569 570 1
211 213 1
865 867 1
186 186 1
388 390 1
18 18 1
350 351 1
472 474 1
346 348 1
435 435 1
69 69 1
801 801 1
808 810 0.78104
225 225 1
655 657 1
612 612 1
774 774 1
501 501 1
195 195 0.877554
607 609 1
815 816 1
718 720 1
519 519 1
93 93 1
783 783 0.909737
487 489 1
933 933 1
65 66 1
123 123 1
644 645 1
110 111 1
496 498 1
756 756 1
284 285 1
642 642 1
875 876 1
107 108 1
272 273 1
637 639 0.690058
402 402 1
550 552 1
714 714 1
972 972 1
329 330 1
513 513 1
7 9 1
845 846 1
398 399 1
358 360 1
717 717 1
82 84 1
72 72 1
965 966 1
533 534 1
78 78 1
497 498 1
963 963 1
929 930 1
837 837 0.947879
477 477 1
7 9 1
638 639 1
8 9 1
528 528 1
864 864 1
595 597 1
151 153 1
788 789 1
80 81 0.902286
688 690 1
628 630 1
392 393 1
339 339 1
239 240 1
126 126 1
713 714 1
128 129 1
582 582 1
355 357 1
964 966 1
590 591 1
563 564 1
68 69 1
721 723 1
960 960 1
54 54 1
20 21 1
250 252 1
849 849 1
362 363 0.588147
713 714 1
673 675 1
304 306 1
923 924 1
961 963 1
517 519 1
405 405 0.932704
744 744 1
166 168 1
925 927 1
249 249 1
730 732 1
858 858 1
642 642 1
218 219 1
267 267 1
707 708 1
65 66 0.936126
740 741 1
192 192 1
359 360 1
126 126 1
352 354 1
215 216 1
849 849 1
186 186 1
792 792 1
385 387 1
490 492 1
294 294 0.777039
24 24 1
696 696 1
744 744 1
141 141 1
239 240 1
209 210 1
473 474 1
597 597 1
851 852 1
603 603 1
496 498 1
750 750 1
544 546 1
326 327 1
743 744 1
913 915 1
257 258 1
61 63 1
899 900 1
585 585 1
549 549 1
900 900 1
979 981 1
557 558 1
707 708 1
401 402 1
81 81 1
827 828 1
285 285 1
742 744 1
494 495 1
678 678 1
232 234 1
989 990 1
57 57 1
641 642 1
66 66 1
130 132 1
873 873 1
466 468 1
339 339 1
69 69 1
798 798 1
799 801 1
180 180 1
541 543 1
43 45 1
523 525 1
650 651 1
189 189 1
374 375 1
305 306 1
779 780 1
401 402 1
590 591 1
975 975 1
415 417 1
778 780 1
820 822 1
501 501 1
968 969 1
286 288 1
954 954 1
603 603 1
610 612 1
136 138 1
662 663 1
406 408 1
555 555 1
389 390 1
319 321 1
618 618 1
579 579 1
836 837 1
118 120 1
608 609 1
581 582 1
917 918 1
15 15 1
322 324 1
932 933 1
379 381 1
925 927 1
746 747 1
150 150 1
41 42 1
584 585 1
382 384 1
356 357 1
456 456 1
354 354 1
646 648 1
983 984 1
215 216 1
181 183 0.837621
844 846 1
140 141 1
833 834 1
942 942 1
546 546 1
560 561 1
290 291 1
781 783 1
855 855 1
853 855 1
146 147 1
242 243 1
554 555 1
563 564 1
272 273 1
641 642 1
861 861 1
471 471 1
231 231 1
174 174 1
130 132 1
262 264 1
444 444 1
449 450 1
425 426 1
514 516 1
501 501 1
819 819 1
176 177 0.841842
436 438 1
427 429 1
455 456 1
792 792 1
415 417 1
856 858 1
65 66 1
79 81 0.772284
867 867 1
473 474 1
922 924 1
288 288 1
391 393 1
677 678 1
705 705 1
604 606 1
22 24 0.875153
324 324 1
722 723 1
891 891 1
403 405 1
897 897 1
91 93 0.949541
219 219 1
244 246 1
704 705 1
170 171 1
512 513 1
281 282 1
687 687 1
560 561 1
441 441 1
293 294 1
488 489 1
272 273 1
945 945 1
676 678 1
85 87 1
952 954 1
267 267 1
939 939 1
915 915 1
790 792 1
965 966 1
83 84 1
63 63 1
371 372 1
629 630 1
646 648 1
963 963 1
579 579 1
14 15 1
296 297 1
377 378 1
763 765 1
996 996 1
662 663 1
846 846 1
369 369 1
243 243 1
266 267 1
416 417 1
863 864 1
595 597 0.615213
444 444 1
768 768 0.939837
152 153 1
823 825 1
874 876 1
961 963 1
265 267 0.90198
360 360 1
584 585 1
894 894 1
641 642 1
110 111 1
200 201 1
71 72 1
864 864 1
39 39 1
484 486 1
236 237 1
907 909 1
942 942 1
22 24 1
320 321 0.689468
438 438 1
325 327 1
942 942 0.887883
191 192 1
184 186 1
754 756 1
67 69 1
999 999 1
554 555 1
29 30 1
480 480 1
938 939 1
303 303 0.755252
928 930 1
57 57 1
738 738 0.723942
205 207 1
405 405 1
347 348 1
4 6 1
451 453 1
627 627 1
167 168 0.936116
533 534 1
672 672 1
209 210 1
774 774 1
959 960 1
714 714 1
785 786 1
189 189 1
380 381 1
180 180 1
926 927 1
859 861 1
281 282 1
341 342 1
325 327 1
558 558 1
508 510 1
200 201 1
967 969 1
873 873 1
223 225 1
662 663 1
493 495 1
201 201 1
418 420 1
269 270 1
330 330 1
826 828 1
51 51 1
156 156 1
53 54 1
406 408 1
353 354 1
108 108 1
235 237 1
694 696 1
828 828 1
1000 1002 0.856308
680 681 1
134 135 1
367 369 0.935617
733 735 1
39 39 1
373 375 1
134 135 1
450 450 1
901 903 1
242 243 1
720 720 1
177 177 1
673 675 1
639 639 1
77 78 1
436 438 1
23 24 1
770 771 1
120 120 1
216 216 1
416 417 1
951 951 1
301 303 1
804 804 0.881513
290 291 1
398 399 1
20 21 1
882 882 1
6 6 1
307 309 1
444 444 1
813 813 1
12 12 1
584 585 1
720 720 1
649 651 1
928 930 1
652 654 1
341 342 1
958 960 1
464 465 1
303 303 1
897 897 1
701 702 0.687324
276 276 1
43 45 0.922123
21 21 1
152 153 1
100 102 1
372 372 1
892 894 1
358 360 1
661 663 1
232 234 1
385 387 1
508 510 1
92 93 1
296 297 1
28 30 1
892 894 1
720 720 1
244 246 1
949 951 1
513 513 1
859 861 1
122 123 1
719 720 1
977 978 1
834 834 1
488 489 1
734 735 1
913 915 1
736 738 1
493 495 1
617 618 1
828 828 1
94 96 1
971 972 1
32 33 1
844 846 1
462 462 1
143 144 1
614 615 1
759 759 1
674 675 1
399 399 1
183 183 1
122 123 0.934942
913 915 1
802 804 1
571 573 0.895738
673 675 1
379 381 1
427 429 1
345 345 1
597 597 1
935 936 1
734 735 1
196 198 1
915 915 1
835 837 1
329 330 1
369 369 1
99 99 1
132 132 1
708 708 1
614 615 1
550 552 1
937 939 1
577 579 1
252 252 1
271 273 1
684 684 1
932 933 1
518 519 1
883 885 1
864 864 1
235 237 1
503 504 1
80 81 1
571 573 1
318 318 1
839 840 1
657 657 1
589 591 1
216 216 1
190 192 1
487 489 1
727 729 1
35 36 1
623 624 1
329 330 1
37 39 1
632 633 1
70 72 1
325 327 1
580 582 1
940 942 1
138 138 1
972 972 1
660 660 1
828 828 1
267 267 1
169 171 1
22 24 1
505 507 1
732 732 1
26 27 1
318 318 1
332 333 1
82 84 1
893 894 1
273 273 1
995 996 1
186 186 1
100 102 1
824 825 1
713 714 1
686 687 1
129 129 1
739 741 1
346 348 1
297 297 1
226 228 1
607 609 1
771 771 1
182 183 1
325 327 1
248 249 1
438 438 1
28 30 1
932 933 1
638 639 1
619 621 1
580 582 1
2 3 1
628 630 1
560 561 1
625 627 1
196 198 1
948 948 1
514 516 1
254 255 0.669505
401 402 1
747 747 1
649 651 1
899 900 1
218 219 1
107 108 1
983 984 0.907106
16 18 1
66 66 1
627 627 1
97 99 1
840 840 1
502 504 1
81 81 1
108 108 1
639 639 1
285 285 1
944 945 1
184 186 1
484 486 1
360 360 1
745 747 1
448 450 1
767 768 1
739 741 1
622 624 1
752 753 1
707 708 1
258 258 1
306 306 1
5 6 1
613 615 1
860 861 1
858 858 1
48 48 1
298 300 1
883 885 1
686 687 1
291 291 1
196 198 1
802 804 1
856 858 1
377 378 1
678 678 1
133 135 1
283 285 1
778 780 1
547 549 1
212 213 1
316 318 1
828 828 1
322 324 1
719 720 1
404 405 1
699 699 1
724 726 1
186 186 1
668 669 1
585 585 0.649001
268 270 1
746 747 1
256 258 1
622 624 1
909 909 1
71 72 1
796 798 1
648 648 1
519 519 1
48 48 1
953 954 1
435 435 1
243 243 1
1 3 1
304 306 1
219 219 1
305 306 1
799 801 1
453 453 0.829412
637 639 1
776 777 1
929 930 1
781 783 1
985 987 1
678 678 1
481 483 1
336 336 1
954 954 1
403 405 1
73 75 1
335 336 1
211 213 1
99 99 1
134 135 1
262 264 1
339 339 0.800435
296 297 1
120 120 1
227 228 1
354 354 1
547 549 1
151 153 1
348 348 1
113 114 1
843 843 1
727 729 0.641925
213 213 1
910 912 1
587 588 1
364 366 1
639 639 1
821 822 1
312 312 1
686 687 1
841 843 1
751 753 1
921 921 1
510 510 1
139 141 1
590 591 1
885 885 1
23 24 1
789 789 1
846 846 1
599 600 1
765 765 1
884 885 1
438 438 1
237 237 1
504 504 1
61 63 1
428 429 1
228 228 1
722 723 1
584 585 1
484 486 1
405 405 1
524 525 1
501 501 1
865 867 1
259 261 0.919834
509 510 1
1 3 1
922 924 1
82 84 1
618 618 1
842 843 1
70 72 1
697 699 1
598 600 1
918 918 1
24 24 1
824 825 0.902327
459 459 1
632 633 1
451 453 1
34 36 1
759 759 1
187 189 1
597 597 1
740 741 1
344 345 1
260 261 1
136 138 1
964 966 1
424 426 1
243 243 1
60 60 1
554 555 1
129 129 1
242 243 0.836569
358 360 1
993 993 1
384 384 1
732 732 1
316 318 1
478 480 1
830 831 1
519 519 1
126 126 1
912 912 1
378 378 1
930 930 1
830 831 1
870 870 1
703 705 1
175 177 1
560 561 1
404 405 1
308 309 1
521 522 1
34 36 1
981 981 1
623 624 1
303 303 1
69 69 1
9 9 1
608 609 1
71 72 1
337 339 0.915002
945 945 1
556 558 1
563 564 1
620 621 1
430 432 1
183 183 1
183 183 1
868 870 1
253 255 0.754599
680 681 1
520 522 1
944 945 1
301 303 1
736 738 1
494 495 1
706 708 1
470 471 1
403 405 1
338 339 1
847 849 1
931 933 1
108 108 1
1000 1002 1
196 198 1
65 66 0.942227
637 639 1
406 408 1
315 315 0.886826
285 285 1
356 357 1
99 99 1
212 213 1
49 51 1
271 273 1
832 834 1
340 342 1
712 714 0.825654
913 915 1
257 258 1
432 432 1
677 678 1
97 99 1
837 837 1
842 843 1
231 231 1
498 498 1
705 705 1
579 579 1
872 873 1
453 453 1
513 513 1
183 183 1
112 114 1
888 888 1
103 105 1
891 891 1
582 582 1
946 948 1
761 762 1
74 75 1
263 264 1
500 501 1
462 462 1
899 900 1
684 684 1
929 930 1
89 90 1
348 348 1
752 753 1
86 87 1
364 366 1
738 738 1
151 153 1
690 690 1
854 855 1
862 864 1
104 105 0.926027
366 366 1
525 525 1
281 282 1
404 405 1
958 960 1
580 582 1
855 855 1
324 324 1
310 312 1
142 144 1
512 513 0.828014
382 384 1
110 111 1
336 336 1
778 780 1
191 192 1
782 783 1
594 594 1
360 360 1
322 324 1
313 315 1
814 816 0.913552
533 534 1
535 537 1
78 78 1
391 393 1
9 9 1
596 597 0.860456
826 828 1
491 492 1
506 507 1
384 384 1
838 840 1
73 75 1
188 189 1
594 594 1
919 921 1
596 597 1
625 627 1
694 696 1
624 624 1
821 822 1
169 171 1
359 360 1
817 819 1
940 942 1
347 348 1
453 453 1
59 60 1
31 33 1
97 99 1
497 498 1
130 132 1
480 480 1
408 408 1
852 852 1
881 882 1
75 75 1
725 726 1
587 588 1
272 273 1
485 486 1
936 936 1
61 63 1
209 210 1
486 486 1
124 126 1
738 738 1
774 774 1
391 393 1
412 414 1
237 237 1
93 93 1
636 636 1
856 858 1
811 813 1
331 333 1
195 195 1
133 135 1
26 27 1
340 342 1
611 612 1
816 816 0.734047
946 948 1
889 891 1
789 789 1
195 195 1
895 897 1
47 48 1
854 855 0.979979
718 720 1
460 462 1
158 159 1
466 468 1
127 129 1
920 921 1
959 960 1
386 387 1
713 714 1
29 30 1
157 159 1
975 975 1
769 771 1
963 963 1
172 174 1
612 612 1
107 108 1
937 939 1
557 558 1
727 729 1
297 297 1
660 660 1
807 807 1
223 225 1
340 342 1
838 840 0.941168
343 345 1
999 999 1
168 168 1
111 111 1
617 618 1
361 363 1
756 756 0.720492
791 792 1
379 381 1
604 606 1
703 705 1
826 828 1
104 105 1
214 216 1
572 573 1
761 762 1
75 75 1
10 12 1
854 855 1
71 72 1
63 63 1
227 228 1
580 582 1
369 369 1
310 312 0.890734
606 606 1
982 984 1
869 870 1
278 279 1
180 180 1
389 390 1
27 27 1
492 492 1
501 501 1
374 375 1
863 864 1
125 126 0.762872
453 453 1
575 576 1
156 156 1
792 792 0.764873
858 858 1
512 513 1
513 513 1
941 942 1
283 285 0.890137
427 429 1
232 234 1
376 378 1
450 450 0.531898
973 975 0.897685
529 531 1
766 768 1
219 219 1
946 948 1
963 963 1
797 798 1
178 180 1
755 756 1
227 228 1
160 162 1
320 321 1
379 381 1
523 525 1
137 138 1
911 912 1
925 927 1
508 510 1
117 117 1
281 282 1
120 120 1
843 843 1
35 36 1
852 852 1
339 339 0.863583
647 648 1
220 222 1
168 168 1
136 138 1
64 66 1
108 108 1
134 135 1
484 486 1
914 915 0.897336
455 456 1
738 738 1
293 294 1
391 393 1
180 180 1
570 570 1
74 75 1
480 480 0.871114
29 30 1
733 735 1
782 783 1
213 213 1
525 525 1
13 15 0.932469
421 423 1
351 351 1
680 681 1
388 390 1
213 213 1
252 252 1
309 309 1
306 306 1
246 246 0.982624
139 141 1
127 129 1
645 645 1
34 36 1
747 747 1
919 921 1
542 543 1
701 702 1
400 402 1
659 660 1
386 387 1
493 495 1
702 702 1
818 819 1
286 288 0.96502
490 492 1
75 75 1
117 117 1
626 627 1
583 585 1
801 801 1
559 561 1
191 192 1
359 360 1
33 33 1
22 24 1
312 312 1
920 921 1
504 504 1
23 24 1
324 324 1
819 819 1
85 87 1
925 927 1
666 666 1
369 369 1
320 321 1
129 129 1
570 570 1
383 384 1
781 783 1
163 165 1
730 732 1
130 132 1
902 903 1
303 303 1
711 711 1
235 237 1
852 852 1
9 9 1
167 168 1
572 573 1
119 120 1
681 681 1
493 495 1
265 267 1
408 408 1
591 591 1
852 852 1
688 690 1
886 888 1
632 633 1
58 60 1
88 90 1
149 150 1
109 111 1
599 600 1
885 885 1
440 441 1
363 363 1
923 924 1
218 219 1
279 279 1
61 63 1
570 570 1
637 639 1
641 642 1
940 942 1
115 117 1
718 720 1
587 588 1
655 657 1
532 534 1
687 687 1
183 183 0.830689
10 12 1
479 480 1
749 750 1
470 471 1
827 828 1
200 201 1
941 942 1
581 582 1
575 576 1
821 822 1
135 135 1
435 435 1
233 234 1
900 900 1
22 24 1
1 3 1
740 741 1
191 192 1
678 678 1
40 42 1
83 84 1
635 636 1
156 156 1
854 855 1
543 543 1
635 636 1
817 819 0.949362
209 210 1
248 249 1
625 627 1
367 369 1
569 570 1
586 588 1
574 576 1
809 810 1
938 939 1
642 642 1
685 687 1
343 345 1
183 183 1
238 240 1
219 219 1
951 951 1
696 696 1
528 528 1
65 66 1
789 789 1
916 918 1
443 444 1
480 480 1
323 324 1
175 177 1
228 228 0.900887
427 429 1
153 153 1
733 735 1
858 858 1
864 864 1
318 318 1
276 276 1
61 63 1
655 657 1
420 420 1
166 168 1
98 99 1
977 978 1
247 249 1
172 174 1
517 519 1
665 666 1
214 216 1
411 411 1
412 414 1
798 798 1
512 513 1
618 618 1
203 204 1
183 183 1
968 969 1
266 267 1
978 978 1
125 126 1
945 945 1
428 429 1
504 504 0.631691
227 228 1
690 690 1
494 495 1
715 717 1
889 891 1
619 621 1
966 966 1
141 141 1
268 270 0.75618
614 615 1
260 261 1
240 240 1
599 600 1
910 912 1
476 477 1
98 99 1
918 918 1
26 27 1
337 339 1
674 675 1
349 351 1
762 762 1
915 915 1
648 648 0.814256
412 414 1
929 930 1
953 954 1
560 561 1
917 918 1
697 699 1
991 993 1
799 801 0.961909
228 228 1
977 978 1
465 465 1
388 390 1
414 414 1
50 51 1
669 669 1
328 330 1
602 603 1
661 663 1
765 765 1
622 624 1
746 747 1
278 279 1
890 891 1
363 363 1
594 594 1
884 885 1
337 339 1
430 432 1
672 672 1
918 918 1
138 138 1
856 858 1
250 252 1
6 6 1
979 981 1
309 309 1
466 468 1
242 243 1
641 642 1
441 441 1
61 63 0.981223
765 765 1
142 144 1
220 222 1
439 441 1
402 402 1
563 564 1
126 126 1
408 408 1
929 930 1
240 240 1
650 651 1
929 930 1
183 183 1
966 966 1
503 504 1
783 783 1
954 954 1
436 438 1
121 123 1
767 768 1
570 570 1
294 294 0.89448
804 804 1
1000 1002 1
377 378 0.957639
975 975 1
705 705 1
299 300 1
227 228 1
192 192 1
839 840 1
702 702 1
718 720 1
990 990 1
451 453 1
684 684 1
67 69 1
31 33 1
839 840 1
166 168 1
659 660 1
533 534 1
558 558 1
669 669 1
218 219 1
793 795 0.819569
206 207 1
700 702 1
718 720 1
784 786 0.846356
92 93 1
66 66 1
224 225 1
25 27 1
339 339 1
158 159 1
81 81 1
245 246 1
661 663 1
233 234 1
502 504 1
349 351 1
679 681 1
527 528 1
989 990 1
23 24 1
433 435 1
797 798 1
101 102 1
297 297 1
323 324 0.820131
628 630 1
145 147 1
36 36 1
521 522 1
188 189 1
925 927 1
890 891 1
16 18 1
313 315 1
223 225 1
535 537 1
910 912 1
801 801 1
167 168 1
507 507 1
93 93 1
948 948 1
310 312 1
829 831 1
151 153 0.778114
762 762 1
466 468 1
689 690 1
227 228 1
40 42 1
816 816 1
843 843 0.717476
166 168 1
770 771 1
776 777 1
489 489 0.874361
3 3 1
922 924 1
485 486 0.769466
93 93 1
803 804 1
391 393 1
146 147 1
704 705 1
845 846 1
470 471 1
621 621 1
736 738 0.728055
767 768 1
117 117 1
830 831 1
802 804 1
194 195 1
290 291 1
553 555 1
423 423 1
465 465 1
551 552 1
463 465 1
683 684 1
162 162 1
457 459 1
817 819 0.736737
337 339 1
747 747 1
508 510 1
285 285 1
688 690 1
37 39 1
216 216 1
582 582 1
784 786 1
700 702 0.895175
623 624 1
567 567 0.87305
389 390 1
453 453 1
940 942 1
728 729 0.933547
787 789 1
382 384 1
796 798 1
895 897 1
183 183 1
354 354 0.708757
568 570 1
816 816 1
564 564 1
250 252 1
353 354 1
549 549 1
507 507 1
643 645 1
202 204 1
462 462 1
185 186 1
430 432 1
66 66 1
354 354 1
164 165 1
107 108 1
590 591 0.770168
715 717 0.781016
510 510 1
213 213 0.81939
930 930 1
710 711 1
768 768 1
784 786 1
417 417 1
200 201 1
160 162 1
118 120 1
720 720 1
769 771 1
67 69 1
405 405 1
959 960 1
244 246 1
18 18 1
697 699 1
23 24 1
821 822 1
297 297 1
976 978 0.927534
372 372 1
953 954 1
387 387 1
553 555 1
803 804 1
481 483 1
959 960 1
276 276 1
581 582 1
318 318 1
949 951 1
812 813 1
946 948 1
598 600 0.849918
993 993 1
623 624 1
447 447 1
269 270 1
271 273 0.968345
404 405 1
656 657 1
221 222 1
44 45 1
563 564 1
781 783 1
814 816 1
203 204 1
712 714 1
801 801 1
5 6 1
21 21 1
608 609 1
757 759 0.810398
761 762 1
407 408 1
419 420 1
97 99 1
17 18 1
592 594 1
192 192 0.767202
580 582 1
479 480 1
471 471 1
939 939 1
622 624 0.668264
455 456 1
632 633 1
161 162 1
788 789 1
632 633 1
136 138 1
737 738 1
892 894 1
977 978 1
812 813 1
141 141 1
652 654 0.950308
125 126 1
46 48 1
215 216 1
615 615 1
855 855 1
263 264 1
452 453 1
79 81 1
678 678 1
61 63 1
691 693 1
259 261 1
930 930 1
518 519 1
311 312 1
146 147 1
540 540 1
859 861 1
944 945 1
990 990 1
369 369 1
502 504 1
70 72 1
922 924 1
823 825 1
363 363 1
286 288 1
852 852 1
238 240 1
970 972 1
577 579 1
659 660 0.849382
920 921 1
875 876 1
948 948 1
593 594 1
674 675 1
976 978 1
874 876 1
593 594 1
592 594 1
782 783 1
867 867 1
481 483 1
772 774 1
555 555 1
145 147 1
937 939 1
726 726 1
9 9 1
765 765 1
426 426 1
164 165 1
225 225 1
893 894 1
352 354 1
172 174 1
633 633 1
945 945 1
608 609 1
101 102 1
662 663 1
737 738 1
690 690 1
761 762 1
162 162 1
496 498 1
23 24 1
182 183 1
86 87 1
436 438 1
387 387 1
303 303 1
848 849 0.894719
83 84 1
636 636 1
503 504 1
326 327 1
198 198 1
600 600 1
918 918 1
73 75 0.908021
393 393 1
419 420 1
73 75 1
3 3 1
353 354 1
414 414 1
54 54 1
216 216 1
884 885 1
320 321 1
541 543 1
776 777 0.955971
412 414 1
729 729 1
960 960 1
235 237 1
564 564 1
449 450 1
867 867 1
667 669 1
760 762 1
517 519 1
180 180 1
69 69 1
465 465 1
930 930 1
43 45 1
456 456 1
390 390 1
711 711 1
99 99 1
331 333 1
260 261 1
823 825 1
894 894 1
531 531 1
263 264 1
164 165 1
373 375 1
282 282 1
70 72 1
517 519 1
717 717 1
240 240 1
442 444 1
120 120 0.93159
835 837 1
494 495 1
926 927 1
512 513 1
25 27 1
478 480 1
744 744 1
239 240 1
741 741 1
428 429 1
118 120 0.723012
940 942 1
216 216 1
783 783 1
578 579 1
255 255 1
364 366 1
216 216 1
646 648 1
807 807 1
141 141 1
1000 1002 1
200 201 1
418 420 1
529 531 1
886 888 1
287 288 1
117 117 1
431 432 1
399 399 1
339 339 1
279 279 1
123 123 1
947 948 1
888 888 1
810 810 1
232 234 1
311 312 1
547 549 1
858 858 0.865889
900 900 1
53 54 1
539 540 1
147 147 1
479 480 1
140 141 1
985 987 1
438 438 1
787 789 1
950 951 1
295 297 1
820 822 1
373 375 1
956 957 1
708 708 1
761 762 1
890 891 1
156 156 1
191 192 1
482 483 1
547 549 1
947 948 1
695 696 1
79 81 1
57 57 1
11 12 1
945 945 1
273 273 1
24 24 1
246 246 1
441 441 1
484 486 1
15 15 1
336 336 1
646 648 1
678 678 1
94 96 1
392 393 1
10 12 1
590 591 1
303 303 1
751 753 1
832 834 1
117 117 1
518 519 1
950 951 1
788 789 1
351 351 1
528 528 1
460 462 1
798 798 1
667 669 1
735 735 1
966 966 1
222 222 1
902 903 1
595 597 1
461 462 1
825 825 1
492 492 1
674 675 1
931 933 1
162 162 1
63 63 0.827124
552 552 1
669 669 1
449 450 1
781 783 1
575 576 1
34 36 1
191 192 1
205 207 1
48 48 1
345 345 1
255 255 1
202 204 1
328 330 1
631 633 1
519 519 0.93486
814 816 1
460 462 1
950 951 1
124 126 1
240 240 1
316 318 1
143 144 1
281 282 1
686 687 1
683 684 1
704 705 1
976 978 0.966247
675 675 1
156 156 1
958 960 1
638 639 1
9 9 1
774 774 1
444 444 1
67 69 1
392 393 1
737 738 1
353 354 1
367 369 1
261 261 1
775 777 0.874554
350 351 1
294 294 0.953706
883 885 1
523 525 1
277 279 1
780 780 1
629 630 1
964 966 1
427 429 1
386 387 1
417 417 1
771 771 1
574 576 0.911337
206 207 1
854 855 1
8 9 1
726 726 1
430 432 1
694 696 1
104 105 1
671 672 1
870 870 1
4 6 1
465 465 0.892203
22 24 1
572 573 1
727 729 1
372 372 1
559 561 1
930 930 1
197 198 1
714 714 1
909 909 1
612 612 1
832 834 1
535 537 1
657 657 1
405 405 1
84 84 1
650 651 1
297 297 1
870 870 1
998 999 1
570 570 1
515 516 1
255 255 1
942 942 1
26 27 1
366 366 1
819 819 1
917 918 1
893 894 1
423 423 1
776 777 1
807 807 1
858 858 1
441 441 1
372 372 1
730 732 1
424 426 1
171 171 1
465 465 1
997 999 1
411 411 1
190 192 1
41 42 1
169 171 1
365 366 1
148 150 1
369 369 1
787 789 1
893 894 1
914 915 1
314 315 1
735 735 1
107 108 1
710 711 1
107 108 1
302 303 1
657 657 1
88 90 0.927069
360 360 1
488 489 1
771 771 1
93 93 1
958 960 1
578 579 1
471 471 1
623 624 1
691 693 1
81 81 0.891159
486 486 1
566 567 1
466 468 1
349 351 1
112 114 1
257 258 0.857148
317 318 1
199 201 1
147 147 1
5 6 1
713 714 1
962 963 1
781 783 1
356 357 1
893 894 1
389 390 1
645 645 1
263 264 1
690 690 1
494 495 1
21 21 1
605 606 1
395 396 1
576 576 1
770 771 1
872 873 1
662 663 1
518 519 1
514 516 1
255 255 1
426 426 1
933 933 1
444 444 1
894 894 1
159 159 1
901 903 1
187 189 1
503 504 1
80 81 1
520 522 1
299 300 1
12 12 0.570055
667 669 1
321 321 1
378 378 1
1 3 1
479 480 1
918 918 1
128 129 1
790 792 1
452 453 1
926 927 1
366 366 1
651 651 1
854 855 1
531 531 1
714 714 1
74 75 1
778 780 1
9 9 0.709991
305 306 1
113 114 1
39 39 1
389 390 1
211 213 1
156 156 1
94 96 1
246 246 1
579 579 0.922194
470 471 1
194 195 1
830 831 1
148 150 1
281 282 1
344 345 1
833 834 1
140 141 1
480 480 1
160 162 1
68 69 1
716 717 1
820 822 1
713 714 1
423 423 1
37 39 1
788 789 1
376 378 1
259 261 1
548 549 1
978 978 1
569 570 1
84 84 1
502 504 1
829 831 1
708 708 1
600 600 1
844 846 1
889 891 1
385 387 1
54 54 1
400 402 1
872 873 1
516 516 1
912 912 1
606 606 1
20 21 1
689 690 1
640 642 1
355 357 1
961 963 1
912 912 1
734 735 1
953 954 1
823 825 1
466 468 0.917174
575 576 1
56 57 1
758 759 1
481 483 1
959 960 1
278 279 1
113 114 1
843 843 1
96 96 1
936 936 1
683 684 1
984 984 0.451374
240 240 1
94 96 1
116 117 1
831 831 1
479 480 1
970 972 1
51 51 0.832552
332 333 1
725 726 1
273 273 1
157 159 1
101 102 1
376 378 1
440 441 1
397 399 1
943 945 1
20 21 1
479 480 1
681 681 1
845 846 1
600 600 1
793 795 1
355 357 1
929 930 1
263 264 1
74 75 1
685 687 1
865 867 1
4 6 1
423 423 1
899 900 1
59 60 1
124 126 0.954591
705 705 1
212 213 1
88 90 1
168 168 1
121 123 1
953 954 1
772 774 1
56 57 1
341 342 1
692 693 1
99 99 1
72 72 1
497 498 1
626 627 1
302 303 1
782 783 1
191 192 1
297 297 1
812 813 1
809 810 1
903 903 1
66 66 1
416 417 1
99 99 0.920898
382 384 1
983 984 1
49 51 1
872 873 0.854916
19 21 1
558 558 1
717 717 1
988 990 1
789 789 1
683 684 1
804 804 1
840 840 1
174 174 1
873 873 1
11 12 1
182 183 1
818 819 1
794 795 1
829 831 1
56 57 1
792 792 1
338 339 1
691 693 1
508 510 1
255 255 1
479 480 1
389 390 1
642 642 1
522 522 1
355 357 1
55 57 1
763 765 1
204 204 1
984 984 1
52 54 1
980 981 1
116 117 1
122 123 1
310 312 1
456 456 1
298 300 1
144 144 1
371 372 1
481 483 1
63 63 1
899 900 1
97 99 1
648 648 1
257 258 1
213 213 1
546 546 1
816 816 1
428 429 1
163 165 0.859307
496 498 1
686 687 1
913 915 1
195 195 1
578 579 1
963 963 1
498 498 1
78 78 1
244 246 1
904 906 1
683 684 1
574 576 1
531 531 1
848 849 1
763 765 1
121 123 1
942 942 1
937 939 1
224 225 1
332 333 1
238 240 1
683 684 1
734 735 1
488 489 1
150 150 1
870 870 1
856 858 1
671 672 1
299 300 1
184 186 1
109 111 1
407 408 1
180 180 1
621 621 1
908 909 1
165 165 1
418 420 1
860 861 1
887 888 1
459 459 1
977 978 1
472 474 1
259 261 1
43 45 1
165 165 1
468 468 1
286 288 1
202 204 1
325 327 1
653 654 0.869687
600 600 1
909 909 1
483 483 1
68 69 1
498 498 1
134 135 1
546 546 1
321 321 1
313 315 1
743 744 1
998 999 1
784 786 1
883 885 1
261 261 1
783 783 0.74549
807 807 1
112 114 1
238 240 1
373 375 0.850782
933 933 0.946519
474 474 1
163 165 1
237 237 1
421 423 1
381 381 1
366 366 1
890 891 0.856378
264 264 1
495 495 1
988 990 1
324 324 0.885575
942 942 1
168 168 1
244 246 1
900 900 1
461 462 1
955 957 1
14 15 1
645 645 1
960 960 1
451 453 1
365 366 1
404 405 1
521 522 1
78 78 1
765 765 1
497 498 1
334 336 1
949 951 1
324 324 1
867 867 1
511 513 1
441 441 1
852 852 1
479 480 1
941 942 1
239 240 1
279 279 1
98 99 1
389 390 1
364 366 1
314 315 1
393 393 1
531 531 1
562 564 1
154 156 1
152 153 0.917868
783 783 1
417 417 1
537 537 1
615 615 1
946 948 1
894 894 1
249 249 1
190 192 1
313 315 1
278 279 1
495 495 1
986 987 1
433 435 1
971 972 1
841 843 1
605 606 1
649 651 1
310 312 1
88 90 1
801 801 1
986 987 1
546 546 1
94 96 0.923447
341 342 1
153 153 1
823 825 1
193 195 1
358 360 1
772 774 1
445 447 1
742 744 1
31 33 1
96 96 1
764 765 1
510 510 1
113 114 1
249 249 1
522 522 1
267 267 1
43 45 1
