1000 282223
230 1170 0.9
230 1170 0.9
230 1170 0.9
230 1170 0.9
230 1170 0.9
230 1170 0.9
230 1170 0.9
230 1170 0.9
230 1170 0.9
230 1170 0.9
230 1170 0.9
230 1170 0.9
230 1170 0.9
230 1170 0.9
230 1170 0.9
230 1170 0.9
230 1170 0.9
230 1170 0.9
230 1170 0.9
230 1170 0.9
230 1170 0.9
230 1170 0.9
230 1170 0.9
230 1170 0.9
230 1170 0.9
230 1170 0.9
230 1170 0.9
230 1170 0.9
230 1170 0.9
230 1170 0.9
230 1170 0.9
230 1170 0.9
230 1170 0.9
230 1170 0.9
230 1170 0.9
230 1170 0.9
230 1170 0.9
230 1170 0.9
230 1170 0.9
230 1170 0.9
230 1170 0.9
230 1170 0.9
230 1170 0.9
230 1170 0.9
230 1170 0.9
230 1170 0.9
230 1170 0.9
230 1170 0.9
230 1170 0.9
230 1170 0.9
230 1170 0.9
230 1170 0.9
230 1170 0.9
230 1170 0.9
207 1053 0.9
207 1053 0.9
207 1053 0.9
207 1053 0.9
207 1053 0.9
207 1053 0.9
207 1053 0.9
207 1053 0.9
207 1053 0.9
207 1053 0.9
207 1053 0.9
207 1053 0.9
207 1053 0.9
207 1053 0.9
207 1053 0.9
207 1053 0.9
207 1053 0.9
207 1053 0.9
207 1053 0.9
207 1053 0.9
207 1053 0.9
207 1053 0.9
207 1053 0.9
207 1053 0.9
207 1053 0.9
207 1053 0.9
207 1053 0.9
207 1053 0.9
207 1053 0.9
207 1053 0.9
207 1053 0.9
207 1053 0.9
207 1053 0.9
207 1053 0.9
207 1053 0.9
207 1053 0.9
207 1053 0.9
207 1053 0.9
207 1053 0.9
207 1053 0.9
207 1053 0.9
207 1053 0.9
207 1053 0.9
207 1053 0.9
207 1053 0.9
207 1053 0.9
207 1053 0.9
207 1053 0.9
207 1053 0.9
207 1053 0.9
207 1053 0.9
207 1053 0.9
207 1053 0.9
207 1053 0.9
207 1053 0.9
207 1053 0.9
184 936 0.9
184 936 0.9
184 936 0.9
184 936 0.9
184 936 0.9
184 936 0.9
184 936 0.9
184 936 0.9
184 936 0.9
184 936 0.9
184 936 0.9
184 936 0.9
184 936 0.9
184 936 0.9
184 936 0.9
184 936 0.9
184 936 0.9
184 936 0.9
184 936 0.9
184 936 0.9
184 936 0.9
184 936 0.9
184 936 0.9
184 936 0.9
184 936 0.9
184 936 0.9
184 936 0.9
184 936 0.9
184 936 0.9
184 936 0.9
184 936 0.9
184 936 0.9
184 936 0.9
184 936 0.9
184 936 0.9
184 936 0.9
184 936 0.9
184 936 0.9
184 936 0.9
184 936 0.9
184 936 0.9
184 936 0.9
184 936 0.9
184 936 0.9
184 936 0.9
184 936 0.9
184 936 0.9
184 936 0.9
184 936 0.9
184 936 0.9
184 936 0.9
184 936 0.9
184 936 0.9
184 936 0.9
184 936 0.9
161 819 0.9
161 819 0.9
161 819 0.9
161 819 0.9
161 819 0.9
161 819 0.9
161 819 0.9
161 819 0.9
161 819 0.9
161 819 0.9
161 819 0.9
161 819 0.9
161 819 0.9
161 819 0.9
161 819 0.9
161 819 0.9
161 819 0.9
161 819 0.9
161 819 0.9
161 819 0.9
161 819 0.9
161 819 0.9
161 819 0.9
161 819 0.9
161 819 0.9
161 819 0.9
161 819 0.9
161 819 0.9
161 819 0.9
161 819 0.9
161 819 0.9
161 819 0.9
161 819 0.9
161 819 0.9
161 819 0.9
161 819 1
161 819 1
161 819 1
161 819 1
161 819 1
161 819 1
161 819 1
161 819 1
161 819 1
161 819 1
161 819 1
161 819 1
161 819 1
161 819 1
161 819 1
161 819 1
161 819 1
138 702 1
138 702 1
138 702 1
138 702 1
138 702 1
138 702 1
138 702 1
138 702 1
138 702 1
138 702 1
138 702 1
138 702 1
138 702 1
138 702 1
138 702 1
138 702 1
138 702 1
138 702 1
138 702 1
138 702 1
138 702 1
138 702 1
138 702 1
138 702 1
138 702 1
138 702 1
138 702 1
138 702 1
138 702 1
138 702 1
138 702 1
138 702 1
138 702 1
138 702 1
138 702 1
138 702 1
138 702 1
138 702 1
138 702 1
138 702 1
138 702 1
138 702 1
115 585 1
115 585 1
115 585 1
115 585 1
115 585 1
115 585 1
115 585 1
115 585 1
115 585 1
115 585 1
115 585 1
115 585 1
115 585 1
115 585 1
115 585 1
115 585 1
115 585 1
115 585 1
115 585 1
115 585 1
115 585 1
115 585 1
115 585 1
115 585 1
115 585 1
115 585 1
115 585 1
115 585 1
115 585 1
115 585 1
115 585 1
115 585 1
115 585 1
115 585 1
115 585 1
115 585 1
115 585 1
115 585 1
115 585 1
115 585 1
92 468 1
92 468 1
92 468 1
92 468 1
92 468 1
92 468 1
92 468 1
92 468 1
92 468 1
92 468 1
92 468 1
92 468 1
92 468 1
92 468 1
92 468 1
92 468 1
92 468 1
92 468 1
92 468 1
92 468 1
92 468 1
92 468 1
92 468 1
92 468 1
92 468 1
92 468 1
92 468 1
92 468 1
92 468 1
92 468 1
92 468 1
92 468 1
92 468 1
92 468 1
92 468 1
92 468 1
92 468 1
92 468 1
92 468 1
92 468 1
92 468 1
92 468 1
92 468 1
92 468 1
92 468 1
92 468 1
92 468 1
92 468 1
92 468 1
92 468 1
69 351 1
69 351 1
69 351 1
69 351 1
69 351 1
69 351 1
69 351 1
69 351 1
69 351 1
69 351 1
69 351 1
69 351 1
69 351 1
69 351 1
69 351 1
69 351 1
69 351 1
69 351 1
69 351 1
69 351 1
69 351 1
69 351 1
69 351 1
69 351 1
69 351 1
69 351 1
69 351 1
69 351 1
69 351 1
69 351 1
69 351 1
69 351 1
69 351 1
69 351 1
69 351 1
69 351 1
69 351 1
69 351 1
69 351 1
69 351 1
69 351 1
69 351 1
69 351 1
69 351 1
69 351 1
69 351 1
69 351 1
69 351 1
69 351 1
69 351 1
69 351 1
69 351 1
69 351 1
69 351 1
69 351 1
69 351 1
69 351 1
69 351 1
69 351 1
69 351 1
69 351 1
69 351 1
69 351 1
69 351 1
69 351 1
69 351 1
69 351 1
69 351 1
69 351 1
69 351 1
69 351 1
69 351 1
69 351 1
46 234 1
46 234 1
46 234 1
46 234 1
46 234 1
46 234 1
46 234 1
46 234 1
46 234 1
46 234 1
46 234 1
46 234 1
46 234 1
46 234 1
46 234 1
46 234 1
46 234 1
46 234 1
46 234 1
46 234 1
46 234 1
46 234 1
46 234 1
46 234 1
46 234 1
46 234 1
46 234 1
46 234 1
46 234 1
46 234 1
46 234 1
46 234 1
46 234 1
46 234 1
46 234 1
46 234 1
46 234 1
46 234 1
46 234 1
46 234 1
46 234 1
46 234 1
46 234 1
46 234 1
23 117 1
23 117 1
23 117 1
23 117 1
23 117 1
23 117 1
23 117 1
23 117 1
23 117 1
23 117 1
23 117 1
23 117 1
23 117 1
23 117 1
23 117 1
23 117 1
23 117 1
23 117 1
23 117 1
23 117 1
23 117 1
23 117 1
23 117 1
23 117 1
23 117 1
23 117 1
23 117 1
23 117 1
23 117 1
23 117 1
23 117 1
23 117 1
23 117 1
23 117 1
23 117 1
23 117 1
23 117 1
23 117 1
23 117 1
23 117 1
23 117 1
23 117 1
23 117 1
23 117 1
23 117 1
23 117 1
23 117 1
23 117 1
23 117 1
23 117 1
23 117 1
23 117 1
23 117 1
23 117 1
23 117 1
23 117 1
1160 580 1
1160 580 1
1160 580 1
1160 580 1
1160 580 1
1160 580 1
1160 580 1
1160 580 1
1160 580 1
1160 580 1
1160 580 1
1160 580 1
1160 580 1
1160 580 1
1160 580 1
1160 580 1
1160 580 1
1160 580 1
1160 580 1
1160 580 1
1160 580 1
1160 580 1
1160 580 1
1160 580 1
1160 580 1
1160 580 1
1160 580 1
1160 580 1
1160 580 1
1160 580 1
1160 580 1
1160 580 1
1160 580 1
1160 580 1
1160 580 1
1160 580 1
1160 580 1
1160 580 1
1160 580 1
1160 580 1
1160 580 1
1160 580 1
1160 580 1
1160 580 1
1160 580 1
1160 580 1
1160 580 1
1160 580 1
1160 580 1
1160 580 1
1160 580 1
1160 580 1
1160 580 1
1160 580 1
1160 580 1
1044 522 1
1044 522 1
1044 522 1
1044 522 1
1044 522 1
1044 522 1
1044 522 1
1044 522 1
1044 522 1
1044 522 1
1044 522 1
1044 522 1
1044 522 1
1044 522 1
1044 522 1
1044 522 1
1044 522 1
1044 522 1
1044 522 1
1044 522 1
1044 522 1
1044 522 1
1044 522 1
1044 522 1
1044 522 1
1044 522 1
1044 522 1
1044 522 1
1044 522 1
1044 522 1
1044 522 1
1044 522 1
1044 522 1
1044 522 1
1044 522 1
1044 522 1
1044 522 1
1044 522 1
1044 522 1
1044 522 1
1044 522 1
1044 522 1
1044 522 1
1044 522 1
1044 522 1
1044 522 1
928 464 1
928 464 1
928 464 1
928 464 1
928 464 1
928 464 1
928 464 1
928 464 1
928 464 1
928 464 1
928 464 1
928 464 1
928 464 1
928 464 1
928 464 1
928 464 1
928 464 1
928 464 1
928 464 1
928 464 1
928 464 1
928 464 1
928 464 1
928 464 1
928 464 1
928 464 1
928 464 1
928 464 1
928 464 1
928 464 1
928 464 1
928 464 1
928 464 1
928 464 1
928 464 1
928 464 1
928 464 1
928 464 1
928 464 1
928 464 1
928 464 1
928 464 1
928 464 1
928 464 1
928 464 1
812 406 1
812 406 1
812 406 1
812 406 1
812 406 1
812 406 1
812 406 1
812 406 1
812 406 1
812 406 1
812 406 1
812 406 1
812 406 1
812 406 1
812 406 1
812 406 1
812 406 1
812 406 1
812 406 1
812 406 1
812 406 1
812 406 1
812 406 1
812 406 1
812 406 1
812 406 1
812 406 1
812 406 1
812 406 1
812 406 1
812 406 1
812 406 1
812 406 1
812 406 1
812 406 1
812 406 1
812 406 1
812 406 1
812 406 1
812 406 1
812 406 1
812 406 1
812 406 1
812 406 1
812 406 1
812 406 1
812 406 1
812 406 1
812 406 1
812 406 1
812 406 1
812 406 1
812 406 1
812 406 1
812 406 1
812 406 1
812 406 1
812 406 1
696 348 1
696 348 1
696 348 1
696 348 1
696 348 1
696 348 1
696 348 1
696 348 1
696 348 1
696 348 1
696 348 1
696 348 1
696 348 1
696 348 1
696 348 1
696 348 1
696 348 1
696 348 1
696 348 1
696 348 1
696 348 1
696 348 1
696 348 1
696 348 1
696 348 1
696 348 1
696 348 1
696 348 1
696 348 1
696 348 1
696 348 1
696 348 1
696 348 1
696 348 1
696 348 1
696 348 1
696 348 1
696 348 1
696 348 1
696 348 1
696 348 1
696 348 1
696 348 1
696 348 1
696 348 1
696 348 1
696 348 1
696 348 1
696 348 1
696 348 1
580 290 1
580 290 1
580 290 1
580 290 1
580 290 1
580 290 1
580 290 1
580 290 1
580 290 1
580 290 1
580 290 1
580 290 1
580 290 1
580 290 1
580 290 1
580 290 1
580 290 1
580 290 1
580 290 1
580 290 1
580 290 1
580 290 1
580 290 1
580 290 1
580 290 1
580 290 1
580 290 1
580 290 1
580 290 1
580 290 1
580 290 1
580 290 1
580 290 1
580 290 1
580 290 1
580 290 1
580 290 1
580 290 1
580 290 1
580 290 1
580 290 1
580 290 1
580 290 1
580 290 1
580 290 1
580 290 1
580 290 1
580 290 1
580 290 1
580 290 1
580 290 1
580 290 1
580 290 1
580 290 1
580 290 1
580 290 1
580 290 1
580 290 1
464 232 1
464 232 1
464 232 1
464 232 1
464 232 1
464 232 1
464 232 1
464 232 1
464 232 1
464 232 1
464 232 1
464 232 1
464 232 1
464 232 1
464 232 1
464 232 1
464 232 1
464 232 1
464 232 1
464 232 1
464 232 1
464 232 1
464 232 1
464 232 1
464 232 1
464 232 1
464 232 1
464 232 1
464 232 1
464 232 1
464 232 1
464 232 1
464 232 1
464 232 1
464 232 1
464 232 1
464 232 1
464 232 1
464 232 1
348 174 1
348 174 1
348 174 1
348 174 1
348 174 1
348 174 1
348 174 1
348 174 1
348 174 1
348 174 1
348 174 1
348 174 1
348 174 1
348 174 1
348 174 1
348 174 1
348 174 1
348 174 1
348 174 1
348 174 1
348 174 1
348 174 1
348 174 1
348 174 1
348 174 1
348 174 1
348 174 1
348 174 1
348 174 1
348 174 1
348 174 1
348 174 1
348 174 1
348 174 1
348 174 1
348 174 1
348 174 1
348 174 1
348 174 1
348 174 1
348 174 1
348 174 1
348 174 1
348 174 1
348 174 1
348 174 1
348 174 1
348 174 1
348 174 1
348 174 1
348 174 1
232 116 1
232 116 1
232 116 1
232 116 1
232 116 1
232 116 1
232 116 1
232 116 1
232 116 1
232 116 1
232 116 1
232 116 1
232 116 1
232 116 1
232 116 1
232 116 1
232 116 1
232 116 1
232 116 1
232 116 1
232 116 1
232 116 1
232 116 1
232 116 1
232 116 1
232 116 1
232 116 1
232 116 1
232 116 1
232 116 1
232 116 1
232 116 1
232 116 1
232 116 1
232 116 1
232 116 1
232 116 1
232 116 1
232 116 1
232 116 1
232 116 1
232 116 1
232 116 1
232 116 1
232 116 1
232 116 1
232 116 1
232 116 1
116 58 1
116 58 1
116 58 1
116 58 1
116 58 1
116 58 1
116 58 1
116 58 1
116 58 1
116 58 1
116 58 1
116 58 1
116 58 1
116 58 1
116 58 1
116 58 1
116 58 1
116 58 1
116 58 1
116 58 1
116 58 1
116 58 1
116 58 1
116 58 1
116 58 1
116 58 1
116 58 1
116 58 1
