5000 2017285
996 1296 0.8735
990 1290 0.696266
984 1284 0.986547
978 1278 0.857575
978 1278 0.990325
978 1278 0.999013
978 1278 0.963914
978 1278 0.96847
978 1278 0.975038
972 1272 0.940227
972 1272 0.990337
972 1272 0.99228
966 1266 0.980235
966 1266 0.800119
966 1266 0.999061
966 1266 0.876276
966 1266 0.968993
966 1266 0.960442
966 1266 0.82663
966 1266 0.744191
966 1266 0.72194
960 1260 0.854165
960 1260 0.967232
960 1260 0.985478
960 1260 0.927375
960 1260 0.965265
954 1254 0.982335
954 1254 0.954944
948 1248 0.971803
948 1248 0.955214
948 1248 0.958288
948 1248 0.883571
948 1248 0.909385
948 1248 0.994729
942 1242 0.997734
942 1242 0.862999
936 1236 0.889534
936 1236 0.927697
936 1236 0.749826
936 1236 0.992137
936 1236 0.968126
930 1230 0.952424
930 1230 0.902312
930 1230 0.9208
924 1224 0.904378
924 1224 0.990177
924 1224 0.992908
924 1224 0.904841
918 1218 0.981323
918 1218 0.921563
918 1218 0.979909
918 1218 0.957602
912 1212 0.988081
912 1212 0.979518
912 1212 0.843356
912 1212 0.913978
906 1206 0.759915
906 1206 0.689665
906 1206 0.995761
1000 1200 0.921122
1000 1200 0.906331
1000 1200 0.913724
1000 1200 0.967685
1000 1200 0.69288
1000 1200 0.942734
900 1200 0.908189
900 1200 0.983065
900 1200 0.956483
999 1199 0.947739
999 1199 0.916735
999 1199 0.825137
998 1198 0.871063
998 1198 0.965766
998 1198 0.74505
998 1198 0.942956
998 1198 0.946148
998 1198 0.988416
997 1197 0.890627
997 1197 0.911456
997 1197 0.996614
997 1197 0.963235
995 1195 0.983308
995 1195 0.912158
995 1195 0.902573
995 1195 0.935741
995 1195 0.856922
994 1194 0.844731
994 1194 0.976071
894 1194 0.976453
894 1194 0.927018
894 1194 0.914953
894 1194 0.975852
894 1194 0.955366
894 1194 0.976258
993 1193 0.967762
993 1193 0.883632
993 1193 0.691981
993 1193 0.992072
993 1193 0.943723
992 1192 0.974169
992 1192 0.793721
992 1192 0.873682
992 1192 0.945369
992 1192 0.979692
992 1192 0.97939
992 1192 0.94732
991 1191 0.83204
991 1191 0.98085
991 1191 0.945711
991 1191 0.97331
991 1191 0.840725
991 1191 0.764069
991 1191 0.86092
991 1191 0.714318
991 1191 0.915337
991 1191 0.957068
991 1191 0.921605
989 1189 0.889875
989 1189 0.974099
989 1189 0.99088
989 1189 0.976132
989 1189 0.888454
989 1189 0.938815
989 1189 0.884164
988 1188 0.850955
988 1188 0.922862
988 1188 0.8613
988 1188 0.762617
988 1188 0.899308
888 1188 0.712019
888 1188 0.979204
888 1188 0.983989
888 1188 0.982968
888 1188 0.850506
987 1187 0.845203
987 1187 0.949486
987 1187 0.956057
987 1187 0.928395
987 1187 0.993874
987 1187 0.987184
987 1187 0.777323
986 1186 0.774896
986 1186 0.889441
986 1186 0.856891
986 1186 0.757373
986 1186 0.95609
985 1185 0.849798
983 1183 0.855163
983 1183 0.856732
982 1182 0.725845
982 1182 0.895833
882 1182 0.871853
882 1182 0.892176
882 1182 0.948768
882 1182 0.933786
882 1182 0.810113
882 1182 0.896843
981 1181 0.947139
981 1181 0.927388
981 1181 0.982614
981 1181 0.767051
981 1181 0.945552
980 1180 0.842998
980 1180 0.994499
980 1180 0.948358
980 1180 0.988645
980 1180 0.91029
980 1180 0.970539
980 1180 0.936525
980 1180 0.733916
979 1179 0.9841
979 1179 0.959924
979 1179 0.762546
979 1179 0.909676
979 1179 0.99467
977 1177 0.917254
977 1177 0.888931
977 1177 0.804042
977 1177 0.977764
976 1176 0.974473
976 1176 0.914717
976 1176 0.978558
976 1176 0.926335
876 1176 0.989744
876 1176 0.901451
876 1176 0.99529
975 1175 0.817028
975 1175 0.896647
975 1175 0.993179
974 1174 0.944294
974 1174 0.940786
974 1174 0.983796
974 1174 0.820501
974 1174 0.681823
973 1173 0.986121
973 1173 0.94053
973 1173 0.996059
973 1173 0.884216
973 1173 0.949846
973 1173 0.705527
973 1173 0.792388
973 1173 0.788247
973 1173 0.829001
973 1173 0.968118
971 1171 0.861288
971 1171 0.884839
970 1170 0.770037
970 1170 0.848774
970 1170 0.910439
970 1170 0.907104
970 1170 0.971949
970 1170 0.883016
970 1170 0.949075
870 1170 0.953217
870 1170 0.820804
870 1170 0.549038
870 1170 0.890964
870 1170 0.946075
870 1170 0.879312
969 1169 0.898128
969 1169 0.90771
969 1169 0.87916
969 1169 0.86846
968 1168 0.975219
968 1168 0.941392
967 1167 0.770705
967 1167 0.905552
967 1167 0.952919
967 1167 0.958108
967 1167 0.949071
967 1167 0.939895
967 1167 0.961342
965 1165 0.894705
965 1165 0.913838
965 1165 0.987078
965 1165 0.911569
964 1164 0.76214
964 1164 0.985035
964 1164 0.996963
864 1164 0.866959
864 1164 0.966649
864 1164 0.897261
864 1164 0.791452
864 1164 0.988448
864 1164 0.999595
864 1164 0.979221
963 1163 0.981369
963 1163 0.931958
962 1162 0.833533
962 1162 0.863901
962 1162 0.846879
962 1162 0.87678
962 1162 0.947166
962 1162 0.921577
962 1162 0.937166
961 1161 0.886325
961 1161 0.961518
961 1161 0.939223
959 1159 0.968521
959 1159 0.965579
958 1158 0.699559
958 1158 0.993909
958 1158 0.934438
958 1158 0.942211
958 1158 0.987125
858 1158 0.999921
858 1158 0.92368
858 1158 0.856905
858 1158 0.991015
858 1158 0.871467
957 1157 0.77255
957 1157 0.999745
957 1157 0.942239
957 1157 0.956879
956 1156 0.963695
956 1156 0.889121
956 1156 0.996864
956 1156 0.981167
956 1156 0.857614
956 1156 0.995943
956 1156 0.82716
956 1156 0.924839
955 1155 0.961007
955 1155 0.848729
955 1155 0.790729
953 1153 0.959107
953 1153 0.958567
953 1153 0.821287
953 1153 0.9361
953 1153 0.832304
952 1152 0.972286
952 1152 0.843635
952 1152 0.987581
952 1152 0.896265
852 1152 0.938445
852 1152 0.930798
852 1152 0.857456
852 1152 0.847084
852 1152 0.830534
951 1151 0.832782
951 1151 0.910955
951 1151 0.901046
951 1151 0.883298
951 1151 0.675529
950 1150 0.995264
950 1150 0.774659
950 1150 0.999153
950 1150 0.75339
950 1150 0.947791
950 1150 0.999761
949 1149 0.991336
949 1149 0.84631
947 1147 0.913185
947 1147 0.927725
947 1147 0.957683
947 1147 0.998227
946 1146 0.825736
946 1146 0.919425
946 1146 0.919747
946 1146 0.778053
946 1146 0.855967
946 1146 0.929658
946 1146 0.801578
846 1146 0.805403
846 1146 0.910044
846 1146 0.915596
846 1146 0.761806
945 1145 0.847818
945 1145 0.871008
945 1145 0.990316
945 1145 0.856868
945 1145 0.984192
945 1145 0.862971
945 1145 0.989766
945 1145 0.973267
945 1145 0.788066
944 1144 0.983612
944 1144 0.92581
944 1144 0.968079
944 1144 0.938368
944 1144 0.946506
944 1144 0.947768
944 1144 0.884586
944 1144 0.925625
943 1143 0.980701
943 1143 0.975635
943 1143 0.964472
943 1143 0.707113
943 1143 0.966146
941 1141 0.87955
941 1141 0.953817
941 1141 0.988343
941 1141 0.956088
940 1140 0.955891
940 1140 0.888354
940 1140 0.97119
940 1140 0.733054
940 1140 0.994867
840 1140 0.802455
840 1140 0.98837
840 1140 0.888503
939 1139 0.938479
939 1139 0.944082
939 1139 0.891931
939 1139 0.960102
939 1139 0.98158
939 1139 0.981046
938 1138 0.983382
938 1138 0.98611
938 1138 0.908026
938 1138 0.950798
937 1137 0.903627
937 1137 0.83836
937 1137 0.952077
937 1137 0.779671
937 1137 0.954316
937 1137 0.941576
937 1137 0.927576
937 1137 0.981269
937 1137 0.818822
937 1137 0.972515
935 1135 0.82664
935 1135 0.952719
935 1135 0.992756
935 1135 0.873087
934 1134 0.9971
934 1134 0.989743
934 1134 0.902091
934 1134 0.877006
834 1134 0.897171
834 1134 0.84955
834 1134 0.896941
834 1134 0.97264
834 1134 0.802682
834 1134 0.936502
834 1134 0.949415
834 1134 0.787039
834 1134 0.847214
933 1133 0.992719
933 1133 0.90356
933 1133 0.945372
933 1133 0.815166
933 1133 0.996408
933 1133 0.9778
932 1132 0.980563
932 1132 0.925431
932 1132 0.982827
931 1131 0.933782
931 1131 0.744512
931 1131 0.727662
931 1131 0.938521
931 1131 0.980362
931 1131 0.923016
929 1129 0.887896
929 1129 0.998495
929 1129 0.79071
929 1129 0.970983
929 1129 0.795583
929 1129 0.997251
929 1129 0.959294
928 1128 0.940354
928 1128 0.845841
928 1128 0.957899
928 1128 0.973625
928 1128 0.745768
928 1128 0.938818
928 1128 0.95955
828 1128 0.96571
828 1128 0.950518
927 1127 0.659569
927 1127 0.978557
927 1127 0.987841
927 1127 0.981162
926 1126 0.983952
926 1126 0.786433
926 1126 0.941647
925 1125 0.999649
925 1125 0.97233
925 1125 0.787144
925 1125 0.913681
925 1125 0.998586
925 1125 0.972296
925 1125 0.927974
923 1123 0.9609
923 1123 0.766149
923 1123 0.960696
923 1123 0.859281
922 1122 0.874806
922 1122 0.949355
822 1122 0.974609
822 1122 0.892633
822 1122 0.532169
822 1122 0.975011
822 1122 0.98408
822 1122 0.984031
822 1122 0.988594
822 1122 0.948996
921 1121 0.934558
921 1121 0.887178
921 1121 0.921326
921 1121 0.855377
920 1120 0.982209
920 1120 0.898731
920 1120 0.995119
920 1120 0.883195
920 1120 0.99805
920 1120 0.918761
920 1120 0.777968
920 1120 0.766767
919 1119 0.984443
919 1119 0.618676
917 1117 0.952412
917 1117 0.888867
917 1117 0.856062
916 1116 0.939642
916 1116 0.83272
916 1116 0.944334
816 1116 0.780479
816 1116 0.995663
816 1116 0.89073
816 1116 0.812417
915 1115 0.910054
915 1115 0.731599
915 1115 0.917555
914 1114 0.681503
914 1114 0.727875
914 1114 0.817142
914 1114 0.750477
913 1113 0.833806
913 1113 0.956535
913 1113 0.750293
913 1113 0.993878
913 1113 0.932828
913 1113 0.917897
913 1113 0.774162
911 1111 0.983744
911 1111 0.922056
911 1111 0.818698
911 1111 0.7827
911 1111 0.919711
911 1111 0.97176
910 1110 0.728321
910 1110 0.986432
910 1110 0.90636
910 1110 0.950178
910 1110 0.866041
910 1110 0.961872
810 1110 0.825545
810 1110 0.979236
810 1110 0.990767
810 1110 0.91058
810 1110 0.850153
810 1110 0.757558
810 1110 0.973778
810 1110 0.81233
810 1110 0.907914
909 1109 0.9069
909 1109 0.977096
909 1109 0.988287
909 1109 0.744835
909 1109 0.964311
908 1108 0.850214
908 1108 0.949106
908 1108 0.978018
908 1108 0.85425
908 1108 0.83559
908 1108 0.973726
908 1108 0.983388
908 1108 0.893465
907 1107 0.613117
907 1107 0.77682
907 1107 0.974795
905 1105 0.901469
905 1105 0.89829
905 1105 0.945282
905 1105 0.812553
905 1105 0.938783
905 1105 0.939607
904 1104 0.814002
904 1104 0.960921
904 1104 0.879416
904 1104 0.963781
904 1104 0.864666
804 1104 0.998326
804 1104 0.974578
804 1104 0.910507
903 1103 0.850292
903 1103 0.928548
903 1103 0.90998
903 1103 0.851098
903 1103 0.956778
903 1103 0.956248
903 1103 0.792606
903 1103 0.931125
902 1102 0.981545
902 1102 0.993312
899 1099 0.999053
899 1099 0.905437
899 1099 0.89461
898 1098 0.989156
898 1098 0.996784
898 1098 0.945556
898 1098 0.919962
898 1098 0.916521
798 1098 0.863697
798 1098 0.758416
798 1098 0.83119
798 1098 0.990723
798 1098 0.899889
897 1097 0.951898
897 1097 0.977742
897 1097 0.912506
897 1097 0.964445
897 1097 0.952496
897 1097 0.897475
896 1096 0.999977
896 1096 0.895757
896 1096 0.901651
895 1095 0.753875
895 1095 0.849147
895 1095 0.984013
895 1095 0.86855
895 1095 0.990892
893 1093 0.927122
893 1093 0.99542
893 1093 0.955842
893 1093 0.834227
893 1093 0.976246
892 1092 0.946785
892 1092 0.955898
892 1092 0.985776
892 1092 0.736635
892 1092 0.96533
892 1092 0.989557
892 1092 0.989483
792 1092 0.753472
792 1092 0.997031
792 1092 0.961478
792 1092 0.939893
792 1092 0.962689
792 1092 0.978843
792 1092 0.965258
792 1092 0.993267
891 1091 0.995524
891 1091 0.998417
891 1091 0.998896
891 1091 0.896381
891 1091 0.99839
890 1090 0.978258
890 1090 0.977433
890 1090 0.936194
890 1090 0.929682
890 1090 0.979561
889 1089 0.658884
889 1089 0.972745
889 1089 0.866572
889 1089 0.947049
889 1089 0.873425
887 1087 0.836925
887 1087 0.922655
887 1087 0.913801
886 1086 0.960327
886 1086 0.931235
886 1086 0.842902
886 1086 0.928494
886 1086 0.973659
886 1086 0.954263
886 1086 0.729398
786 1086 0.879099
885 1085 0.977429
885 1085 0.900401
885 1085 0.962978
885 1085 0.945157
885 1085 0.9395
884 1084 0.838239
884 1084 0.89885
884 1084 0.995812
884 1084 0.845993
884 1084 0.89206
883 1083 0.95179
883 1083 0.926465
883 1083 0.94058
883 1083 0.959914
883 1083 0.941093
883 1083 0.91568
883 1083 0.964202
883 1083 0.962356
883 1083 0.827962
881 1081 0.975314
881 1081 0.925404
881 1081 0.886496
881 1081 0.774025
881 1081 0.707999
881 1081 0.973682
881 1081 0.989352
881 1081 0.870522
880 1080 0.995817
880 1080 0.958408
880 1080 0.911115
880 1080 0.9033
880 1080 0.920388
880 1080 0.796597
880 1080 0.932231
780 1080 0.910055
780 1080 0.920877
780 1080 0.910781
879 1079 0.931848
879 1079 0.652801
879 1079 0.962515
879 1079 0.924662
879 1079 0.84459
879 1079 0.948491
878 1078 0.899954
878 1078 0.959572
878 1078 0.975399
878 1078 0.874803
878 1078 0.998244
878 1078 0.868022
877 1077 0.87691
877 1077 0.955812
877 1077 0.965162
877 1077 0.710159
877 1077 0.996003
875 1075 0.917896
875 1075 0.82879
874 1074 0.78663
874 1074 0.88788
774 1074 0.709882
774 1074 0.992597
774 1074 0.797124
774 1074 0.807321
774 1074 0.957655
873 1073 0.857405
873 1073 0.97352
873 1073 0.777144
873 1073 0.95234
873 1073 0.933471
872 1072 0.747511
872 1072 0.978948
872 1072 0.708851
872 1072 0.936396
872 1072 0.967387
871 1071 0.896499
871 1071 0.971875
871 1071 0.878839
871 1071 0.979564
871 1071 0.975118
871 1071 0.719693
871 1071 0.993226
871 1071 0.929008
871 1071 0.919326
871 1071 0.993865
869 1069 0.869725
869 1069 0.829564
869 1069 0.993191
869 1069 0.721915
868 1068 0.975641
868 1068 0.826126
868 1068 0.974518
768 1068 0.880751
768 1068 0.985077
768 1068 0.888038
768 1068 0.863681
768 1068 0.980161
768 1068 0.832771
768 1068 0.965295
867 1067 0.912034
867 1067 0.909922
867 1067 0.985644
867 1067 0.832647
867 1067 0.948718
866 1066 0.98117
866 1066 0.975395
866 1066 0.879006
866 1066 0.948644
866 1066 0.92817
866 1066 0.980517
866 1066 0.894668
866 1066 0.949639
865 1065 0.852411
865 1065 0.941574
865 1065 0.990732
865 1065 0.93135
865 1065 0.905408
865 1065 0.752992
865 1065 0.824213
865 1065 0.949823
865 1065 0.962561
863 1063 0.989279
863 1063 0.910408
863 1063 0.905049
863 1063 0.916071
863 1063 0.763226
862 1062 0.967328
862 1062 0.959566
762 1062 0.797527
762 1062 0.862858
762 1062 0.846098
762 1062 0.878988
861 1061 0.962173
861 1061 0.951137
860 1060 0.992447
859 1059 0.735253
859 1059 0.980937
857 1057 0.934629
857 1057 0.974494
857 1057 0.991669
856 1056 0.779566
856 1056 0.876375
856 1056 0.961001
856 1056 0.988744
856 1056 0.911392
856 1056 0.820039
856 1056 0.919457
856 1056 0.997648
756 1056 0.967475
756 1056 0.884016
756 1056 0.858735
855 1055 0.909431
855 1055 0.946535
855 1055 0.87092
855 1055 0.707661
855 1055 0.992888
855 1055 0.957098
855 1055 0.927283
855 1055 0.967501
854 1054 0.903524
854 1054 0.783315
854 1054 0.861798
854 1054 0.999326
853 1053 0.849559
853 1053 0.949629
853 1053 0.91273
853 1053 0.923874
853 1053 0.969812
851 1051 0.952079
851 1051 0.986439
851 1051 0.927879
850 1050 0.69045
850 1050 0.866557
850 1050 0.820638
750 1050 0.978282
750 1050 0.949098
750 1050 0.784083
849 1049 0.982825
849 1049 0.909329
849 1049 0.823715
849 1049 0.987949
849 1049 0.836202
849 1049 0.923608
848 1048 0.900703
848 1048 0.733806
848 1048 0.988235
847 1047 0.799997
847 1047 0.911214
847 1047 0.994915
847 1047 0.974748
847 1047 0.990571
847 1047 0.989536
845 1045 0.946953
845 1045 0.894895
845 1045 0.933145
845 1045 0.994172
845 1045 0.982906
844 1044 0.942687
844 1044 0.890303
844 1044 0.895026
844 1044 0.726988
844 1044 0.982553
844 1044 0.941664
844 1044 0.966272
744 1044 0.962861
744 1044 0.984615
744 1044 0.969649
744 1044 0.797653
744 1044 0.979963
744 1044 0.803193
744 1044 0.990954
744 1044 0.853135
744 1044 0.84495
744 1044 0.953871
843 1043 0.818437
843 1043 0.966969
843 1043 0.992253
843 1043 0.954031
843 1043 0.958556
843 1043 0.644888
843 1043 0.956254
842 1042 0.972364
842 1042 0.874649
842 1042 0.969755
842 1042 0.978933
842 1042 0.845482
842 1042 0.990904
842 1042 0.973651
841 1041 0.891376
841 1041 0.642437
841 1041 0.930435
841 1041 0.842609
841 1041 0.991436
839 1039 0.982588
839 1039 0.988034
839 1039 0.994756
839 1039 0.983537
839 1039 0.645994
838 1038 0.847612
838 1038 0.929254
838 1038 0.975241
838 1038 0.959752
838 1038 0.917077
738 1038 0.969269
837 1037 0.990197
837 1037 0.933493
837 1037 0.923789
837 1037 0.942393
837 1037 0.907582
837 1037 0.985339
837 1037 0.938971
836 1036 0.970856
836 1036 0.972343
835 1035 0.725957
835 1035 0.72311
835 1035 0.577087
835 1035 0.935848
833 1033 0.919663
833 1033 0.818021
833 1033 0.876373
833 1033 0.88013
833 1033 0.857476
832 1032 0.742231
732 1032 0.755586
831 1031 0.613143
831 1031 0.672537
831 1031 0.996972
831 1031 0.922992
831 1031 0.941389
830 1030 0.937558
830 1030 0.987765
830 1030 0.886118
830 1030 0.989845
830 1030 0.859053
830 1030 0.960946
829 1029 0.934645
829 1029 0.921042
829 1029 0.754731
827 1027 0.903182
827 1027 0.912939
827 1027 0.928398
827 1027 0.982602
827 1027 0.974528
827 1027 0.904602
827 1027 0.849086
826 1026 0.887231
826 1026 0.877871
826 1026 0.936803
826 1026 0.91694
826 1026 0.981911
826 1026 0.82742
826 1026 0.875943
726 1026 0.940819
726 1026 0.927352
726 1026 0.974155
726 1026 0.979199
726 1026 0.862485
726 1026 0.877186
726 1026 0.985801
825 1025 0.957667
825 1025 0.941627
825 1025 0.994748
825 1025 0.841036
825 1025 0.997961
824 1024 0.856305
824 1024 0.882143
824 1024 0.976935
824 1024 0.935089
824 1024 0.944461
823 1023 0.830204
823 1023 0.941208
823 1023 0.973657
823 1023 0.991051
823 1023 0.920086
823 1023 0.91787
821 1021 0.967398
821 1021 0.950752
820 1020 0.934175
820 1020 0.881794
820 1020 0.938441
820 1020 0.745006
820 1020 0.98331
820 1020 0.926937
820 1020 0.962803
820 1020 0.973809
720 1020 0.937535
720 1020 0.938437
720 1020 0.920124
720 1020 0.988345
720 1020 0.984517
720 1020 0.907854
720 1020 0.98222
819 1019 0.942789
819 1019 0.878048
819 1019 0.849819
819 1019 0.789313
819 1019 0.849264
819 1019 0.985821
819 1019 0.824659
819 1019 0.981094
819 1019 0.871497
819 1019 0.947603
819 1019 0.920334
818 1018 0.836408
818 1018 0.991437
818 1018 0.958138
817 1017 0.993789
817 1017 0.835983
817 1017 0.919448
817 1017 0.835532
817 1017 0.987133
817 1017 0.898156
815 1015 0.986103
815 1015 0.712114
815 1015 0.92008
815 1015 0.948965
815 1015 0.981908
814 1014 0.993242
814 1014 0.954269
814 1014 0.929142
814 1014 0.951238
814 1014 0.455177
814 1014 0.836023
714 1014 0.991761
714 1014 0.908228
714 1014 0.972225
714 1014 0.861997
714 1014 0.8917
714 1014 0.968356
714 1014 0.883875
714 1014 0.816942
714 1014 0.953293
813 1013 0.976377
813 1013 1
813 1013 1
813 1013 1
813 1013 1
813 1013 1
813 1013 1
813 1013 1
813 1013 1
812 1012 1
812 1012 1
812 1012 1
811 1011 1
811 1011 1
811 1011 1
811 1011 1
811 1011 1
811 1011 1
811 1011 1
811 1011 1
811 1011 1
809 1009 1
809 1009 1
809 1009 1
809 1009 1
809 1009 1
809 1009 1
809 1009 1
809 1009 1
809 1009 1
809 1009 1
809 1009 1
809 1009 1
808 1008 1
808 1008 1
808 1008 1
808 1008 1
808 1008 1
708 1008 1
708 1008 1
807 1007 1
807 1007 1
807 1007 1
807 1007 1
806 1006 1
806 1006 1
806 1006 1
806 1006 1
806 1006 1
805 1005 1
805 1005 1
805 1005 1
805 1005 1
805 1005 1
803 1003 1
803 1003 1
803 1003 1
803 1003 1
802 1002 1
802 1002 1
802 1002 1
802 1002 1
802 1002 1
802 1002 1
802 1002 1
802 1002 1
802 1002 1
702 1002 1
702 1002 1
702 1002 1
702 1002 1
702 1002 1
702 1002 1
702 1002 1
702 1002 1
801 1001 1
801 1001 1
801 1001 1
801 1001 1
801 1001 1
800 1000 1
800 1000 1
800 1000 1
799 999 1
799 999 1
799 999 1
799 999 1
799 999 1
797 997 1
797 997 1
797 997 1
797 997 1
797 997 1
796 996 1
796 996 1
796 996 1
796 996 1
796 996 1
796 996 1
696 996 1
696 996 1
696 996 1
696 996 1
696 996 1
696 996 1
795 995 1
795 995 1
795 995 1
795 995 1
795 995 1
795 995 1
794 994 1
794 994 1
794 994 1
793 993 1
793 993 1
793 993 1
793 993 1
791 991 1
791 991 1
791 991 1
791 991 1
791 991 1
791 991 1
791 991 1
790 990 1
790 990 1
790 990 1
790 990 1
790 990 1
790 990 1
690 990 1
690 990 1
789 989 1
789 989 1
789 989 1
788 988 1
788 988 1
788 988 1
787 987 1
787 987 1
787 987 1
785 985 1
785 985 1
785 985 1
785 985 1
784 984 1
784 984 1
784 984 1
784 984 1
784 984 1
784 984 1
784 984 1
784 984 1
784 984 1
684 984 1
684 984 1
684 984 1
684 984 1
684 984 1
684 984 1
783 983 1
783 983 1
783 983 1
783 983 1
783 983 1
783 983 1
783 983 1
782 982 1
782 982 1
781 981 1
781 981 1
781 981 1
781 981 1
779 979 1
779 979 1
779 979 1
779 979 1
779 979 1
779 979 1
779 979 1
778 978 1
778 978 1
778 978 1
678 978 1
678 978 1
777 977 1
777 977 1
777 977 1
777 977 1
777 977 1
776 976 1
776 976 1
776 976 1
775 975 1
775 975 1
775 975 1
775 975 1
775 975 1
773 973 1
773 973 1
773 973 1
772 972 1
772 972 1
772 972 1
772 972 1
772 972 1
672 972 1
672 972 1
672 972 1
672 972 1
672 972 1
672 972 1
672 972 1
771 971 1
771 971 1
771 971 1
771 971 1
770 970 1
770 970 1
770 970 1
769 969 1
769 969 1
769 969 1
769 969 1
769 969 1
769 969 1
767 967 1
767 967 1
766 966 1
766 966 1
766 966 1
766 966 1
766 966 1
666 966 1
666 966 1
666 966 1
666 966 1
666 966 1
666 966 1
666 966 1
765 965 1
765 965 1
764 964 1
764 964 1
764 964 1
763 963 1
763 963 1
763 963 1
763 963 1
763 963 1
763 963 1
761 961 1
761 961 1
760 960 1
760 960 1
760 960 1
760 960 1
760 960 1
760 960 1
660 960 1
660 960 1
660 960 1
660 960 1
660 960 1
759 959 1
759 959 1
759 959 1
759 959 1
759 959 1
758 958 1
758 958 1
758 958 1
758 958 1
758 958 1
758 958 1
758 958 1
758 958 1
758 958 1
757 957 1
757 957 1
757 957 1
757 957 1
755 955 1
755 955 1
754 954 1
754 954 1
654 954 1
654 954 1
654 954 1
654 954 1
654 954 1
753 953 1
753 953 1
753 953 1
753 953 1
752 952 1
752 952 1
752 952 1
752 952 1
752 952 1
752 952 1
752 952 1
752 952 1
752 952 1
751 951 1
751 951 1
751 951 1
751 951 1
749 949 1
749 949 1
749 949 1
749 949 1
749 949 1
749 949 1
749 949 1
749 949 1
749 949 1
749 949 1
748 948 1
748 948 1
748 948 1
748 948 1
748 948 1
748 948 1
748 948 1
648 948 1
648 948 1
648 948 1
648 948 1
648 948 1
648 948 1
648 948 1
648 948 1
747 947 1
747 947 1
747 947 1
747 947 1
747 947 1
747 947 1
746 946 1
746 946 1
746 946 1
746 946 1
746 946 1
746 946 1
746 946 1
745 945 1
745 945 1
745 945 1
743 943 1
743 943 1
743 943 1
743 943 1
743 943 1
743 943 1
743 943 1
743 943 1
742 942 1
742 942 1
742 942 1
742 942 1
642 942 1
642 942 1
642 942 1
741 941 1
741 941 1
741 941 1
741 941 1
740 940 1
740 940 1
740 940 1
740 940 1
740 940 1
740 940 1
739 939 1
739 939 1
739 939 1
739 939 1
739 939 1
739 939 1
739 939 1
737 937 1
737 937 1
737 937 1
737 937 1
737 937 1
736 936 1
736 936 1
736 936 1
736 936 1
736 936 1
736 936 1
736 936 1
636 936 1
636 936 1
735 935 1
735 935 1
734 934 1
734 934 1
734 934 1
734 934 1
734 934 1
733 933 1
733 933 1
731 931 1
731 931 1
731 931 1
731 931 1
731 931 1
731 931 1
730 930 1
730 930 1
730 930 1
730 930 1
730 930 1
730 930 1
630 930 1
630 930 1
630 930 1
630 930 1
630 930 1
729 929 1
729 929 1
729 929 1
728 928 1
728 928 1
728 928 1
728 928 1
727 927 1
727 927 1
727 927 1
727 927 1
727 927 1
727 927 1
727 927 1
725 925 1
725 925 1
724 924 1
724 924 1
724 924 1
724 924 1
724 924 1
724 924 1
624 924 1
624 924 1
624 924 1
723 923 1
723 923 1
723 923 1
723 923 1
723 923 1
723 923 1
723 923 1
723 923 1
723 923 1
723 923 1
722 922 1
722 922 1
722 922 1
722 922 1
722 922 1
722 922 1
722 922 1
721 921 1
721 921 1
721 921 1
719 919 1
719 919 1
719 919 1
719 919 1
719 919 1
718 918 1
718 918 1
718 918 1
718 918 1
618 918 1
618 918 1
717 917 1
717 917 1
717 917 1
717 917 1
717 917 1
716 916 1
716 916 1
716 916 1
716 916 1
715 915 1
715 915 1
715 915 1
715 915 1
715 915 1
713 913 1
713 913 1
713 913 1
713 913 1
713 913 1
713 913 1
713 913 1
712 912 1
712 912 1
712 912 1
712 912 1
712 912 1
712 912 1
712 912 1
712 912 1
612 912 1
612 912 1
612 912 1
711 911 1
711 911 1
711 911 1
710 910 1
710 910 1
710 910 1
710 910 1
709 909 1
709 909 1
709 909 1
709 909 1
709 909 1
709 909 1
707 907 1
707 907 1
707 907 1
707 907 1
707 907 1
707 907 1
707 907 1
706 906 1
706 906 1
706 906 1
706 906 1
606 906 1
606 906 1
606 906 1
606 906 1
606 906 1
606 906 1
606 906 1
606 906 1
606 906 1
606 906 1
606 906 1
606 906 1
705 905 1
705 905 1
705 905 1
705 905 1
704 904 1
704 904 1
704 904 1
703 903 1
703 903 1
703 903 1
703 903 1
703 903 1
703 903 1
701 901 1
701 901 1
701 901 1
701 901 1
700 900 1
700 900 1
600 900 1
600 900 1
600 900 1
600 900 1
600 900 1
600 900 1
699 899 1
699 899 1
699 899 1
698 898 1
698 898 1
698 898 1
698 898 1
698 898 1
698 898 1
698 898 1
697 897 1
697 897 1
697 897 1
695 895 1
695 895 1
695 895 1
695 895 1
695 895 1
694 894 1
694 894 1
694 894 1
694 894 1
694 894 1
694 894 1
694 894 1
694 894 1
594 894 1
594 894 1
594 894 1
693 893 1
693 893 1
693 893 1
693 893 1
693 893 1
693 893 1
693 893 1
692 892 1
692 892 1
692 892 1
692 892 1
692 892 1
691 891 1
691 891 1
691 891 1
689 889 1
689 889 1
689 889 1
689 889 1
689 889 1
689 889 1
689 889 1
689 889 1
689 889 1
688 888 1
688 888 1
688 888 1
688 888 1
688 888 1
688 888 1
588 888 1
588 888 1
588 888 1
588 888 1
686 886 1
686 886 1
686 886 1
686 886 1
685 885 1
685 885 1
685 885 1
685 885 1
685 885 1
685 885 1
685 885 1
685 885 1
683 883 1
683 883 1
683 883 1
682 882 1
682 882 1
682 882 1
682 882 1
682 882 1
682 882 1
582 882 1
582 882 1
582 882 1
582 882 1
582 882 1
582 882 1
582 882 1
681 881 1
681 881 1
681 881 1
681 881 1
680 880 1
680 880 1
680 880 1
679 879 1
679 879 1
679 879 1
679 879 1
679 879 1
677 877 1
677 877 1
677 877 1
677 877 1
676 876 1
676 876 1
676 876 1
676 876 1
676 876 1
676 876 1
676 876 1
676 876 1
576 876 1
576 876 1
576 876 1
576 876 1
576 876 1
576 876 1
675 875 1
675 875 1
674 874 1
674 874 1
674 874 1
674 874 1
674 874 1
674 874 1
674 874 1
674 874 1
674 874 1
673 873 1
673 873 1
673 873 1
673 873 1
671 871 1
671 871 1
671 871 1
671 871 1
671 871 1
671 871 1
671 871 1
670 870 1
670 870 1
670 870 1
670 870 1
670 870 1
670 870 1
670 870 1
570 870 1
570 870 1
570 870 1
669 869 1
669 869 1
669 869 1
668 868 1
668 868 1
668 868 1
668 868 1
668 868 1
668 868 1
667 867 1
667 867 1
667 867 1
667 867 1
667 867 1
665 865 1
665 865 1
665 865 1
665 865 1
665 865 1
664 864 1
664 864 1
664 864 1
664 864 1
664 864 1
664 864 1
664 864 1
564 864 1
564 864 1
564 864 1
564 864 1
663 863 1
663 863 1
663 863 1
663 863 1
663 863 1
663 863 1
662 862 1
662 862 1
662 862 1
662 862 1
662 862 1
662 862 1
661 861 1
661 861 1
661 861 1
661 861 1
661 861 1
659 859 1
659 859 1
659 859 1
659 859 1
659 859 1
658 858 1
658 858 1
558 858 1
558 858 1
558 858 1
558 858 1
558 858 1
558 858 1
657 857 1
657 857 1
657 857 1
656 856 1
656 856 1
656 856 1
655 855 1
655 855 1
655 855 1
655 855 1
653 853 1
653 853 1
653 853 1
653 853 1
653 853 1
652 852 1
652 852 1
652 852 1
652 852 1
652 852 1
652 852 1
552 852 1
552 852 1
552 852 1
552 852 1
552 852 1
651 851 1
651 851 1
651 851 1
651 851 1
650 850 1
650 850 1
650 850 1
650 850 1
650 850 1
649 849 1
649 849 1
649 849 1
649 849 1
647 847 1
647 847 1
646 846 1
646 846 1
646 846 1
546 846 1
546 846 1
645 845 1
645 845 1
645 845 1
645 845 1
645 845 1
644 844 1
644 844 1
644 844 1
644 844 1
644 844 1
644 844 1
643 843 1
643 843 1
643 843 1
643 843 1
643 843 1
641 841 1
641 841 1
641 841 1
641 841 1
641 841 1
640 840 1
540 840 1
540 840 1
540 840 1
540 840 1
639 839 1
639 839 1
639 839 1
639 839 1
638 838 1
638 838 1
638 838 1
638 838 1
638 838 1
638 838 1
638 838 1
638 838 1
638 838 1
638 838 1
637 837 1
637 837 1
637 837 1
637 837 1
637 837 1
635 835 1
635 835 1
635 835 1
634 834 1
634 834 1
634 834 1
534 834 1
534 834 1
534 834 1
534 834 1
633 833 1
633 833 1
633 833 1
633 833 1
633 833 1
633 833 1
633 833 1
633 833 1
633 833 1
632 832 1
632 832 1
632 832 1
632 832 1
632 832 1
631 831 1
631 831 1
631 831 1
631 831 1
629 829 1
629 829 1
628 828 1
628 828 1
628 828 1
628 828 1
628 828 1
528 828 1
528 828 1
528 828 1
528 828 1
528 828 1
528 828 1
528 828 1
528 828 1
528 828 1
528 828 1
627 827 1
627 827 1
627 827 1
626 826 1
625 825 1
625 825 1
625 825 1
625 825 1
625 825 1
625 825 1
625 825 1
623 823 1
623 823 1
623 823 1
623 823 1
623 823 1
622 822 1
622 822 1
622 822 1
622 822 1
622 822 1
622 822 1
622 822 1
522 822 1
522 822 1
621 821 1
621 821 1
621 821 1
621 821 1
620 820 1
620 820 1
620 820 1
620 820 1
619 819 1
619 819 1
619 819 1
619 819 1
619 819 1
619 819 1
619 819 1
617 817 1
617 817 1
617 817 1
617 817 1
617 817 1
616 816 1
616 816 1
616 816 1
616 816 1
616 816 1
616 816 1
616 816 1
616 816 1
616 816 1
616 816 1
516 816 1
516 816 1
516 816 1
516 816 1
516 816 1
516 816 1
615 815 1
615 815 1
615 815 1
615 815 1
615 815 1
614 814 1
614 814 1
614 814 1
614 814 1
614 814 1
614 814 1
613 813 1
613 813 1
613 813 1
613 813 1
613 813 1
611 811 1
611 811 1
610 810 1
610 810 1
610 810 1
610 810 1
610 810 1
510 810 1
510 810 1
510 810 1
510 810 1
609 809 1
609 809 1
609 809 1
609 809 1
609 809 1
608 808 1
608 808 1
608 808 1
608 808 1
608 808 1
608 808 1
607 807 1
607 807 1
607 807 1
607 807 1
607 807 1
607 807 1
607 807 1
607 807 1
605 805 1
605 805 1
605 805 1
604 804 1
604 804 1
604 804 1
604 804 1
604 804 1
504 804 1
504 804 1
603 803 1
603 803 1
603 803 1
603 803 1
603 803 1
603 803 1
602 802 1
602 802 1
602 802 1
602 802 1
602 802 1
602 802 1
601 801 1
601 801 1
601 801 1
599 799 1
599 799 1
599 799 1
599 799 1
599 799 1
599 799 1
599 799 1
599 799 1
598 798 1
598 798 1
598 798 1
598 798 1
598 798 1
598 798 1
598 798 1
598 798 1
598 798 1
498 798 1
498 798 1
498 798 1
498 798 1
498 798 1
498 798 1
597 797 1
596 796 1
596 796 1
596 796 1
596 796 1
596 796 1
596 796 1
596 796 1
595 795 1
595 795 1
592 792 1
592 792 1
592 792 1
592 792 1
592 792 1
592 792 1
592 792 1
592 792 1
592 792 1
492 792 1
591 791 1
591 791 1
591 791 1
591 791 1
591 791 1
591 791 1
591 791 1
590 790 1
589 789 1
589 789 1
589 789 1
589 789 1
589 789 1
587 787 1
587 787 1
587 787 1
587 787 1
587 787 1
587 787 1
587 787 1
587 787 1
587 787 1
587 787 1
586 786 1
586 786 1
486 786 1
486 786 1
486 786 1
585 785 1
585 785 1
585 785 1
585 785 1
584 784 1
584 784 1
584 784 1
584 784 1
584 784 1
584 784 1
583 783 1
583 783 1
583 783 1
583 783 1
583 783 1
581 781 1
581 781 1
581 781 1
581 781 1
580 780 1
580 780 1
580 780 1
580 780 1
580 780 1
480 780 1
480 780 1
480 780 1
480 780 1
480 780 1
480 780 1
480 780 1
480 780 1
579 779 1
579 779 1
579 779 1
578 778 1
578 778 1
578 778 1
578 778 1
578 778 1
577 777 1
577 777 1
577 777 1
577 777 1
577 777 1
575 775 1
575 775 1
575 775 1
575 775 1
575 775 1
574 774 1
574 774 1
574 774 1
474 774 1
474 774 1
474 774 1
474 774 1
474 774 1
474 774 1
573 773 1
573 773 1
573 773 1
573 773 1
572 772 1
572 772 1
572 772 1
571 771 1
571 771 1
571 771 1
571 771 1
571 771 1
571 771 1
571 771 1
569 769 1
568 768 1
568 768 1
568 768 1
568 768 1
568 768 1
568 768 1
468 768 1
567 767 1
567 767 1
567 767 1
567 767 1
567 767 1
567 767 1
566 766 1
566 766 1
566 766 1
566 766 1
566 766 1
566 766 1
565 765 1
565 765 1
565 765 1
565 765 1
565 765 1
563 763 1
563 763 1
563 763 1
563 763 1
563 763 1
563 763 1
563 763 1
563 763 1
562 762 1
562 762 1
562 762 1
562 762 1
562 762 1
562 762 1
462 762 1
462 762 1
462 762 1
462 762 1
462 762 1
462 762 1
561 761 1
561 761 1
561 761 1
561 761 1
561 761 1
561 761 1
560 760 1
560 760 1
560 760 1
560 760 1
560 760 1
560 760 1
559 759 1
559 759 1
559 759 1
559 759 1
559 759 1
559 759 1
559 759 1
557 757 1
557 757 1
557 757 1
557 757 1
556 756 1
556 756 1
456 756 1
456 756 1
456 756 1
456 756 1
456 756 1
456 756 1
456 756 1
456 756 1
555 755 1
555 755 1
555 755 1
555 755 1
555 755 1
555 755 1
554 754 1
554 754 1
554 754 1
554 754 1
554 754 1
554 754 1
554 754 1
553 753 1
553 753 1
553 753 1
553 753 1
553 753 1
551 751 1
551 751 1
551 751 1
551 751 1
550 750 1
550 750 1
550 750 1
550 750 1
550 750 1
550 750 1
550 750 1
450 750 1
450 750 1
549 749 1
549 749 1
549 749 1
549 749 1
549 749 1
549 749 1
549 749 1
549 749 1
549 749 1
548 748 1
548 748 1
548 748 1
548 748 1
548 748 1
548 748 1
548 748 1
548 748 1
547 747 1
547 747 1
547 747 1
547 747 1
547 747 1
547 747 1
547 747 1
547 747 1
545 745 1
545 745 1
545 745 1
545 745 1
545 745 1
544 744 1
544 744 1
544 744 1
544 744 1
544 744 1
544 744 1
444 744 1
444 744 1
444 744 1
444 744 1
444 744 1
444 744 1
543 743 1
543 743 1
543 743 1
543 743 1
543 743 1
543 743 1
543 743 1
541 741 1
541 741 1
541 741 1
541 741 1
541 741 1
539 739 1
538 738 1
538 738 1
538 738 1
438 738 1
438 738 1
438 738 1
438 738 1
438 738 1
438 738 1
438 738 1
438 738 1
537 737 1
537 737 1
536 736 1
536 736 1
536 736 1
536 736 1
535 735 1
535 735 1
535 735 1
533 733 1
533 733 1
533 733 1
533 733 1
533 733 1
533 733 1
533 733 1
533 733 1
533 733 1
533 733 1
532 732 1
532 732 1
532 732 1
432 732 1
432 732 1
432 732 1
531 731 1
531 731 1
531 731 1
531 731 1
531 731 1
530 730 1
530 730 1
530 730 1
530 730 1
530 730 1
530 730 1
530 730 1
530 730 1
530 730 1
530 730 1
529 729 1
529 729 1
529 729 1
529 729 1
529 729 1
527 727 1
527 727 1
527 727 1
526 726 1
526 726 1
526 726 1
526 726 1
526 726 1
526 726 1
426 726 1
426 726 1
426 726 1
525 725 1
525 725 1
525 725 1
525 725 1
525 725 1
525 725 1
525 725 1
525 725 1
525 725 1
524 724 1
524 724 1
524 724 1
524 724 1
524 724 1
523 723 1
523 723 1
523 723 1
523 723 1
523 723 1
521 721 1
521 721 1
521 721 1
520 720 1
520 720 1
520 720 1
520 720 1
520 720 1
520 720 1
420 720 1
420 720 1
420 720 1
420 720 1
519 719 1
519 719 1
519 719 1
518 718 1
518 718 1
518 718 1
518 718 1
517 717 1
517 717 1
517 717 1
517 717 1
517 717 1
515 715 1
515 715 1
515 715 1
515 715 1
514 714 1
514 714 1
514 714 1
514 714 1
514 714 1
514 714 1
514 714 1
514 714 1
514 714 1
514 714 1
514 714 1
514 714 1
514 714 1
514 714 1
414 714 1
414 714 1
414 714 1
513 713 1
513 713 1
513 713 1
513 713 1
513 713 1
513 713 1
512 712 1
512 712 1
512 712 1
512 712 1
512 712 1
512 712 1
512 712 1
511 711 1
511 711 1
511 711 1
509 709 1
509 709 1
509 709 1
509 709 1
509 709 1
509 709 1
509 709 1
508 708 1
508 708 1
508 708 1
408 708 1
408 708 1
408 708 1
507 707 1
507 707 1
507 707 1
507 707 1
507 707 1
506 706 1
506 706 1
506 706 1
506 706 1
506 706 1
506 706 1
506 706 1
506 706 1
506 706 1
505 705 1
505 705 1
505 705 1
505 705 1
505 705 1
505 705 1
503 703 1
503 703 1
503 703 1
502 702 1
502 702 1
402 702 1
402 702 1
402 702 1
402 702 1
402 702 1
402 702 1
402 702 1
501 701 1
501 701 1
501 701 1
501 701 1
501 701 1
501 701 1
501 701 1
501 701 1
501 701 1
501 701 1
501 701 1
500 700 1
500 700 1
500 700 1
499 699 1
499 699 1
499 699 1
499 699 1
499 699 1
497 697 1
497 697 1
497 697 1
497 697 1
497 697 1
497 697 1
497 697 1
496 696 1
496 696 1
496 696 1
496 696 1
496 696 1
496 696 1
396 696 1
396 696 1
396 696 1
396 696 1
396 696 1
396 696 1
495 695 1
495 695 1
494 694 1
494 694 1
493 693 1
491 691 1
491 691 1
491 691 1
491 691 1
491 691 1
491 691 1
491 691 1
490 690 1
490 690 1
390 690 1
390 690 1
390 690 1
390 690 1
390 690 1
489 689 1
489 689 1
489 689 1
489 689 1
488 688 1
488 688 1
488 688 1
488 688 1
488 688 1
488 688 1
488 688 1
488 688 1
485 685 1
485 685 1
485 685 1
485 685 1
485 685 1
484 684 1
484 684 1
484 684 1
384 684 1
384 684 1
384 684 1
384 684 1
384 684 1
384 684 1
384 684 1
483 683 1
483 683 1
482 682 1
482 682 1
481 681 1
481 681 1
481 681 1
481 681 1
479 679 1
479 679 1
479 679 1
479 679 1
479 679 1
479 679 1
478 678 1
478 678 1
378 678 1
378 678 1
378 678 1
378 678 1
477 677 1
477 677 1
477 677 1
477 677 1
477 677 1
477 677 1
477 677 1
477 677 1
476 676 1
476 676 1
476 676 1
476 676 1
476 676 1
475 675 1
475 675 1
475 675 1
475 675 1
475 675 1
475 675 1
475 675 1
473 673 1
473 673 1
473 673 1
473 673 1
472 672 1
472 672 1
472 672 1
472 672 1
472 672 1
472 672 1
372 672 1
372 672 1
372 672 1
471 671 1
471 671 1
471 671 1
471 671 1
470 670 1
470 670 1
470 670 1
469 669 1
469 669 1
469 669 1
469 669 1
469 669 1
469 669 1
467 667 1
467 667 1
467 667 1
467 667 1
467 667 1
467 667 1
467 667 1
467 667 1
466 666 1
466 666 1
466 666 1
466 666 1
466 666 1
366 666 1
366 666 1
366 666 1
366 666 1
366 666 1
366 666 1
366 666 1
366 666 1
465 665 1
465 665 1
465 665 1
464 664 1
464 664 1
464 664 1
464 664 1
464 664 1
464 664 1
463 663 1
463 663 1
463 663 1
463 663 1
461 661 1
461 661 1
461 661 1
461 661 1
461 661 1
461 661 1
461 661 1
461 661 1
460 660 1
460 660 1
460 660 1
360 660 1
360 660 1
459 659 1
459 659 1
459 659 1
459 659 1
459 659 1
459 659 1
458 658 1
458 658 1
458 658 1
458 658 1
458 658 1
458 658 1
458 658 1
457 657 1
457 657 1
457 657 1
455 655 1
455 655 1
455 655 1
455 655 1
455 655 1
455 655 1
454 654 1
454 654 1
454 654 1
454 654 1
354 654 1
354 654 1
354 654 1
354 654 1
354 654 1
354 654 1
354 654 1
354 654 1
453 653 1
453 653 1
453 653 1
453 653 1
453 653 1
452 652 1
452 652 1
452 652 1
452 652 1
451 651 1
451 651 1
451 651 1
451 651 1
451 651 1
451 651 1
449 649 1
449 649 1
449 649 1
449 649 1
449 649 1
448 648 1
448 648 1
448 648 1
448 648 1
448 648 1
448 648 1
448 648 1
348 648 1
348 648 1
348 648 1
348 648 1
447 647 1
447 647 1
447 647 1
446 646 1
446 646 1
446 646 1
445 645 1
445 645 1
445 645 1
445 645 1
445 645 1
445 645 1
443 643 1
443 643 1
443 643 1
443 643 1
442 642 1
442 642 1
342 642 1
342 642 1
342 642 1
342 642 1
441 641 1
441 641 1
441 641 1
441 641 1
441 641 1
441 641 1
441 641 1
441 641 1
440 640 1
440 640 1
440 640 1
440 640 1
440 640 1
439 639 1
439 639 1
437 637 1
437 637 1
437 637 1
436 636 1
436 636 1
436 636 1
436 636 1
436 636 1
436 636 1
436 636 1
436 636 1
336 636 1
336 636 1
336 636 1
336 636 1
336 636 1
336 636 1
336 636 1
435 635 1
435 635 1
435 635 1
435 635 1
435 635 1
435 635 1
434 634 1
434 634 1
434 634 1
434 634 1
434 634 1
433 633 1
433 633 1
431 631 1
431 631 1
431 631 1
431 631 1
430 630 1
430 630 1
430 630 1
430 630 1
430 630 1
430 630 1
330 630 1
330 630 1
330 630 1
330 630 1
330 630 1
330 630 1
429 629 1
429 629 1
429 629 1
429 629 1
429 629 1
429 629 1
429 629 1
428 628 1
428 628 1
428 628 1
427 627 1
427 627 1
427 627 1
427 627 1
427 627 1
427 627 1
425 625 1
425 625 1
425 625 1
425 625 1
425 625 1
425 625 1
425 625 1
425 625 1
425 625 1
424 624 1
424 624 1
424 624 1
424 624 1
324 624 1
324 624 1
324 624 1
324 624 1
324 624 1
324 624 1
423 623 1
423 623 1
423 623 1
423 623 1
422 622 1
422 622 1
422 622 1
422 622 1
422 622 1
422 622 1
422 622 1
422 622 1
422 622 1
421 621 1
421 621 1
421 621 1
421 621 1
421 621 1
421 621 1
421 621 1
421 621 1
419 619 1
419 619 1
419 619 1
418 618 1
418 618 1
418 618 1
318 618 1
318 618 1
318 618 1
318 618 1
417 617 1
417 617 1
417 617 1
416 616 1
416 616 1
416 616 1
416 616 1
416 616 1
415 615 1
415 615 1
415 615 1
415 615 1
413 613 1
412 612 1
412 612 1
412 612 1
412 612 1
412 612 1
412 612 1
412 612 1
412 612 1
412 612 1
412 612 1
412 612 1
312 612 1
312 612 1
312 612 1
312 612 1
312 612 1
411 611 1
411 611 1
411 611 1
410 610 1
410 610 1
410 610 1
410 610 1
410 610 1
409 609 1
409 609 1
409 609 1
409 609 1
409 609 1
409 609 1
409 609 1
407 607 1
407 607 1
407 607 1
407 607 1
407 607 1
407 607 1
407 607 1
406 606 1
406 606 1
406 606 1
406 606 1
406 606 1
406 606 1
306 606 1
306 606 1
306 606 1
306 606 1
306 606 1
306 606 1
306 606 1
405 605 1
405 605 1
405 605 1
405 605 1
405 605 1
404 604 1
404 604 1
404 604 1
404 604 1
404 604 1
404 604 1
403 603 1
403 603 1
403 603 1
403 603 1
403 603 1
403 603 1
403 603 1
403 603 1
403 603 1
403 603 1
401 601 1
401 601 1
401 601 1
401 601 1
401 601 1
401 601 1
401 601 1
400 600 1
400 600 1
300 600 1
300 600 1
399 599 1
399 599 1
399 599 1
399 599 1
398 598 1
398 598 1
397 597 1
397 597 1
397 597 1
397 597 1
395 595 1
395 595 1
395 595 1
395 595 1
395 595 1
395 595 1
394 594 1
394 594 1
394 594 1
294 594 1
294 594 1
294 594 1
294 594 1
294 594 1
294 594 1
294 594 1
294 594 1
294 594 1
294 594 1
294 594 1
393 593 1
393 593 1
393 593 1
393 593 1
393 593 1
393 593 1
393 593 1
392 592 1
392 592 1
392 592 1
392 592 1
392 592 1
392 592 1
391 591 1
391 591 1
391 591 1
391 591 1
391 591 1
389 589 1
388 588 1
288 588 1
288 588 1
288 588 1
288 588 1
387 587 1
387 587 1
387 587 1
387 587 1
387 587 1
386 586 1
386 586 1
386 586 1
386 586 1
386 586 1
386 586 1
386 586 1
385 585 1
385 585 1
385 585 1
383 583 1
383 583 1
383 583 1
382 582 1
382 582 1
382 582 1
382 582 1
382 582 1
382 582 1
282 582 1
282 582 1
282 582 1
282 582 1
282 582 1
282 582 1
381 581 1
381 581 1
381 581 1
381 581 1
381 581 1
380 580 1
380 580 1
380 580 1
379 579 1
379 579 1
379 579 1
379 579 1
379 579 1
379 579 1
379 579 1
379 579 1
379 579 1
379 579 1
377 577 1
377 577 1
377 577 1
377 577 1
377 577 1
376 576 1
376 576 1
376 576 1
376 576 1
276 576 1
276 576 1
276 576 1
276 576 1
276 576 1
276 576 1
276 576 1
375 575 1
375 575 1
375 575 1
375 575 1
375 575 1
375 575 1
375 575 1
374 574 1
374 574 1
373 573 1
373 573 1
373 573 1
373 573 1
373 573 1
371 571 1
371 571 1
371 571 1
371 571 1
371 571 1
370 570 1
370 570 1
370 570 1
370 570 1
370 570 1
370 570 1
370 570 1
370 570 1
370 570 1
370 570 1
370 570 1
370 570 1
270 570 1
270 570 1
270 570 1
270 570 1
369 569 1
369 569 1
369 569 1
369 569 1
369 569 1
369 569 1
368 568 1
368 568 1
368 568 1
368 568 1
367 567 1
367 567 1
367 567 1
367 567 1
367 567 1
367 567 1
365 565 1
365 565 1
365 565 1
365 565 1
365 565 1
365 565 1
365 565 1
365 565 1
364 564 1
364 564 1
264 564 1
264 564 1
264 564 1
264 564 1
264 564 1
363 563 1
363 563 1
363 563 1
363 563 1
363 563 1
363 563 1
363 563 1
363 563 1
363 563 1
363 563 1
363 563 1
363 563 1
362 562 1
362 562 1
362 562 1
362 562 1
361 561 1
361 561 1
361 561 1
361 561 1
361 561 1
361 561 1
359 559 1
359 559 1
359 559 1
359 559 1
359 559 1
359 559 1
359 559 1
359 559 1
359 559 1
359 559 1
358 558 1
358 558 1
358 558 1
358 558 1
358 558 1
358 558 1
258 558 1
258 558 1
357 557 1
357 557 1
357 557 1
357 557 1
356 556 1
356 556 1
356 556 1
356 556 1
356 556 1
356 556 1
355 555 1
355 555 1
355 555 1
355 555 1
355 555 1
355 555 1
355 555 1
353 553 1
353 553 1
353 553 1
353 553 1
353 553 1
353 553 1
353 553 1
353 553 1
352 552 1
352 552 1
352 552 1
352 552 1
352 552 1
352 552 1
352 552 1
352 552 1
352 552 1
252 552 1
252 552 1
252 552 1
252 552 1
252 552 1
252 552 1
351 551 1
351 551 1
351 551 1
350 550 1
350 550 1
350 550 1
349 549 1
349 549 1
349 549 1
347 547 1
347 547 1
347 547 1
347 547 1
347 547 1
346 546 1
346 546 1
346 546 1
346 546 1
246 546 1
246 546 1
246 546 1
345 545 1
345 545 1
345 545 1
345 545 1
344 544 1
344 544 1
344 544 1
344 544 1
343 543 1
343 543 1
343 543 1
343 543 1
343 543 1
343 543 1
341 541 1
341 541 1
341 541 1
340 540 1
340 540 1
340 540 1
240 540 1
240 540 1
240 540 1
240 540 1
240 540 1
240 540 1
339 539 1
339 539 1
339 539 1
339 539 1
338 538 1
338 538 1
338 538 1
338 538 1
338 538 1
338 538 1
338 538 1
337 537 1
337 537 1
337 537 1
337 537 1
335 535 1
335 535 1
335 535 1
335 535 1
335 535 1
335 535 1
335 535 1
334 534 1
334 534 1
334 534 1
334 534 1
234 534 1
234 534 1
333 533 1
333 533 1
333 533 1
333 533 1
333 533 1
333 533 1
333 533 1
333 533 1
333 533 1
333 533 1
333 533 1
332 532 1
332 532 1
332 532 1
332 532 1
332 532 1
332 532 1
332 532 1
332 532 1
331 531 1
331 531 1
331 531 1
331 531 1
331 531 1
329 529 1
329 529 1
329 529 1
329 529 1
329 529 1
328 528 1
328 528 1
328 528 1
328 528 1
328 528 1
228 528 1
228 528 1
228 528 1
228 528 1
228 528 1
327 527 1
327 527 1
327 527 1
327 527 1
326 526 1
326 526 1
326 526 1
326 526 1
326 526 1
325 525 1
325 525 1
325 525 1
325 525 1
325 525 1
323 523 1
323 523 1
323 523 1
323 523 1
323 523 1
323 523 1
323 523 1
323 523 1
322 522 1
322 522 1
322 522 1
322 522 1
322 522 1
322 522 1
322 522 1
222 522 1
222 522 1
222 522 1
321 521 1
321 521 1
321 521 1
321 521 1
321 521 1
321 521 1
321 521 1
320 520 1
320 520 1
320 520 1
320 520 1
319 519 1
319 519 1
319 519 1
319 519 1
319 519 1
319 519 1
317 517 1
317 517 1
317 517 1
317 517 1
317 517 1
317 517 1
317 517 1
317 517 1
316 516 1
316 516 1
316 516 1
316 516 1
316 516 1
316 516 1
316 516 1
316 516 1
216 516 1
216 516 1
216 516 1
216 516 1
216 516 1
315 515 1
315 515 1
315 515 1
315 515 1
315 515 1
315 515 1
314 514 1
314 514 1
313 513 1
313 513 1
313 513 1
311 511 1
311 511 1
311 511 1
310 510 1
210 510 1
210 510 1
210 510 1
210 510 1
210 510 1
210 510 1
210 510 1
210 510 1
309 509 1
309 509 1
309 509 1
309 509 1
308 508 1
308 508 1
308 508 1
307 507 1
307 507 1
307 507 1
307 507 1
305 505 1
305 505 1
305 505 1
305 505 1
305 505 1
305 505 1
305 505 1
304 504 1
304 504 1
304 504 1
204 504 1
204 504 1
204 504 1
204 504 1
204 504 1
204 504 1
204 504 1
204 504 1
204 504 1
204 504 1
204 504 1
303 503 1
303 503 1
303 503 1
303 503 1
303 503 1
303 503 1
302 502 1
302 502 1
302 502 1
302 502 1
301 501 1
301 501 1
301 501 1
301 501 1
301 501 1
299 499 1
299 499 1
299 499 1
299 499 1
299 499 1
299 499 1
299 499 1
298 498 1
298 498 1
298 498 1
198 498 1
198 498 1
198 498 1
198 498 1
198 498 1
198 498 1
297 497 1
297 497 1
296 496 1
296 496 1
296 496 1
296 496 1
296 496 1
296 496 1
295 495 1
295 495 1
295 495 1
295 495 1
295 495 1
293 493 1
293 493 1
293 493 1
293 493 1
293 493 1
293 493 1
292 492 1
292 492 1
292 492 1
292 492 1
292 492 1
292 492 1
292 492 1
192 492 1
192 492 1
192 492 1
192 492 1
192 492 1
192 492 1
192 492 1
192 492 1
192 492 1
192 492 1
291 491 1
291 491 1
290 490 1
290 490 1
290 490 1
290 490 1
290 490 1
290 490 1
290 490 1
289 489 1
289 489 1
287 487 1
287 487 1
287 487 1
287 487 1
287 487 1
287 487 1
186 486 1
186 486 1
285 485 1
285 485 1
285 485 1
285 485 1
285 485 1
285 485 1
284 484 1
284 484 1
284 484 1
283 483 1
283 483 1
283 483 1
283 483 1
281 481 1
281 481 1
281 481 1
281 481 1
281 481 1
281 481 1
280 480 1
280 480 1
280 480 1
280 480 1
280 480 1
280 480 1
280 480 1
180 480 1
180 480 1
180 480 1
180 480 1
180 480 1
180 480 1
279 479 1
279 479 1
279 479 1
279 479 1
279 479 1
279 479 1
278 478 1
278 478 1
278 478 1
278 478 1
278 478 1
278 478 1
278 478 1
278 478 1
278 478 1
277 477 1
277 477 1
277 477 1
277 477 1
277 477 1
277 477 1
275 475 1
275 475 1
275 475 1
275 475 1
275 475 1
275 475 1
275 475 1
275 475 1
274 474 1
274 474 1
174 474 1
174 474 1
174 474 1
174 474 1
273 473 1
273 473 1
273 473 1
273 473 1
273 473 1
272 472 1
272 472 1
272 472 1
272 472 1
272 472 1
272 472 1
272 472 1
272 472 1
272 472 1
272 472 1
271 471 1
271 471 1
269 469 1
269 469 1
269 469 1
269 469 1
269 469 1
269 469 1
269 469 1
268 468 1
268 468 1
268 468 1
268 468 1
168 468 1
168 468 1
168 468 1
168 468 1
168 468 1
267 467 1
267 467 1
267 467 1
267 467 1
267 467 1
267 467 1
267 467 1
267 467 1
267 467 1
267 467 1
266 466 1
266 466 1
266 466 1
266 466 1
266 466 1
265 465 1
263 463 1
263 463 1
263 463 1
263 463 1
263 463 1
263 463 1
263 463 1
263 463 1
262 462 1
262 462 1
262 462 1
262 462 1
262 462 1
262 462 1
162 462 1
162 462 1
162 462 1
162 462 1
162 462 1
162 462 1
162 462 1
162 462 1
162 462 1
162 462 1
261 461 1
261 461 1
261 461 1
261 461 1
261 461 1
261 461 1
261 461 1
261 461 1
261 461 1
261 461 1
260 460 1
260 460 1
260 460 1
260 460 1
260 460 1
260 460 1
259 459 1
259 459 1
259 459 1
259 459 1
259 459 1
257 457 1
257 457 1
256 456 1
256 456 1
256 456 1
256 456 1
156 456 1
156 456 1
156 456 1
255 455 1
255 455 1
255 455 1
255 455 1
255 455 1
255 455 1
254 454 1
254 454 1
254 454 1
254 454 1
253 453 1
253 453 1
253 453 1
253 453 1
253 453 1
251 451 1
251 451 1
251 451 1
251 451 1
251 451 1
251 451 1
251 451 1
251 451 1
251 451 1
251 451 1
250 450 1
250 450 1
250 450 1
150 450 1
150 450 1
150 450 1
150 450 1
150 450 1
150 450 1
150 450 1
150 450 1
249 449 1
249 449 1
249 449 1
249 449 1
249 449 1
249 449 1
248 448 1
248 448 1
248 448 1
248 448 1
248 448 1
248 448 1
248 448 1
248 448 1
247 447 1
247 447 1
247 447 1
247 447 1
245 445 1
245 445 1
245 445 1
245 445 1
245 445 1
245 445 1
244 444 1
244 444 1
244 444 1
244 444 1
244 444 1
244 444 1
244 444 1
144 444 1
144 444 1
144 444 1
243 443 1
243 443 1
243 443 1
243 443 1
243 443 1
242 442 1
242 442 1
242 442 1
241 441 1
241 441 1
241 441 1
241 441 1
241 441 1
239 439 1
239 439 1
238 438 1
238 438 1
238 438 1
238 438 1
138 438 1
138 438 1
138 438 1
138 438 1
138 438 1
237 437 1
237 437 1
237 437 1
237 437 1
237 437 1
237 437 1
237 437 1
237 437 1
237 437 1
237 437 1
236 436 1
236 436 1
236 436 1
235 435 1
235 435 1
235 435 1
235 435 1
235 435 1
235 435 1
233 433 1
233 433 1
233 433 1
233 433 1
233 433 1
233 433 1
232 432 1
232 432 1
232 432 1
232 432 1
232 432 1
132 432 1
231 431 1
231 431 1
231 431 1
231 431 1
230 430 1
230 430 1
230 430 1
229 429 1
229 429 1
229 429 1
229 429 1
229 429 1
229 429 1
229 429 1
227 427 1
227 427 1
227 427 1
226 426 1
226 426 1
226 426 1
226 426 1
226 426 1
226 426 1
226 426 1
226 426 1
126 426 1
126 426 1
126 426 1
126 426 1
225 425 1
225 425 1
225 425 1
225 425 1
224 424 1
224 424 1
224 424 1
224 424 1
224 424 1
224 424 1
224 424 1
224 424 1
224 424 1
224 424 1
224 424 1
223 423 1
223 423 1
223 423 1
223 423 1
223 423 1
223 423 1
223 423 1
221 421 1
221 421 1
221 421 1
221 421 1
221 421 1
221 421 1
221 421 1
220 420 1
220 420 1
220 420 1
220 420 1
120 420 1
120 420 1
120 420 1
120 420 1
120 420 1
219 419 1
219 419 1
219 419 1
219 419 1
218 418 1
218 418 1
218 418 1
217 417 1
217 417 1
217 417 1
217 417 1
217 417 1
215 415 1
215 415 1
215 415 1
215 415 1
215 415 1
215 415 1
215 415 1
215 415 1
215 415 1
214 414 1
214 414 1
214 414 1
114 414 1
114 414 1
114 414 1
114 414 1
114 414 1
114 414 1
114 414 1
213 413 1
213 413 1
212 412 1
212 412 1
212 412 1
212 412 1
212 412 1
212 412 1
212 412 1
211 411 1
211 411 1
211 411 1
209 409 1
209 409 1
209 409 1
208 408 1
208 408 1
208 408 1
208 408 1
208 408 1
208 408 1
208 408 1
108 408 1
108 408 1
108 408 1
108 408 1
108 408 1
108 408 1
207 407 1
207 407 1
207 407 1
207 407 1
207 407 1
207 407 1
207 407 1
207 407 1
206 406 1
206 406 1
206 406 1
205 405 1
205 405 1
205 405 1
205 405 1
205 405 1
205 405 1
203 403 1
202 402 1
202 402 1
202 402 1
102 402 1
102 402 1
201 401 1
201 401 1
201 401 1
200 400 1
200 400 1
200 400 1
200 400 1
199 399 1
199 399 1
199 399 1
199 399 1
199 399 1
199 399 1
199 399 1
199 399 1
197 397 1
197 397 1
197 397 1
197 397 1
197 397 1
197 397 1
196 396 1
196 396 1
96 396 1
96 396 1
96 396 1
96 396 1
96 396 1
96 396 1
96 396 1
96 396 1
195 395 1
195 395 1
195 395 1
195 395 1
195 395 1
195 395 1
195 395 1
195 395 1
195 395 1
195 395 1
194 394 1
194 394 1
194 394 1
194 394 1
194 394 1
194 394 1
194 394 1
193 393 1
193 393 1
193 393 1
193 393 1
193 393 1
191 391 1
191 391 1
191 391 1
191 391 1
191 391 1
191 391 1
190 390 1
190 390 1
190 390 1
90 390 1
90 390 1
90 390 1
90 390 1
189 389 1
189 389 1
188 388 1
188 388 1
188 388 1
187 387 1
187 387 1
187 387 1
185 385 1
184 384 1
184 384 1
184 384 1
184 384 1
184 384 1
184 384 1
184 384 1
184 384 1
84 384 1
84 384 1
84 384 1
84 384 1
84 384 1
84 384 1
183 383 1
183 383 1
183 383 1
183 383 1
183 383 1
183 383 1
183 383 1
183 383 1
182 382 1
182 382 1
182 382 1
182 382 1
181 381 1
181 381 1
181 381 1
181 381 1
181 381 1
179 379 1
179 379 1
178 378 1
178 378 1
178 378 1
178 378 1
178 378 1
178 378 1
78 378 1
78 378 1
78 378 1
78 378 1
177 377 1
177 377 1
177 377 1
177 377 1
177 377 1
177 377 1
177 377 1
177 377 1
177 377 1
177 377 1
177 377 1
177 377 1
177 377 1
177 377 1
176 376 1
176 376 1
175 375 1
175 375 1
175 375 1
175 375 1
175 375 1
175 375 1
172 372 1
172 372 1
172 372 1
172 372 1
72 372 1
72 372 1
171 371 1
171 371 1
171 371 1
171 371 1
170 370 1
170 370 1
170 370 1
170 370 1
170 370 1
170 370 1
169 369 1
169 369 1
169 369 1
169 369 1
169 369 1
167 367 1
167 367 1
167 367 1
167 367 1
167 367 1
166 366 1
166 366 1
166 366 1
166 366 1
166 366 1
166 366 1
66 366 1
66 366 1
66 366 1
66 366 1
66 366 1
66 366 1
66 366 1
165 365 1
165 365 1
165 365 1
164 364 1
164 364 1
163 363 1
163 363 1
163 363 1
163 363 1
161 361 1
161 361 1
161 361 1
161 361 1
161 361 1
160 360 1
160 360 1
160 360 1
160 360 1
160 360 1
160 360 1
160 360 1
60 360 1
60 360 1
60 360 1
60 360 1
159 359 1
159 359 1
159 359 1
158 358 1
158 358 1
158 358 1
158 358 1
158 358 1
158 358 1
158 358 1
157 357 1
155 355 1
155 355 1
155 355 1
155 355 1
155 355 1
154 354 1
154 354 1
154 354 1
54 354 1
54 354 1
54 354 1
54 354 1
54 354 1
153 353 1
153 353 1
153 353 1
153 353 1
153 353 1
153 353 1
152 352 1
152 352 1
152 352 1
152 352 1
152 352 1
151 351 1
151 351 1
151 351 1
151 351 1
151 351 1
151 351 1
149 349 1
149 349 1
149 349 1
149 349 1
149 349 1
148 348 1
148 348 1
148 348 1
148 348 1
148 348 1
148 348 1
148 348 1
48 348 1
48 348 1
48 348 1
147 347 1
147 347 1
147 347 1
147 347 1
146 346 1
146 346 1
146 346 1
146 346 1
146 346 1
145 345 1
145 345 1
143 343 1
143 343 1
143 343 1
143 343 1
142 342 1
142 342 1
142 342 1
42 342 1
42 342 1
42 342 1
42 342 1
42 342 1
141 341 1
141 341 1
141 341 1
141 341 1
141 341 1
141 341 1
141 341 1
140 340 1
140 340 1
139 339 1
139 339 1
139 339 1
139 339 1
139 339 1
139 339 1
139 339 1
137 337 1
137 337 1
137 337 1
137 337 1
137 337 1
137 337 1
136 336 1
136 336 1
136 336 1
136 336 1
136 336 1
136 336 1
36 336 1
36 336 1
36 336 1
36 336 1
36 336 1
36 336 1
36 336 1
36 336 1
36 336 1
36 336 1
135 335 1
135 335 1
135 335 1
135 335 1
135 335 1
135 335 1
134 334 1
134 334 1
134 334 1
134 334 1
134 334 1
134 334 1
133 333 1
133 333 1
133 333 1
133 333 1
131 331 1
131 331 1
131 331 1
131 331 1
131 331 1
130 330 1
130 330 1
130 330 1
130 330 1
30 330 1
30 330 1
30 330 1
30 330 1
30 330 1
30 330 1
30 330 1
30 330 1
30 330 1
129 329 1
129 329 1
129 329 1
128 328 1
128 328 1
128 328 1
128 328 1
128 328 1
127 327 1
127 327 1
127 327 1
127 327 1
125 325 1
125 325 1
125 325 1
124 324 1
124 324 1
124 324 1
124 324 1
24 324 1
24 324 1
24 324 1
24 324 1
24 324 1
24 324 1
24 324 1
24 324 1
24 324 1
123 323 1
123 323 1
123 323 1
122 322 1
122 322 1
122 322 1
121 321 1
121 321 1
121 321 1
121 321 1
121 321 1
121 321 1
121 321 1
119 319 1
119 319 1
119 319 1
119 319 1
119 319 1
118 318 1
118 318 1
118 318 1
18 318 1
18 318 1
18 318 1
18 318 1
117 317 1
117 317 1
117 317 1
117 317 1
116 316 1
116 316 1
116 316 1
116 316 1
115 315 1
115 315 1
115 315 1
115 315 1
113 313 1
112 312 1
112 312 1
112 312 1
112 312 1
112 312 1
112 312 1
12 312 1
12 312 1
12 312 1
12 312 1
12 312 1
111 311 1
110 310 1
110 310 1
110 310 1
110 310 1
110 310 1
110 310 1
110 310 1
110 310 1
109 309 1
109 309 1
109 309 1
109 309 1
109 309 1
109 309 1
109 309 1
107 307 1
107 307 1
107 307 1
107 307 1
107 307 1
106 306 1
106 306 1
106 306 1
6 306 1
6 306 1
6 306 1
6 306 1
105 305 1
105 305 1
105 305 1
105 305 1
105 305 1
104 304 1
104 304 1
104 304 1
103 303 1
103 303 1
101 301 1
101 301 1
100 300 1
100 300 1
100 300 1
100 300 1
99 299 1
99 299 1
98 298 1
98 298 1
98 298 1
98 298 1
98 298 1
98 298 1
97 297 1
97 297 1
97 297 1
95 295 1
95 295 1
95 295 1
95 295 1
95 295 1
95 295 1
95 295 1
95 295 1
95 295 1
94 294 1
94 294 1
94 294 1
94 294 1
94 294 1
94 294 1
94 294 1
94 294 1
94 294 1
93 293 1
93 293 1
93 293 1
93 293 1
93 293 1
93 293 1
93 293 1
92 292 1
92 292 1
91 291 1
91 291 1
91 291 1
91 291 1
91 291 1
91 291 1
89 289 1
89 289 1
89 289 1
89 289 1
89 289 1
89 289 1
88 288 1
88 288 1
88 288 1
88 288 1
88 288 1
88 288 1
87 287 1
87 287 1
87 287 1
87 287 1
86 286 1
86 286 1
83 283 1
82 282 1
82 282 1
82 282 1
82 282 1
82 282 1
82 282 1
82 282 1
82 282 1
81 281 1
81 281 1
81 281 1
80 280 1
80 280 1
80 280 1
80 280 1
79 279 1
79 279 1
79 279 1
79 279 1
79 279 1
79 279 1
77 277 1
77 277 1
77 277 1
77 277 1
76 276 1
76 276 1
76 276 1
76 276 1
76 276 1
76 276 1
76 276 1
75 275 1
75 275 1
75 275 1
75 275 1
75 275 1
74 274 1
74 274 1
73 273 1
73 273 1
73 273 1
73 273 1
73 273 1
73 273 1
73 273 1
73 273 1
71 271 1
70 270 1
70 270 1
70 270 1
70 270 1
70 270 1
70 270 1
70 270 1
70 270 1
70 270 1
69 269 1
69 269 1
69 269 1
69 269 1
69 269 1
69 269 1
69 269 1
68 268 1
68 268 1
68 268 1
68 268 1
68 268 1
68 268 1
67 267 1
67 267 1
67 267 1
67 267 1
67 267 1
67 267 1
65 265 1
65 265 1
64 264 1
64 264 1
64 264 1
63 263 1
63 263 1
63 263 1
62 262 1
62 262 1
62 262 1
62 262 1
62 262 1
62 262 1
61 261 1
61 261 1
61 261 1
61 261 1
61 261 1
59 259 1
59 259 1
59 259 1
59 259 1
58 258 1
58 258 1
58 258 1
58 258 1
58 258 1
57 257 1
57 257 1
57 257 1
56 256 1
56 256 1
56 256 1
56 256 1
56 256 1
56 256 1
56 256 1
56 256 1
56 256 1
55 255 1
55 255 1
55 255 1
55 255 1
55 255 1
55 255 1
55 255 1
55 255 1
55 255 1
55 255 1
55 255 1
55 255 1
55 255 1
53 253 1
53 253 1
53 253 1
53 253 1
52 252 1
52 252 1
52 252 1
52 252 1
52 252 1
52 252 1
51 251 1
51 251 1
51 251 1
50 250 1
50 250 1
50 250 1
50 250 1
50 250 1
49 249 1
49 249 1
49 249 1
49 249 1
49 249 1
49 249 1
47 247 1
47 247 1
47 247 1
47 247 1
47 247 1
47 247 1
47 247 1
47 247 1
47 247 1
46 246 1
46 246 1
46 246 1
46 246 1
46 246 1
46 246 1
45 245 1
45 245 1
45 245 1
44 244 1
44 244 1
44 244 1
43 243 1
43 243 1
43 243 1
43 243 1
43 243 1
43 243 1
41 241 1
41 241 1
41 241 1
41 241 1
41 241 1
41 241 1
41 241 1
40 240 1
40 240 1
40 240 1
40 240 1
40 240 1
39 239 1
39 239 1
39 239 1
39 239 1
39 239 1
39 239 1
39 239 1
38 238 1
38 238 1
38 238 1
38 238 1
38 238 1
38 238 1
38 238 1
38 238 1
38 238 1
37 237 1
37 237 1
37 237 1
35 235 1
35 235 1
35 235 1
35 235 1
35 235 1
35 235 1
35 235 1
35 235 1
34 234 1
34 234 1
34 234 1
34 234 1
34 234 1
34 234 1
33 233 1
33 233 1
33 233 1
33 233 1
33 233 1
33 233 1
33 233 1
32 232 1
32 232 1
32 232 1
32 232 1
32 232 1
31 231 1
31 231 1
31 231 1
29 229 1
28 228 1
28 228 1
28 228 1
28 228 1
28 228 1
27 227 1
27 227 1
27 227 1
27 227 1
26 226 1
26 226 1
26 226 1
26 226 1
25 225 1
25 225 1
25 225 1
25 225 1
25 225 1
25 225 1
25 225 1
23 223 1
23 223 1
23 223 1
23 223 1
22 222 1
22 222 1
22 222 1
22 222 1
22 222 1
22 222 1
22 222 1
21 221 1
21 221 1
20 220 1
20 220 1
20 220 1
20 220 1
20 220 1
19 219 1
19 219 1
19 219 1
19 219 1
17 217 1
17 217 1
17 217 1
17 217 1
17 217 1
17 217 1
17 217 1
17 217 1
17 217 1
16 216 1
16 216 1
16 216 1
15 215 1
15 215 1
15 215 1
15 215 1
15 215 1
15 215 1
15 215 1
14 214 1
14 214 1
14 214 1
14 214 1
14 214 1
13 213 1
13 213 1
13 213 1
13 213 1
13 213 1
13 213 1
11 211 1
11 211 1
11 211 1
11 211 1
11 211 1
11 211 1
11 211 1
11 211 1
10 210 1
10 210 1
10 210 1
10 210 1
10 210 1
10 210 1
10 210 1
9 209 1
9 209 1
9 209 1
8 208 1
8 208 1
8 208 1
8 208 1
8 208 1
7 207 1
7 207 1
7 207 1
7 207 1
7 207 1
7 207 1
7 207 1
7 207 1
5 205 1
5 205 1
5 205 1
5 205 1
5 205 1
5 205 1
5 205 1
4 204 1
4 204 1
3 203 1
3 203 1
3 203 1
3 203 1
3 203 1
2 202 1
2 202 1
2 202 1
2 202 1
2 202 1
1 201 1
1 201 1
1 201 1
1 201 1
