500 311467
1068 1188 1
1068 1188 1
890 990 1
356 396 1
285 385 1
57 77 1
342 462 1
57 77 1
57 77 1
712 792 1
534 594 1
228 308 1
57 77 1
513 693 1
57 77 1
342 462 1
356 396 1
1602 1782 1
399 539 1
399 539 1
890 990 1
570 770 1
57 77 1
57 77 1
356 396 1
712 792 1
1602 1782 1
534 594 1
570 770 1
114 154 1
712 792 1
456 616 1
399 539 1
513 693 1
1780 1980 1
1780 1980 1
171 231 1
356 396 1
1602 1782 1
1780 1980 1
178 198 1
356 396 1
356 396 1
342 462 1
1602 1782 1
1246 1386 1
1068 1188 1
285 385 1
178 198 1
356 396 1
399 539 1
1780 1980 1
534 594 1
534 594 1
890 990 1
513 693 1
1780 1980 1
513 693 1
513 693 1
356 396 1
171 231 1
513 693 1
57 77 1
228 308 1
1602 1782 1
57 77 1
1068 1188 1
513 693 1
57 77 1
285 385 1
171 231 1
1424 1584 1
342 462 0.843246
1068 1188 1
171 231 1
356 396 1
342 462 1
228 308 1
171 231 1
1602 1782 1
1068 1188 1
114 154 1
399 539 1
171 231 1
171 231 1
228 308 1
228 308 1
1780 1980 1
228 308 1
178 198 1
114 154 1
513 693 1
285 385 1
570 770 1
285 385 1
356 396 1
1780 1980 1
114 154 0.921189
712 792 1
456 616 1
1068 1188 1
178 198 1
356 396 1
1602 1782 1
1780 1980 1
570 770 1
228 308 1
178 198 1
228 308 1
171 231 1
356 396 1
1246 1386 1
228 308 1
178 198 1
1246 1386 1
570 770 1
890 990 1
1424 1584 1
1602 1782 1
114 154 1
1246 1386 1
171 231 1
342 462 1
513 693 1
534 594 0.741981
570 770 1
570 770 1
534 594 1
285 385 1
890 990 1
356 396 1
456 616 1
171 231 1
356 396 1
171 231 1
712 792 0.830426
712 792 1
1246 1386 1
57 77 1
171 231 1
456 616 1
570 770 1
285 385 1
513 693 1
342 462 1
513 693 1
171 231 1
1424 1584 1
1424 1584 1
534 594 1
285 385 1
570 770 1
342 462 1
399 539 1
890 990 1
1424 1584 1
114 154 1
228 308 1
399 539 1
342 462 1
342 462 1
356 396 1
171 231 1
890 990 1
1068 1188 1
1246 1386 1
57 77 1
356 396 0.809917
456 616 1
342 462 1
1602 1782 1
228 308 1
570 770 1
1424 1584 0.715107
57 77 1
228 308 1
1424 1584 1
513 693 1
342 462 1
534 594 1
1780 1980 1
228 308 1
178 198 1
1068 1188 0.825527
570 770 1
513 693 1
1602 1782 1
114 154 1
356 396 1
356 396 1
57 77 1
456 616 1
534 594 1
57 77 1
1246 1386 1
712 792 1
1068 1188 1
171 231 1
1424 1584 1
1246 1386 1
1780 1980 1
1780 1980 1
1246 1386 1
570 770 0.832253
1068 1188 1
1068 1188 1
178 198 1
178 198 1
178 198 1
890 990 1
570 770 1
534 594 1
356 396 1
114 154 1
1780 1980 1
456 616 1
712 792 1
114 154 0.75693
342 462 1
399 539 1
285 385 1
1602 1782 1
570 770 1
456 616 1
712 792 1
1246 1386 1
1780 1980 1
513 693 1
1246 1386 0.963913
342 462 1
1424 1584 1
712 792 1
534 594 1
171 231 0.79688
534 594 1
534 594 1
342 462 1
356 396 1
1246 1386 1
1246 1386 0.82203
399 539 1
513 693 1
570 770 1
342 462 1
342 462 1
114 154 1
1602 1782 1
1246 1386 1
534 594 1
228 308 1
356 396 1
890 990 0.63291
57 77 1
114 154 1
228 308 1
356 396 1
171 231 1
890 990 1
534 594 1
356 396 1
285 385 1
1602 1782 1
513 693 1
1246 1386 1
534 594 1
712 792 1
513 693 1
1246 1386 1
712 792 1
890 990 1
1602 1782 1
1602 1782 1
285 385 1
1780 1980 1
399 539 1
228 308 1
171 231 1
285 385 1
178 198 1
570 770 1
342 462 1
57 77 1
342 462 1
1246 1386 1
1068 1188 1
890 990 1
356 396 0.970055
178 198 1
57 77 1
570 770 1
178 198 1
285 385 1
1246 1386 1
57 77 0.943197
1068 1188 1
342 462 1
513 693 1
570 770 1
114 154 1
712 792 1
456 616 1
114 154 1
1780 1980 1
1424 1584 1
399 539 1
285 385 1
1602 1782 1
1780 1980 1
890 990 1
534 594 1
534 594 1
1246 1386 1
1068 1188 1
570 770 1
1602 1782 1
57 77 1
342 462 1
890 990 1
228 308 1
114 154 1
114 154 1
1602 1782 1
57 77 1
1246 1386 1
399 539 1
570 770 1
456 616 1
1068 1188 1
228 308 1
1246 1386 1
171 231 0.690092
178 198 1
228 308 1
513 693 1
399 539 1
228 308 1
228 308 1
712 792 1
513 693 1
171 231 1
356 396 1
178 198 1
712 792 1
513 693 1
114 154 1
178 198 1
399 539 1
890 990 1
57 77 1
513 693 1
1602 1782 0.941578
570 770 1
114 154 1
890 990 1
285 385 1
1424 1584 1
456 616 1
178 198 1
178 198 1
114 154 1
171 231 1
1246 1386 1
178 198 1
712 792 1
712 792 1
171 231 1
228 308 1
356 396 1
399 539 0.632636
356 396 1
456 616 1
178 198 1
114 154 1
1780 1980 1
1068 1188 1
1602 1782 1
57 77 1
570 770 1
342 462 1
890 990 1
890 990 1
57 77 1
399 539 1
1780 1980 1
342 462 1
171 231 0.716245
399 539 1
1780 1980 1
114 154 1
890 990 1
1246 1386 1
356 396 1
57 77 1
712 792 1
342 462 1
399 539 1
228 308 1
178 198 1
178 198 1
399 539 1
534 594 1
342 462 1
114 154 1
1246 1386 1
178 198 1
1068 1188 1
342 462 1
1068 1188 1
1602 1782 1
1602 1782 1
342 462 1
285 385 1
342 462 1
228 308 0.890892
1068 1188 1
1424 1584 1
890 990 1
712 792 1
1424 1584 1
1246 1386 1
1246 1386 1
1068 1188 1
513 693 1
228 308 1
285 385 1
1424 1584 1
456 616 1
171 231 1
342 462 1
285 385 1
178 198 1
178 198 1
57 77 1
534 594 1
171 231 1
570 770 1
285 385 1
399 539 0.790017
456 616 1
513 693 1
1602 1782 1
534 594 1
178 198 1
114 154 1
1424 1584 1
171 231 1
399 539 1
534 594 1
570 770 1
171 231 1
1602 1782 1
178 198 1
513 693 1
285 385 1
228 308 1
1068 1188 1
228 308 1
570 770 1
1780 1980 1
342 462 1
1068 1188 1
1068 1188 1
456 616 1
1780 1980 1
1068 1188 1
57 77 0.921957
1424 1584 1
114 154 1
456 616 1
1780 1980 0.915282
570 770 1
890 990 1
1602 1782 1
1780 1980 1
1246 1386 1
285 385 1
285 385 1
342 462 1
570 770 1
712 792 1
178 198 1
712 792 1
513 693 1
285 385 1
1780 1980 1
534 594 1
513 693 1
342 462 1
890 990 1
1602 1782 1
1602 1782 1
456 616 1
570 770 1
399 539 1
1068 1188 1
1602 1782 1
1246 1386 1
456 616 1
114 154 1
456 616 1
