5000 1468656
779 1056 0.019886
147 501 0.041916
755 1043 0.020134
479 865 0.024277
151 508 0.041339
323 726 0.028926
654 986 0.021298
113 441 0.047619
246 640 0.032813
547 916 0.022926
157 517 0.040619
43 274 0.076642
772 1052 0.019962
312 715 0.029371
800 1066 0.0197
271 670 0.031343
12 145 0.144828
80 373 0.0563
754 1042 0.020154
135 481 0.043659
235 627 0.033493
376 778 0.026992
979 1146 0.018325
680 1001 0.020979
919 1121 0.018733
685 1004 0.020916
120 454 0.046256
357 760 0.027632
766 1049 0.020019
624 967 0.021717
798 1065 0.019718
70 349 0.060172
750 1040 0.020192
750 1040 0.020192
285 685 0.030657
180 552 0.038043
579 938 0.022388
447 840 0.025
356 759 0.027668
904 1115 0.018834
85 384 0.054688
26 214 0.098131
393 793 0.026482
170 537 0.039106
296 698 0.030086
103 422 0.049763
13 151 0.139073
382 783 0.02682
838 1085 0.019355
10 133 0.157895
535 907 0.023153
362 765 0.027451
673 997 0.021063
754 1042 0.020154
182 555 0.037838
440 834 0.02518
470 858 0.024476
486 871 0.02411
262 659 0.031866
659 989 0.021234
308 710 0.029577
732 1031 0.020369
270 669 0.03139
479 865 0.024277
856 1093 0.019213
288 689 0.030479
297 699 0.030043
600 952 0.022059
481 867 0.024221
984 1148 0.018293
713 1020 0.020588
510 889 0.023622
799 1066 0.0197
705 1016 0.020669
871 1100 0.019091
309 711 0.029536
248 643 0.032659
995 1152 0.018229
319 722 0.029086
374 776 0.027062
487 871 0.02411
835 1083 0.019391
613 960 0.021875
638 976 0.021516
200 581 0.036145
486 871 0.02411
652 984 0.021341
184 558 0.037634
559 924 0.022727
68 344 0.061047
961 1139 0.018437
213 598 0.035117
545 914 0.022976
610 958 0.021921
540 911 0.023052
608 957 0.021944
163 527 0.039848
646 981 0.021407
535 907 0.023153
431 826 0.025424
998 1153 0.018213
609 958 0.021921
408 807 0.026022
741 1036 0.02027
743 1037 0.020251
982 1147 0.018309
471 859 0.024447
209 593 0.035413
534 906 0.023179
454 845 0.024852
818 1075 0.019535
893 1110 0.018919
802 1067 0.019681
911 1118 0.018784
933 1127 0.018634
330 733 0.028649
604 954 0.022013
595 948 0.022152
718 1023 0.020528
410 808 0.02599
751 1041 0.020173
489 873 0.024055
618 963 0.021807
912 1118 0.018784
75 361 0.058172
222 610 0.034426
234 625 0.0336
673 997 0.021063
666 993 0.021148
850 1090 0.019266
764 1048 0.020038
69 347 0.060519
599 951 0.022082
993 1151 0.018245
882 1105 0.019005
645 980 0.021429
95 406 0.051724
782 1057 0.019868
601 952 0.022059
642 978 0.021472
812 1072 0.01959
455 846 0.024823
596 949 0.022129
392 792 0.026515
588 944 0.022246
156 516 0.040698
915 1120 0.01875
402 801 0.026217
712 1020 0.020588
738 1034 0.020309
761 1046 0.020076
733 1031 0.020369
142 493 0.042596
846 1088 0.019301
518 895 0.023464
103 422 0.049763
485 870 0.024138
225 614 0.034202
539 910 0.023077
170 537 0.039106
705 1016 0.020669
394 794 0.026448
814 1073 0.019571
578 937 0.022412
474 861 0.02439
69 347 0.060519
416 814 0.025799
750 1040 0.020192
650 983 0.021363
140 490 0.042857
284 684 0.030702
491 875 0.024
46 284 0.073944
304 706 0.029745
852 1091 0.019248
707 1017 0.020649
340 743 0.028264
318 721 0.029126
876 1102 0.019056
432 827 0.025393
129 471 0.044586
756 1044 0.020115
345 748 0.028075
502 883 0.023783
885 1106 0.018987
46 284 0.073944
584 941 0.022317
498 880 0.023864
798 1065 0.019718
197 577 0.036395
115 445 0.047191
66 339 0.061947
820 1076 0.019517
536 908 0.023128
248 643 0.032659
866 1098 0.019126
921 1122 0.018717
187 562 0.037367
899 1113 0.018868
924 1123 0.0187
700 1013 0.020731
851 1091 0.019248
761 1046 0.020076
777 1054 0.019924
117 449 0.046771
144 496 0.042339
520 896 0.023438
814 1073 0.019571
528 902 0.023282
813 1073 0.019571
7 111 0.189189
718 1023 0.020528
963 1140 0.018421
514 892 0.023543
397 797 0.026349
881 1105 0.019005
916 1120 0.01875
644 980 0.021429
829 1080 0.019444
120 454 0.046256
361 764 0.027487
355 758 0.027704
103 422 0.049763
88 391 0.053708
779 1056 0.019886
393 793 0.026482
60 324 0.064815
800 1066 0.0197
801 1067 0.019681
628 970 0.021649
421 818 0.025672
420 817 0.025704
35 248 0.084677
62 329 0.06383
181 554 0.037906
54 307 0.068404
932 1127 0.018634
670 995 0.021106
215 601 0.034942
968 1142 0.018389
707 1017 0.020649
5 94 0.223404
724 1026 0.020468
389 790 0.026582
174 543 0.038674
64 334 0.062874
716 1022 0.020548
649 983 0.021363
105 426 0.049296
243 636 0.033019
951 1135 0.018502
325 728 0.028846
338 741 0.02834
195 574 0.036585
683 1003 0.020937
961 1139 0.018437
942 1131 0.018568
196 575 0.036522
660 989 0.021234
80 373 0.0563
245 639 0.032864
732 1031 0.020369
680 1001 0.020979
566 929 0.022605
880 1104 0.019022
680 1001 0.020979
663 991 0.021191
683 1003 0.020937
496 878 0.023918
746 1038 0.020231
536 908 0.023128
251 646 0.032508
405 804 0.026119
302 704 0.02983
81 375 0.056
425 821 0.025579
283 683 0.030747
620 965 0.021762
377 779 0.026958
170 537 0.039106
186 561 0.037433
877 1103 0.019039
105 426 0.049296
176 546 0.038462
899 1113 0.018868
8 119 0.176471
764 1048 0.020038
459 849 0.024735
903 1114 0.018851
843 1087 0.019319
878 1103 0.019039
339 742 0.028302
471 859 0.024447
847 1089 0.019284
90 395 0.053165
103 422 0.049763
573 934 0.022484
471 859 0.024447
399 799 0.026283
773 1052 0.019962
344 747 0.028112
967 1141 0.018405
106 428 0.049065
959 1138 0.018453
675 998 0.021042
178 549 0.038251
682 1002 0.020958
451 843 0.024911
255 651 0.032258
468 857 0.024504
250 645 0.032558
103 422 0.049763
144 496 0.042339
696 1010 0.020792
955 1136 0.018486
953 1136 0.018486
371 773 0.027167
611 959 0.021898
875 1102 0.019056
147 501 0.041916
852 1091 0.019248
459 849 0.024735
606 956 0.021967
681 1002 0.020958
832 1082 0.019409
763 1047 0.020057
774 1053 0.019943
531 904 0.02323
273 672 0.03125
318 721 0.029126
384 785 0.026752
372 774 0.027132
901 1113 0.018868
99 414 0.050725
622 966 0.021739
473 861 0.02439
92 399 0.052632
87 388 0.054124
953 1136 0.018486
911 1118 0.018784
150 506 0.041502
448 840 0.025
316 719 0.029207
378 780 0.026923
594 948 0.022152
675 998 0.021042
422 819 0.025641
423 820 0.02561
161 524 0.040076
957 1137 0.01847
338 741 0.02834
357 760 0.027632
237 629 0.033386
950 1134 0.018519
940 1130 0.018584
561 925 0.022703
201 582 0.036082
279 679 0.030928
266 664 0.031627
96 408 0.051471
691 1008 0.020833
227 616 0.034091
126 465 0.045161
513 891 0.023569
179 551 0.038113
508 887 0.023675
141 491 0.04277
751 1041 0.020173
784 1058 0.019849
42 271 0.077491
777 1054 0.019924
297 699 0.030043
860 1095 0.019178
144 496 0.042339
786 1059 0.01983
755 1043 0.020134
685 1004 0.020916
389 790 0.026582
216 602 0.034884
771 1051 0.019981
995 1152 0.018229
304 706 0.029745
860 1095 0.019178
404 803 0.026152
402 801 0.026217
643 979 0.02145
500 881 0.023837
664 992 0.021169
23 201 0.104478
990 1150 0.018261
377 779 0.026958
151 508 0.041339
666 993 0.021148
877 1103 0.019039
382 783 0.02682
574 934 0.022484
740 1035 0.02029
966 1141 0.018405
751 1041 0.020173
867 1098 0.019126
920 1122 0.018717
588 944 0.022246
328 731 0.028728
770 1051 0.019981
659 989 0.021234
4 84 0.25
695 1010 0.020792
894 1110 0.018919
686 1005 0.020896
405 804 0.026119
71 352 0.059659
753 1042 0.020154
998 1153 0.018213
132 476 0.044118
664 992 0.021169
371 773 0.027167
118 451 0.046563
674 998 0.021042
445 838 0.02506
236 628 0.033439
454 845 0.024852
84 382 0.054974
502 883 0.023783
586 942 0.022293
856 1093 0.019213
694 1009 0.020813
231 622 0.033762
599 951 0.022082
303 705 0.029787
824 1078 0.019481
491 875 0.024
368 770 0.027273
171 539 0.038961
192 570 0.036842
303 705 0.029787
225 614 0.034202
494 877 0.023945
199 579 0.036269
542 912 0.023026
337 740 0.028378
883 1106 0.018987
490 874 0.024027
476 863 0.024334
517 894 0.02349
817 1075 0.019535
930 1126 0.01865
953 1136 0.018486
601 952 0.022059
506 886 0.023702
976 1145 0.018341
663 991 0.021191
521 897 0.023411
416 814 0.025799
31 233 0.090129
609 958 0.021921
996 1153 0.018213
950 1134 0.018519
620 965 0.021762
176 546 0.038462
937 1129 0.018601
765 1048 0.020038
899 1113 0.018868
612 959 0.021898
943 1131 0.018568
723 1026 0.020468
164 528 0.039773
459 849 0.024735
343 746 0.02815
644 980 0.021429
848 1089 0.019284
398 798 0.026316
955 1136 0.018486
217 604 0.034768
904 1115 0.018834
610 958 0.021921
792 1062 0.019774
149 504 0.041667
493 876 0.023973
29 226 0.09292
772 1052 0.019962
902 1114 0.018851
324 727 0.028886
103 422 0.049763
108 432 0.048611
677 999 0.021021
361 764 0.027487
873 1101 0.019074
956 1137 0.01847
634 973 0.021583
343 746 0.02815
16 168 0.125
55 310 0.067742
571 932 0.022532
980 1146 0.018325
719 1023 0.020528
967 1141 0.018405
61 326 0.064417
862 1096 0.019161
806 1069 0.019645
121 456 0.046053
119 453 0.046358
333 736 0.028533
357 760 0.027632
431 826 0.025424
241 634 0.033123
650 983 0.021363
521 897 0.023411
162 525 0.04
342 745 0.028188
491 875 0.024
299 701 0.029957
85 384 0.054688
700 1013 0.020731
900 1113 0.018868
785 1059 0.01983
216 602 0.034884
842 1087 0.019319
172 540 0.038889
572 933 0.022508
642 978 0.021472
254 650 0.032308
994 1152 0.018229
264 662 0.031722
641 978 0.021472
292 693 0.030303
899 1113 0.018868
176 546 0.038462
566 929 0.022605
217 604 0.034768
800 1066 0.0197
601 952 0.022059
556 922 0.022777
408 807 0.026022
117 449 0.046771
735 1032 0.020349
240 633 0.033175
80 373 0.0563
851 1091 0.019248
253 649 0.032357
562 926 0.022678
816 1074 0.019553
13 151 0.139073
785 1059 0.01983
44 278 0.07554
299 701 0.029957
518 895 0.023464
973 1144 0.018357
646 981 0.021407
796 1064 0.019737
529 903 0.023256
141 491 0.04277
934 1128 0.018617
580 938 0.022388
594 948 0.022152
216 602 0.034884
922 1123 0.0187
403 802 0.026185
625 968 0.021694
107 430 0.048837
559 924 0.022727
800 1066 0.0197
10 133 0.157895
666 993 0.021148
903 1114 0.018851
416 814 0.025799
490 874 0.024027
445 838 0.02506
303 705 0.029787
876 1102 0.019056
161 524 0.040076
763 1047 0.020057
307 709 0.029619
431 826 0.025424
629 970 0.021649
108 432 0.048611
375 777 0.027027
922 1123 0.0187
225 614 0.034202
76 364 0.057692
646 981 0.021407
148 503 0.04175
216 602 0.034884
889 1108 0.018953
326 729 0.028807
628 970 0.021649
85 384 0.054688
480 866 0.024249
662 991 0.021191
515 893 0.023516
135 481 0.043659
807 1070 0.019626
897 1112 0.018885
394 794 0.026448
552 919 0.022851
620 965 0.021762
316 719 0.029207
366 768 0.027344
978 1146 0.018325
642 978 0.021472
975 1144 0.018357
46 284 0.073944
752 1041 0.020173
762 1047 0.020057
21 192 0.109375
288 689 0.030479
959 1138 0.018453
523 899 0.023359
468 857 0.024504
923 1123 0.0187
900 1113 0.018868
991 1151 0.018245
738 1034 0.020309
633 973 0.021583
174 543 0.038674
731 1030 0.020388
654 986 0.021298
136 483 0.043478
82 377 0.055703
269 667 0.031484
510 889 0.023622
541 911 0.023052
642 978 0.021472
551 919 0.022851
554 921 0.022801
796 1064 0.019737
742 1036 0.02027
776 1054 0.019924
785 1059 0.01983
143 495 0.042424
954 1136 0.018486
307 709 0.029619
74 359 0.058496
710 1018 0.020629
520 896 0.023438
151 508 0.041339
522 898 0.023385
650 983 0.021363
423 820 0.02561
618 963 0.021807
652 984 0.021341
938 1129 0.018601
174 543 0.038674
510 889 0.023622
660 989 0.021234
236 628 0.033439
55 310 0.067742
899 1113 0.018868
385 786 0.026718
837 1084 0.019373
881 1105 0.019005
488 872 0.024083
822 1077 0.019499
76 364 0.057692
759 1045 0.020096
831 1081 0.019426
270 669 0.03139
444 837 0.02509
19 183 0.114754
7 111 0.189189
542 912 0.023026
480 866 0.024249
841 1086 0.019337
153 511 0.041096
321 724 0.029006
68 344 0.061047
280 680 0.030882
909 1117 0.0188
168 534 0.039326
584 941 0.022317
122 458 0.045852
352 755 0.027815
101 418 0.050239
762 1047 0.020057
638 976 0.021516
981 1147 0.018309
452 844 0.024882
52 302 0.069536
340 743 0.028264
62 329 0.06383
466 855 0.024561
527 901 0.023307
47 287 0.073171
659 989 0.021234
579 938 0.022388
690 1007 0.020854
497 879 0.023891
801 1067 0.019681
803 1068 0.019663
241 634 0.033123
525 900 0.023333
190 567 0.037037
837 1084 0.019373
381 782 0.026854
429 825 0.025455
472 860 0.024419
137 484 0.043388
726 1027 0.020448
303 705 0.029787
103 422 0.049763
619 964 0.021784
522 898 0.023385
15 162 0.12963
462 852 0.024648
855 1093 0.019213
767 1049 0.020019
737 1033 0.020329
408 807 0.026022
93 401 0.052369
602 953 0.022036
958 1138 0.018453
131 474 0.044304
260 657 0.031963
63 332 0.063253
990 1150 0.018261
274 673 0.031204
7 111 0.189189
451 843 0.024911
696 1010 0.020792
806 1069 0.019645
230 620 0.033871
601 952 0.022059
183 557 0.037702
444 837 0.02509
704 1015 0.02069
153 511 0.041096
681 1002 0.020958
899 1113 0.018868
710 1018 0.020629
690 1007 0.020854
401 800 0.02625
931 1126 0.01865
219 606 0.034653
709 1018 0.020629
517 894 0.02349
410 808 0.02599
380 781 0.026889
346 749 0.028037
685 1004 0.020916
869 1099 0.019108
861 1095 0.019178
413 811 0.025894
921 1122 0.018717
862 1096 0.019161
294 695 0.030216
927 1125 0.018667
211 596 0.035235
518 895 0.023464
155 514 0.040856
944 1132 0.018551
826 1079 0.019462
292 693 0.030303
586 942 0.022293
758 1045 0.020096
235 627 0.033493
367 769 0.027308
889 1108 0.018953
846 1088 0.019301
602 953 0.022036
341 744 0.028226
861 1095 0.019178
468 857 0.024504
479 865 0.024277
389 790 0.026582
800 1066 0.0197
717 1022 0.020548
214 600 0.035
744 1037 0.020251
480 866 0.024249
43 274 0.076642
39 262 0.080153
505 885 0.023729
767 1049 0.020019
198 578 0.036332
556 922 0.022777
223 611 0.03437
180 552 0.038043
961 1139 0.018437
618 963 0.021807
294 695 0.030216
351 754 0.027851
254 650 0.032308
849 1090 0.019266
343 746 0.02815
510 889 0.023622
305 707 0.029703
195 574 0.036585
968 1142 0.018389
781 1057 0.019868
623 966 0.021739
206 589 0.035654
999 1154 0.018198
69 347 0.060519
722 1025 0.020488
612 959 0.021898
754 1042 0.020154
174 543 0.038674
975 1144 0.018357
896 1111 0.018902
184 558 0.037634
620 965 0.021762
290 691 0.030391
217 604 0.034768
705 1016 0.020669
133 478 0.043933
272 671 0.031297
596 949 0.022129
955 1136 0.018486
270 669 0.03139
523 899 0.023359
679 1001 0.020979
373 775 0.027097
711 1019 0.020608
595 948 0.022152
572 933 0.022508
252 647 0.032457
748 1039 0.020212
176 546 0.038462
202 583 0.036021
834 1083 0.019391
117 449 0.046771
566 929 0.022605
971 1143 0.018373
414 812 0.025862
348 751 0.027963
359 762 0.027559
791 1062 0.019774
196 575 0.036522
63 332 0.063253
59 321 0.065421
891 1109 0.018936
259 656 0.032012
830 1081 0.019426
477 864 0.024306
659 989 0.021234
867 1098 0.019126
150 506 0.041502
959 1138 0.018453
661 990 0.021212
532 905 0.023204
7 111 0.189189
371 773 0.027167
667 994 0.021127
432 827 0.025393
294 695 0.030216
508 887 0.023675
198 578 0.036332
776 1054 0.019924
916 1120 0.01875
935 1128 0.018617
98 412 0.050971
325 728 0.028846
384 785 0.026752
29 226 0.09292
450 842 0.024941
758 1045 0.020096
454 845 0.024852
377 779 0.026958
959 1138 0.018453
959 1138 0.018453
123 460 0.045652
334 737 0.028494
920 1122 0.018717
511 890 0.023596
930 1126 0.01865
810 1071 0.019608
332 735 0.028571
826 1079 0.019462
147 501 0.041916
384 785 0.026752
449 841 0.02497
709 1018 0.020629
800 1066 0.0197
532 905 0.023204
351 754 0.027851
576 936 0.022436
376 778 0.026992
819 1076 0.019517
694 1009 0.020813
948 1133 0.018535
305 707 0.029703
756 1044 0.020115
894 1110 0.018919
976 1145 0.018341
882 1105 0.019005
428 824 0.025485
165 530 0.039623
554 921 0.022801
277 677 0.031019
509 888 0.023649
219 606 0.034653
283 683 0.030747
459 849 0.024735
609 958 0.021921
609 958 0.021921
540 911 0.023052
801 1067 0.019681
115 445 0.047191
343 746 0.02815
139 488 0.043033
542 912 0.023026
223 611 0.03437
845 1088 0.019301
853 1092 0.019231
413 811 0.025894
912 1118 0.018784
281 681 0.030837
618 963 0.021807
299 701 0.029957
669 995 0.021106
714 1021 0.020568
615 961 0.021852
403 802 0.026185
800 1066 0.0197
795 1064 0.019737
641 978 0.021472
712 1020 0.020588
690 1007 0.020854
736 1033 0.020329
354 757 0.027741
191 568 0.036972
962 1139 0.018437
403 802 0.026185
312 715 0.029371
360 763 0.027523
89 393 0.053435
82 377 0.055703
482 868 0.024194
64 334 0.062874
273 672 0.03125
327 730 0.028767
142 493 0.042596
529 903 0.023256
827 1079 0.019462
210 594 0.035354
596 949 0.022129
166 531 0.039548
80 373 0.0563
185 560 0.0375
628 970 0.021649
320 723 0.029046
251 646 0.032508
449 841 0.02497
248 643 0.032659
30 230 0.091304
731 1030 0.020388
199 579 0.036269
576 936 0.022436
800 1066 0.0197
212 597 0.035176
103 422 0.049763
121 456 0.046053
562 926 0.022678
241 634 0.033123
311 714 0.029412
522 898 0.023385
977 1145 0.018341
964 1140 0.018421
771 1051 0.019981
828 1080 0.019444
575 935 0.02246
632 972 0.021605
69 347 0.060519
824 1078 0.019481
26 214 0.098131
899 1113 0.018868
927 1125 0.018667
434 829 0.025332
66 339 0.061947
860 1095 0.019178
212 597 0.035176
502 883 0.023783
819 1076 0.019517
766 1049 0.020019
692 1008 0.020833
47 287 0.073171
345 748 0.028075
373 775 0.027097
337 740 0.028378
487 871 0.02411
187 562 0.037367
507 887 0.023675
800 1066 0.0197
252 647 0.032457
710 1018 0.020629
981 1147 0.018309
342 745 0.028188
522 898 0.023385
635 974 0.021561
609 958 0.021921
870 1100 0.019091
827 1079 0.019462
792 1062 0.019774
51 299 0.070234
377 779 0.026958
720 1024 0.020508
188 564 0.037234
504 884 0.023756
874 1101 0.019074
244 638 0.032915
644 980 0.021429
149 504 1
270 669 1
45 281 1
159 520 1
647 981 1
585 942 1
264 662 1
300 702 1
742 1036 1
478 865 1
837 1084 1
491 875 1
590 945 1
432 827 1
362 765 1
255 651 1
26 214 1
822 1077 1
107 430 1
464 853 1
774 1053 1
871 1100 1
605 955 1
181 554 1
77 366 1
217 604 1
697 1011 1
710 1018 1
724 1026 1
873 1101 1
283 683 1
741 1036 1
274 673 1
256 652 1
640 977 1
296 698 1
990 1150 1
777 1054 1
268 666 1
412 810 1
573 934 1
729 1029 1
304 706 1
711 1019 1
142 493 1
278 678 1
377 779 1
515 893 1
25 210 1
143 495 1
399 799 1
767 1049 1
625 968 1
245 639 1
917 1120 1
287 688 1
206 589 1
73 356 1
376 778 1
810 1071 1
769 1050 1
115 445 1
32 237 1
659 989 1
733 1031 1
55 310 1
333 736 1
670 995 1
587 943 1
936 1128 1
39 262 1
70 349 1
79 371 1
110 436 1
735 1032 1
591 946 1
661 990 1
618 963 1
766 1049 1
422 819 1
67 342 1
901 1113 1
675 998 1
450 842 1
452 844 1
689 1006 1
525 900 1
966 1141 1
723 1026 1
835 1083 1
17 173 1
349 752 1
852 1091 1
639 976 1
247 641 1
22 197 1
532 905 1
758 1045 1
444 837 1
500 881 1
425 821 1
554 921 1
591 946 1
506 886 1
936 1128 1
721 1025 1
141 491 1
694 1009 1
800 1066 1
196 575 1
841 1086 1
557 923 1
283 683 1
231 622 1
909 1117 1
519 896 1
806 1069 1
863 1096 1
335 738 1
292 693 1
361 764 1
802 1067 1
253 649 1
454 845 1
487 871 1
909 1117 1
523 899 1
413 811 1
664 992 1
123 460 1
856 1093 1
450 842 1
570 932 1
437 831 1
796 1064 1
468 857 1
492 875 1
68 344 1
445 838 1
933 1127 1
665 992 1
815 1074 1
865 1097 1
889 1108 1
934 1128 1
670 995 1
910 1117 1
1000 1154 1
11 139 1
475 862 1
339 742 1
619 964 1
90 395 1
381 782 1
116 447 1
612 959 1
113 441 1
966 1141 1
365 767 1
77 366 1
346 749 1
483 868 1
909 1117 1
355 758 1
850 1090 1
873 1101 1
125 463 1
672 996 1
482 868 1
264 662 1
433 828 1
555 921 1
757 1044 1
899 1113 1
250 645 1
997 1153 1
416 814 1
36 251 1
861 1095 1
536 908 1
127 467 1
631 972 1
605 955 1
812 1072 1
448 840 1
145 498 1
870 1100 1
255 651 1
406 805 1
515 893 1
938 1129 1
659 989 1
805 1069 1
770 1051 1
324 727 1
542 912 1
977 1145 1
775 1053 1
775 1053 1
779 1056 1
125 463 1
289 690 1
72 354 1
730 1030 1
40 265 1
100 416 1
935 1128 1
956 1137 1
884 1106 1
10 133 1
523 899 1
598 950 1
384 785 1
25 210 1
511 890 1
918 1121 1
629 970 1
814 1073 1
696 1010 1
376 778 1
537 909 1
211 596 1
702 1014 1
731 1030 1
892 1110 1
12 145 1
366 768 1
655 986 1
346 749 1
605 955 1
535 907 1
379 780 1
585 942 1
462 852 1
425 821 1
352 755 1
1000 1154 1
53 304 1
320 723 1
116 447 1
791 1062 1
369 771 1
861 1095 1
600 952 1
575 935 1
304 706 1
285 685 1
816 1074 1
191 568 1
65 337 1
863 1096 1
7 111 1
34 244 1
34 244 1
915 1120 1
137 484 1
422 819 1
55 310 1
73 356 1
333 736 1
322 725 1
721 1025 1
281 681 1
635 974 1
966 1141 1
606 956 1
868 1099 1
836 1084 1
949 1134 1
847 1089 1
588 944 1
205 588 1
883 1106 1
132 476 1
744 1037 1
314 717 1
558 923 1
845 1088 1
214 600 1
587 943 1
550 918 1
576 936 1
969 1142 1
43 274 1
981 1147 1
849 1090 1
71 352 1
783 1058 1
509 888 1
856 1093 1
916 1120 1
744 1037 1
888 1108 1
522 898 1
221 609 1
188 564 1
143 495 1
484 869 1
663 991 1
351 754 1
362 765 1
819 1076 1
849 1090 1
51 299 1
25 210 1
671 996 1
934 1128 1
432 827 1
374 776 1
552 919 1
771 1051 1
170 537 1
845 1088 1
306 708 1
930 1126 1
543 913 1
282 682 1
372 774 1
810 1071 1
390 791 1
815 1074 1
214 600 1
562 926 1
577 936 1
227 616 1
834 1083 1
802 1067 1
752 1041 1
465 854 1
36 251 1
973 1144 1
27 218 1
911 1118 1
514 892 1
118 451 1
570 932 1
724 1026 1
978 1146 1
812 1072 1
147 501 1
579 938 1
663 991 1
458 849 1
133 478 1
334 737 1
618 963 1
143 495 1
232 623 1
17 173 1
210 594 1
999 1154 1
757 1044 1
317 720 1
122 458 1
882 1105 1
941 1131 1
559 924 1
237 629 1
664 992 1
673 997 1
563 927 1
327 730 1
743 1037 1
483 868 1
516 893 1
660 989 1
216 602 1
273 672 1
220 607 1
510 889 1
464 853 1
282 682 1
554 921 1
556 922 1
106 428 1
551 919 1
455 846 1
767 1049 1
396 796 1
58 318 1
398 798 1
797 1065 1
926 1124 1
796 1064 1
880 1104 1
297 699 1
152 509 1
790 1061 1
981 1147 1
696 1010 1
411 809 1
366 768 1
491 875 1
395 795 1
21 192 1
347 750 1
625 968 1
123 460 1
162 525 1
360 763 1
745 1038 1
569 931 1
849 1090 1
849 1090 1
801 1067 1
721 1025 1
506 886 1
212 597 1
69 347 1
616 962 1
237 629 1
446 839 1
795 1064 1
8 119 1
640 977 1
518 895 1
724 1026 1
848 1089 1
135 481 1
968 1142 1
568 930 1
256 652 1
937 1129 1
816 1074 1
13 151 1
195 574 1
675 998 1
609 958 1
393 793 1
541 911 1
505 885 1
821 1077 1
98 412 1
934 1128 1
830 1081 1
581 939 1
93 401 1
142 493 1
201 582 1
879 1104 1
488 872 1
748 1039 1
31 233 1
375 777 1
263 660 1
779 1056 1
512 890 1
320 723 1
863 1096 1
14 157 1
781 1057 1
709 1018 1
612 959 1
902 1114 1
539 910 1
790 1061 1
624 967 1
98 412 1
822 1077 1
593 947 1
692 1008 1
472 860 1
228 618 1
655 986 1
925 1124 1
945 1132 1
997 1153 1
962 1139 1
111 438 1
44 278 1
540 911 1
649 983 1
809 1071 1
450 842 1
736 1033 1
547 916 1
698 1012 1
987 1149 1
470 858 1
832 1082 1
463 853 1
561 925 1
748 1039 1
433 828 1
334 737 1
858 1094 1
511 890 1
597 950 1
312 715 1
653 985 1
169 536 1
392 792 1
961 1139 1
836 1084 1
390 791 1
760 1046 1
434 829 1
955 1136 1
526 901 1
672 996 1
892 1110 1
518 895 1
491 875 1
391 791 1
706 1016 1
223 611 1
441 835 1
127 467 1
79 371 1
904 1115 1
52 302 1
786 1059 1
876 1102 1
185 560 1
613 960 1
854 1092 1
165 530 1
210 594 1
591 946 1
523 899 1
916 1120 1
767 1049 1
599 951 1
562 926 1
363 766 1
466 855 1
773 1052 1
12 145 1
201 582 1
116 447 1
311 714 1
863 1096 1
236 628 1
810 1071 1
831 1081 1
61 326 1
534 906 1
888 1108 1
839 1085 1
748 1039 1
202 583 1
906 1116 1
449 841 1
295 696 1
565 928 1
350 753 1
860 1095 1
796 1064 1
453 845 1
136 483 1
109 434 1
85 384 1
899 1113 1
534 906 1
578 937 1
430 825 1
112 439 1
405 804 1
3 73 1
222 610 1
442 836 1
820 1076 1
225 614 1
885 1106 1
627 969 1
7 111 1
659 989 1
946 1133 1
614 961 1
813 1073 1
247 641 1
809 1071 1
12 145 1
750 1040 1
45 281 1
507 887 1
483 868 1
720 1024 1
889 1108 1
801 1067 1
440 834 1
282 682 1
947 1133 1
952 1135 1
892 1110 1
335 738 1
217 604 1
81 375 1
30 230 1
401 800 1
675 998 1
866 1098 1
29 226 1
786 1059 1
244 638 1
99 414 1
459 849 1
552 919 1
101 418 1
372 774 1
530 904 1
651 984 1
109 434 1
978 1146 1
802 1067 1
387 788 1
313 716 1
176 546 1
766 1049 1
746 1038 1
6 103 1
77 366 1
630 971 1
829 1080 1
783 1058 1
549 917 1
706 1016 1
465 854 1
227 616 1
554 921 1
92 399 1
867 1098 1
498 880 1
936 1128 1
983 1148 1
367 769 1
422 819 1
976 1145 1
684 1004 1
25 210 1
589 944 1
306 708 1
627 969 1
179 551 1
920 1122 1
611 959 1
370 772 1
45 281 1
148 503 1
792 1062 1
87 388 1
445 838 1
840 1086 1
544 914 1
571 932 1
235 627 1
74 359 1
273 672 1
129 471 1
285 685 1
267 665 1
44 278 1
404 803 1
910 1117 1
687 1005 1
825 1078 1
563 927 1
115 445 1
283 683 1
431 826 1
347 750 1
90 395 1
880 1104 1
997 1153 1
310 713 1
727 1028 1
402 801 1
562 926 1
237 629 1
812 1072 1
211 596 1
309 711 1
355 758 1
156 516 1
254 650 1
477 864 1
895 1111 1
988 1150 1
470 858 1
106 428 1
351 754 1
96 408 1
14 157 1
333 736 1
745 1038 1
107 430 1
749 1040 1
693 1009 1
328 731 1
680 1001 1
654 986 1
480 866 1
734 1032 1
538 909 1
722 1025 1
742 1036 1
798 1065 1
192 570 1
489 873 1
79 371 1
379 780 1
336 739 1
371 773 1
991 1151 1
411 809 1
684 1004 1
674 998 1
239 632 1
283 683 1
586 942 1
94 403 1
803 1068 1
827 1079 1
528 902 1
883 1106 1
374 776 1
51 299 1
815 1074 1
909 1117 1
536 908 1
326 729 1
693 1009 1
520 896 1
904 1115 1
826 1079 1
686 1005 1
438 832 1
635 974 1
415 813 1
568 930 1
887 1107 1
447 840 1
949 1134 1
37 255 1
505 885 1
530 904 1
42 271 1
511 890 1
535 907 1
21 192 1
903 1114 1
307 709 1
362 765 1
11 139 1
545 914 1
895 1111 1
419 816 1
638 976 1
211 596 1
5 94 1
718 1023 1
205 588 1
1 42 1
556 922 1
437 831 1
19 183 1
918 1121 1
29 226 1
156 516 1
155 514 1
787 1060 1
210 594 1
838 1085 1
737 1033 1
567 930 1
964 1140 1
172 540 1
710 1018 1
318 721 1
867 1098 1
446 839 1
430 825 1
221 609 1
491 875 1
503 884 1
280 680 1
108 432 1
83 380 1
949 1134 1
364 766 1
422 819 1
811 1072 1
308 710 1
806 1069 1
93 401 1
835 1083 1
185 560 1
214 600 1
593 947 1
940 1130 1
655 986 1
915 1120 1
474 861 1
340 743 1
532 905 1
483 868 1
295 696 1
207 590 1
44 278 1
513 891 1
673 997 1
932 1127 1
481 867 1
774 1053 1
469 857 1
870 1100 1
749 1040 1
987 1149 1
359 762 1
135 481 1
808 1070 1
739 1034 1
716 1022 1
578 937 1
817 1075 1
368 770 1
96 408 1
394 794 1
16 168 1
965 1140 1
135 481 1
345 748 1
746 1038 1
800 1066 1
499 881 1
251 646 1
676 999 1
998 1153 1
839 1085 1
677 999 1
246 640 1
513 891 1
89 393 1
697 1011 1
123 460 1
517 894 1
493 876 1
39 262 1
846 1088 1
415 813 1
413 811 1
141 491 1
700 1013 1
227 616 1
885 1106 1
486 871 1
581 939 1
903 1114 1
679 1001 1
684 1004 1
520 896 1
415 813 1
431 826 1
403 802 1
115 445 1
360 763 1
794 1063 1
612 959 1
200 581 1
702 1014 1
85 384 1
594 948 1
527 901 1
643 979 1
179 551 1
855 1093 1
567 930 1
547 916 1
683 1003 1
576 936 1
331 734 1
980 1146 1
434 829 1
421 818 1
253 649 1
297 699 1
869 1099 1
510 889 1
98 412 1
244 638 1
455 846 1
579 938 1
93 401 1
953 1136 1
238 630 1
362 765 1
33 241 1
426 822 1
786 1059 1
645 980 1
929 1126 1
320 723 1
151 508 1
687 1005 1
504 884 1
947 1133 1
356 759 1
949 1134 1
102 420 1
221 609 1
320 723 1
856 1093 1
398 798 1
316 719 1
122 458 1
280 680 1
779 1056 1
913 1119 1
644 980 1
268 666 1
670 995 1
732 1031 1
436 831 1
949 1134 1
777 1054 1
913 1119 1
347 750 1
323 726 1
442 836 1
708 1017 1
318 721 1
123 460 1
43 274 1
271 670 1
446 839 1
136 483 1
92 399 1
277 677 1
221 609 1
144 496 1
485 870 1
147 501 1
298 700 1
406 805 1
243 636 1
39 262 1
528 902 1
462 852 1
157 517 1
662 991 1
991 1151 1
12 145 1
456 847 1
157 517 1
481 867 1
183 557 1
80 373 1
276 675 1
311 714 1
889 1108 1
711 1019 1
293 694 1
971 1143 1
257 653 1
2 59 1
43 274 1
686 1005 1
411 809 1
247 641 1
126 465 1
311 714 1
518 895 1
545 914 1
509 888 1
977 1145 1
667 994 1
360 763 1
117 449 1
877 1103 1
693 1009 1
226 615 1
32 237 1
55 310 1
222 610 1
747 1039 1
229 619 1
29 226 1
152 509 1
106 428 1
664 992 1
12 145 1
425 821 1
978 1146 1
427 823 1
760 1046 1
494 877 1
144 496 1
981 1147 1
313 716 1
951 1135 1
629 970 1
325 728 1
670 995 1
870 1100 1
841 1086 1
274 673 1
420 817 1
437 831 1
324 727 1
674 998 1
148 503 1
625 968 1
702 1014 1
942 1131 1
787 1060 1
245 639 1
626 968 1
423 820 1
820 1076 1
15 162 1
408 807 1
397 797 1
986 1149 1
73 356 1
761 1046 1
699 1012 1
832 1082 1
24 205 1
620 965 1
588 944 1
640 977 1
343 746 1
955 1136 1
123 460 1
238 630 1
267 665 1
971 1143 1
471 859 1
523 899 1
46 284 1
345 748 1
261 658 1
735 1032 1
429 825 1
21 192 1
984 1148 1
459 849 1
645 980 1
370 772 1
706 1016 1
49 293 1
635 974 1
461 851 1
475 862 1
689 1006 1
847 1089 1
333 736 1
734 1032 1
611 959 1
110 436 1
367 769 1
85 384 1
446 839 1
295 696 1
591 946 1
74 359 1
839 1085 1
680 1001 1
603 954 1
817 1075 1
249 644 1
21 192 1
598 950 1
909 1117 1
855 1093 1
751 1041 1
803 1068 1
283 683 1
163 527 1
721 1025 1
674 998 1
665 992 1
815 1074 1
559 924 1
847 1089 1
33 241 1
612 959 1
474 861 1
607 956 1
117 449 1
379 780 1
607 956 1
390 791 1
239 632 1
532 905 1
205 588 1
8 119 1
49 293 1
216 602 1
42 271 1
846 1088 1
795 1064 1
496 878 1
595 948 1
470 858 1
143 495 1
968 1142 1
518 895 1
228 618 1
707 1017 1
202 583 1
7 111 1
649 983 1
947 1133 1
900 1113 1
830 1081 1
137 484 1
419 816 1
174 543 1
954 1136 1
339 742 1
932 1127 1
203 585 1
811 1072 1
617 963 1
601 952 1
832 1082 1
919 1121 1
310 713 1
744 1037 1
707 1017 1
379 780 1
280 680 1
328 731 1
185 560 1
175 545 1
507 887 1
687 1005 1
684 1004 1
185 560 1
218 605 1
504 884 1
673 997 1
181 554 1
776 1054 1
257 653 1
716 1022 1
932 1127 1
541 911 1
465 854 1
330 733 1
619 964 1
49 293 1
86 386 1
523 899 1
647 981 1
551 919 1
684 1004 1
492 875 1
46 284 1
800 1066 1
226 615 1
329 732 1
679 1001 1
416 814 1
746 1038 1
949 1134 1
354 757 1
294 695 1
973 1144 1
224 613 1
695 1010 1
301 703 1
784 1058 1
273 672 1
529 903 1
941 1131 1
663 991 1
788 1060 1
589 944 1
997 1153 1
39 262 1
59 321 1
608 957 1
231 622 1
490 874 1
317 720 1
872 1101 1
909 1117 1
929 1126 1
844 1088 1
291 692 1
959 1138 1
757 1044 1
333 736 1
24 205 1
780 1056 1
116 447 1
772 1052 1
622 966 1
250 645 1
248 643 1
944 1132 1
718 1023 1
373 775 1
194 572 1
945 1132 1
490 874 1
244 638 1
656 987 1
316 719 1
309 711 1
802 1067 1
558 923 1
179 551 1
911 1118 1
133 478 1
586 942 1
207 590 1
715 1021 1
510 889 1
815 1074 1
240 633 1
573 934 1
246 640 1
467 856 1
558 923 1
588 944 1
674 998 1
699 1012 1
341 744 1
565 928 1
722 1025 1
479 865 1
631 972 1
395 795 1
541 911 1
953 1136 1
605 955 1
267 665 1
811 1072 1
600 952 1
200 581 1
821 1077 1
741 1036 1
384 785 1
127 467 1
604 954 1
224 613 1
775 1053 1
595 948 1
62 329 1
203 585 1
889 1108 1
181 554 1
869 1099 1
312 715 1
800 1066 1
780 1056 1
435 830 1
82 377 1
87 388 1
8 119 1
247 641 1
306 708 1
517 894 1
408 807 1
995 1152 1
247 641 1
231 622 1
160 522 1
977 1145 1
5 94 1
790 1061 1
993 1151 1
207 590 1
272 671 1
787 1060 1
771 1051 1
311 714 1
196 575 1
841 1086 1
956 1137 1
432 827 1
200 581 1
417 814 1
14 157 1
325 728 1
774 1053 1
674 998 1
920 1122 1
308 710 1
776 1054 1
799 1066 1
475 862 1
703 1014 1
705 1016 1
436 831 1
510 889 1
929 1126 1
193 571 1
386 787 1
305 707 1
923 1123 1
57 316 1
690 1007 1
278 678 1
279 679 1
538 909 1
436 831 1
816 1074 1
571 932 1
673 997 1
546 915 1
250 645 1
132 476 1
422 819 1
460 850 1
186 561 1
496 878 1
435 830 1
66 339 1
513 891 1
101 418 1
462 852 1
682 1002 1
894 1110 1
368 770 1
916 1120 1
650 983 1
242 635 1
359 762 1
600 952 1
386 787 1
110 436 1
974 1144 1
623 966 1
758 1045 1
812 1072 1
525 900 1
765 1048 1
881 1105 1
768 1050 1
223 611 1
121 456 1
256 652 1
944 1132 1
844 1088 1
905 1115 1
768 1050 1
508 887 1
818 1075 1
457 848 1
14 157 1
340 743 1
517 894 1
882 1105 1
201 582 1
242 635 1
120 454 1
328 731 1
695 1010 1
531 904 1
870 1100 1
132 476 1
924 1123 1
864 1097 1
915 1120 1
435 830 1
786 1059 1
834 1083 1
997 1153 1
216 602 1
792 1062 1
750 1040 1
850 1090 1
574 934 1
754 1042 1
699 1012 1
814 1073 1
846 1088 1
39 262 1
570 932 1
791 1062 1
785 1059 1
433 828 1
917 1120 1
119 453 1
789 1061 1
414 812 1
49 293 1
511 890 1
156 516 1
172 540 1
200 581 1
772 1052 1
341 744 1
639 976 1
285 685 1
981 1147 1
199 579 1
58 318 1
976 1145 1
86 386 1
851 1091 1
384 785 1
299 701 1
248 643 1
879 1104 1
794 1063 1
127 467 1
920 1122 1
402 801 1
543 913 1
923 1123 1
685 1004 1
447 840 1
739 1034 1
651 984 1
901 1113 1
117 449 1
740 1035 1
197 577 1
775 1053 1
728 1028 1
190 567 1
955 1136 1
554 921 1
620 965 1
987 1149 1
523 899 1
145 498 1
874 1101 1
723 1026 1
315 718 1
799 1066 1
376 778 1
822 1077 1
949 1134 1
477 864 1
959 1138 1
720 1024 1
711 1019 1
650 983 1
351 754 1
644 980 1
318 721 1
858 1094 1
129 471 1
231 622 1
937 1129 1
138 486 1
387 788 1
820 1076 1
419 816 1
432 827 1
406 805 1
506 886 1
678 1000 1
361 764 1
744 1037 1
109 434 1
484 869 1
442 836 1
842 1087 1
660 989 1
264 662 1
19 183 1
779 1056 1
281 681 1
688 1006 1
61 326 1
833 1082 1
8 119 1
403 802 1
618 963 1
628 970 1
654 986 1
691 1008 1
228 618 1
573 934 1
864 1097 1
96 408 1
53 304 1
383 784 1
329 732 1
573 934 1
762 1047 1
732 1031 1
722 1025 1
544 914 1
910 1117 1
917 1120 1
945 1132 1
883 1106 1
647 981 1
15 162 1
216 602 1
520 896 1
496 878 1
612 959 1
934 1128 1
267 665 1
615 961 1
901 1113 1
391 791 1
466 855 1
953 1136 1
416 814 1
758 1045 1
774 1053 1
24 205 1
570 932 1
818 1075 1
6 103 1
597 950 1
880 1104 1
45 281 1
894 1110 1
369 771 1
207 590 1
412 810 1
367 769 1
751 1041 1
101 418 1
100 416 1
41 268 1
966 1141 1
677 999 1
765 1048 1
579 938 1
184 558 1
661 990 1
509 888 1
455 846 1
955 1136 1
82 377 1
75 361 1
970 1142 1
942 1131 1
144 496 1
8 119 1
426 822 1
884 1106 1
181 554 1
668 994 1
674 998 1
440 834 1
695 1010 1
389 790 1
964 1140 1
848 1089 1
614 961 1
752 1041 1
790 1061 1
115 445 1
907 1116 1
528 902 1
960 1138 1
711 1019 1
554 921 1
546 915 1
581 939 1
787 1060 1
99 414 1
98 412 1
91 397 1
616 962 1
852 1091 1
895 1111 1
711 1019 1
511 890 1
288 689 1
991 1151 1
859 1095 1
917 1120 1
564 928 1
958 1138 1
976 1145 1
982 1147 1
85 384 1
621 965 1
77 366 1
133 478 1
295 696 1
433 828 1
377 779 1
105 426 1
783 1058 1
957 1137 1
211 596 1
42 271 1
713 1020 1
764 1048 1
662 991 1
704 1015 1
903 1114 1
553 920 1
409 807 1
842 1087 1
636 975 1
430 825 1
477 864 1
874 1101 1
201 582 1
329 732 1
585 942 1
74 359 1
415 813 1
663 991 1
433 828 1
927 1125 1
990 1150 1
368 770 1
991 1151 1
137 484 1
945 1132 1
540 911 1
475 862 1
565 928 1
528 902 1
924 1123 1
768 1050 1
720 1024 1
492 875 1
875 1102 1
987 1149 1
654 986 1
543 913 1
82 377 1
984 1148 1
331 734 1
400 800 1
484 869 1
917 1120 1
899 1113 1
387 788 1
146 500 1
698 1012 1
379 780 1
19 183 1
201 582 1
515 893 1
765 1048 1
684 1004 1
689 1006 1
973 1144 1
269 667 1
219 606 1
726 1027 1
301 703 1
619 964 1
171 539 1
525 900 1
431 826 1
976 1145 1
464 853 1
564 928 1
980 1146 1
525 900 1
442 836 1
174 543 1
631 972 1
454 845 1
765 1048 1
448 840 1
816 1074 1
314 717 1
483 868 1
849 1090 1
468 857 1
317 720 1
684 1004 1
95 406 1
8 119 1
376 778 1
503 884 1
334 737 1
951 1135 1
973 1144 1
377 779 1
344 747 1
205 588 1
907 1116 1
21 192 1
519 896 1
143 495 1
246 640 1
616 962 1
480 866 1
530 904 1
58 318 1
58 318 1
149 504 1
731 1030 1
712 1020 1
568 930 1
873 1101 1
945 1132 1
424 820 1
816 1074 1
236 628 1
289 690 1
441 835 1
219 606 1
554 921 1
593 947 1
622 966 1
695 1010 1
898 1112 1
111 438 1
31 233 1
422 819 1
24 205 1
626 968 1
404 803 1
857 1094 1
723 1026 1
715 1021 1
969 1142 1
270 669 1
783 1058 1
884 1106 1
562 926 1
494 877 1
307 709 1
990 1150 1
389 790 1
295 696 1
792 1062 1
137 484 1
947 1133 1
962 1139 1
922 1123 1
208 592 1
538 909 1
997 1153 1
124 462 1
363 766 1
271 670 1
847 1089 1
740 1035 1
887 1107 1
738 1034 1
903 1114 1
365 767 1
313 716 1
841 1086 1
328 731 1
32 237 1
981 1147 1
640 977 1
319 722 1
704 1015 1
940 1130 1
940 1130 1
916 1120 1
943 1131 1
248 643 1
66 339 1
161 524 1
132 476 1
615 961 1
530 904 1
55 310 1
544 914 1
511 890 1
804 1068 1
198 578 1
543 913 1
12 145 1
228 618 1
15 162 1
483 868 1
164 528 1
299 701 1
921 1122 1
956 1137 1
967 1141 1
878 1103 1
2 59 1
582 940 1
998 1153 1
178 549 1
635 974 1
480 866 1
607 956 1
330 733 1
764 1048 1
802 1067 1
17 173 1
26 214 1
559 924 1
727 1028 1
999 1154 1
42 271 1
209 593 1
556 922 1
323 726 1
91 397 1
878 1103 1
971 1143 1
379 780 1
136 483 1
794 1063 1
940 1130 1
322 725 1
689 1006 1
997 1153 1
514 892 1
881 1105 1
47 287 1
724 1026 1
730 1030 1
777 1054 1
157 517 1
287 688 1
595 948 1
73 356 1
307 709 1
47 287 1
305 707 1
899 1113 1
325 728 1
254 650 1
342 745 1
344 747 1
730 1030 1
452 844 1
280 680 1
977 1145 1
98 412 1
773 1052 1
366 768 1
143 495 1
812 1072 1
208 592 1
831 1081 1
431 826 1
641 978 1
813 1073 1
230 620 1
376 778 1
246 640 1
505 885 1
478 865 1
317 720 1
260 657 1
710 1018 1
80 373 1
702 1014 1
345 748 1
953 1136 1
904 1115 1
356 759 1
222 610 1
704 1015 1
223 611 1
462 852 1
837 1084 1
152 509 1
240 633 1
591 946 1
157 517 1
809 1071 1
522 898 1
956 1137 1
434 829 1
156 516 1
454 845 1
719 1023 1
102 420 1
671 996 1
573 934 1
447 840 1
301 703 1
296 698 1
765 1048 1
718 1023 1
557 923 1
256 652 1
9 126 1
576 936 1
792 1062 1
129 471 1
361 764 1
163 527 1
120 454 1
519 896 1
156 516 1
56 313 1
523 899 1
340 743 1
418 815 1
757 1044 1
334 737 1
762 1047 1
356 759 1
647 981 1
648 982 1
520 896 1
66 339 1
231 622 1
845 1088 1
44 278 1
663 991 1
648 982 1
508 887 1
282 682 1
473 861 1
510 889 1
90 395 1
607 956 1
926 1124 1
11 139 1
863 1096 1
166 531 1
884 1106 1
159 520 1
544 914 1
486 871 1
664 992 1
296 698 1
402 801 1
625 968 1
61 326 1
54 307 1
862 1096 1
92 399 1
340 743 1
436 831 1
337 740 1
654 986 1
494 877 1
544 914 1
728 1028 1
694 1009 1
451 843 1
663 991 1
313 716 1
148 503 1
92 399 1
58 318 1
436 831 1
51 299 1
543 913 1
585 942 1
118 451 1
724 1026 1
429 825 1
364 766 1
274 673 1
666 993 1
189 565 1
478 865 1
59 321 1
71 352 1
183 557 1
472 860 1
457 848 1
182 555 1
463 853 1
507 887 1
326 729 1
586 942 1
203 585 1
801 1067 1
820 1076 1
999 1154 1
714 1021 1
560 925 1
978 1146 1
289 690 1
210 594 1
487 871 1
655 986 1
664 992 1
32 237 1
446 839 1
868 1099 1
101 418 1
572 933 1
5 94 1
128 469 1
965 1140 1
158 519 1
507 887 1
525 900 1
567 930 1
333 736 1
311 714 1
618 963 1
227 616 1
119 453 1
834 1083 1
877 1103 1
907 1116 1
739 1034 1
499 881 1
876 1102 1
684 1004 1
982 1147 1
388 789 1
255 651 1
792 1062 1
59 321 1
155 514 1
791 1062 1
35 248 1
882 1105 1
861 1095 1
875 1102 1
663 991 1
376 778 1
292 693 1
900 1113 1
625 968 1
918 1121 1
796 1064 1
541 911 1
65 337 1
556 922 1
627 969 1
971 1143 1
662 991 1
181 554 1
492 875 1
327 730 1
494 877 1
560 925 1
222 610 1
460 850 1
701 1013 1
780 1056 1
702 1014 1
525 900 1
764 1048 1
910 1117 1
598 950 1
241 634 1
853 1092 1
745 1038 1
275 674 1
905 1115 1
389 790 1
316 719 1
806 1069 1
629 970 1
72 354 1
292 693 1
183 557 1
533 906 1
135 481 1
413 811 1
440 834 1
916 1120 1
656 987 1
966 1141 1
10 133 1
868 1099 1
190 567 1
56 313 1
664 992 1
115 445 1
243 636 1
579 938 1
148 503 1
528 902 1
300 702 1
480 866 1
347 750 1
557 923 1
689 1006 1
387 788 1
407 806 1
801 1067 1
401 800 1
723 1026 1
912 1118 1
533 906 1
620 965 1
996 1153 1
855 1093 1
17 173 1
394 794 1
308 710 1
192 570 1
65 337 1
383 784 1
855 1093 1
879 1104 1
50 296 1
436 831 1
373 775 1
77 366 1
496 878 1
33 241 1
180 552 1
556 922 1
344 747 1
943 1131 1
36 251 1
480 866 1
703 1014 1
534 906 1
669 995 1
935 1128 1
213 598 1
980 1146 1
988 1150 1
154 513 1
132 476 1
570 932 1
349 752 1
930 1126 1
746 1038 1
975 1144 1
630 971 1
931 1126 1
702 1014 1
537 909 1
414 812 1
961 1139 1
990 1150 1
67 342 1
812 1072 1
186 561 1
813 1073 1
269 667 1
60 324 1
138 486 1
447 840 1
199 579 1
747 1039 1
842 1087 1
316 719 1
903 1114 1
270 669 1
225 614 1
787 1060 1
456 847 1
505 885 1
305 707 1
813 1073 1
280 680 1
918 1121 1
876 1102 1
150 506 1
45 281 1
814 1073 1
498 880 1
732 1031 1
33 241 1
357 760 1
707 1017 1
304 706 1
806 1069 1
752 1041 1
417 814 1
81 375 1
65 337 1
488 872 1
153 511 1
80 373 1
234 625 1
745 1038 1
737 1033 1
953 1136 1
236 628 1
104 424 1
198 578 1
37 255 1
341 744 1
767 1049 1
811 1072 1
458 849 1
874 1101 1
835 1083 1
80 373 1
431 826 1
252 647 1
567 930 1
245 639 1
852 1091 1
458 849 1
992 1151 1
36 251 1
939 1130 1
202 583 1
159 520 1
1000 1154 1
443 836 1
414 812 1
397 797 1
962 1139 1
806 1069 1
746 1038 1
169 536 1
512 890 1
618 963 1
981 1147 1
4 84 1
736 1033 1
165 530 1
644 980 1
941 1131 1
64 334 1
95 406 1
889 1108 1
7 111 1
158 519 1
339 742 1
42 271 1
126 465 1
795 1064 1
184 558 1
667 994 1
459 849 1
184 558 1
306 708 1
408 807 1
299 701 1
83 380 1
762 1047 1
944 1132 1
901 1113 1
817 1075 1
208 592 1
150 506 1
527 901 1
694 1009 1
414 812 1
663 991 1
716 1022 1
253 649 1
312 715 1
712 1020 1
582 940 1
841 1086 1
77 366 1
889 1108 1
421 818 1
378 780 1
426 822 1
500 881 1
697 1011 1
82 377 1
38 258 1
490 874 1
576 936 1
442 836 1
422 819 1
316 719 1
321 724 1
894 1110 1
759 1045 1
352 755 1
937 1129 1
424 820 1
802 1067 1
972 1143 1
903 1114 1
446 839 1
713 1020 1
908 1117 1
534 906 1
354 757 1
271 670 1
570 932 1
889 1108 1
895 1111 1
41 268 1
71 352 1
866 1098 1
383 784 1
567 930 1
738 1034 1
963 1140 1
941 1131 1
360 763 1
811 1072 1
293 694 1
7 111 1
719 1023 1
506 886 1
555 921 1
310 713 1
591 946 1
47 287 1
371 773 1
810 1071 1
245 639 1
381 782 1
523 899 1
210 594 1
718 1023 1
162 525 1
484 869 1
5 94 1
234 625 1
317 720 1
170 537 1
124 462 1
211 596 1
330 733 1
81 375 1
266 664 1
852 1091 1
428 824 1
306 708 1
907 1116 1
500 881 1
435 830 1
608 957 1
63 332 1
828 1080 1
778 1055 1
495 878 1
521 897 1
914 1119 1
333 736 1
512 890 1
80 373 1
520 896 1
630 971 1
205 588 1
641 978 1
381 782 1
700 1013 1
435 830 1
708 1017 1
201 582 1
578 937 1
130 472 1
206 589 1
53 304 1
974 1144 1
948 1133 1
829 1080 1
193 571 1
550 918 1
905 1115 1
999 1154 1
935 1128 1
801 1067 1
322 725 1
503 884 1
307 709 1
790 1061 1
943 1131 1
538 909 1
653 985 1
486 871 1
399 799 1
634 973 1
482 868 1
128 469 1
500 881 1
102 420 1
131 474 1
17 173 1
460 850 1
440 834 1
511 890 1
744 1037 1
352 755 1
732 1031 1
228 618 1
237 629 1
313 716 1
439 833 1
274 673 1
702 1014 1
209 593 1
55 310 1
168 534 1
644 980 1
216 602 1
512 890 1
443 836 1
753 1042 1
862 1096 1
871 1100 1
215 601 1
828 1080 1
490 874 1
34 244 1
603 954 1
201 582 1
228 618 1
94 403 1
647 981 1
488 872 1
926 1124 1
7 111 1
755 1043 1
719 1023 1
312 715 1
588 944 1
247 641 1
589 944 1
196 575 1
469 857 1
206 589 1
921 1122 1
290 691 1
632 972 1
829 1080 1
495 878 1
808 1070 1
25 210 1
927 1125 1
812 1072 1
643 979 1
860 1095 1
947 1133 1
672 996 1
791 1062 1
516 893 1
401 800 1
368 770 1
715 1021 1
725 1027 1
905 1115 1
261 658 1
7 111 1
311 714 1
761 1046 1
766 1049 1
410 808 1
769 1050 1
991 1151 1
510 889 1
886 1107 1
129 471 1
624 967 1
801 1067 1
315 718 1
505 885 1
812 1072 1
506 886 1
52 302 1
671 996 1
932 1127 1
619 964 1
130 472 1
416 814 1
406 805 1
765 1048 1
326 729 1
12 145 1
486 871 1
681 1002 1
376 778 1
580 938 1
37 255 1
936 1128 1
936 1128 1
337 740 1
572 933 1
707 1017 1
949 1134 1
510 889 1
531 904 1
667 994 1
433 828 1
372 774 1
839 1085 1
422 819 1
615 961 1
195 574 1
675 998 1
787 1060 1
691 1008 1
415 813 1
330 733 1
454 845 1
639 976 1
837 1084 1
47 287 1
528 902 1
889 1108 1
643 979 1
810 1071 1
266 664 1
573 934 1
77 366 1
543 913 1
212 597 1
739 1034 1
489 873 1
15 162 1
167 533 1
962 1139 1
748 1039 1
851 1091 1
10 133 1
128 469 1
661 990 1
923 1123 1
70 349 1
233 624 1
235 627 1
897 1112 1
450 842 1
756 1044 1
189 565 1
557 923 1
97 410 1
822 1077 1
850 1090 1
578 937 1
67 342 1
915 1120 1
34 244 1
529 903 1
136 483 1
532 905 1
120 454 1
863 1096 1
936 1128 1
590 945 1
643 979 1
417 814 1
386 787 1
868 1099 1
473 861 1
556 922 1
449 841 1
544 914 1
43 274 1
537 909 1
947 1133 1
199 579 1
543 913 1
722 1025 1
62 329 1
664 992 1
417 814 1
976 1145 1
700 1013 1
628 970 1
415 813 1
974 1144 1
919 1121 1
441 835 1
852 1091 1
916 1120 1
303 705 1
222 610 1
215 601 1
689 1006 1
105 426 1
783 1058 1
405 804 1
771 1051 1
154 513 1
221 609 1
467 856 1
298 700 1
306 708 1
979 1146 1
416 814 1
536 908 1
645 980 1
10 133 1
426 822 1
283 683 1
466 855 1
381 782 1
90 395 1
392 792 1
121 456 1
940 1130 1
697 1011 1
429 825 1
510 889 1
529 903 1
150 506 1
855 1093 1
540 911 1
222 610 1
32 237 1
13 151 1
527 901 1
776 1054 1
153 511 1
837 1084 1
652 984 1
616 962 1
715 1021 1
129 471 1
249 644 1
174 543 1
78 368 1
531 904 1
157 517 1
70 349 1
196 575 1
514 892 1
462 852 1
168 534 1
649 983 1
991 1151 1
222 610 1
79 371 1
530 904 1
211 596 1
70 349 1
20 188 1
559 924 1
307 709 1
349 752 1
352 755 1
446 839 1
470 858 1
717 1022 1
871 1100 1
135 481 1
856 1093 1
801 1067 1
693 1009 1
969 1142 1
469 857 1
538 909 1
451 843 1
512 890 1
870 1100 1
743 1037 1
827 1079 1
675 998 1
35 248 1
683 1003 1
61 326 1
219 606 1
930 1126 1
176 546 1
861 1095 1
500 881 1
970 1142 1
870 1100 1
857 1094 1
339 742 1
962 1139 1
169 536 1
134 479 1
641 978 1
119 453 1
946 1133 1
388 789 1
232 623 1
85 384 1
35 248 1
979 1146 1
68 344 1
372 774 1
168 534 1
817 1075 1
317 720 1
226 615 1
734 1032 1
800 1066 1
911 1118 1
586 942 1
364 766 1
53 304 1
95 406 1
506 886 1
242 635 1
42 271 1
786 1059 1
729 1029 1
800 1066 1
812 1072 1
358 761 1
499 881 1
384 785 1
884 1106 1
569 931 1
358 761 1
67 342 1
638 976 1
524 899 1
834 1083 1
998 1153 1
923 1123 1
993 1151 1
384 785 1
937 1129 1
635 974 1
407 806 1
762 1047 1
126 465 1
100 416 1
292 693 1
36 251 1
106 428 1
470 858 1
97 410 1
858 1094 1
134 479 1
782 1057 1
356 759 1
867 1098 1
431 826 1
114 443 1
346 749 1
409 807 1
268 666 1
265 663 1
918 1121 1
489 873 1
918 1121 1
613 960 1
85 384 1
885 1106 1
463 853 1
741 1036 1
849 1090 1
980 1146 1
558 923 1
830 1081 1
44 278 1
265 663 1
45 281 1
278 678 1
745 1038 1
378 780 1
571 932 1
708 1017 1
830 1081 1
318 721 1
64 334 1
718 1023 1
485 870 1
324 727 1
52 302 1
818 1075 1
10 133 1
773 1052 1
726 1027 1
817 1075 1
654 986 1
899 1113 1
205 588 1
749 1040 1
365 767 1
424 820 1
633 973 1
840 1086 1
504 884 1
294 695 1
118 451 1
136 483 1
598 950 1
389 790 1
172 540 1
526 901 1
357 760 1
274 673 1
187 562 1
196 575 1
176 546 1
220 607 1
855 1093 1
90 395 1
622 966 1
140 490 1
970 1142 1
251 646 1
645 980 1
756 1044 1
460 850 1
281 681 1
74 359 1
731 1030 1
59 321 1
723 1026 1
589 944 1
773 1052 1
212 597 1
26 214 1
793 1063 1
475 862 1
2 59 1
287 688 1
578 937 1
77 366 1
115 445 1
626 968 1
908 1117 1
392 792 1
392 792 1
216 602 1
362 765 1
409 807 1
456 847 1
521 897 1
519 896 1
270 669 1
17 173 1
128 469 1
621 965 1
651 984 1
795 1064 1
311 714 1
642 978 1
740 1035 1
215 601 1
726 1027 1
184 558 1
37 255 1
914 1119 1
800 1066 1
23 201 1
860 1095 1
832 1082 1
820 1076 1
11 139 1
594 948 1
346 749 1
133 478 1
978 1146 1
942 1131 1
468 857 1
610 958 1
192 570 1
348 751 1
75 361 1
22 197 1
751 1041 1
400 800 1
320 723 1
69 347 1
446 839 1
916 1120 1
478 865 1
605 955 1
752 1041 1
208 592 1
35 248 1
257 653 1
4 84 1
537 909 1
338 741 1
685 1004 1
201 582 1
861 1095 1
826 1079 1
18 178 1
752 1041 1
314 717 1
274 673 1
249 644 1
883 1106 1
368 770 1
662 991 1
328 731 1
161 524 1
510 889 1
603 954 1
509 888 1
776 1054 1
392 792 1
299 701 1
957 1137 1
897 1112 1
886 1107 1
783 1058 1
141 491 1
422 819 1
190 567 1
922 1123 1
666 993 1
307 709 1
958 1138 1
661 990 1
2 59 1
171 539 1
497 879 1
904 1115 1
439 833 1
44 278 1
999 1154 1
789 1061 1
749 1040 1
798 1065 1
904 1115 1
59 321 1
657 988 1
668 994 1
160 522 1
468 857 1
358 761 1
463 853 1
342 745 1
385 786 1
568 930 1
812 1072 1
441 835 1
400 800 1
776 1054 1
453 845 1
938 1129 1
66 339 1
444 837 1
174 543 1
624 967 1
345 748 1
111 438 1
83 380 1
507 887 1
8 119 1
813 1073 1
220 607 1
385 786 1
634 973 1
782 1057 1
678 1000 1
129 471 1
32 237 1
802 1067 1
590 945 1
887 1107 1
314 717 1
451 843 1
741 1036 1
385 786 1
345 748 1
800 1066 1
331 734 1
95 406 1
261 658 1
542 912 1
183 557 1
347 750 1
192 570 1
985 1148 1
768 1050 1
688 1006 1
908 1117 1
775 1053 1
109 434 1
633 973 1
460 850 1
330 733 1
227 616 1
738 1034 1
720 1024 1
322 725 1
540 911 1
695 1010 1
516 893 1
53 304 1
893 1110 1
4 84 1
374 776 1
994 1152 1
614 961 1
445 838 1
95 406 1
590 945 1
237 629 1
13 151 1
513 891 1
186 561 1
376 778 1
709 1018 1
652 984 1
96 408 1
422 819 1
804 1068 1
908 1117 1
730 1030 1
698 1012 1
798 1065 1
50 296 1
686 1005 1
812 1072 1
892 1110 1
330 733 1
20 188 1
484 869 1
339 742 1
360 763 1
126 465 1
519 896 1
584 941 1
983 1148 1
151 508 1
21 192 1
259 656 1
117 449 1
10 133 1
912 1118 1
314 717 1
412 810 1
67 342 1
593 947 1
658 988 1
856 1093 1
719 1023 1
941 1131 1
853 1092 1
845 1088 1
612 959 1
73 356 1
677 999 1
347 750 1
396 796 1
463 853 1
74 359 1
113 441 1
886 1107 1
444 837 1
551 919 1
543 913 1
973 1144 1
231 622 1
931 1126 1
117 449 1
929 1126 1
290 691 1
203 585 1
725 1027 1
781 1057 1
210 594 1
351 754 1
332 735 1
589 944 1
122 458 1
46 284 1
649 983 1
444 837 1
322 725 1
706 1016 1
463 853 1
392 792 1
554 921 1
578 937 1
334 737 1
824 1078 1
370 772 1
322 725 1
678 1000 1
279 679 1
913 1119 1
370 772 1
806 1069 1
517 894 1
423 820 1
283 683 1
724 1026 1
559 924 1
746 1038 1
309 711 1
222 610 1
172 540 1
27 218 1
957 1137 1
187 562 1
875 1102 1
901 1113 1
213 598 1
842 1087 1
831 1081 1
586 942 1
149 504 1
692 1008 1
922 1123 1
77 366 1
526 901 1
266 664 1
570 932 1
661 990 1
899 1113 1
948 1133 1
983 1148 1
471 859 1
719 1023 1
812 1072 1
480 866 1
96 408 1
197 577 1
590 945 1
201 582 1
125 463 1
447 840 1
789 1061 1
82 377 1
167 533 1
197 577 1
504 884 1
501 882 1
66 339 1
167 533 1
597 950 1
69 347 1
183 557 1
1 42 1
969 1142 1
160 522 1
823 1077 1
818 1075 1
799 1066 1
886 1107 1
610 958 1
845 1088 1
332 735 1
905 1115 1
630 971 1
990 1150 1
187 562 1
859 1095 1
252 647 1
162 525 1
673 997 1
776 1054 1
120 454 1
845 1088 1
743 1037 1
742 1036 1
839 1085 1
383 784 1
103 422 1
154 513 1
738 1034 1
761 1046 1
410 808 1
772 1052 1
861 1095 1
426 822 1
46 284 1
914 1119 1
196 575 1
671 996 1
821 1077 1
39 262 1
474 861 1
872 1101 1
666 993 1
778 1055 1
869 1099 1
159 520 1
813 1073 1
142 493 1
13 151 1
457 848 1
735 1032 1
198 578 1
426 822 1
196 575 1
278 678 1
814 1073 1
542 912 1
734 1032 1
788 1060 1
562 926 1
57 316 1
648 982 1
888 1108 1
885 1106 1
992 1151 1
661 990 1
608 957 1
902 1114 1
963 1140 1
174 543 1
492 875 1
858 1094 1
919 1121 1
657 988 1
626 968 1
74 359 1
418 815 1
417 814 1
981 1147 1
388 789 1
489 873 1
291 692 1
91 397 1
152 509 1
909 1117 1
33 241 1
817 1075 1
252 647 1
616 962 1
693 1009 1
491 875 1
747 1039 1
564 928 1
918 1121 1
258 655 1
309 711 1
494 877 1
594 948 1
900 1113 1
833 1082 1
895 1111 1
125 463 1
642 978 1
497 879 1
710 1018 1
460 850 1
213 598 1
387 788 1
909 1117 1
898 1112 1
741 1036 1
867 1098 1
966 1141 1
403 802 1
655 986 1
458 849 1
583 940 1
333 736 1
926 1124 1
303 705 1
873 1101 1
737 1033 1
100 416 1
843 1087 1
253 649 1
785 1059 1
220 607 1
387 788 1
421 818 1
5 94 1
757 1044 1
124 462 1
472 860 1
108 432 1
723 1026 1
255 651 1
163 527 1
320 723 1
592 946 1
303 705 1
821 1077 1
486 871 1
210 594 1
774 1053 1
915 1120 1
991 1151 1
246 640 1
188 564 1
928 1125 1
357 760 1
774 1053 1
112 439 1
580 938 1
218 605 1
541 911 1
202 583 1
160 522 1
175 545 1
203 585 1
338 741 1
650 983 1
948 1133 1
539 910 1
200 581 1
722 1025 1
442 836 1
803 1068 1
1 42 1
750 1040 1
637 975 1
643 979 1
208 592 1
496 878 1
747 1039 1
696 1010 1
781 1057 1
398 798 1
31 233 1
290 691 1
4 84 1
467 856 1
111 438 1
854 1092 1
314 717 1
892 1110 1
881 1105 1
812 1072 1
983 1148 1
896 1111 1
740 1035 1
248 643 1
809 1071 1
779 1056 1
486 871 1
970 1142 1
831 1081 1
46 284 1
358 761 1
115 445 1
431 826 1
22 197 1
359 762 1
277 677 1
2 59 1
195 574 1
371 773 1
581 939 1
833 1082 1
533 906 1
393 793 1
506 886 1
292 693 1
447 840 1
110 436 1
396 796 1
815 1074 1
318 721 1
318 721 1
2 59 1
930 1126 1
466 855 1
798 1065 1
432 827 1
306 708 1
612 959 1
729 1029 1
781 1057 1
91 397 1
283 683 1
576 936 1
758 1045 1
547 916 1
109 434 1
966 1141 1
338 741 1
958 1138 1
730 1030 1
102 420 1
469 857 1
9 126 1
966 1141 1
713 1020 1
285 685 1
10 133 1
254 650 1
457 848 1
105 426 1
77 366 1
316 719 1
297 699 1
91 397 1
124 462 1
180 552 1
459 849 1
98 412 1
295 696 1
870 1100 1
798 1065 1
858 1094 1
702 1014 1
900 1113 1
491 875 1
611 959 1
508 887 1
75 361 1
589 944 1
534 906 1
368 770 1
599 951 1
374 776 1
622 966 1
256 652 1
513 891 1
738 1034 1
509 888 1
105 426 1
775 1053 1
594 948 1
143 495 1
126 465 1
166 531 1
676 999 1
298 700 1
762 1047 1
142 493 1
274 673 1
792 1062 1
779 1056 1
129 471 1
93 401 1
424 820 1
289 690 1
60 324 1
605 955 1
475 862 1
447 840 1
817 1075 1
697 1011 1
861 1095 1
755 1043 1
777 1054 1
523 899 1
15 162 1
838 1085 1
644 980 1
457 848 1
163 527 1
768 1050 1
615 961 1
464 853 1
172 540 1
36 251 1
648 982 1
477 864 1
275 674 1
131 474 1
232 623 1
565 928 1
612 959 1
874 1101 1
944 1132 1
612 959 1
437 831 1
946 1133 1
420 817 1
125 463 1
800 1066 1
527 901 1
326 729 1
868 1099 1
442 836 1
550 918 1
866 1098 1
415 813 1
996 1153 1
788 1060 1
197 577 1
61 326 1
907 1116 1
931 1126 1
728 1028 1
687 1005 1
94 403 1
847 1089 1
538 909 1
470 858 1
720 1024 1
779 1056 1
136 483 1
302 704 1
805 1069 1
832 1082 1
648 982 1
906 1116 1
728 1028 1
705 1016 1
649 983 1
403 802 1
776 1054 1
938 1129 1
259 656 1
778 1055 1
342 745 1
130 472 1
516 893 1
817 1075 1
683 1003 1
801 1067 1
897 1112 1
842 1087 1
156 516 1
2 59 1
376 778 1
15 162 1
295 696 1
460 850 1
83 380 1
993 1151 1
256 652 1
386 787 1
106 428 1
879 1104 1
402 801 1
630 971 1
131 474 1
475 862 1
890 1109 1
490 874 1
38 258 1
454 845 1
790 1061 1
275 674 1
593 947 1
400 800 1
654 986 1
576 936 1
174 543 1
656 987 1
88 391 1
109 434 1
342 745 1
110 436 1
297 699 1
835 1083 1
540 911 1
609 958 1
228 618 1
807 1070 1
820 1076 1
941 1131 1
966 1141 1
405 804 1
684 1004 1
864 1097 1
585 942 1
300 702 1
444 837 1
108 432 1
744 1037 1
206 589 1
591 946 1
264 662 1
590 945 1
883 1106 1
507 887 1
139 488 1
8 119 1
672 996 1
449 841 1
888 1108 1
917 1120 1
249 644 1
248 643 1
781 1057 1
319 722 1
679 1001 1
374 776 1
334 737 1
920 1122 1
383 784 1
756 1044 1
631 972 1
869 1099 1
192 570 1
221 609 1
773 1052 1
323 726 1
165 530 1
108 432 1
660 989 1
28 222 1
581 939 1
954 1136 1
303 705 1
249 644 1
501 882 1
405 804 1
155 514 1
404 803 1
956 1137 1
385 786 1
221 609 1
577 936 1
441 835 1
453 845 1
787 1060 1
700 1013 1
781 1057 1
905 1115 1
967 1141 1
884 1106 1
268 666 1
878 1103 1
415 813 1
17 173 1
159 520 1
274 673 1
933 1127 1
558 923 1
719 1023 1
205 588 1
488 872 1
653 985 1
598 950 1
498 880 1
212 597 1
294 695 1
393 793 1
867 1098 1
486 871 1
901 1113 1
81 375 1
31 233 1
144 496 1
259 656 1
218 605 1
734 1032 1
356 759 1
419 816 1
837 1084 1
424 820 1
620 965 1
52 302 1
47 287 1
302 704 1
781 1057 1
565 928 1
49 293 1
776 1054 1
746 1038 1
988 1150 1
328 731 1
917 1120 1
877 1103 1
156 516 1
304 706 1
253 649 1
62 329 1
910 1117 1
366 768 1
236 628 1
72 354 1
865 1097 1
568 930 1
37 255 1
366 768 1
177 548 1
847 1089 1
398 798 1
122 458 1
600 952 1
558 923 1
352 755 1
965 1140 1
85 384 1
978 1146 1
1000 1154 1
541 911 1
841 1086 1
929 1126 1
278 678 1
285 685 1
172 540 1
458 849 1
153 511 1
100 416 1
883 1106 1
568 930 1
904 1115 1
455 846 1
89 393 1
737 1033 1
446 839 1
198 578 1
804 1068 1
741 1036 1
352 755 1
527 901 1
771 1051 1
146 500 1
392 792 1
261 658 1
71 352 1
314 717 1
645 980 1
783 1058 1
479 865 1
385 786 1
830 1081 1
699 1012 1
729 1029 1
198 578 1
231 622 1
910 1117 1
444 837 1
528 902 1
922 1123 1
583 940 1
257 653 1
876 1102 1
519 896 1
720 1024 1
44 278 1
762 1047 1
763 1047 1
409 807 1
386 787 1
159 520 1
476 863 1
75 361 1
698 1012 1
287 688 1
996 1153 1
812 1072 1
113 441 1
858 1094 1
269 667 1
68 344 1
957 1137 1
548 916 1
237 629 1
662 991 1
913 1119 1
802 1067 1
250 645 1
534 906 1
227 616 1
721 1025 1
512 890 1
425 821 1
900 1113 1
72 354 1
166 531 1
391 791 1
980 1146 1
349 752 1
505 885 1
144 496 1
762 1047 1
556 922 1
313 716 1
417 814 1
496 878 1
285 685 1
579 938 1
705 1016 1
557 923 1
345 748 1
93 401 1
928 1125 1
877 1103 1
180 552 1
796 1064 1
103 422 1
709 1018 1
200 581 1
843 1087 1
159 520 1
360 763 1
904 1115 1
259 656 1
970 1142 1
200 581 1
769 1050 1
176 546 1
488 872 1
971 1143 1
979 1146 1
796 1064 1
150 506 1
771 1051 1
75 361 1
41 268 1
113 441 1
458 849 1
893 1110 1
42 271 1
9 126 1
43 274 1
649 983 1
607 956 1
298 700 1
822 1077 1
743 1037 1
165 530 1
217 604 1
909 1117 1
523 899 1
774 1053 1
106 428 1
622 966 1
848 1089 1
371 773 1
663 991 1
392 792 1
601 952 1
287 688 1
436 831 1
518 895 1
220 607 1
646 981 1
691 1008 1
42 271 1
889 1108 1
155 514 1
491 875 1
418 815 1
654 986 1
291 692 1
471 859 1
502 883 1
672 996 1
881 1105 1
729 1029 1
256 652 1
770 1051 1
629 970 1
865 1097 1
789 1061 1
124 462 1
270 669 1
821 1077 1
657 988 1
136 483 1
126 465 1
621 965 1
469 857 1
933 1127 1
514 892 1
677 999 1
330 733 1
143 495 1
417 814 1
954 1136 1
240 633 1
509 888 1
181 554 1
241 634 1
189 565 1
526 901 1
806 1069 1
728 1028 1
777 1054 1
924 1123 1
816 1074 1
487 871 1
252 647 1
904 1115 1
26 214 1
605 955 1
319 722 1
640 977 1
599 951 1
318 721 1
766 1049 1
41 268 1
820 1076 1
834 1083 1
976 1145 1
985 1148 1
475 862 1
118 451 1
176 546 1
855 1093 1
681 1002 1
580 938 1
873 1101 1
529 903 1
522 898 1
132 476 1
745 1038 1
152 509 1
546 915 1
469 857 1
417 814 1
199 579 1
608 957 1
721 1025 1
421 818 1
527 901 1
679 1001 1
359 762 1
693 1009 1
764 1048 1
350 753 1
568 930 1
265 663 1
745 1038 1
726 1027 1
30 230 1
593 947 1
215 601 1
243 636 1
825 1078 1
635 974 1
195 574 1
363 766 1
98 412 1
820 1076 1
684 1004 1
737 1033 1
986 1149 1
610 958 1
680 1001 1
137 484 1
28 222 1
967 1141 1
499 881 1
527 901 1
427 823 1
894 1110 1
92 399 1
848 1089 1
684 1004 1
359 762 1
110 436 1
537 909 1
969 1142 1
970 1142 1
764 1048 1
853 1092 1
675 998 1
27 218 1
739 1034 1
598 950 1
702 1014 1
465 854 1
321 724 1
542 912 1
150 506 1
471 859 1
189 565 1
93 401 1
720 1024 1
314 717 1
507 887 1
100 416 1
384 785 1
332 735 1
681 1002 1
959 1138 1
846 1088 1
64 334 1
509 888 1
534 906 1
331 734 1
914 1119 1
757 1044 1
933 1127 1
317 720 1
815 1074 1
226 615 1
308 710 1
973 1144 1
57 316 1
355 758 1
591 946 1
280 680 1
967 1141 1
744 1037 1
298 700 1
210 594 1
175 545 1
334 737 1
91 397 1
300 702 1
58 318 1
164 528 1
282 682 1
27 218 1
260 657 1
481 867 1
590 945 1
298 700 1
918 1121 1
27 218 1
437 831 1
596 949 1
963 1140 1
897 1112 1
103 422 1
622 966 1
638 976 1
677 999 1
897 1112 1
791 1062 1
952 1135 1
157 517 1
692 1008 1
243 636 1
68 344 1
969 1142 1
836 1084 1
67 342 1
461 851 1
346 749 1
920 1122 1
219 606 1
983 1148 1
190 567 1
699 1012 1
10 133 1
388 789 1
28 222 1
310 713 1
197 577 1
800 1066 1
470 858 1
453 845 1
57 316 1
89 393 1
816 1074 1
627 969 1
967 1141 1
220 607 1
16 168 1
559 924 1
697 1011 1
872 1101 1
140 490 1
196 575 1
123 460 1
422 819 1
615 961 1
400 800 1
436 831 1
700 1013 1
22 197 1
772 1052 1
449 841 1
415 813 1
922 1123 1
