1000 265582
370 570 0.910871
370 570 0.853897
370 570 0.994259
370 570 0.923342
370 570 0.750225
370 570 0.972985
370 570 0.999613
370 570 0.989095
370 570 0.858769
370 570 0.9335
370 570 0.855941
370 570 0.966718
370 570 0.733227
370 570 0.995663
370 570 0.956794
370 570 0.796931
370 570 0.972305
370 570 0.979412
370 570 0.91134
370 570 0.944359
370 570 0.962766
370 570 0.949455
370 570 0.99383
370 570 0.901639
370 570 0.980653
370 570 0.947107
370 570 0.957038
370 570 0.937472
370 570 0.796691
370 570 0.804132
370 570 0.979788
370 570 0.633211
370 570 0.979468
370 570 0.981786
370 570 0.950212
370 570 0.938852
370 570 0.995403
370 570 0.879798
370 570 0.673952
370 570 0.791298
370 570 0.994223
370 570 0.998142
370 570 0.79705
370 570 0.964678
370 570 0.998994
370 570 0.99103
370 570 0.969663
370 570 0.909586
370 570 0.909784
370 570 0.992957
370 570 0.932727
370 570 0.997707
370 570 0.97663
370 570 0.971248
370 570 0.942238
333 513 0.814908
333 513 0.898024
333 513 0.962462
333 513 0.916066
333 513 0.986454
333 513 0.907764
333 513 0.954911
333 513 0.925241
333 513 0.82855
333 513 0.994587
333 513 0.919426
333 513 0.74932
333 513 0.887533
333 513 0.904468
333 513 0.993915
333 513 0.968547
333 513 0.836368
333 513 0.985587
333 513 0.999006
333 513 0.966285
333 513 0.890402
333 513 0.840086
333 513 0.966729
333 513 0.792229
333 513 0.966715
333 513 0.955459
333 513 0.970601
333 513 0.985661
333 513 0.845821
333 513 0.989387
333 513 0.617975
333 513 0.707459
333 513 0.960092
333 513 0.9707
333 513 0.919195
333 513 0.999831
333 513 0.812992
333 513 0.868442
333 513 0.823398
333 513 0.909685
333 513 0.900033
333 513 0.832217
333 513 0.986776
333 513 0.99356
333 513 0.970153
333 513 0.984577
333 513 0.829892
333 513 0.889466
333 513 0.775918
333 513 0.999666
296 456 0.950184
296 456 0.798967
296 456 0.893414
296 456 0.960979
296 456 0.962367
296 456 0.882674
296 456 0.820617
296 456 0.883361
296 456 0.908062
296 456 0.807211
296 456 0.881429
296 456 0.763324
296 456 0.947674
296 456 0.895498
296 456 0.821015
296 456 0.943853
296 456 0.967665
296 456 0.715537
296 456 0.869216
296 456 0.984091
296 456 0.966054
296 456 0.976924
296 456 0.914658
296 456 0.996991
296 456 0.973563
296 456 0.998852
296 456 0.977646
296 456 0.908835
296 456 0.99555
296 456 0.912507
296 456 0.875776
296 456 0.839145
296 456 0.973566
296 456 0.935778
296 456 0.887484
296 456 0.751946
296 456 0.96371
296 456 0.888465
296 456 0.937262
296 456 0.749268
296 456 0.810413
296 456 0.941707
296 456 0.949954
296 456 0.866225
296 456 0.91325
296 456 0.931628
296 456 0.863964
296 456 0.882969
296 456 0.678259
296 456 0.990605
296 456 0.994915
296 456 0.786992
296 456 0.919652
296 456 0.947993
296 456 0.974397
296 456 0.89275
296 456 0.999159
296 456 0.792762
296 456 0.953923
259 399 0.873327
259 399 0.82256
259 399 0.743587
259 399 0.964443
259 399 0.948388
259 399 0.995108
259 399 0.975249
259 399 0.945497
259 399 0.837001
259 399 0.833261
259 399 0.864011
259 399 0.932026
259 399 0.91575
259 399 0.958751
259 399 0.919349
259 399 0.946328
259 399 0.853382
259 399 0.908129
259 399 0.971882
259 399 0.972703
259 399 0.95152
259 399 0.959265
259 399 0.885465
259 399 0.959454
259 399 0.974046
259 399 0.829184
259 399 0.809025
259 399 0.882925
259 399 0.941923
259 399 0.933899
259 399 0.940909
259 399 0.973356
259 399 0.967909
259 399 0.82049
259 399 0.842772
259 399 0.795505
259 399 0.918985
259 399 0.892034
259 399 0.947026
259 399 0.964344
259 399 0.834103
259 399 0.99904
259 399 0.905874
259 399 0.950722
259 399 0.80784
259 399 0.579118
259 399 0.894992
259 399 0.687966
259 399 0.934124
259 399 0.855193
259 399 0.818839
259 399 0.878244
222 342 0.934374
222 342 0.835905
222 342 0.980269
222 342 0.968459
222 342 0.908065
222 342 0.951182
222 342 0.928363
222 342 0.675846
222 342 0.99651
222 342 0.709899
222 342 0.997245
222 342 0.963585
222 342 0.949381
222 342 0.971599
222 342 0.924548
222 342 0.977875
222 342 0.995268
222 342 0.98938
222 342 0.952006
222 342 0.988161
222 342 0.996285
222 342 0.946041
222 342 0.979829
222 342 0.953576
222 342 0.998126
222 342 0.952363
222 342 0.882614
222 342 0.893856
222 342 0.614648
222 342 0.976713
222 342 0.980612
222 342 0.769564
222 342 0.923968
222 342 0.939762
222 342 0.893752
222 342 0.904596
222 342 0.966153
222 342 0.992306
222 342 0.943993
222 342 0.979616
222 342 0.956398
222 342 0.974587
222 342 0.974644
222 342 0.992017
185 285 0.808357
185 285 0.963649
185 285 0.960057
185 285 0.940152
185 285 0.930384
185 285 0.881212
185 285 0.917019
185 285 0.873762
185 285 0.982004
185 285 0.971868
185 285 0.738465
185 285 0.979131
185 285 0.882785
185 285 0.893312
185 285 0.928807
185 285 0.768686
185 285 0.968029
185 285 0.988468
185 285 0.867385
185 285 0.983781
185 285 0.914677
185 285 0.80383
185 285 0.914313
185 285 0.756337
185 285 0.975706
185 285 0.980409
185 285 0.997423
185 285 0.825055
185 285 0.764152
185 285 0.797097
185 285 0.975323
185 285 0.851889
185 285 0.984281
185 285 0.940091
185 285 0.994826
185 285 0.964472
185 285 0.956954
185 285 0.995146
185 285 0.949965
185 285 0.947701
185 285 0.860502
185 285 0.987091
185 285 0.806742
185 285 0.998662
185 285 0.913851
185 285 0.894678
185 285 0.902779
185 285 0.774699
185 285 0.986291
185 285 0.912177
185 285 0.92933
185 285 0.940349
185 285 0.960583
148 228 0.922284
148 228 0.937123
148 228 0.983547
148 228 0.931635
148 228 0.995025
148 228 0.886932
148 228 0.955195
148 228 0.865758
148 228 0.861443
148 228 0.946317
148 228 0.941986
148 228 0.965126
148 228 0.918
148 228 0.980133
148 228 0.920949
148 228 0.917919
148 228 0.950175
148 228 0.873608
148 228 0.938449
148 228 0.629575
148 228 0.810021
148 228 0.913405
148 228 0.968048
148 228 0.986819
148 228 0.919153
148 228 0.888535
148 228 0.954501
148 228 0.988291
148 228 0.998889
148 228 0.956977
148 228 0.999133
148 228 0.99258
148 228 0.90213
148 228 0.946859
148 228 0.974513
148 228 0.902464
148 228 0.933693
148 228 0.989543
148 228 0.931664
148 228 0.808528
148 228 0.981967
148 228 0.951438
148 228 0.80074
148 228 0.955361
148 228 0.893865
111 171 0.968201
111 171 0.852879
111 171 0.972772
111 171 0.877949
111 171 0.9851
111 171 0.919369
111 171 0.93567
111 171 0.379399
111 171 0.881819
111 171 0.935614
111 171 0.958152
111 171 0.964195
111 171 0.945775
111 171 0.917037
111 171 0.909972
111 171 0.934445
111 171 0.913177
111 171 0.978571
111 171 0.965682
111 171 0.98642
111 171 0.99741
111 171 0.998287
111 171 0.960932
111 171 0.758272
111 171 0.921733
111 171 0.859993
111 171 0.99357
111 171 0.825205
111 171 0.959687
111 171 0.935222
111 171 0.899991
111 171 0.985964
111 171 0.969734
111 171 0.992925
111 171 0.973803
111 171 0.872852
111 171 0.958959
111 171 0.907168
111 171 0.981786
111 171 0.821611
111 171 0.970179
111 171 0.94229
111 171 0.949335
111 171 0.955401
111 171 0.862702
74 114 0.938452
74 114 0.930394
74 114 0.917793
74 114 0.937545
74 114 0.854757
74 114 0.534089
74 114 0.969915
74 114 0.965251
74 114 0.938679
74 114 0.845986
74 114 0.869601
74 114 0.926219
74 114 0.906162
74 114 0.963093
74 114 0.870878
74 114 0.979526
74 114 0.838941
74 114 0.971919
74 114 0.859672
74 114 0.765755
74 114 0.868627
74 114 0.966665
74 114 0.810238
74 114 0.856166
74 114 0.895806
74 114 0.927943
74 114 0.916337
74 114 0.725484
74 114 0.918469
74 114 0.897901
74 114 0.72755
74 114 0.998758
74 114 0.926596
74 114 0.830468
74 114 0.974649
74 114 0.835094
74 114 0.920212
74 114 0.960938
74 114 0.847395
74 114 0.827278
74 114 0.996089
37 57 0.882076
37 57 0.831508
37 57 0.929184
37 57 0.88811
37 57 0.99799
37 57 0.967833
37 57 0.972178
37 57 0.941306
37 57 0.963607
37 57 0.867722
37 57 0.93892
37 57 0.831283
37 57 0.995393
37 57 0.970404
37 57 0.889792
37 57 0.753353
37 57 0.984272
37 57 0.852705
37 57 0.875986
37 57 0.908378
37 57 0.95245
37 57 0.982515
37 57 0.958973
37 57 0.746385
37 57 0.840465
37 57 0.956444
37 57 0.949155
37 57 0.891306
37 57 0.995336
37 57 0.962877
37 57 0.85159
37 57 0.966927
37 57 0.619667
37 57 0.868746
37 57 0.960148
37 57 0.918304
37 57 0.715642
37 57 0.825916
37 57 0.860987
37 57 0.92347
37 57 0.974233
37 57 0.986637
37 57 0.999624
870 1070 0.998139
870 1070 0.833573
870 1070 0.883033
870 1070 0.997011
870 1070 0.889963
870 1070 0.946267
870 1070 0.824348
870 1070 0.988613
870 1070 0.787516
870 1070 0.969423
870 1070 0.943988
870 1070 0.830575
870 1070 0.825056
870 1070 1
870 1070 1
870 1070 1
870 1070 1
870 1070 1
870 1070 1
870 1070 1
870 1070 1
870 1070 1
870 1070 1
870 1070 1
870 1070 1
870 1070 1
870 1070 1
870 1070 1
870 1070 1
870 1070 1
870 1070 1
870 1070 1
870 1070 1
870 1070 1
870 1070 1
870 1070 1
870 1070 1
870 1070 1
870 1070 1
870 1070 1
870 1070 1
870 1070 1
870 1070 1
870 1070 1
870 1070 1
870 1070 1
870 1070 1
870 1070 1
870 1070 1
870 1070 1
870 1070 1
870 1070 1
870 1070 1
870 1070 1
870 1070 1
870 1070 1
870 1070 1
783 963 1
783 963 1
783 963 1
783 963 1
783 963 1
783 963 1
783 963 1
783 963 1
783 963 1
783 963 1
783 963 1
783 963 1
783 963 1
783 963 1
783 963 1
783 963 1
783 963 1
783 963 1
783 963 1
783 963 1
783 963 1
783 963 1
783 963 1
783 963 1
783 963 1
783 963 1
783 963 1
783 963 1
783 963 1
783 963 1
783 963 1
783 963 1
783 963 1
783 963 1
783 963 1
783 963 1
783 963 1
783 963 1
783 963 1
783 963 1
783 963 1
783 963 1
783 963 1
783 963 1
783 963 1
783 963 1
783 963 1
783 963 1
783 963 1
783 963 1
783 963 1
783 963 1
783 963 1
783 963 1
783 963 1
783 963 1
783 963 1
696 856 1
696 856 1
696 856 1
696 856 1
696 856 1
696 856 1
696 856 1
696 856 1
696 856 1
696 856 1
696 856 1
696 856 1
696 856 1
696 856 1
696 856 1
696 856 1
696 856 1
696 856 1
696 856 1
696 856 1
696 856 1
696 856 1
696 856 1
696 856 1
696 856 1
696 856 1
696 856 1
696 856 1
696 856 1
696 856 1
696 856 1
696 856 1
696 856 1
696 856 1
696 856 1
696 856 1
696 856 1
696 856 1
696 856 1
696 856 1
696 856 1
696 856 1
696 856 1
696 856 1
696 856 1
696 856 1
696 856 1
696 856 1
696 856 1
696 856 1
696 856 1
696 856 1
696 856 1
696 856 1
696 856 1
609 749 1
609 749 1
609 749 1
609 749 1
609 749 1
609 749 1
609 749 1
609 749 1
609 749 1
609 749 1
609 749 1
609 749 1
609 749 1
609 749 1
609 749 1
609 749 1
609 749 1
609 749 1
609 749 1
609 749 1
609 749 1
609 749 1
609 749 1
609 749 1
609 749 1
609 749 1
609 749 1
609 749 1
609 749 1
609 749 1
609 749 1
609 749 1
609 749 1
609 749 1
609 749 1
609 749 1
609 749 1
609 749 1
609 749 1
609 749 1
609 749 1
609 749 1
609 749 1
609 749 1
609 749 1
609 749 1
609 749 1
609 749 1
609 749 1
609 749 1
609 749 1
609 749 1
522 642 1
522 642 1
522 642 1
522 642 1
522 642 1
522 642 1
522 642 1
522 642 1
522 642 1
522 642 1
522 642 1
522 642 1
522 642 1
522 642 1
522 642 1
522 642 1
522 642 1
522 642 1
522 642 1
522 642 1
522 642 1
522 642 1
522 642 1
522 642 1
522 642 1
522 642 1
522 642 1
522 642 1
522 642 1
522 642 1
522 642 1
522 642 1
522 642 1
522 642 1
522 642 1
522 642 1
522 642 1
522 642 1
522 642 1
522 642 1
522 642 1
522 642 1
522 642 1
522 642 1
522 642 1
522 642 1
522 642 1
522 642 1
522 642 1
522 642 1
522 642 1
435 535 1
435 535 1
435 535 1
435 535 1
435 535 1
435 535 1
435 535 1
435 535 1
435 535 1
435 535 1
435 535 1
435 535 1
435 535 1
435 535 1
435 535 1
435 535 1
435 535 1
435 535 1
435 535 1
435 535 1
435 535 1
435 535 1
435 535 1
435 535 1
435 535 1
435 535 1
435 535 1
435 535 1
435 535 1
435 535 1
435 535 1
435 535 1
435 535 1
435 535 1
435 535 1
435 535 1
435 535 1
435 535 1
435 535 1
435 535 1
435 535 1
435 535 1
435 535 1
435 535 1
435 535 1
435 535 1
435 535 1
348 428 1
348 428 1
348 428 1
348 428 1
348 428 1
348 428 1
348 428 1
348 428 1
348 428 1
348 428 1
348 428 1
348 428 1
348 428 1
348 428 1
348 428 1
348 428 1
348 428 1
348 428 1
348 428 1
348 428 1
348 428 1
348 428 1
348 428 1
348 428 1
348 428 1
348 428 1
348 428 1
348 428 1
348 428 1
348 428 1
348 428 1
348 428 1
348 428 1
348 428 1
348 428 1
348 428 1
348 428 1
348 428 1
348 428 1
348 428 1
348 428 1
348 428 1
348 428 1
348 428 1
348 428 1
348 428 1
348 428 1
348 428 1
348 428 1
348 428 1
348 428 1
348 428 1
261 321 1
261 321 1
261 321 1
261 321 1
261 321 1
261 321 1
261 321 1
261 321 1
261 321 1
261 321 1
261 321 1
261 321 1
261 321 1
261 321 1
261 321 1
261 321 1
261 321 1
261 321 1
261 321 1
261 321 1
261 321 1
261 321 1
261 321 1
261 321 1
261 321 1
261 321 1
261 321 1
261 321 1
261 321 1
261 321 1
261 321 1
261 321 1
261 321 1
261 321 1
261 321 1
261 321 1
261 321 1
261 321 1
261 321 1
261 321 1
261 321 1
261 321 1
174 214 1
174 214 1
174 214 1
174 214 1
174 214 1
174 214 1
174 214 1
174 214 1
174 214 1
174 214 1
174 214 1
174 214 1
174 214 1
174 214 1
174 214 1
174 214 1
174 214 1
174 214 1
174 214 1
174 214 1
174 214 1
174 214 1
174 214 1
174 214 1
174 214 1
174 214 1
174 214 1
174 214 1
174 214 1
174 214 1
174 214 1
174 214 1
174 214 1
174 214 1
174 214 1
174 214 1
174 214 1
174 214 1
174 214 1
174 214 1
174 214 1
174 214 1
174 214 1
174 214 1
174 214 1
174 214 1
174 214 1
174 214 1
174 214 1
174 214 1
174 214 1
174 214 1
174 214 1
174 214 1
174 214 1
174 214 1
87 107 1
87 107 1
87 107 1
87 107 1
87 107 1
87 107 1
87 107 1
87 107 1
87 107 1
87 107 1
87 107 1
87 107 1
87 107 1
87 107 1
87 107 1
87 107 1
87 107 1
87 107 1
87 107 1
87 107 1
87 107 1
87 107 1
87 107 1
87 107 1
87 107 1
87 107 1
87 107 1
87 107 1
87 107 1
87 107 1
87 107 1
87 107 1
87 107 1
87 107 1
87 107 1
87 107 1
87 107 1
87 107 1
87 107 1
87 107 1
87 107 1
87 107 1
87 107 1
87 107 1
