5000 10000
4 5 0.931982
4 4 0.887151
4 4 0.696054
4 4 0.714497
4 4 0.880747
4 5 0.769896
4 5 0.936453
4 5 0.96401
4 5 0.756411
4 4 0.832135
4 4 0.798481
4 4 0.740665
4 4 0.962365
4 4 0.770765
4 4 0.545376
4 3 0.844555
4 6 0.744408
4 5 0.814191
4 4 0.750966
4 5 0.778546
4 5 0.782505
4 4 0.914637
4 4 0.837948
4 5 0.676286
4 5 0.79274
4 5 0.925698
4 4 0.49649
4 5 0.668874
4 5 0.941217
4 5 0.823362
4 4 0.94588
4 5 0.89575
4 4 0.881093
4 4 0.800252
4 4 0.802983
4 5 0.598619
4 4 0.771765
4 5 0.846109
4 5 0.552706
4 4 0.553903
4 5 0.731757
4 5 0.771122
4 5 0.829446
4 4 0.781253
4 4 0.937508
4 5 0.806365
4 6 0.957634
4 4 0.705375
4 4 0.872617
4 5 0.716956
4 4 0.935793
4 5 0.92723
4 4 0.898147
4 5 0.659963
4 3 0.821709
4 5 0.886574
4 4 0.761914
4 5 0.712499
4 4 0.865768
4 5 0.78611
4 5 0.922368
4 5 0.868304
4 4 0.941892
4 5 0.795651
4 4 0.903006
4 4 0.789178
4 5 0.949351
4 4 0.891231
4 4 0.885886
4 5 0.832767
4 5 0.875146
4 4 0.843679
4 4 0.921738
4 4 0.916502
4 4 0.854907
4 4 0.925143
4 5 0.918588
4 5 0.916018
4 4 0.939176
4 4 0.446754
4 3 0.590782
4 4 0.765055
4 4 0.748221
4 4 0.949524
4 4 0.9505
4 5 0.973108
4 5 0.879298
4 5 0.955488
4 4 0.760901
4 5 0.818398
4 5 0.907078
4 4 0.768449
4 4 0.841032
4 5 0.97187
4 6 0.646688
4 5 0.780311
4 4 0.789691
4 4 0.781776
4 4 0.963257
4 5 0.827598
4 5 0.956111
4 4 0.724606
4 4 0.9025
4 5 0.767356
4 5 0.84798
4 4 0.628988
4 4 0.935003
4 4 0.860097
4 4 0.942034
4 5 0.813621
4 4 0.865794
4 4 0.948883
4 5 0.864159
4 4 0.795343
4 4 0.857185
4 4 0.907902
4 5 0.973586
4 5 0.855366
4 4 0.927465
4 4 0.916902
4 4 0.827101
4 4 0.838964
4 4 0.975619
4 4 0.845037
4 5 0.863528
4 4 0.767499
4 4 0.807368
4 5 0.885934
4 4 0.83018
4 4 0.884387
4 4 0.852035
4 5 0.872096
4 4 0.664174
4 4 0.89533
4 5 0.791815
4 4 0.880162
4 5 0.746756
4 5 0.966725
4 5 0.746006
4 5 0.925916
4 5 0.72715
4 4 0.893484
4 5 0.814091
4 4 0.938246
4 5 0.782582
4 4 0.808155
4 4 0.973799
4 5 0.963151
4 4 0.923469
4 4 0.889562
4 4 0.916412
4 3 0.98871
4 3 0.931873
4 5 0.770764
4 5 0.981738
4 5 0.97068
4 4 0.959995
4 5 0.788395
4 4 0.768078
4 5 0.960807
4 4 0.936203
4 5 0.695136
4 4 0.713678
4 4 0.609789
4 4 0.90619
4 5 0.804401
4 5 0.887159
4 4 0.800708
4 5 0.890117
4 4 0.948967
4 5 0.670318
4 4 0.924393
4 5 0.868223
4 4 0.593983
4 4 0.751747
4 4 0.811757
4 5 0.792284
4 4 0.860524
4 5 0.876535
4 4 0.89464
4 4 0.84064
4 4 0.897811
4 5 0.772451
4 4 0.876645
4 5 0.9734
4 5 0.847633
4 5 0.952593
4 5 0.839408
4 4 0.624657
4 5 0.885638
4 4 0.665964
4 5 0.548722
4 4 0.801728
4 4 0.924359
4 5 0.912067
4 5 0.767233
4 4 0.668306
4 5 0.821932
4 4 0.780686
4 6 0.814701
4 3 0.949539
4 4 0.823773
4 5 0.781008
4 4 0.826213
4 4 0.807031
4 5 0.764199
4 4 0.844516
4 4 0.793411
4 4 0.900774
4 5 0.838023
4 4 0.828328
4 4 0.881533
4 5 0.919166
4 5 0.807264
4 4 0.879955
4 5 0.763952
4 4 0.817568
4 4 0.828876
4 5 0.877703
4 4 0.896452
4 5 0.823868
4 4 0.742899
4 4 0.950083
4 5 0.728751
4 5 0.754996
4 5 0.90578
4 5 0.803843
4 5 0.906221
4 4 0.873741
4 6 0.777516
4 5 0.817679
4 5 0.918462
4 4 0.830443
4 5 0.646421
4 5 0.756394
4 5 0.916448
4 5 0.815883
4 5 0.900384
4 5 0.849473
4 4 0.733634
4 5 0.842987
4 4 0.85243
4 5 0.902748
4 4 0.906778
4 5 0.842308
4 5 0.925695
4 5 0.815326
4 5 0.878881
4 5 0.820134
4 4 0.513991
4 4 0.951119
4 4 0.941138
4 5 0.910401
4 5 0.823865
4 4 0.976213
4 5 0.891647
4 4 0.696113
4 5 0.94258
4 5 0.537893
4 4 0.915279
4 4 0.798921
4 5 0.888093
4 5 0.953126
4 5 0.856509
4 4 0.890298
4 4 0.924649
4 5 0.907627
4 3 0.868151
4 4 0.946764
4 5 0.883727
4 5 0.935802
4 4 0.945863
4 4 0.849845
4 5 0.68937
4 5 0.658733
4 4 0.824458
4 4 0.674144
4 4 0.961028
4 4 0.865392
4 4 0.714454
4 4 0.959325
4 5 0.799848
4 4 0.869285
4 4 0.89549
4 5 0.629787
4 4 0.8289
4 5 0.959197
4 4 0.90852
4 5 0.933596
4 5 0.677829
4 5 0.831314
4 4 0.900781
4 4 0.44241
4 5 0.969599
4 4 0.904111
4 4 0.950637
4 5 0.492332
4 5 0.877565
4 5 0.929026
4 4 0.803969
4 4 0.782446
4 5 0.932843
4 4 0.794969
4 5 0.900535
4 5 0.83232
4 4 0.692455
4 4 0.718172
4 4 0.822341
4 5 0.88678
4 5 0.803715
4 5 0.771992
4 5 0.942833
4 5 0.929927
4 4 0.877966
4 4 0.928876
4 4 0.942049
4 5 0.767374
4 5 0.797259
4 4 0.728293
4 5 0.934384
4 4 0.970787
4 4 0.869024
4 5 0.943597
4 5 0.844811
4 5 0.890487
4 5 0.592164
4 5 0.732236
4 5 0.857243
4 5 0.993137
4 5 0.758568
4 5 0.720418
4 5 0.805609
4 4 0.965064
4 5 0.815832
4 4 0.977952
4 4 0.935156
4 4 0.566661
4 5 0.964722
4 3 0.778011
4 5 0.986555
4 4 0.8445
4 5 0.866656
4 5 0.880133
4 5 0.876058
4 4 0.902344
4 4 0.738472
4 5 0.792952
4 4 0.896514
4 5 0.75995
4 4 0.888111
4 5 0.778226
4 5 0.896809
4 4 0.782858
4 5 0.898981
4 4 0.712968
4 5 0.855355
4 5 0.954302
4 5 0.798083
4 4 0.990752
4 5 0.802879
4 5 0.742207
4 5 0.702313
4 5 0.888417
4 4 0.746357
4 5 0.821926
4 5 0.940477
4 5 0.811716
4 5 0.925576
4 4 0.939276
4 5 0.924445
4 4 0.774508
4 4 0.833441
4 4 0.669842
4 5 0.886078
4 4 0.749128
4 4 0.930487
4 4 0.756261
4 4 0.87481
4 5 0.766263
4 5 0.684356
4 4 0.888591
4 4 0.884891
4 5 0.738187
4 5 0.584413
4 4 0.601051
4 4 0.936795
4 4 0.827565
4 4 0.911398
4 5 0.928351
4 4 0.889738
4 4 0.673991
4 5 0.904422
4 4 0.909846
4 5 0.594828
4 4 0.811376
4 4 0.756364
4 5 0.679954
4 5 0.808873
4 5 0.932621
4 5 0.836584
4 5 0.765776
4 4 0.902674
4 4 0.964723
4 4 0.888174
4 5 0.988902
4 5 0.824014
4 5 0.955258
4 5 0.871416
4 4 0.800157
4 5 0.886871
4 4 0.635091
4 4 0.889136
4 4 0.923068
4 5 0.824549
4 4 0.92148
4 5 0.774329
4 5 0.90176
4 4 0.806188
4 5 0.984731
4 4 0.926836
4 4 0.792235
4 4 0.779983
4 5 0.61591
4 4 0.974165
4 4 0.869851
4 4 0.778254
4 4 0.6397
4 3 0.771411
4 4 0.982819
4 3 0.871886
4 4 0.872551
4 5 0.824544
4 4 0.961681
4 5 0.981024
4 4 0.725004
4 4 0.780996
4 5 0.72525
4 4 0.924862
4 4 0.604093
4 5 0.781724
4 4 0.659665
4 6 0.825663
4 4 0.75938
4 4 0.85944
4 5 0.87915
4 4 0.909962
4 5 0.758281
4 4 0.980637
4 4 0.76398
4 5 0.987545
4 4 0.744331
4 5 0.778352
4 4 0.958029
4 5 0.917634
4 5 0.889795
4 5 0.934398
4 5 0.827298
4 4 0.825642
4 4 0.943075
4 5 0.822623
4 4 0.797688
4 5 0.874178
4 4 0.709238
4 5 0.84694
4 5 0.81114
4 4 0.814988
4 5 0.907468
4 4 0.892523
4 5 0.955814
4 5 0.940578
4 4 0.64256
4 4 0.852647
4 5 0.91258
4 4 0.759698
4 5 0.834516
4 5 0.831046
4 5 0.978841
4 4 0.835177
4 4 0.794141
4 4 0.969231
4 5 0.979621
4 5 0.691748
4 4 0.914234
4 5 0.879658
4 5 0.79853
4 4 0.955403
4 4 0.758183
4 4 0.719832
4 5 0.903343
4 5 0.915089
4 4 0.816821
4 4 0.884986
4 5 0.938102
4 4 0.761665
4 6 0.924343
4 5 0.679398
4 5 0.805981
4 5 0.954516
4 5 0.932561
4 5 0.968233
4 5 0.948599
4 4 0.865794
4 4 0.954718
4 4 0.937079
4 4 0.934921
4 5 0.944672
4 5 0.659819
4 5 0.928643
4 4 0.876313
4 4 0.799943
4 4 0.743945
4 5 0.927213
4 5 0.890916
4 4 0.982054
4 5 0.755093
4 5 0.888962
4 4 0.956223
4 4 0.767027
4 4 0.904847
4 4 0.64352
4 4 0.834444
4 4 0.703255
4 4 0.90049
4 4 0.983938
4 5 0.863971
4 4 0.907407
4 5 0.931086
4 4 0.912165
4 5 0.872074
4 4 0.542184
4 4 0.650292
4 4 0.840772
4 4 0.825753
4 5 0.905043
4 5 0.961792
4 5 0.859933
4 5 0.549269
4 5 0.9029
4 4 0.867437
4 5 0.880687
4 4 0.776748
4 5 0.930945
4 5 0.859218
4 4 0.845811
4 6 0.87795
4 5 0.861258
4 5 0.873901
4 4 0.73406
4 5 0.732145
4 4 0.761365
4 5 0.988812
4 6 0.663269
4 5 0.900113
4 4 0.95114
4 4 0.720756
4 5 0.807392
4 5 0.778007
4 6 0.831955
4 4 0.876424
4 4 0.837364
4 4 0.862466
4 6 0.968794
4 5 0.800449
4 5 0.798351
4 4 0.726927
4 5 0.90504
4 5 0.558477
4 4 0.942624
4 4 0.8184
4 5 0.892257
4 4 0.942209
4 5 0.794114
4 5 0.929626
4 4 0.947019
4 5 0.918717
4 5 0.935605
4 4 0.869925
4 4 0.806386
4 5 0.78874
4 3 0.850141
4 4 0.808245
4 4 0.71872
4 4 0.563607
4 5 0.770902
4 5 0.857982
4 5 0.639815
4 5 0.849452
4 6 0.820612
4 4 0.548185
4 5 0.996014
4 4 0.897001
4 4 0.631988
4 4 0.659755
4 4 0.803527
4 5 0.58327
4 5 0.932842
4 5 0.626327
4 5 0.786757
4 4 0.772201
4 5 0.653537
4 5 0.881104
4 4 0.912745
4 4 0.76465
4 4 0.77824
4 3 0.833044
4 4 0.795773
4 3 0.892371
4 4 0.902142
4 5 0.943936
4 4 0.882352
4 4 0.856359
4 4 0.834378
4 4 0.647915
4 4 0.974454
4 5 0.791752
4 4 0.783392
4 5 0.914003
4 4 0.918519
4 5 0.661687
4 4 0.63067
4 4 0.895311
4 5 0.910458
4 4 0.938819
4 5 0.879412
4 5 0.948321
4 4 0.841476
4 5 0.904582
4 5 0.838442
4 5 0.949487
4 4 0.673001
4 4 0.956848
4 5 0.93
4 4 0.957266
4 5 0.726018
4 6 0.878766
4 5 0.750162
4 5 0.872384
4 5 0.958889
4 4 0.80574
4 5 0.667455
4 4 0.929353
4 4 0.975687
4 4 0.931009
4 4 0.872571
4 5 0.791982
4 4 0.91949
4 4 0.924763
4 5 0.842956
4 4 0.924612
4 5 0.908731
4 3 0.937695
4 5 0.935971
4 4 0.7745
4 5 0.754979
4 5 0.972535
4 5 0.914169
4 4 0.812781
4 5 0.976116
4 4 0.776396
4 5 0.913758
4 5 0.957495
4 5 0.660576
4 4 0.629691
4 5 0.913976
4 4 0.753557
4 4 0.789299
4 5 0.823013
4 5 0.676754
4 5 0.759681
4 4 0.976218
4 5 0.809416
4 5 0.874864
4 5 0.920123
4 4 0.956817
4 5 0.885555
4 4 0.913842
4 4 0.921967
4 5 0.978007
4 5 0.885092
4 5 0.86275
4 5 0.925367
4 4 0.904273
4 5 0.755073
4 5 0.975081
4 4 0.950152
4 6 0.800784
4 5 0.879945
4 5 0.955901
4 4 0.984768
4 5 0.960018
4 5 0.978639
4 5 0.927035
4 4 0.636646
4 5 0.872106
4 5 0.772146
4 4 0.877147
4 5 0.954749
4 5 0.947448
4 4 0.782753
4 4 0.870827
4 4 0.811995
4 4 0.724256
4 4 0.840823
4 4 0.938389
4 4 0.882103
4 4 0.867757
4 4 0.756473
4 5 0.570979
4 5 0.961862
4 5 0.86834
4 4 0.828221
4 4 0.938004
4 5 0.902319
4 4 0.911845
4 5 0.930195
4 5 0.969998
4 4 0.469456
4 4 0.824535
4 6 0.80969
4 5 0.944934
4 5 0.934136
4 4 0.858714
4 4 0.932277
4 5 0.900656
4 3 0.775639
4 4 0.962969
4 5 0.814656
4 4 0.881563
4 5 0.827504
4 5 0.892133
4 3 0.900051
4 4 0.957837
4 4 0.855431
4 4 0.866884
4 5 0.758053
4 5 0.835008
4 5 0.655619
4 5 0.906635
4 4 0.764356
4 5 0.653283
4 4 0.875297
4 4 0.823525
4 4 0.752345
4 4 0.56607
4 4 0.887791
4 4 0.801014
4 5 0.661317
4 5 0.758236
4 5 0.672718
4 5 0.72736
4 4 0.915894
4 4 0.860617
4 4 0.760964
4 4 0.945855
4 5 0.717947
4 4 0.713622
4 4 0.798106
4 5 0.816455
4 5 0.77803
4 4 0.553305
4 4 0.702642
4 4 0.745432
4 4 0.563758
4 4 0.950943
4 5 0.949011
4 4 0.804315
4 4 0.787764
4 5 0.76366
4 5 0.881432
4 4 0.956623
4 4 0.889858
4 4 0.940578
4 3 0.866034
4 5 0.855726
4 5 0.711356
4 5 0.974531
4 5 0.803146
4 4 0.969723
4 5 0.939704
4 4 0.896034
4 4 0.834655
4 5 0.910308
4 4 0.919703
4 5 0.792313
4 5 0.852223
4 3 0.928132
4 4 0.558825
4 5 0.644998
4 5 0.887427
4 4 0.843423
4 4 0.880481
4 4 0.871936
4 5 0.93205
4 4 0.932631
4 4 0.980767
4 4 0.765493
4 4 0.956972
4 5 0.954745
4 4 0.950035
4 4 0.809675
4 4 0.810224
4 4 0.89401
4 4 0.908029
4 5 0.891689
4 4 0.892281
4 5 0.773615
4 4 0.761408
4 4 0.87365
4 5 0.766192
4 4 0.9728
4 4 0.970839
4 5 0.803125
4 4 0.882228
4 5 0.876007
4 4 0.924868
4 5 0.744663
4 4 0.810611
4 5 0.818237
4 5 0.916359
4 4 0.768703
4 5 0.93907
4 4 0.950952
4 5 0.72014
4 4 0.70285
4 4 0.977395
4 4 0.693569
4 4 0.95023
4 4 0.935821
4 4 0.951525
4 4 0.762194
4 5 0.7536
4 4 0.936729
4 4 0.872141
4 5 0.917465
4 5 0.882361
4 4 0.78707
4 5 0.726766
4 4 0.93252
4 5 0.755905
4 5 0.920502
4 4 0.979933
4 5 0.890679
4 5 0.814211
4 4 0.92291
4 4 0.846705
4 5 0.779211
4 5 0.926007
4 5 0.791639
4 5 0.817144
4 5 0.803715
4 4 0.93223
4 5 0.948149
4 5 0.90835
4 5 0.8858
4 4 0.922862
4 5 0.97987
4 5 0.803602
4 5 0.690888
4 4 0.925027
4 4 0.852567
4 5 0.988675
4 4 0.85758
4 4 0.648277
4 5 0.82522
4 5 0.673295
4 5 0.863856
4 4 0.726932
4 4 0.726569
4 5 0.898031
4 4 0.881126
4 5 0.616829
4 4 0.605649
4 4 0.846387
4 4 0.884979
4 4 0.940957
4 5 0.895826
4 5 0.781712
4 5 0.890151
4 5 0.50584
4 5 0.723309
4 5 0.713051
4 5 0.922537
4 4 0.88914
4 4 0.913893
4 5 0.815774
4 5 0.923587
4 4 0.811604
4 5 0.819864
4 5 0.686623
4 4 0.895479
4 4 0.992871
4 4 0.735909
4 5 0.949968
4 4 0.864918
4 4 0.799835
4 4 0.82381
4 5 0.884558
4 4 0.930635
4 4 0.948787
4 5 0.929722
4 5 0.949094
4 5 0.681661
4 3 0.873772
4 4 0.678392
4 5 0.809536
4 5 0.849982
4 4 0.867442
4 5 0.978135
4 5 0.868073
4 5 0.925097
4 5 0.832202
4 5 0.91348
4 4 0.778151
4 5 0.81344
4 4 0.700259
4 5 0.814368
4 4 0.928383
4 4 0.634275
4 5 0.838411
4 4 0.846171
4 5 0.990753
4 5 0.925021
4 5 0.900383
4 4 0.965543
4 5 0.659383
4 5 0.887397
4 4 0.594959
4 4 0.784565
4 4 0.857246
4 5 0.933745
4 5 0.727034
4 5 0.738049
4 5 0.860197
4 5 0.917644
4 4 0.907903
4 5 0.895618
4 4 0.878059
4 5 0.927063
4 5 0.918609
4 4 0.770727
4 5 0.922496
4 5 0.908294
4 4 0.832463
4 5 0.9721
4 4 0.821273
4 4 0.892979
4 5 0.980982
4 5 0.953573
4 4 0.877231
4 4 0.800149
4 5 0.850132
4 5 0.827676
4 4 0.883949
4 4 0.947089
4 4 0.741603
4 4 0.954265
4 4 0.622039
4 4 0.859692
4 4 0.960427
4 5 0.92351
4 5 0.985936
4 6 0.862319
4 5 0.867944
4 3 0.884838
4 4 0.818779
4 4 0.885376
4 4 0.759836
4 5 0.920753
4 5 0.657496
4 4 0.972817
4 5 0.759704
4 4 0.793585
4 4 0.612805
4 4 0.944926
4 4 0.949634
4 5 0.894692
4 4 0.937258
4 4 0.831462
4 4 0.66929
4 4 0.96233
4 5 0.673084
4 4 0.777745
4 4 0.968417
4 4 0.921372
4 5 0.894322
4 4 0.842685
4 5 0.928033
4 3 0.78234
4 4 0.711471
4 4 0.687433
4 5 0.693824
4 5 0.850577
4 4 0.623302
4 4 0.734187
4 5 0.913428
4 5 0.907395
4 4 0.828871
4 4 0.866611
4 4 0.916412
4 5 0.935159
4 5 0.776701
4 4 0.820897
4 4 0.74626
4 4 0.92413
4 4 0.700292
4 5 0.589046
4 5 0.932288
4 4 0.940582
4 4 0.944389
4 5 0.912897
4 5 0.834096
4 4 0.86369
4 4 0.957503
4 4 0.900559
4 4 0.761856
4 5 0.786537
4 5 0.79062
4 5 0.782655
4 5 0.846025
4 5 0.79561
4 5 0.789229
4 4 0.828139
4 5 0.947636
4 4 0.728613
4 5 0.974093
4 5 0.858688
4 4 0.786129
4 4 0.854889
4 4 0.736113
4 4 0.851899
4 5 0.768267
4 4 0.952246
4 3 0.949906
4 5 0.698359
4 5 0.756758
4 5 0.843794
4 5 0.583512
4 4 0.798472
4 5 0.824959
4 5 0.855412
4 4 0.7949
4 5 0.763305
4 5 0.835666
4 4 0.834114
4 4 0.922866
4 4 0.450303
4 4 0.757299
4 5 0.952787
4 5 0.825476
4 5 0.910896
4 4 0.898739
4 5 0.991462
4 4 0.894847
4 6 0.616431
4 4 0.948878
4 6 0.917613
4 4 0.83071
4 5 0.722055
4 5 0.884296
4 4 0.714107
4 4 0.629821
4 4 0.629759
4 4 0.837534
4 4 0.957818
4 4 0.913341
4 4 0.934433
4 5 0.835105
4 4 0.644337
4 4 0.892848
4 4 0.949582
4 5 0.919726
4 3 0.788939
4 4 0.835128
4 4 0.913591
4 4 0.84674
4 4 0.826311
4 5 0.474848
4 4 0.6977
4 5 0.944047
4 5 0.905513
4 5 0.834085
4 4 0.989604
4 4 0.729226
4 5 0.888772
4 4 0.823321
4 5 0.951274
4 4 0.803443
4 5 0.86472
4 5 0.829796
4 5 0.631322
4 5 0.867768
4 4 0.679052
4 4 0.945193
4 3 0.828375
4 5 0.964955
4 4 0.949018
4 5 0.883915
4 5 0.917708
4 3 0.830187
4 5 0.877483
4 3 0.955002
4 5 0.657184
4 5 0.906468
4 4 0.767675
4 4 0.988885
4 4 0.920427
4 4 0.889691
4 5 0.892349
4 5 0.924097
4 5 0.816295
4 4 0.726289
4 3 0.649066
4 4 0.754365
4 4 0.927358
4 4 0.909047
4 5 0.860745
4 5 0.947564
4 5 0.833719
4 4 0.922097
4 4 0.866685
4 5 0.639126
4 4 0.917498
4 4 0.846256
4 4 0.885852
4 4 0.874889
4 6 0.940067
4 5 0.986199
4 5 0.872331
4 5 0.698725
4 4 0.953283
4 4 0.623661
4 5 0.930807
4 5 0.843416
4 3 0.701077
4 5 0.699165
4 6 0.926574
4 5 0.892593
4 4 0.791646
4 5 0.613236
4 4 0.546143
4 5 0.963247
4 4 0.803989
4 5 0.940538
4 4 0.763201
4 4 0.771684
4 4 0.747926
4 5 0.858153
4 4 0.82617
4 5 0.887485
4 5 0.806874
4 4 0.574844
4 5 0.800399
4 4 0.77012
4 4 0.879725
4 5 0.893378
4 4 0.637175
4 5 0.742198
4 5 0.879844
4 5 0.950427
4 4 0.812266
4 4 0.924987
4 4 0.912221
4 4 0.876122
4 4 0.846679
4 3 0.667262
4 4 0.817768
4 5 0.925628
4 4 0.794222
4 4 0.82713
4 6 0.758975
4 4 0.940014
4 5 0.901083
4 5 0.855147
4 4 0.987794
4 4 0.755349
4 4 0.951222
4 4 0.866607
4 4 0.935939
4 5 0.648912
4 4 0.743635
4 5 0.587295
4 4 0.843563
4 5 0.525402
4 4 0.705118
4 5 0.971135
4 4 0.76023
4 5 0.912813
4 5 0.940971
4 4 0.798356
4 4 0.967917
4 4 0.881527
4 4 0.859107
4 4 0.902127
4 4 0.81747
4 5 0.924057
4 6 0.849698
4 4 0.806339
4 5 0.871156
4 5 0.629082
4 4 0.869646
4 4 0.680912
4 6 0.875345
4 5 0.902393
4 5 0.984627
4 4 0.799119
4 5 0.793529
4 5 0.656515
4 5 0.881698
4 4 0.765189
4 5 0.819856
4 5 0.85266
4 5 0.607065
4 4 0.878619
4 5 0.973168
4 5 0.914027
4 4 0.91025
4 5 0.912118
4 5 0.946417
4 4 0.912065
4 5 0.904306
4 5 0.712932
4 4 0.976041
4 5 0.900465
4 5 0.844076
4 5 0.812149
4 4 0.684315
4 4 0.863988
4 5 0.813831
4 4 0.828279
4 4 0.558624
4 4 0.76487
4 5 0.926313
4 4 0.792766
4 4 0.950325
4 4 0.738391
4 4 0.801998
4 5 0.762706
4 5 0.942316
4 5 0.920983
4 4 0.790585
4 5 0.974058
4 4 0.935279
4 5 0.940128
4 4 0.769554
4 6 0.92053
4 4 0.670821
4 5 0.895586
4 5 0.903694
4 4 0.718613
4 4 0.753167
4 5 0.941616
4 4 0.718147
4 4 0.693178
4 3 0.711941
4 4 0.649477
4 5 0.837618
4 5 0.898945
4 4 0.955649
4 4 0.5549
4 5 0.770145
4 5 0.869419
4 5 0.844105
4 5 0.890596
4 5 0.852197
4 4 0.720191
4 5 0.937699
4 5 0.856959
4 3 0.827935
4 5 0.819276
4 4 0.647865
4 5 0.64914
4 5 0.925323
4 5 0.932753
4 3 0.916462
4 5 0.924479
4 5 0.903377
4 5 0.823359
4 5 0.693177
4 5 0.691453
4 4 0.914076
4 5 0.81684
4 4 0.882909
4 5 0.838351
4 5 0.93833
4 4 0.737599
4 4 0.731161
4 4 0.529176
4 4 0.775238
4 4 0.929928
4 4 0.548559
4 5 0.45039
4 4 0.97527
4 5 0.89746
4 5 0.761092
4 4 0.901502
4 4 0.935055
4 4 0.784817
4 4 0.672309
4 5 0.928397
4 4 0.877258
4 3 0.697296
4 4 0.902092
4 5 0.980501
4 5 0.793869
4 4 0.947341
4 4 0.834276
4 5 0.769032
4 5 0.762478
4 4 0.926962
4 4 0.960016
4 4 0.691403
4 4 0.730262
4 4 0.830201
4 4 0.794739
4 4 0.918302
4 5 0.939146
4 5 0.930601
4 5 0.776237
4 4 0.868121
4 5 0.779937
4 6 0.590377
4 5 0.827644
4 4 0.785869
4 4 0.909189
4 5 0.816773
4 4 0.945381
4 6 0.669282
4 5 0.900954
4 5 0.793392
4 4 0.59206
4 4 0.891059
4 4 0.584721
4 4 0.923499
4 4 0.82428
4 4 0.764802
4 4 0.86892
4 4 0.909598
4 4 0.913569
4 4 0.925621
4 5 0.817288
4 4 0.973479
4 5 0.914206
4 4 0.522464
4 5 0.686754
4 5 0.842029
4 5 0.561697
4 4 0.981191
4 5 0.86698
4 4 0.959703
4 4 0.795596
4 5 0.768836
4 6 0.879499
4 4 0.714671
4 4 0.740804
4 4 0.702513
4 4 0.925182
4 4 0.670203
4 4 0.800716
4 4 0.415785
4 5 0.802466
4 5 0.842036
4 4 0.561199
4 4 0.832417
4 4 0.716384
4 5 0.671201
4 5 0.598764
4 5 0.726954
4 5 0.869236
4 5 0.802301
4 5 0.879031
4 5 0.690176
4 4 0.929935
4 5 0.820308
4 5 0.851041
4 5 0.786561
4 5 0.876289
4 4 0.846516
4 4 0.832991
4 5 0.942704
4 5 0.95548
4 4 0.736886
4 5 0.891076
4 5 0.671155
4 5 0.825735
4 5 0.855383
4 5 0.986913
4 5 0.760739
4 5 0.600117
4 4 0.96907
4 4 0.978435
4 4 0.810717
4 4 0.794858
4 5 0.587682
4 6 0.669742
4 5 0.789833
4 5 0.869255
4 5 0.836569
4 4 0.872554
4 4 0.845566
4 4 0.710571
4 4 0.918549
4 5 0.721169
4 5 0.73369
4 4 0.895014
4 4 0.767447
4 4 0.854225
4 5 0.848931
4 5 0.779699
4 4 0.924567
4 5 0.898627
4 4 0.905513
4 4 0.806788
4 6 0.83337
4 5 0.926992
4 5 0.801768
4 5 0.943725
4 4 0.718009
4 5 0.776921
4 5 0.659529
4 4 0.980534
4 4 0.986245
4 4 0.838938
4 4 0.669327
4 5 0.952437
4 5 0.858283
4 5 0.745461
4 5 0.832135
4 5 0.822863
4 4 0.861348
4 4 0.914952
4 4 0.834448
4 5 0.9407
4 4 0.926536
4 5 0.702381
4 5 0.939275
4 5 0.862461
4 5 0.716483
4 6 0.560588
4 5 0.926437
4 5 0.905325
4 5 0.755488
4 3 0.879704
4 5 0.663286
4 5 0.993055
4 5 0.682619
4 5 0.713907
4 4 0.765222
4 4 0.728305
4 5 0.830812
4 4 0.880984
4 5 0.844775
4 5 0.819453
4 5 0.854029
4 4 0.854199
4 4 0.98043
4 5 0.694073
4 5 0.908593
4 4 0.560651
4 5 0.903948
4 4 0.88017
4 4 0.805942
4 4 0.925968
4 4 0.838805
4 4 0.794491
4 4 0.842437
4 5 0.670736
4 4 0.97521
4 4 0.799493
4 4 0.735698
4 5 0.852178
4 5 0.841705
4 4 0.767337
4 4 0.73183
4 4 0.937839
4 4 0.901894
4 5 0.994459
4 5 0.695239
4 5 0.934169
4 4 0.888901
4 5 0.765249
4 5 0.936837
4 5 0.851649
4 6 0.647581
4 5 0.877745
4 5 0.818759
4 4 0.911977
4 4 0.914134
4 4 0.772917
4 5 0.818854
4 5 0.693083
4 5 0.926498
4 5 0.867049
4 4 0.799765
4 5 0.847817
4 5 0.852673
4 4 0.818006
4 4 0.961651
4 4 0.929073
4 5 0.908245
4 3 0.673731
4 4 0.935809
4 5 0.921262
4 4 0.768922
4 5 0.859316
4 4 0.852596
4 5 0.910192
4 5 0.946236
4 5 0.929784
4 4 0.894561
4 4 0.62998
4 4 0.74902
4 5 0.712039
4 4 0.986362
4 5 0.971959
4 5 0.93156
4 5 0.956726
4 4 0.741709
4 6 0.886322
4 4 0.933044
4 5 0.88399
4 5 0.914681
4 4 0.701081
4 4 0.818942
4 4 0.596026
4 5 0.847454
4 4 0.864257
4 4 0.779285
4 5 0.901641
4 5 0.861874
4 5 0.782909
4 5 0.815115
4 5 0.536781
4 5 0.780795
4 4 0.814262
4 4 0.884405
4 4 0.865477
4 5 0.797056
4 4 0.9272
4 5 0.667021
4 5 0.874192
4 4 0.786364
4 5 0.824106
4 6 0.837159
4 4 0.752312
4 4 0.83219
4 4 0.80648
4 5 0.941053
4 6 0.894246
4 4 0.939629
4 5 0.937437
4 4 0.93319
4 4 0.898442
4 3 0.8485
4 5 0.80958
4 4 0.731961
4 4 0.757641
4 5 0.946447
4 5 0.806457
4 5 0.763103
4 5 0.793258
4 4 0.76128
4 5 0.858945
4 5 0.764466
4 5 0.860024
4 5 0.915108
4 4 0.959811
4 4 0.708452
4 4 0.855245
4 4 0.870674
4 5 0.770059
4 5 0.950059
4 5 0.782331
4 4 0.937855
4 5 0.75263
4 5 0.731832
4 4 0.580057
4 5 0.879441
4 4 0.976873
4 4 0.923315
4 6 0.750566
4 4 0.855717
4 5 0.698299
4 4 0.955531
4 5 0.660314
4 5 0.808481
4 5 0.880995
4 5 0.862668
4 6 0.834262
4 4 0.922378
4 4 0.800446
4 4 0.591403
4 5 0.778122
4 5 0.839434
4 5 0.670146
4 5 0.894674
4 4 0.895627
4 3 0.925497
4 4 0.906556
4 5 0.671186
4 4 0.890452
4 3 0.954932
4 4 0.89059
4 4 0.801055
4 5 0.655889
4 6 0.82235
4 4 0.997837
4 4 0.933189
4 4 0.694673
4 4 0.83844
4 4 0.802168
4 5 0.827191
4 5 0.973178
4 5 0.928966
4 4 0.883739
4 5 0.918884
4 5 0.897464
4 4 0.73859
4 4 0.830694
4 5 0.775859
4 5 0.943716
4 5 0.978519
4 5 0.775001
4 3 0.722764
4 4 0.906063
4 5 0.94342
4 4 0.766401
4 5 0.759171
4 5 0.920775
4 4 0.70354
4 5 0.806359
4 4 0.652009
4 5 0.826253
4 4 0.588492
4 4 0.770403
4 5 0.670575
4 4 0.780957
4 5 0.893155
4 5 0.680871
4 5 0.841437
4 4 0.986313
4 4 0.922569
4 4 0.732796
4 5 0.924644
4 5 0.794022
4 4 0.753876
4 5 0.9579
4 5 0.843725
4 4 0.668793
4 5 0.852704
4 5 0.904541
4 4 0.842966
4 4 0.971849
4 4 0.88334
4 4 0.944469
4 5 0.887876
4 5 0.902366
4 4 0.762065
4 6 0.882712
4 5 0.803716
4 5 0.962131
4 5 0.75446
4 5 0.676276
4 5 0.986748
4 4 0.909356
4 3 0.9683
4 5 0.806574
4 5 0.840882
4 4 0.963423
4 4 0.615123
4 5 0.822848
4 5 0.594098
4 5 0.865962
4 5 0.667142
4 4 0.97937
4 5 0.904558
4 6 0.800884
4 4 0.85696
4 5 0.738102
4 4 0.799846
4 5 0.823301
4 4 0.96444
4 4 0.985431
4 5 0.94301
4 5 0.663162
4 4 0.919247
4 4 0.597136
4 4 0.992349
4 5 0.894419
4 5 0.793597
4 4 0.937469
4 4 0.803033
4 5 0.816099
4 4 0.826337
4 4 0.856447
4 4 0.863261
4 5 0.732013
4 4 0.902828
4 4 0.934137
4 4 0.868434
4 5 0.838044
4 4 0.782437
4 5 0.960484
4 6 0.75082
4 4 0.95944
4 5 0.847994
4 5 0.663584
4 5 0.884898
4 5 0.921417
4 5 0.847574
4 5 0.831068
4 5 0.882044
4 4 0.937948
4 4 0.94204
4 4 0.583508
4 5 0.917853
4 5 0.691879
4 4 0.829993
4 4 0.847966
4 5 0.660634
4 4 0.826168
4 4 0.688543
4 5 0.913616
4 4 0.798726
4 4 0.914368
4 4 0.944907
4 4 0.903651
4 5 0.780761
4 5 0.705422
4 4 0.754062
4 4 0.966443
4 4 0.972927
4 4 0.853595
4 4 0.922118
4 5 0.841748
4 4 0.904921
4 5 0.856867
4 5 0.749402
4 4 0.735916
4 5 0.635048
4 5 0.917492
4 5 0.933494
4 4 0.765957
4 4 0.919951
4 5 0.813211
4 5 0.886654
4 4 0.805318
4 5 0.655163
4 4 0.656308
4 4 0.799172
4 5 0.788261
4 5 0.923627
4 5 0.97433
4 5 0.704295
4 4 0.822254
4 5 0.877489
4 4 0.790317
4 3 0.757954
4 4 0.898934
4 5 0.597413
4 5 0.876854
4 3 0.906421
4 4 0.892031
4 5 0.555926
4 5 0.990945
4 5 0.529328
4 4 0.703175
4 4 0.662514
4 4 0.865556
4 5 0.779781
4 4 0.858656
4 4 0.835902
4 4 0.901961
4 5 0.821846
4 4 0.869937
4 5 0.853652
4 4 0.969205
4 5 0.848692
4 4 0.929504
4 4 0.923792
4 5 0.944404
4 6 0.64307
4 4 0.794473
4 5 0.977786
4 5 0.878004
4 5 0.968149
4 3 0.890912
4 4 0.943997
4 4 0.816497
4 4 0.961288
4 4 0.944233
4 4 0.965142
4 4 0.942867
4 5 0.954192
4 5 0.703911
4 4 0.761277
4 5 0.870932
4 5 0.958002
4 4 0.818661
4 5 0.73907
4 5 0.693991
4 4 0.788864
4 5 0.953416
4 5 0.917203
4 4 0.640637
4 4 0.852658
4 5 0.886253
4 5 0.882685
4 4 0.754033
4 5 0.82674
4 4 0.971282
4 4 0.81048
4 5 0.902991
4 4 0.908414
4 4 0.860048
4 4 0.920064
4 5 0.62374
4 4 0.818538
4 4 0.88396
4 4 0.785585
4 4 0.949
4 4 0.941042
4 5 0.842181
4 6 0.714848
4 5 0.910417
4 6 0.79047
4 4 0.587871
4 6 0.849726
4 4 0.715839
4 4 0.90176
4 5 0.902194
4 5 0.904596
4 5 0.707676
4 4 0.855153
4 4 0.574903
4 4 0.69183
4 5 0.803386
4 5 0.706676
4 4 0.932177
4 5 0.824399
4 5 0.89345
4 4 0.874072
4 4 0.689864
4 5 0.829525
4 4 0.745389
4 4 0.671126
4 5 0.933105
4 4 0.799753
4 5 0.832635
4 5 0.734631
4 4 0.9159
4 5 0.767453
4 5 0.722339
4 5 0.91641
4 5 0.913963
4 5 0.848269
4 4 0.927558
4 4 0.967207
4 5 0.847365
4 4 0.895669
4 4 0.939351
4 5 0.670423
4 4 0.963679
4 5 0.809742
4 5 0.821577
4 4 0.776034
4 4 0.696432
4 4 0.839302
4 5 0.839474
4 4 0.709938
4 5 0.947031
4 4 0.881314
4 4 0.880794
4 4 0.875171
4 5 0.68088
4 5 0.948902
4 4 0.901238
4 3 0.880994
4 3 0.671445
4 4 0.896513
4 6 0.841514
4 4 0.899135
4 4 0.860675
4 4 0.932039
4 5 0.909526
4 5 0.701285
4 5 0.785932
4 5 0.92048
4 4 0.598229
4 3 0.782118
4 4 0.979893
4 3 0.839374
4 5 0.808945
4 5 0.689112
4 4 0.819325
4 4 0.910259
4 4 0.913397
4 4 0.952923
4 4 0.84973
4 4 0.962766
4 4 0.843699
4 4 0.893967
4 4 0.831688
4 5 0.797314
4 4 0.750146
4 5 0.894693
4 5 0.761242
4 4 0.778204
4 4 0.940392
4 5 0.803904
4 5 0.974231
4 4 0.619407
4 4 0.925669
4 4 0.855268
4 4 0.623108
4 4 0.971604
4 4 0.897969
4 5 0.751382
4 5 0.922961
4 5 0.717488
4 4 0.875224
4 4 0.918218
4 5 0.944214
4 5 0.813221
4 5 0.864412
4 4 0.730274
4 5 0.554475
4 5 0.959496
4 5 0.777854
4 6 0.805645
4 5 0.813314
4 4 0.832718
4 4 0.833265
4 5 0.747859
4 5 0.778629
4 5 0.725757
4 4 0.633372
4 5 0.767137
4 5 0.806272
4 5 0.891518
4 4 0.960918
4 5 0.808483
4 5 0.923835
4 5 0.74887
4 5 0.814661
4 5 0.734517
4 5 0.809187
4 5 0.803043
4 5 0.671492
4 4 0.871542
4 5 0.707457
4 4 0.843022
4 5 0.803905
4 4 0.672624
4 5 0.953737
4 4 0.889646
4 4 0.814193
4 4 0.814851
4 4 0.752256
4 5 0.645077
4 5 0.927568
4 5 0.945039
4 5 0.61645
4 4 0.77991
4 4 0.783228
4 4 0.991766
4 4 0.934098
4 4 0.853579
4 5 0.932737
4 4 0.920172
4 4 0.932195
4 5 0.909085
4 5 0.843517
4 4 0.638888
4 4 0.688274
4 5 0.745869
4 4 0.915065
4 4 0.877038
4 4 0.85755
4 5 0.891779
4 4 0.797059
4 4 0.797572
4 5 0.8301
4 4 0.817368
4 4 0.9252
4 6 0.849631
4 4 0.945492
4 5 0.707085
4 5 0.915826
4 5 0.979287
4 4 0.765329
4 4 0.736448
4 5 0.859695
4 4 0.706454
4 4 0.946896
4 4 0.865348
4 5 0.990362
4 5 0.931131
4 5 0.933365
4 4 0.852003
4 4 0.738904
4 5 0.809647
4 5 0.974064
4 5 0.789786
4 5 0.956546
4 4 0.928392
4 5 0.624592
4 4 0.756186
4 5 0.850223
4 4 0.796301
4 5 0.840718
4 5 0.623435
4 5 0.711553
4 5 0.86076
4 4 0.856753
4 5 0.796042
4 4 0.754103
4 5 0.927199
4 5 0.894544
4 5 0.864701
4 4 0.804977
4 5 0.821034
4 5 0.861267
4 5 0.911132
4 4 0.856397
4 5 0.970437
4 5 0.916334
4 5 0.759987
4 5 0.887125
4 4 0.573976
4 5 0.978466
4 5 0.712673
4 5 0.840879
4 5 0.674061
4 5 0.975599
4 4 0.669358
4 4 0.778857
4 5 0.886478
4 4 0.961155
4 3 0.961494
4 4 0.706465
4 4 0.862782
4 5 0.797412
4 4 0.964552
4 4 0.803468
4 4 0.732732
4 4 0.709583
4 4 0.886163
4 4 0.95517
4 5 0.967487
4 5 0.880806
4 4 0.578799
4 4 0.732807
4 5 0.8558
4 3 0.680192
4 5 0.860317
4 5 0.885768
4 4 0.880477
4 5 0.965763
4 5 0.838914
4 4 0.88467
4 4 0.924948
4 5 0.764798
4 4 0.932377
4 4 0.702615
4 5 0.838252
4 5 0.809377
4 5 0.777301
4 5 0.675267
4 5 0.84699
4 5 0.948051
4 4 0.907829
4 5 0.874258
4 5 0.703441
4 5 0.798078
4 5 0.735698
4 5 0.728099
4 3 0.826939
4 5 0.699163
4 4 0.99119
4 4 0.747734
4 4 0.856366
4 4 0.935885
4 4 0.82716
4 5 0.792858
4 5 0.923347
4 5 0.852193
4 4 0.677033
4 5 0.882894
4 5 0.978824
4 5 0.938942
4 4 0.936399
4 5 0.908291
4 4 0.847767
4 4 0.928623
4 5 0.90273
4 4 0.948819
4 5 0.991847
4 4 0.716806
4 4 0.833363
4 5 0.715374
4 5 0.596414
4 4 0.90922
4 4 0.760548
4 5 0.65628
4 5 0.789831
4 4 0.836018
4 4 0.876972
4 4 0.853968
4 5 0.949489
4 5 0.917383
4 5 0.815378
4 5 0.699637
4 4 0.834629
4 4 0.996287
4 5 0.858692
4 5 0.900682
4 4 0.92852
4 5 0.556963
4 4 0.749868
4 5 0.928863
4 5 0.921356
4 5 0.954969
4 3 0.761509
4 4 0.92392
4 4 0.835907
4 5 0.829349
4 4 0.878196
4 5 0.678416
4 4 0.747361
4 5 0.892505
4 5 0.860088
4 4 0.853925
4 4 0.887661
4 4 0.822682
4 4 0.899265
4 5 0.861877
4 5 0.746846
4 3 0.892192
4 5 0.922065
4 4 0.864554
4 5 0.875171
4 4 0.734018
4 4 0.961142
4 6 0.882377
4 3 0.732839
4 5 0.881387
4 5 0.777093
4 3 0.799952
4 4 0.893123
4 5 0.775004
4 5 0.770922
4 5 0.876901
4 4 0.980082
4 4 0.918677
4 5 0.501633
4 4 0.829167
4 5 0.971841
4 4 0.701926
4 4 0.70219
4 5 0.96139
4 4 0.938068
4 4 0.909614
4 5 0.869625
4 4 0.922388
4 4 0.884978
4 4 0.921257
4 4 0.738488
4 5 0.89401
4 4 0.765866
4 5 0.698523
4 5 0.913057
4 4 0.475887
4 5 0.97918
4 4 0.86097
4 4 0.913534
4 4 0.791894
4 4 0.762203
4 5 0.908217
4 4 0.890847
4 5 0.668568
4 4 0.891151
4 4 0.901379
4 5 0.874042
4 5 0.81493
4 5 0.809213
4 4 0.82796
4 4 0.918676
4 5 0.888656
4 4 0.781692
4 4 0.588699
4 5 0.948295
4 4 0.872512
4 5 0.781364
4 4 0.870246
4 5 0.905038
4 4 0.880377
4 5 0.698383
4 4 0.845948
4 4 0.839974
4 4 0.638585
4 4 0.907282
4 5 0.952836
4 5 0.845764
4 5 0.813785
4 4 0.865616
4 6 0.824612
4 5 0.82791
4 5 0.955969
4 5 0.922928
4 4 0.768327
4 5 0.943369
4 5 0.830765
4 5 0.940287
4 4 0.890203
4 5 0.91719
4 4 0.759163
4 5 0.909544
4 5 0.644455
4 4 0.707701
4 4 0.805384
4 4 0.791737
4 5 0.913359
4 4 0.686069
4 5 0.817652
4 5 0.863586
4 5 0.883931
4 5 0.849963
4 5 0.937462
4 4 0.833779
4 5 0.879847
4 4 0.867771
4 4 0.782033
4 5 0.912121
4 4 0.824934
4 4 0.949196
4 4 0.81787
4 4 0.876033
4 5 0.925026
4 5 0.762712
4 5 0.860605
4 5 0.899838
4 4 0.872591
4 5 0.82049
4 5 0.741692
4 5 0.891975
4 4 0.881288
4 4 0.790111
4 6 0.672043
4 4 0.901555
4 4 0.845678
4 4 0.863016
4 4 0.649097
4 4 0.906938
4 5 0.825156
4 4 0.760923
4 4 0.761142
4 4 0.934197
4 4 0.866458
4 5 0.884203
4 5 0.946253
4 4 0.771514
4 5 0.965979
4 4 0.918332
4 5 0.874509
4 4 0.618947
4 5 0.818686
4 4 0.949322
4 5 0.787752
4 5 0.831607
4 4 0.780133
4 4 0.754319
4 4 0.897501
4 5 0.646641
4 4 0.839413
4 4 0.817439
4 5 0.716517
4 4 0.87354
4 5 0.75449
4 5 0.85129
4 4 0.86885
4 5 0.863945
4 5 0.762391
4 6 0.798249
4 4 0.758971
4 4 0.783488
4 4 0.854284
4 4 0.903076
4 5 0.753454
4 4 0.77469
4 5 0.855352
4 4 0.813345
4 5 0.807043
4 4 0.9408
4 5 0.860817
4 5 0.609992
4 4 0.845693
4 4 0.945166
4 4 0.54271
4 4 0.897371
4 4 0.878098
4 4 0.729689
4 5 0.810166
4 4 0.902777
4 4 0.882562
4 4 0.882411
4 5 0.580108
4 5 0.748377
4 4 0.895462
4 4 0.944058
4 4 0.963904
4 5 0.978461
4 5 0.90422
4 4 0.825835
4 5 0.850441
4 5 0.908729
4 5 0.77174
4 5 0.861619
4 4 0.725369
4 4 0.691404
4 5 0.750099
4 5 0.954693
4 4 0.94238
4 4 0.794033
4 4 0.943059
4 4 0.958785
4 5 0.772443
4 5 0.733817
4 6 0.811801
4 5 0.903312
4 5 0.895293
4 5 0.742938
4 5 0.876419
4 4 0.961428
4 4 0.842016
4 4 0.950952
4 4 0.73558
4 4 0.898061
4 4 0.890062
4 4 0.855274
4 3 0.691758
4 5 0.695307
4 5 0.932653
4 4 0.79223
4 5 0.774978
4 4 0.830508
4 5 0.976096
4 4 0.993063
4 5 0.826621
4 4 0.677937
4 4 0.910815
4 5 0.947727
4 5 0.975928
4 4 0.826381
4 4 0.873346
4 5 0.782458
4 4 0.89151
4 5 0.706226
4 5 0.88914
4 4 0.629567
4 5 0.975022
4 5 0.722033
4 4 0.608987
4 5 0.857149
4 4 0.696698
4 5 0.939756
4 6 0.878483
4 4 0.91963
4 5 0.881903
4 4 0.937826
4 5 0.951287
4 4 0.888094
4 4 0.709648
4 5 0.855311
4 4 0.803635
4 5 0.892249
4 5 0.663808
4 5 0.828177
4 4 0.970633
4 5 0.978744
4 5 0.84315
4 5 0.788603
4 4 0.980609
4 5 0.771573
4 4 0.924044
4 5 0.709549
4 5 0.946087
4 4 0.810538
4 5 0.862554
4 6 0.717485
4 6 0.64871
4 5 0.748111
4 4 0.949768
4 4 0.881606
4 4 0.836287
4 5 0.647749
4 5 0.841793
4 4 0.876168
4 4 0.873764
4 5 0.907393
4 4 0.627386
4 4 0.886371
4 4 0.703072
4 6 0.593124
4 4 0.93943
4 4 0.796645
4 4 0.699747
4 5 0.979854
4 5 0.950389
4 4 0.748159
4 5 0.816043
4 5 0.537456
4 4 0.981179
4 4 0.713028
4 4 0.859245
4 4 0.881273
4 5 0.810274
4 4 0.722305
4 5 0.625965
4 4 0.935146
4 4 0.816534
4 4 0.698854
4 5 0.825684
4 4 0.92199
4 4 0.76583
4 4 0.746229
4 5 0.575297
4 5 0.814226
4 5 0.909843
4 5 0.783886
4 5 0.726347
4 5 0.75045
4 4 0.83141
4 4 0.700322
4 5 0.886182
4 5 0.935416
4 5 0.819059
4 4 0.965439
4 5 0.864281
4 4 0.721543
4 4 0.781455
4 5 0.810872
4 5 0.655803
4 4 0.875718
4 5 0.69892
4 5 0.90333
4 4 0.752101
4 5 0.991853
4 4 0.87903
4 4 0.973107
4 4 0.918418
4 4 0.797801
4 5 0.660564
4 4 0.89365
4 5 0.916585
4 4 0.870661
4 5 0.787408
4 4 0.895072
4 3 0.785325
4 5 0.964325
4 5 0.905792
4 3 0.721747
4 6 0.78185
4 4 0.589054
4 3 0.85408
4 4 0.966354
4 5 0.913231
4 5 0.94323
4 4 0.63174
4 4 0.787976
4 4 0.926619
4 5 0.819975
4 4 0.721859
4 5 0.8765
4 5 0.775209
4 4 0.796831
4 4 0.737557
4 4 0.70855
4 5 0.802477
4 5 0.963693
4 3 0.655204
4 4 0.755436
4 4 0.797547
4 4 0.872555
4 4 0.937378
4 3 0.883743
4 4 0.935276
4 5 0.848874
4 5 0.794694
4 4 0.859874
4 4 0.918478
4 4 0.901683
4 4 0.693542
4 5 0.645698
4 5 0.971838
4 4 0.965449
4 4 0.932734
4 5 0.861015
4 5 0.754736
4 4 0.976271
4 5 0.680415
4 5 1
4 5 1
4 6 1
4 4 1
4 4 1
4 4 1
4 4 1
4 5 1
4 5 1
4 4 1
4 4 1
4 5 1
4 4 1
4 5 1
4 5 1
4 4 1
4 5 1
4 5 1
4 4 1
4 5 1
4 4 1
4 5 1
4 5 1
4 3 1
4 4 1
4 3 1
4 5 1
4 5 1
4 5 1
4 5 1
4 4 1
4 4 1
4 4 1
4 5 1
4 5 1
4 5 1
4 4 1
4 4 1
4 5 1
4 4 1
4 4 1
4 4 1
4 4 1
4 4 1
4 4 1
4 5 1
4 4 1
4 5 1
4 6 1
4 5 1
4 4 1
4 4 1
4 5 1
4 4 1
4 4 1
4 4 1
4 5 1
4 4 1
4 4 1
4 4 1
4 4 1
4 4 1
4 4 1
4 5 1
4 4 1
4 4 1
4 4 1
4 5 1
4 4 1
4 5 1
4 4 1
4 3 1
4 4 1
4 4 1
4 5 1
4 5 1
4 5 1
4 4 1
4 5 1
4 4 1
4 5 1
4 5 1
4 5 1
4 5 1
4 4 1
4 4 1
4 4 1
4 5 1
4 5 1
4 5 1
4 5 1
4 5 1
4 4 1
4 5 1
4 5 1
4 4 1
4 5 1
4 5 1
4 5 1
4 5 1
4 4 1
4 3 1
4 5 1
4 4 1
4 4 1
4 4 1
4 5 1
4 5 1
4 4 1
4 4 1
4 4 1
4 4 1
4 4 1
4 4 1
4 4 1
4 5 1
4 5 1
4 4 1
4 4 1
4 5 1
4 5 1
4 5 1
4 5 1
4 4 1
4 5 1
4 4 1
4 4 1
4 5 1
4 4 1
4 4 1
4 4 1
4 4 1
4 5 1
4 4 1
4 5 1
4 5 1
4 6 1
4 4 1
4 4 1
4 5 1
4 4 1
4 5 1
4 5 1
4 4 1
4 3 1
4 5 1
4 5 1
4 4 1
4 5 1
4 3 1
4 5 1
4 5 1
4 4 1
4 4 1
4 4 1
4 4 1
4 4 1
4 4 1
4 5 1
4 5 1
4 4 1
4 4 1
4 3 1
4 5 1
4 5 1
4 4 1
4 4 1
4 5 1
4 4 1
4 5 1
4 4 1
4 4 1
4 6 1
4 4 1
4 5 1
4 4 1
4 4 1
4 4 1
4 5 1
4 5 1
4 5 1
4 3 1
4 4 1
4 6 1
4 4 1
4 4 1
4 4 1
4 5 1
4 4 1
4 4 1
4 5 1
4 6 1
4 5 1
4 4 1
4 4 1
4 5 1
4 5 1
4 4 1
4 5 1
4 4 1
4 4 1
4 5 1
4 5 1
4 4 1
4 4 1
4 5 1
4 6 1
4 4 1
4 5 1
4 4 1
4 4 1
4 5 1
4 5 1
4 4 1
4 4 1
4 6 1
4 4 1
4 3 1
4 4 1
4 4 1
4 4 1
4 4 1
4 4 1
4 5 1
4 5 1
4 4 1
4 4 1
4 5 1
4 5 1
4 4 1
4 5 1
4 5 1
4 5 1
4 5 1
4 5 1
4 4 1
4 4 1
4 5 1
4 4 1
4 4 1
4 5 1
4 6 1
4 4 1
4 4 1
4 4 1
4 5 1
4 4 1
4 4 1
4 4 1
4 5 1
4 5 1
4 4 1
4 5 1
4 5 1
4 6 1
4 5 1
4 5 1
4 4 1
4 4 1
4 5 1
4 4 1
4 5 1
4 4 1
4 5 1
4 4 1
4 5 1
4 5 1
4 4 1
4 4 1
4 4 1
4 4 1
4 4 1
4 5 1
4 4 1
4 4 1
4 4 1
4 4 1
4 4 1
4 4 1
4 4 1
4 4 1
4 5 1
4 5 1
4 4 1
4 5 1
4 4 1
4 4 1
4 4 1
4 5 1
4 4 1
4 5 1
4 5 1
4 5 1
4 4 1
4 4 1
4 5 1
4 5 1
4 6 1
4 4 1
4 4 1
4 5 1
4 4 1
4 6 1
4 4 1
4 5 1
4 5 1
4 5 1
4 5 1
4 4 1
4 4 1
4 5 1
4 5 1
4 5 1
4 4 1
4 5 1
4 5 1
4 4 1
4 4 1
4 5 1
4 4 1
4 4 1
4 4 1
4 4 1
4 5 1
4 4 1
4 5 1
4 4 1
4 4 1
4 4 1
4 4 1
4 3 1
4 5 1
4 4 1
4 4 1
4 4 1
4 5 1
4 5 1
4 5 1
4 4 1
4 4 1
4 5 1
4 5 1
4 5 1
4 5 1
4 5 1
4 5 1
4 6 1
4 5 1
4 3 1
4 4 1
4 5 1
4 4 1
4 5 1
4 5 1
4 5 1
4 5 1
4 3 1
4 5 1
4 5 1
4 4 1
4 4 1
4 5 1
4 5 1
4 5 1
4 4 1
4 4 1
4 4 1
4 4 1
4 4 1
4 4 1
4 5 1
4 3 1
4 4 1
4 5 1
4 3 1
4 5 1
4 5 1
4 5 1
4 4 1
4 4 1
4 5 1
4 5 1
4 4 1
4 4 1
4 6 1
4 3 1
4 5 1
4 5 1
4 5 1
4 5 1
4 4 1
4 5 1
4 4 1
4 6 1
4 4 1
4 5 1
4 5 1
4 4 1
4 5 1
4 4 1
4 5 1
4 5 1
4 5 1
4 4 1
4 4 1
4 5 1
4 4 1
4 4 1
4 5 1
4 4 1
4 5 1
4 5 1
4 4 1
4 5 1
4 5 1
4 4 1
4 4 1
4 5 1
4 4 1
4 4 1
4 5 1
4 4 1
4 5 1
4 3 1
4 5 1
4 5 1
4 4 1
4 5 1
4 4 1
4 5 1
4 5 1
4 5 1
4 5 1
4 4 1
4 4 1
4 5 1
4 4 1
4 4 1
4 5 1
4 5 1
4 5 1
4 4 1
4 6 1
4 5 1
4 5 1
4 4 1
4 5 1
4 4 1
4 5 1
4 5 1
4 5 1
4 5 1
4 4 1
4 4 1
4 5 1
4 5 1
4 5 1
4 4 1
4 5 1
4 5 1
4 4 1
4 4 1
4 5 1
4 4 1
4 5 1
4 4 1
4 4 1
4 5 1
4 4 1
4 4 1
4 5 1
4 4 1
4 5 1
4 4 1
4 4 1
4 5 1
4 5 1
4 5 1
4 4 1
4 5 1
4 4 1
4 4 1
4 4 1
4 4 1
4 4 1
4 4 1
4 5 1
4 5 1
4 5 1
4 4 1
4 5 1
4 4 1
4 4 1
4 4 1
4 5 1
4 5 1
4 5 1
4 5 1
4 4 1
4 5 1
4 5 1
4 4 1
4 4 1
4 4 1
4 4 1
4 4 1
4 4 1
4 4 1
4 4 1
4 4 1
4 4 1
4 4 1
4 5 1
4 4 1
4 3 1
4 5 1
4 5 1
4 5 1
4 4 1
4 4 1
4 5 1
4 5 1
4 5 1
4 4 1
4 4 1
4 5 1
4 4 1
4 5 1
4 5 1
4 5 1
4 4 1
4 5 1
4 4 1
4 5 1
4 4 1
4 4 1
4 5 1
4 5 1
4 4 1
4 5 1
4 5 1
4 4 1
4 4 1
4 5 1
4 4 1
4 5 1
4 5 1
4 4 1
4 5 1
4 5 1
4 4 1
4 3 1
4 4 1
4 4 1
4 4 1
4 4 1
4 4 1
4 5 1
4 4 1
4 5 1
4 4 1
4 4 1
4 5 1
4 4 1
4 4 1
4 4 1
4 5 1
4 4 1
4 4 1
4 4 1
4 4 1
4 5 1
4 5 1
4 4 1
4 5 1
4 4 1
4 5 1
4 4 1
4 4 1
4 4 1
4 5 1
4 5 1
4 4 1
4 5 1
4 4 1
4 4 1
4 5 1
4 5 1
4 5 1
4 5 1
4 4 1
4 4 1
4 5 1
4 4 1
4 4 1
4 5 1
4 5 1
4 5 1
4 5 1
4 5 1
4 5 1
4 5 1
4 5 1
4 5 1
4 4 1
4 5 1
4 4 1
4 5 1
4 4 1
4 5 1
4 5 1
4 5 1
4 5 1
4 4 1
4 5 1
4 5 1
4 4 1
4 5 1
4 5 1
4 5 1
4 4 1
4 5 1
4 4 1
4 5 1
4 5 1
4 5 1
4 5 1
4 5 1
4 4 1
4 4 1
4 6 1
4 4 1
4 3 1
4 5 1
4 4 1
4 5 1
4 5 1
4 4 1
4 4 1
4 5 1
4 5 1
4 5 1
4 5 1
4 5 1
4 4 1
4 5 1
4 5 1
4 5 1
4 4 1
4 5 1
4 5 1
4 5 1
4 4 1
4 4 1
4 4 1
4 5 1
4 5 1
4 4 1
4 5 1
4 4 1
4 4 1
4 4 1
4 6 1
4 4 1
4 4 1
4 4 1
4 4 1
4 4 1
4 4 1
4 4 1
4 4 1
4 4 1
4 3 1
4 4 1
4 5 1
4 5 1
4 4 1
4 5 1
4 4 1
4 5 1
4 5 1
4 4 1
4 4 1
4 5 1
4 6 1
4 4 1
4 4 1
4 5 1
4 5 1
4 4 1
4 6 1
4 4 1
4 4 1
4 5 1
4 5 1
4 4 1
4 4 1
4 5 1
4 5 1
4 4 1
4 4 1
4 4 1
4 5 1
4 4 1
4 5 1
4 4 1
4 5 1
4 5 1
4 5 1
4 4 1
4 5 1
4 5 1
4 5 1
4 4 1
4 5 1
4 5 1
4 5 1
4 4 1
4 3 1
4 5 1
4 4 1
4 5 1
4 5 1
4 5 1
4 4 1
4 5 1
4 5 1
4 4 1
4 4 1
4 4 1
4 5 1
4 5 1
4 5 1
4 5 1
4 5 1
4 6 1
4 4 1
4 6 1
4 5 1
4 5 1
4 4 1
4 4 1
4 4 1
4 4 1
4 4 1
4 5 1
4 4 1
4 4 1
4 4 1
4 5 1
4 4 1
4 5 1
4 5 1
4 5 1
4 5 1
4 4 1
4 5 1
4 5 1
4 5 1
4 5 1
4 5 1
4 5 1
4 5 1
4 5 1
4 5 1
4 4 1
4 4 1
4 4 1
4 4 1
4 4 1
4 4 1
4 4 1
4 5 1
4 4 1
4 5 1
4 4 1
4 5 1
4 4 1
4 4 1
4 4 1
4 6 1
4 6 1
4 3 1
4 5 1
4 5 1
4 5 1
4 4 1
4 4 1
4 5 1
4 4 1
4 4 1
4 5 1
4 4 1
4 5 1
4 5 1
4 5 1
4 5 1
4 5 1
4 5 1
4 5 1
4 4 1
4 3 1
4 4 1
4 4 1
4 4 1
4 4 1
4 4 1
4 4 1
4 5 1
4 5 1
4 5 1
4 5 1
4 5 1
4 5 1
4 5 1
4 4 1
4 4 1
4 5 1
4 5 1
4 5 1
4 4 1
4 5 1
4 3 1
4 5 1
4 5 1
4 5 1
4 4 1
4 5 1
4 5 1
4 5 1
4 4 1
4 5 1
4 4 1
4 3 1
4 4 1
4 5 1
4 4 1
4 5 1
4 5 1
4 4 1
4 5 1
4 4 1
4 4 1
4 5 1
4 4 1
4 5 1
4 5 1
4 5 1
4 4 1
4 5 1
4 4 1
4 5 1
4 3 1
4 4 1
4 4 1
4 5 1
4 5 1
4 5 1
4 5 1
4 5 1
4 4 1
4 4 1
4 4 1
4 5 1
4 5 1
4 4 1
4 5 1
4 4 1
4 4 1
4 5 1
4 3 1
4 4 1
4 3 1
4 5 1
4 5 1
4 4 1
4 3 1
4 4 1
4 4 1
4 4 1
4 5 1
4 6 1
4 5 1
4 4 1
4 4 1
4 6 1
4 4 1
4 5 1
4 5 1
4 5 1
4 5 1
4 5 1
4 5 1
4 6 1
4 4 1
4 5 1
4 5 1
4 4 1
4 5 1
4 4 1
4 5 1
4 5 1
4 4 1
4 4 1
4 4 1
4 5 1
4 4 1
4 5 1
4 5 1
4 5 1
4 5 1
4 4 1
4 5 1
4 5 1
4 4 1
4 4 1
4 5 1
4 5 1
4 5 1
4 5 1
4 4 1
4 4 1
4 5 1
4 4 1
4 4 1
4 5 1
4 5 1
4 5 1
4 5 1
4 5 1
4 5 1
4 4 1
4 4 1
4 5 1
4 4 1
4 4 1
4 5 1
4 4 1
4 5 1
4 5 1
4 5 1
4 5 1
4 5 1
4 4 1
4 5 1
4 4 1
4 5 1
4 4 1
4 5 1
4 5 1
4 4 1
4 4 1
4 4 1
4 5 1
4 5 1
4 5 1
4 4 1
4 4 1
4 4 1
4 4 1
4 5 1
4 5 1
4 5 1
4 3 1
4 5 1
4 4 1
4 5 1
4 5 1
4 4 1
4 6 1
4 4 1
4 5 1
4 4 1
4 5 1
4 6 1
4 4 1
4 5 1
4 5 1
4 4 1
4 4 1
4 4 1
4 4 1
4 5 1
4 5 1
4 4 1
4 4 1
4 4 1
4 4 1
4 4 1
4 5 1
4 5 1
4 5 1
4 4 1
4 5 1
4 5 1
4 4 1
4 5 1
4 5 1
4 5 1
4 5 1
4 5 1
4 4 1
4 4 1
4 5 1
4 4 1
4 4 1
4 5 1
4 5 1
4 5 1
4 4 1
4 4 1
4 3 1
4 4 1
4 4 1
4 5 1
4 5 1
4 5 1
4 5 1
4 4 1
4 4 1
4 5 1
4 5 1
4 4 1
4 4 1
4 5 1
4 4 1
4 5 1
4 5 1
4 4 1
4 5 1
4 5 1
4 4 1
4 5 1
4 5 1
4 4 1
4 4 1
4 4 1
4 4 1
4 4 1
4 3 1
4 4 1
4 5 1
4 4 1
4 5 1
4 4 1
4 4 1
4 5 1
4 5 1
4 5 1
4 5 1
4 5 1
4 6 1
4 4 1
4 4 1
4 5 1
4 5 1
4 5 1
4 4 1
4 5 1
4 4 1
4 5 1
4 4 1
4 5 1
4 5 1
4 5 1
4 4 1
4 5 1
4 5 1
4 6 1
4 4 1
4 4 1
4 4 1
4 5 1
4 4 1
4 5 1
4 4 1
4 4 1
4 5 1
4 5 1
4 5 1
4 4 1
4 5 1
4 5 1
4 4 1
4 5 1
4 5 1
4 4 1
4 4 1
4 4 1
4 5 1
4 5 1
4 5 1
4 4 1
4 4 1
4 4 1
4 4 1
4 5 1
4 4 1
4 4 1
4 5 1
4 5 1
4 4 1
4 5 1
4 4 1
4 5 1
4 5 1
4 4 1
4 4 1
4 5 1
4 5 1
4 4 1
4 4 1
4 5 1
4 5 1
4 5 1
4 4 1
4 4 1
4 5 1
4 4 1
4 4 1
4 4 1
4 4 1
4 4 1
4 4 1
4 5 1
4 5 1
4 4 1
4 5 1
4 5 1
4 4 1
4 5 1
4 5 1
4 5 1
4 4 1
4 4 1
4 4 1
4 5 1
4 4 1
4 4 1
4 5 1
4 5 1
4 4 1
4 4 1
4 5 1
4 4 1
4 4 1
4 5 1
4 5 1
4 5 1
4 3 1
4 4 1
4 5 1
4 4 1
4 4 1
4 5 1
4 4 1
4 3 1
4 5 1
4 5 1
4 4 1
4 5 1
4 4 1
4 4 1
4 4 1
4 5 1
4 5 1
4 4 1
4 4 1
4 5 1
4 3 1
4 5 1
4 5 1
4 5 1
4 5 1
4 4 1
4 4 1
4 4 1
4 5 1
4 4 1
4 4 1
4 5 1
4 4 1
4 5 1
4 4 1
4 4 1
4 5 1
4 6 1
4 4 1
4 4 1
4 4 1
4 4 1
4 4 1
4 5 1
4 4 1
4 3 1
4 4 1
4 4 1
4 4 1
4 4 1
4 4 1
4 5 1
4 5 1
4 4 1
4 5 1
4 5 1
4 4 1
4 5 1
4 5 1
4 4 1
4 4 1
4 4 1
4 4 1
4 5 1
4 4 1
4 5 1
4 5 1
4 5 1
4 5 1
4 5 1
4 5 1
4 4 1
4 4 1
4 5 1
4 4 1
4 5 1
4 4 1
4 4 1
4 5 1
4 5 1
4 5 1
4 5 1
4 4 1
4 4 1
4 5 1
4 4 1
4 4 1
4 4 1
4 5 1
4 5 1
4 4 1
4 5 1
4 5 1
4 4 1
4 4 1
4 5 1
4 5 1
4 5 1
4 4 1
4 4 1
4 5 1
4 5 1
4 4 1
4 5 1
4 4 1
4 4 1
4 4 1
4 5 1
4 4 1
4 5 1
4 4 1
4 4 1
4 5 1
4 5 1
4 4 1
4 4 1
4 4 1
4 5 1
4 4 1
4 5 1
4 5 1
4 4 1
4 4 1
4 4 1
4 4 1
4 5 1
4 4 1
4 5 1
4 5 1
4 5 1
4 5 1
4 5 1
4 5 1
4 4 1
4 4 1
4 5 1
4 5 1
4 4 1
4 5 1
4 4 1
4 4 1
4 4 1
4 5 1
4 4 1
4 5 1
4 4 1
4 4 1
4 4 1
4 4 1
4 4 1
4 4 1
4 5 1
4 4 1
4 4 1
4 3 1
4 5 1
4 4 1
4 5 1
4 4 1
4 4 1
4 5 1
4 3 1
4 4 1
4 5 1
4 4 1
4 4 1
4 4 1
4 4 1
4 4 1
4 4 1
4 4 1
4 4 1
4 5 1
4 4 1
4 5 1
4 5 1
4 4 1
4 4 1
4 4 1
4 4 1
4 5 1
4 4 1
4 4 1
4 5 1
4 4 1
4 5 1
4 5 1
4 5 1
4 5 1
4 4 1
4 4 1
4 5 1
4 4 1
4 5 1
4 4 1
4 4 1
4 5 1
4 5 1
4 4 1
4 5 1
4 4 1
4 5 1
4 5 1
4 5 1
4 5 1
4 4 1
4 4 1
4 4 1
4 5 1
4 4 1
4 4 1
4 4 1
4 4 1
4 5 1
4 5 1
4 5 1
4 4 1
4 5 1
4 5 1
4 4 1
4 4 1
4 4 1
4 4 1
4 5 1
4 6 1
4 5 1
4 5 1
4 5 1
4 4 1
4 4 1
4 5 1
4 4 1
4 4 1
4 5 1
4 4 1
4 5 1
4 5 1
4 4 1
4 4 1
4 5 1
4 4 1
4 4 1
4 5 1
4 5 1
4 4 1
4 4 1
4 5 1
4 4 1
4 4 1
4 5 1
4 4 1
4 4 1
4 4 1
4 4 1
4 4 1
4 5 1
4 4 1
4 4 1
4 4 1
4 4 1
4 4 1
4 4 1
4 5 1
4 5 1
4 5 1
4 4 1
4 4 1
4 4 1
4 4 1
4 4 1
4 5 1
4 5 1
4 4 1
4 4 1
4 4 1
4 4 1
4 4 1
4 4 1
4 4 1
4 4 1
4 4 1
4 5 1
4 4 1
4 5 1
4 4 1
4 4 1
4 4 1
4 5 1
4 4 1
4 4 1
4 4 1
4 5 1
4 4 1
4 4 1
4 4 1
4 5 1
4 4 1
4 4 1
4 5 1
4 4 1
4 5 1
4 4 1
4 4 1
4 5 1
4 4 1
4 5 1
4 5 1
4 5 1
4 5 1
4 4 1
4 5 1
4 4 1
4 4 1
4 5 1
4 4 1
4 4 1
4 4 1
4 5 1
4 4 1
4 5 1
4 4 1
4 4 1
4 5 1
4 5 1
4 5 1
4 4 1
4 4 1
4 5 1
4 4 1
4 5 1
4 4 1
4 5 1
4 4 1
4 4 1
4 5 1
4 6 1
4 4 1
4 4 1
4 5 1
4 5 1
4 5 1
4 4 1
4 4 1
4 5 1
4 5 1
4 4 1
4 6 1
4 4 1
4 5 1
4 4 1
4 4 1
4 4 1
4 5 1
4 4 1
4 5 1
4 5 1
4 5 1
4 5 1
4 4 1
4 4 1
4 4 1
4 5 1
4 5 1
4 4 1
4 3 1
4 5 1
4 5 1
4 5 1
4 4 1
4 5 1
4 5 1
4 5 1
4 5 1
4 4 1
4 4 1
4 5 1
4 5 1
4 5 1
4 5 1
4 4 1
4 4 1
4 5 1
4 4 1
4 5 1
4 4 1
4 5 1
4 4 1
4 4 1
4 5 1
4 5 1
4 4 1
4 5 1
4 5 1
4 5 1
4 5 1
4 4 1
4 4 1
4 5 1
4 5 1
4 4 1
4 5 1
4 4 1
4 5 1
4 5 1
4 4 1
4 5 1
4 5 1
4 5 1
4 4 1
4 5 1
4 5 1
4 5 1
4 5 1
4 4 1
4 5 1
4 4 1
4 5 1
4 5 1
4 4 1
4 4 1
4 5 1
4 5 1
4 4 1
4 5 1
4 4 1
4 5 1
4 5 1
4 4 1
4 5 1
4 4 1
4 5 1
4 4 1
4 4 1
4 5 1
4 4 1
4 5 1
4 6 1
4 5 1
4 5 1
4 6 1
4 4 1
4 5 1
4 6 1
4 4 1
4 5 1
4 4 1
4 5 1
4 5 1
4 4 1
4 4 1
4 4 1
4 5 1
4 5 1
4 5 1
4 4 1
4 5 1
4 5 1
4 5 1
4 5 1
4 5 1
4 4 1
4 4 1
4 4 1
4 4 1
4 4 1
4 5 1
4 5 1
4 4 1
4 5 1
4 4 1
4 5 1
4 4 1
4 5 1
4 5 1
4 4 1
4 3 1
4 5 1
4 4 1
4 4 1
4 4 1
4 5 1
4 4 1
4 4 1
4 5 1
4 4 1
4 5 1
4 5 1
4 5 1
4 4 1
4 4 1
4 5 1
4 4 1
4 4 1
4 4 1
4 3 1
4 6 1
4 4 1
4 4 1
4 4 1
4 4 1
4 4 1
4 4 1
4 5 1
4 4 1
4 4 1
4 4 1
4 4 1
4 5 1
4 5 1
4 4 1
4 5 1
4 5 1
4 5 1
4 5 1
4 5 1
4 5 1
4 4 1
4 5 1
4 4 1
4 5 1
4 5 1
4 4 1
4 5 1
4 4 1
4 4 1
4 4 1
4 5 1
4 5 1
4 5 1
4 4 1
4 5 1
4 5 1
4 5 1
4 4 1
4 5 1
4 5 1
4 4 1
4 5 1
4 5 1
4 4 1
4 5 1
4 5 1
4 5 1
4 3 1
4 5 1
4 4 1
4 4 1
4 5 1
4 4 1
4 4 1
4 5 1
4 4 1
4 4 1
4 5 1
4 5 1
4 4 1
4 4 1
4 4 1
4 4 1
4 4 1
4 5 1
4 5 1
4 5 1
4 4 1
4 5 1
4 5 1
4 4 1
4 5 1
4 5 1
4 4 1
4 4 1
4 5 1
4 4 1
4 5 1
4 4 1
4 4 1
4 4 1
4 4 1
4 5 1
4 4 1
4 4 1
4 4 1
4 4 1
4 4 1
4 5 1
4 5 1
4 5 1
4 4 1
4 5 1
4 4 1
4 4 1
4 4 1
4 5 1
4 5 1
4 5 1
4 5 1
4 5 1
4 4 1
4 4 1
4 4 1
4 4 1
4 4 1
4 5 1
4 4 1
4 4 1
4 4 1
4 4 1
4 5 1
4 5 1
4 5 1
4 5 1
4 5 1
4 5 1
4 5 1
4 4 1
4 4 1
4 4 1
4 4 1
4 3 1
4 4 1
4 4 1
4 5 1
4 5 1
4 5 1
4 4 1
4 4 1
4 5 1
4 5 1
4 5 1
4 5 1
4 4 1
4 4 1
4 4 1
4 4 1
4 4 1
4 5 1
4 5 1
4 4 1
4 5 1
4 4 1
4 5 1
4 4 1
4 5 1
4 5 1
4 5 1
4 5 1
4 4 1
4 5 1
4 5 1
4 4 1
4 5 1
4 4 1
4 5 1
4 5 1
4 5 1
4 5 1
4 4 1
4 4 1
4 4 1
4 5 1
4 5 1
4 4 1
4 4 1
4 5 1
4 5 1
4 4 1
4 4 1
4 5 1
4 5 1
4 5 1
4 4 1
4 4 1
4 5 1
4 4 1
4 4 1
4 4 1
4 4 1
4 5 1
4 4 1
4 4 1
4 5 1
4 4 1
4 5 1
4 4 1
4 4 1
4 4 1
4 4 1
4 5 1
4 4 1
4 4 1
4 4 1
4 5 1
4 5 1
4 4 1
4 5 1
4 4 1
4 5 1
4 4 1
4 5 1
4 5 1
4 5 1
4 4 1
4 5 1
4 5 1
4 4 1
4 5 1
4 4 1
4 4 1
4 4 1
4 4 1
4 5 1
4 4 1
4 4 1
4 4 1
4 3 1
4 4 1
4 4 1
4 4 1
4 5 1
4 5 1
4 4 1
4 5 1
4 5 1
4 4 1
4 5 1
4 5 1
4 4 1
4 4 1
4 5 1
4 4 1
4 4 1
4 4 1
4 5 1
4 5 1
4 4 1
4 4 1
4 5 1
4 4 1
4 4 1
4 4 1
4 5 1
4 4 1
4 4 1
4 5 1
4 5 1
4 5 1
4 4 1
4 4 1
4 5 1
4 5 1
4 5 1
4 4 1
4 4 1
4 4 1
4 4 1
4 5 1
4 4 1
4 4 1
4 5 1
4 4 1
4 5 1
4 4 1
4 5 1
4 5 1
4 5 1
4 4 1
4 5 1
4 4 1
4 4 1
4 4 1
4 5 1
4 5 1
4 4 1
4 3 1
4 4 1
4 5 1
4 4 1
4 5 1
4 4 1
4 4 1
4 5 1
4 4 1
4 5 1
4 5 1
4 3 1
4 6 1
4 4 1
4 5 1
4 4 1
4 4 1
4 4 1
4 5 1
4 5 1
4 5 1
4 5 1
4 4 1
4 4 1
4 5 1
4 4 1
4 3 1
4 4 1
4 4 1
4 4 1
4 5 1
4 4 1
4 5 1
4 5 1
4 4 1
4 5 1
4 4 1
4 4 1
4 4 1
4 5 1
4 4 1
4 5 1
4 5 1
4 5 1
4 4 1
4 5 1
4 5 1
4 4 1
4 5 1
4 4 1
4 5 1
4 4 1
4 4 1
4 5 1
4 5 1
4 5 1
4 5 1
4 4 1
4 5 1
4 5 1
4 4 1
4 5 1
4 4 1
4 5 1
4 5 1
4 4 1
4 4 1
4 4 1
4 5 1
4 5 1
4 4 1
4 5 1
4 5 1
4 4 1
4 5 1
4 5 1
4 5 1
4 5 1
4 5 1
4 4 1
4 5 1
4 6 1
4 4 1
4 4 1
4 5 1
4 5 1
4 5 1
4 4 1
4 4 1
4 4 1
4 4 1
4 6 1
4 4 1
4 5 1
4 5 1
4 4 1
4 4 1
4 5 1
4 5 1
4 4 1
4 5 1
4 5 1
4 4 1
4 5 1
4 4 1
4 5 1
4 4 1
4 4 1
4 5 1
4 5 1
4 4 1
4 5 1
4 5 1
4 4 1
4 5 1
4 4 1
4 4 1
4 4 1
4 5 1
4 4 1
4 4 1
4 5 1
4 6 1
4 5 1
4 5 1
4 5 1
4 4 1
4 4 1
4 4 1
4 5 1
4 5 1
4 5 1
4 5 1
4 5 1
4 4 1
4 4 1
4 4 1
4 5 1
4 4 1
4 5 1
4 6 1
4 4 1
4 5 1
4 5 1
4 4 1
4 5 1
4 5 1
4 4 1
4 5 1
4 5 1
4 5 1
4 5 1
4 5 1
4 4 1
4 5 1
4 4 1
4 4 1
4 5 1
4 4 1
4 5 1
4 4 1
4 5 1
4 4 1
4 4 1
4 5 1
4 4 1
4 4 1
4 5 1
4 5 1
4 5 1
4 4 1
4 4 1
4 5 1
4 5 1
4 5 1
4 4 1
4 4 1
4 4 1
4 5 1
4 5 1
4 5 1
4 4 1
4 4 1
4 5 1
4 4 1
4 5 1
4 4 1
4 4 1
4 5 1
4 4 1
4 4 1
4 4 1
4 5 1
4 4 1
4 4 1
4 4 1
4 4 1
4 5 1
4 5 1
4 4 1
4 5 1
4 5 1
4 3 1
4 5 1
4 4 1
4 5 1
4 4 1
4 4 1
4 4 1
4 4 1
4 4 1
4 4 1
4 5 1
4 5 1
4 4 1
4 5 1
4 5 1
4 5 1
4 5 1
4 5 1
4 5 1
4 5 1
4 4 1
4 5 1
4 4 1
4 6 1
4 4 1
4 5 1
4 5 1
4 4 1
4 4 1
4 4 1
4 5 1
4 5 1
4 5 1
4 5 1
4 5 1
4 4 1
4 4 1
4 5 1
4 4 1
4 4 1
4 5 1
4 4 1
4 4 1
4 5 1
4 5 1
4 5 1
4 4 1
4 4 1
4 4 1
4 4 1
4 4 1
4 4 1
4 5 1
4 5 1
4 4 1
4 4 1
4 4 1
4 5 1
4 4 1
4 4 1
4 5 1
4 4 1
4 5 1
4 5 1
4 5 1
4 5 1
4 4 1
4 4 1
4 4 1
4 4 1
4 5 1
4 5 1
4 5 1
4 5 1
4 5 1
4 5 1
4 5 1
4 5 1
4 4 1
4 5 1
4 5 1
4 4 1
4 5 1
4 3 1
4 5 1
4 4 1
4 5 1
4 4 1
4 4 1
4 5 1
4 4 1
4 4 1
4 4 1
4 5 1
4 4 1
4 5 1
4 4 1
4 5 1
4 4 1
4 4 1
4 4 1
4 5 1
4 4 1
4 5 1
4 4 1
4 5 1
4 4 1
4 5 1
4 4 1
4 4 1
4 4 1
4 4 1
4 4 1
4 5 1
4 4 1
4 4 1
4 4 1
4 5 1
4 5 1
4 5 1
4 5 1
4 4 1
4 5 1
4 4 1
4 4 1
4 5 1
4 5 1
4 4 1
4 4 1
4 4 1
4 4 1
4 4 1
4 5 1
4 5 1
4 5 1
4 4 1
4 5 1
4 4 1
4 4 1
4 4 1
4 4 1
4 4 1
4 5 1
4 5 1
4 4 1
4 5 1
4 5 1
4 6 1
4 4 1
4 5 1
4 4 1
4 5 1
4 5 1
4 5 1
4 4 1
4 5 1
4 5 1
4 4 1
4 5 1
4 5 1
4 5 1
4 4 1
4 5 1
4 4 1
4 5 1
4 4 1
4 5 1
4 5 1
4 5 1
4 5 1
4 4 1
4 6 1
4 5 1
4 4 1
4 5 1
4 5 1
4 4 1
4 3 1
4 5 1
4 4 1
4 4 1
4 5 1
4 4 1
4 5 1
4 4 1
4 5 1
4 4 1
4 5 1
4 4 1
4 5 1
4 4 1
4 5 1
4 4 1
4 4 1
4 4 1
4 5 1
4 4 1
4 6 1
4 4 1
4 5 1
4 5 1
4 6 1
4 4 1
4 4 1
4 5 1
4 5 1
4 4 1
4 5 1
4 5 1
4 5 1
4 5 1
4 5 1
4 5 1
4 4 1
4 4 1
4 4 1
4 4 1
4 5 1
4 4 1
4 4 1
4 5 1
4 5 1
4 5 1
4 4 1
4 5 1
4 5 1
4 5 1
4 4 1
4 5 1
4 4 1
4 5 1
4 4 1
4 4 1
4 5 1
4 4 1
4 5 1
4 4 1
4 5 1
4 4 1
4 4 1
4 3 1
4 4 1
4 3 1
4 4 1
4 4 1
4 5 1
4 5 1
4 5 1
4 4 1
4 3 1
4 4 1
4 5 1
4 5 1
4 4 1
4 3 1
4 5 1
4 5 1
4 5 1
4 5 1
4 5 1
4 3 1
4 4 1
4 4 1
4 4 1
4 5 1
4 5 1
4 5 1
4 4 1
4 4 1
4 4 1
4 4 1
4 4 1
4 4 1
4 4 1
4 4 1
4 5 1
4 6 1
4 5 1
4 4 1
4 5 1
4 4 1
4 5 1
4 5 1
4 4 1
4 4 1
4 4 1
4 5 1
4 5 1
4 5 1
4 4 1
4 4 1
4 5 1
4 4 1
4 5 1
4 5 1
4 4 1
4 4 1
4 4 1
4 4 1
4 6 1
4 4 1
4 4 1
4 4 1
4 6 1
4 4 1
4 4 1
4 4 1
4 5 1
4 4 1
4 5 1
4 5 1
4 5 1
4 4 1
4 4 1
4 4 1
4 5 1
4 5 1
4 3 1
4 4 1
4 3 1
4 5 1
4 5 1
4 3 1
4 4 1
4 4 1
4 4 1
4 5 1
4 4 1
4 5 1
4 3 1
4 5 1
4 5 1
4 4 1
4 4 1
4 4 1
4 5 1
4 4 1
4 5 1
4 4 1
4 5 1
4 4 1
4 4 1
4 4 1
4 5 1
4 4 1
4 5 1
4 5 1
4 5 1
4 4 1
4 5 1
4 4 1
4 5 1
4 5 1
4 5 1
4 4 1
4 4 1
4 5 1
4 4 1
4 5 1
4 5 1
4 4 1
4 3 1
4 5 1
4 5 1
4 4 1
4 4 1
4 4 1
4 5 1
4 4 1
4 4 1
4 5 1
4 4 1
4 5 1
4 5 1
4 5 1
4 4 1
