5000 368493
1000 1154 0.91105
1000 1154 0.916875
1000 1154 0.796971
1000 1154 0.998902
1000 1154 0.915665
1000 1154 0.798622
1000 1154 0.897435
1000 1154 0.792213
999 1154 0.915985
999 1154 0.994146
999 1154 0.979483
999 1154 0.979297
998 1153 0.577109
998 1153 0.681316
998 1153 0.904736
998 1153 0.845847
998 1153 0.975778
998 1153 0.898171
997 1153 0.718947
997 1153 0.949935
997 1153 0.967927
997 1153 0.976563
996 1153 0.835959
996 1153 0.851336
996 1153 0.937098
995 1152 0.944909
995 1152 0.957257
994 1152 0.977833
994 1152 0.96978
993 1151 0.951603
993 1151 0.968211
993 1151 0.946924
993 1151 0.81417
993 1151 0.798344
993 1151 0.982776
992 1151 0.747313
992 1151 0.89492
992 1151 0.842878
992 1151 0.937973
991 1151 0.8385
991 1151 0.833786
991 1151 0.989114
991 1151 0.820925
991 1151 0.792917
991 1151 0.998698
990 1150 0.732487
990 1150 0.936633
990 1150 0.952506
989 1150 0.865564
989 1150 0.989042
989 1150 0.981981
989 1150 0.91263
989 1150 0.881537
989 1150 0.842874
989 1150 0.845808
988 1150 0.788725
988 1150 0.863497
988 1150 0.850104
988 1150 0.993443
988 1150 0.982434
988 1150 0.90519
988 1150 0.840392
988 1150 0.940478
988 1150 0.77163
988 1150 0.810098
987 1149 0.935287
987 1149 0.83673
987 1149 0.952885
987 1149 0.868668
987 1149 0.983268
987 1149 0.904995
986 1149 0.957268
986 1149 0.827398
986 1149 0.637832
985 1148 0.931833
985 1148 0.786927
985 1148 0.703316
985 1148 0.998961
985 1148 0.976535
984 1148 0.980402
984 1148 0.936616
984 1148 0.996519
984 1148 0.983871
984 1148 0.950783
984 1148 0.941324
984 1148 0.942487
983 1148 0.796538
983 1148 0.976604
983 1148 0.813199
983 1148 0.934511
983 1148 0.957632
982 1147 0.863378
982 1147 0.978947
982 1147 0.836426
982 1147 0.808609
981 1147 0.954137
981 1147 0.775476
981 1147 0.877385
981 1147 0.91732
980 1146 0.790905
980 1146 0.996718
980 1146 0.946218
980 1146 0.937333
980 1146 0.857111
980 1146 0.666239
979 1146 0.781296
979 1146 0.898815
979 1146 0.992249
979 1146 0.968154
978 1146 0.83458
978 1146 0.925863
978 1146 0.834553
978 1146 0.930113
978 1146 0.999356
978 1146 0.929924
977 1145 0.688349
977 1145 0.993876
977 1145 0.859494
977 1145 0.961849
977 1145 0.985293
977 1145 0.828501
977 1145 0.871684
976 1145 0.939924
976 1145 0.993531
976 1145 0.983753
976 1145 0.961614
975 1144 0.986902
975 1144 0.660763
974 1144 0.972567
974 1144 0.956172
974 1144 0.91155
974 1144 0.896693
973 1144 0.955593
973 1144 0.947308
973 1144 0.903205
973 1144 0.961348
972 1143 0.985324
972 1143 0.971485
972 1143 0.912084
971 1143 0.969085
971 1143 0.919909
971 1143 0.926283
970 1142 0.947488
970 1142 0.72848
970 1142 0.826472
970 1142 0.968076
970 1142 0.987101
969 1142 0.704061
968 1142 0.883787
968 1142 0.959024
968 1142 0.832149
968 1142 0.889981
968 1142 0.880089
968 1142 0.918169
968 1142 0.734831
968 1142 0.853878
967 1141 0.956365
967 1141 0.93113
967 1141 0.865456
967 1141 0.955826
967 1141 0.961743
966 1141 0.944363
966 1141 0.961535
966 1141 0.982794
966 1141 0.981424
966 1141 0.805916
966 1141 0.903666
966 1141 0.925398
965 1140 0.920173
965 1140 0.942056
965 1140 0.97113
965 1140 0.821081
964 1140 0.956999
964 1140 0.888145
964 1140 0.980339
964 1140 0.677529
964 1140 0.963765
964 1140 0.997286
964 1140 0.972744
963 1140 0.966421
963 1140 0.995608
962 1139 0.989692
962 1139 0.964886
962 1139 0.99562
962 1139 0.93801
962 1139 0.881878
962 1139 0.956282
961 1139 0.866537
961 1139 0.902759
961 1139 0.706665
961 1139 0.866018
960 1138 0.793296
960 1138 0.914083
960 1138 0.877685
960 1138 0.866279
960 1138 0.916721
959 1138 0.998233
959 1138 0.964321
959 1138 0.994912
959 1138 0.938805
958 1138 0.8977
958 1138 0.958218
958 1138 0.928412
958 1138 0.896204
958 1138 0.748143
958 1138 0.916453
957 1137 0.93683
957 1137 0.884658
956 1137 0.968269
956 1137 0.985634
956 1137 0.919973
955 1136 0.924164
955 1136 0.824426
955 1136 0.869795
955 1136 0.90434
954 1136 0.882685
954 1136 0.953822
954 1136 0.942973
954 1136 0.956163
954 1136 0.716307
954 1136 0.896448
953 1136 0.746477
953 1136 0.954054
953 1136 0.861448
953 1136 0.90782
952 1135 0.985083
952 1135 0.910081
952 1135 0.860119
952 1135 0.897816
952 1135 0.724987
951 1135 0.982091
951 1135 0.749085
951 1135 0.989219
950 1134 0.952702
950 1134 0.987217
950 1134 0.962373
950 1134 0.98526
949 1134 0.996154
949 1134 0.976604
949 1134 0.977666
949 1134 0.894599
949 1134 0.868415
948 1133 0.956332
948 1133 0.91768
948 1133 0.977428
948 1133 0.970321
948 1133 0.662066
948 1133 0.989043
947 1133 0.927112
947 1133 0.937178
947 1133 0.987866
947 1133 0.840999
947 1133 0.879616
947 1133 0.683793
946 1133 0.866329
946 1133 0.993545
946 1133 0.967869
946 1133 0.952747
946 1133 0.98523
945 1132 0.874227
945 1132 0.951265
945 1132 0.969109
945 1132 0.927922
944 1132 0.896758
944 1132 0.912418
944 1132 0.89765
944 1132 0.970313
944 1132 0.986063
944 1132 0.844167
944 1132 0.938483
943 1131 0.952349
943 1131 0.71635
943 1131 0.791283
943 1131 0.917128
943 1131 0.938019
943 1131 0.695656
942 1131 0.926351
942 1131 0.960108
942 1131 0.98304
942 1131 0.983392
941 1131 0.963965
940 1130 0.982548
940 1130 0.983379
939 1130 0.971255
939 1130 0.912022
939 1130 0.969382
939 1130 0.945833
939 1130 0.976729
938 1129 0.934954
938 1129 0.855109
938 1129 0.806521
938 1129 0.97822
938 1129 0.99232
937 1129 0.933066
937 1129 0.969038
937 1129 0.880645
937 1129 0.876515
937 1129 0.963578
936 1128 0.980616
936 1128 0.993118
935 1128 0.842166
935 1128 0.940812
934 1128 0.897887
934 1128 0.993993
934 1128 0.998954
934 1128 0.966925
934 1128 0.935554
934 1128 0.793993
934 1128 0.932914
933 1127 0.819887
933 1127 0.763942
933 1127 0.994853
933 1127 0.967076
932 1127 0.954282
932 1127 0.96004
932 1127 0.997888
932 1127 0.901972
931 1126 0.854808
931 1126 0.929575
931 1126 0.990631
931 1126 0.953102
930 1126 0.876417
930 1126 0.896821
930 1126 0.962618
930 1126 0.875372
930 1126 0.999808
930 1126 0.818802
930 1126 0.957201
929 1126 0.983184
929 1126 0.856007
929 1126 0.840952
929 1126 0.822184
928 1125 0.887964
928 1125 0.9786
927 1125 0.880673
927 1125 0.98224
927 1125 0.970898
926 1124 0.854114
926 1124 0.864925
926 1124 0.997437
926 1124 0.995199
926 1124 0.99784
926 1124 0.950774
926 1124 0.886177
926 1124 0.848255
925 1124 0.871921
925 1124 0.97271
925 1124 0.927379
925 1124 0.991728
925 1124 0.840993
925 1124 0.851509
925 1124 0.968889
924 1123 0.990128
924 1123 0.993734
924 1123 0.976953
924 1123 0.890522
924 1123 0.998149
924 1123 0.974902
923 1123 0.962124
923 1123 0.996936
923 1123 0.737832
922 1123 0.95829
922 1123 0.958557
922 1123 0.973638
922 1123 0.976924
921 1122 0.963647
921 1122 0.954791
921 1122 0.994065
921 1122 0.909483
921 1122 0.911393
921 1122 0.949326
921 1122 0.95126
921 1122 0.986399
921 1122 0.960469
920 1122 0.911324
920 1122 0.905003
920 1122 0.834208
920 1122 0.889924
920 1122 0.787888
920 1122 0.999274
919 1121 0.89818
919 1121 0.976017
918 1121 0.482715
918 1121 0.958665
918 1121 0.888514
918 1121 0.995609
917 1120 0.996733
917 1120 0.858873
917 1120 0.905994
916 1120 0.949763
916 1120 0.911562
916 1120 0.936718
916 1120 0.709865
916 1120 0.912352
916 1120 0.944719
916 1120 0.975342
916 1120 0.88876
916 1120 0.86337
916 1120 0.939102
916 1120 0.977402
915 1120 0.933702
915 1120 0.897697
915 1120 0.825213
915 1120 0.986761
915 1120 0.811984
915 1120 0.828304
914 1119 0.947369
914 1119 0.819996
914 1119 0.963829
914 1119 0.979108
914 1119 0.985406
914 1119 0.954341
914 1119 0.976352
914 1119 0.996077
913 1119 0.866833
913 1119 0.978637
913 1119 0.749918
913 1119 0.992364
913 1119 0.637031
913 1119 0.950919
913 1119 0.84957
912 1118 0.967124
912 1118 0.855733
912 1118 0.988339
912 1118 0.995669
911 1118 0.879898
911 1118 0.97472
911 1118 0.897383
910 1117 0.985497
910 1117 0.86598
910 1117 0.929426
910 1117 0.873037
909 1117 0.837123
909 1117 0.905236
909 1117 0.938082
909 1117 0.909107
909 1117 0.91585
909 1117 0.938497
909 1117 0.904019
909 1117 0.931036
909 1117 0.906296
908 1117 0.850655
908 1117 0.924724
908 1117 0.720111
908 1117 0.965461
908 1117 0.978906
908 1117 0.949065
908 1117 0.820508
907 1116 0.687761
907 1116 0.966722
907 1116 0.950607
907 1116 0.904845
906 1116 0.954806
906 1116 0.951296
906 1116 0.894307
905 1115 0.794026
905 1115 0.98505
905 1115 0.896795
905 1115 0.781624
905 1115 0.696204
904 1115 0.833813
904 1115 0.945235
903 1114 0.959207
903 1114 0.913814
903 1114 0.873513
903 1114 0.959599
903 1114 0.828559
903 1114 0.889527
903 1114 0.997543
902 1114 0.878111
902 1114 0.846854
902 1114 0.813748
901 1113 0.835465
901 1113 0.802964
901 1113 0.987689
901 1113 0.765097
901 1113 0.913879
901 1113 0.938485
901 1113 0.696134
901 1113 0.97269
901 1113 0.979462
900 1113 0.998421
900 1113 0.843896
900 1113 0.942687
899 1113 0.992429
899 1113 0.792121
899 1113 0.97638
899 1113 0.913848
899 1113 0.818831
899 1113 0.976765
899 1113 0.87734
899 1113 0.996294
898 1112 0.883416
898 1112 0.949462
898 1112 0.971759
898 1112 0.893305
898 1112 0.998551
898 1112 0.98656
897 1112 0.847612
897 1112 0.909488
897 1112 1
897 1112 1
897 1112 1
897 1112 1
896 1111 1
896 1111 1
896 1111 1
896 1111 1
896 1111 1
896 1111 1
896 1111 1
896 1111 1
895 1111 1
895 1111 1
895 1111 1
895 1111 1
895 1111 1
895 1111 1
895 1111 1
895 1111 1
894 1110 1
894 1110 1
894 1110 1
894 1110 1
894 1110 1
893 1110 1
892 1110 1
892 1110 1
892 1110 1
892 1110 1
891 1109 1
891 1109 1
891 1109 1
890 1109 1
890 1109 1
890 1109 1
890 1109 1
890 1109 1
890 1109 1
889 1108 1
889 1108 1
889 1108 1
888 1108 1
888 1108 1
888 1108 1
888 1108 1
887 1107 1
887 1107 1
887 1107 1
887 1107 1
887 1107 1
887 1107 1
887 1107 1
886 1107 1
886 1107 1
886 1107 1
886 1107 1
886 1107 1
886 1107 1
886 1107 1
886 1107 1
885 1106 1
885 1106 1
885 1106 1
885 1106 1
884 1106 1
884 1106 1
884 1106 1
884 1106 1
884 1106 1
884 1106 1
884 1106 1
883 1106 1
883 1106 1
883 1106 1
883 1106 1
883 1106 1
883 1106 1
882 1105 1
882 1105 1
882 1105 1
882 1105 1
881 1105 1
881 1105 1
880 1104 1
880 1104 1
880 1104 1
880 1104 1
880 1104 1
880 1104 1
880 1104 1
879 1104 1
879 1104 1
879 1104 1
879 1104 1
879 1104 1
878 1103 1
878 1103 1
878 1103 1
878 1103 1
878 1103 1
878 1103 1
878 1103 1
877 1103 1
877 1103 1
877 1103 1
876 1102 1
876 1102 1
876 1102 1
875 1102 1
875 1102 1
875 1102 1
875 1102 1
875 1102 1
874 1101 1
874 1101 1
874 1101 1
874 1101 1
874 1101 1
873 1101 1
873 1101 1
873 1101 1
873 1101 1
873 1101 1
872 1101 1
872 1101 1
871 1100 1
871 1100 1
871 1100 1
871 1100 1
871 1100 1
870 1100 1
870 1100 1
870 1100 1
869 1099 1
869 1099 1
869 1099 1
869 1099 1
869 1099 1
869 1099 1
868 1099 1
868 1099 1
868 1099 1
867 1098 1
867 1098 1
867 1098 1
867 1098 1
867 1098 1
867 1098 1
867 1098 1
866 1098 1
866 1098 1
866 1098 1
866 1098 1
866 1098 1
866 1098 1
865 1097 1
865 1097 1
865 1097 1
865 1097 1
864 1097 1
864 1097 1
863 1096 1
863 1096 1
863 1096 1
862 1096 1
862 1096 1
862 1096 1
862 1096 1
862 1096 1
862 1096 1
862 1096 1
862 1096 1
861 1095 1
861 1095 1
861 1095 1
861 1095 1
861 1095 1
861 1095 1
861 1095 1
861 1095 1
860 1095 1
860 1095 1
860 1095 1
859 1095 1
859 1095 1
859 1095 1
859 1095 1
859 1095 1
859 1095 1
858 1094 1
858 1094 1
858 1094 1
858 1094 1
858 1094 1
857 1094 1
857 1094 1
857 1094 1
856 1093 1
856 1093 1
856 1093 1
856 1093 1
856 1093 1
856 1093 1
856 1093 1
856 1093 1
855 1093 1
855 1093 1
855 1093 1
855 1093 1
855 1093 1
855 1093 1
854 1092 1
854 1092 1
854 1092 1
854 1092 1
854 1092 1
854 1092 1
853 1092 1
853 1092 1
853 1092 1
853 1092 1
853 1092 1
853 1092 1
852 1091 1
852 1091 1
852 1091 1
852 1091 1
852 1091 1
852 1091 1
852 1091 1
852 1091 1
852 1091 1
851 1091 1
851 1091 1
851 1091 1
851 1091 1
850 1090 1
850 1090 1
850 1090 1
850 1090 1
850 1090 1
849 1090 1
849 1090 1
849 1090 1
849 1090 1
849 1090 1
848 1089 1
848 1089 1
848 1089 1
848 1089 1
848 1089 1
847 1089 1
847 1089 1
847 1089 1
847 1089 1
847 1089 1
846 1088 1
846 1088 1
846 1088 1
846 1088 1
846 1088 1
846 1088 1
845 1088 1
845 1088 1
845 1088 1
844 1088 1
844 1088 1
844 1088 1
844 1088 1
844 1088 1
844 1088 1
843 1087 1
843 1087 1
843 1087 1
843 1087 1
843 1087 1
842 1087 1
842 1087 1
841 1086 1
841 1086 1
841 1086 1
840 1086 1
840 1086 1
840 1086 1
840 1086 1
840 1086 1
840 1086 1
840 1086 1
840 1086 1
839 1085 1
839 1085 1
839 1085 1
839 1085 1
838 1085 1
838 1085 1
838 1085 1
838 1085 1
837 1084 1
837 1084 1
837 1084 1
837 1084 1
837 1084 1
837 1084 1
837 1084 1
837 1084 1
836 1084 1
836 1084 1
836 1084 1
836 1084 1
835 1083 1
835 1083 1
835 1083 1
835 1083 1
835 1083 1
835 1083 1
835 1083 1
835 1083 1
835 1083 1
835 1083 1
835 1083 1
834 1083 1
834 1083 1
834 1083 1
834 1083 1
834 1083 1
833 1082 1
833 1082 1
833 1082 1
832 1082 1
832 1082 1
832 1082 1
832 1082 1
831 1081 1
831 1081 1
831 1081 1
831 1081 1
830 1081 1
830 1081 1
830 1081 1
830 1081 1
829 1080 1
829 1080 1
829 1080 1
829 1080 1
829 1080 1
828 1080 1
828 1080 1
828 1080 1
828 1080 1
828 1080 1
827 1079 1
827 1079 1
827 1079 1
827 1079 1
827 1079 1
826 1079 1
826 1079 1
826 1079 1
825 1078 1
825 1078 1
825 1078 1
825 1078 1
824 1078 1
824 1078 1
824 1078 1
824 1078 1
824 1078 1
823 1077 1
823 1077 1
823 1077 1
823 1077 1
822 1077 1
822 1077 1
822 1077 1
822 1077 1
821 1077 1
821 1077 1
821 1077 1
821 1077 1
821 1077 1
821 1077 1
821 1077 1
821 1077 1
820 1076 1
820 1076 1
820 1076 1
820 1076 1
820 1076 1
819 1076 1
819 1076 1
819 1076 1
819 1076 1
818 1075 1
818 1075 1
818 1075 1
818 1075 1
818 1075 1
818 1075 1
818 1075 1
818 1075 1
817 1075 1
817 1075 1
817 1075 1
817 1075 1
817 1075 1
817 1075 1
817 1075 1
816 1074 1
816 1074 1
816 1074 1
816 1074 1
816 1074 1
816 1074 1
816 1074 1
816 1074 1
816 1074 1
816 1074 1
815 1074 1
815 1074 1
815 1074 1
815 1074 1
815 1074 1
815 1074 1
814 1073 1
814 1073 1
814 1073 1
814 1073 1
814 1073 1
813 1073 1
813 1073 1
812 1072 1
812 1072 1
812 1072 1
812 1072 1
812 1072 1
811 1072 1
811 1072 1
810 1071 1
810 1071 1
810 1071 1
810 1071 1
810 1071 1
809 1071 1
809 1071 1
809 1071 1
808 1070 1
808 1070 1
808 1070 1
808 1070 1
808 1070 1
808 1070 1
808 1070 1
808 1070 1
808 1070 1
807 1070 1
807 1070 1
807 1070 1
807 1070 1
807 1070 1
806 1069 1
806 1069 1
806 1069 1
806 1069 1
806 1069 1
805 1069 1
805 1069 1
805 1069 1
805 1069 1
805 1069 1
805 1069 1
805 1069 1
805 1069 1
805 1069 1
804 1068 1
804 1068 1
804 1068 1
804 1068 1
803 1068 1
803 1068 1
803 1068 1
803 1068 1
802 1067 1
802 1067 1
802 1067 1
802 1067 1
801 1067 1
801 1067 1
800 1066 1
800 1066 1
800 1066 1
800 1066 1
800 1066 1
800 1066 1
799 1066 1
799 1066 1
798 1065 1
798 1065 1
798 1065 1
798 1065 1
798 1065 1
797 1065 1
797 1065 1
797 1065 1
796 1064 1
796 1064 1
796 1064 1
796 1064 1
796 1064 1
796 1064 1
795 1064 1
795 1064 1
795 1064 1
795 1064 1
795 1064 1
795 1064 1
794 1063 1
794 1063 1
793 1063 1
793 1063 1
793 1063 1
792 1062 1
792 1062 1
791 1062 1
791 1062 1
791 1062 1
791 1062 1
790 1061 1
790 1061 1
790 1061 1
790 1061 1
789 1061 1
789 1061 1
789 1061 1
789 1061 1
789 1061 1
788 1060 1
788 1060 1
788 1060 1
788 1060 1
788 1060 1
788 1060 1
788 1060 1
788 1060 1
787 1060 1
787 1060 1
787 1060 1
787 1060 1
787 1060 1
786 1059 1
786 1059 1
786 1059 1
786 1059 1
786 1059 1
785 1059 1
785 1059 1
785 1059 1
785 1059 1
784 1058 1
784 1058 1
784 1058 1
784 1058 1
784 1058 1
783 1058 1
783 1058 1
782 1057 1
782 1057 1
782 1057 1
782 1057 1
782 1057 1
781 1057 1
781 1057 1
781 1057 1
781 1057 1
780 1056 1
780 1056 1
780 1056 1
780 1056 1
780 1056 1
780 1056 1
780 1056 1
780 1056 1
779 1056 1
779 1056 1
778 1055 1
777 1054 1
776 1054 1
776 1054 1
776 1054 1
776 1054 1
776 1054 1
776 1054 1
776 1054 1
776 1054 1
775 1053 1
775 1053 1
775 1053 1
775 1053 1
775 1053 1
774 1053 1
774 1053 1
773 1052 1
773 1052 1
773 1052 1
773 1052 1
773 1052 1
773 1052 1
773 1052 1
773 1052 1
772 1052 1
772 1052 1
772 1052 1
771 1051 1
771 1051 1
771 1051 1
770 1051 1
770 1051 1
770 1051 1
770 1051 1
770 1051 1
769 1050 1
769 1050 1
768 1050 1
768 1050 1
767 1049 1
767 1049 1
767 1049 1
767 1049 1
767 1049 1
767 1049 1
766 1049 1
766 1049 1
766 1049 1
766 1049 1
766 1049 1
766 1049 1
766 1049 1
766 1049 1
765 1048 1
764 1048 1
764 1048 1
764 1048 1
764 1048 1
764 1048 1
764 1048 1
764 1048 1
764 1048 1
763 1047 1
763 1047 1
763 1047 1
763 1047 1
763 1047 1
763 1047 1
763 1047 1
762 1047 1
762 1047 1
762 1047 1
762 1047 1
762 1047 1
762 1047 1
762 1047 1
762 1047 1
761 1046 1
761 1046 1
761 1046 1
761 1046 1
761 1046 1
761 1046 1
761 1046 1
760 1046 1
760 1046 1
759 1045 1
759 1045 1
759 1045 1
759 1045 1
759 1045 1
758 1045 1
758 1045 1
758 1045 1
757 1044 1
757 1044 1
757 1044 1
756 1044 1
756 1044 1
756 1044 1
756 1044 1
756 1044 1
756 1044 1
756 1044 1
755 1043 1
755 1043 1
755 1043 1
755 1043 1
755 1043 1
755 1043 1
755 1043 1
754 1042 1
754 1042 1
754 1042 1
753 1042 1
753 1042 1
753 1042 1
753 1042 1
753 1042 1
752 1041 1
752 1041 1
751 1041 1
751 1041 1
751 1041 1
751 1041 1
750 1040 1
750 1040 1
750 1040 1
750 1040 1
750 1040 1
749 1040 1
749 1040 1
749 1040 1
749 1040 1
749 1040 1
749 1040 1
749 1040 1
748 1039 1
748 1039 1
748 1039 1
748 1039 1
748 1039 1
748 1039 1
748 1039 1
748 1039 1
748 1039 1
748 1039 1
748 1039 1
748 1039 1
747 1039 1
747 1039 1
747 1039 1
747 1039 1
746 1038 1
746 1038 1
746 1038 1
746 1038 1
745 1038 1
745 1038 1
745 1038 1
745 1038 1
745 1038 1
745 1038 1
745 1038 1
744 1037 1
744 1037 1
744 1037 1
744 1037 1
744 1037 1
744 1037 1
744 1037 1
743 1037 1
743 1037 1
743 1037 1
743 1037 1
743 1037 1
743 1037 1
743 1037 1
743 1037 1
742 1036 1
742 1036 1
741 1036 1
741 1036 1
740 1035 1
740 1035 1
740 1035 1
740 1035 1
739 1034 1
739 1034 1
739 1034 1
739 1034 1
739 1034 1
738 1034 1
738 1034 1
738 1034 1
738 1034 1
738 1034 1
738 1034 1
738 1034 1
737 1033 1
737 1033 1
737 1033 1
737 1033 1
737 1033 1
737 1033 1
737 1033 1
737 1033 1
736 1033 1
736 1033 1
736 1033 1
736 1033 1
736 1033 1
736 1033 1
735 1032 1
735 1032 1
735 1032 1
735 1032 1
735 1032 1
735 1032 1
735 1032 1
734 1032 1
734 1032 1
734 1032 1
734 1032 1
734 1032 1
734 1032 1
734 1032 1
733 1031 1
733 1031 1
733 1031 1
733 1031 1
733 1031 1
733 1031 1
732 1031 1
732 1031 1
732 1031 1
732 1031 1
731 1030 1
731 1030 1
731 1030 1
731 1030 1
731 1030 1
731 1030 1
730 1030 1
730 1030 1
730 1030 1
730 1030 1
730 1030 1
730 1030 1
730 1030 1
729 1029 1
729 1029 1
729 1029 1
729 1029 1
728 1028 1
728 1028 1
728 1028 1
728 1028 1
728 1028 1
728 1028 1
727 1028 1
727 1028 1
727 1028 1
727 1028 1
727 1028 1
727 1028 1
727 1028 1
726 1027 1
726 1027 1
725 1027 1
725 1027 1
725 1027 1
725 1027 1
725 1027 1
725 1027 1
725 1027 1
725 1027 1
724 1026 1
724 1026 1
724 1026 1
724 1026 1
724 1026 1
724 1026 1
723 1026 1
722 1025 1
722 1025 1
722 1025 1
722 1025 1
722 1025 1
721 1025 1
721 1025 1
721 1025 1
720 1024 1
720 1024 1
720 1024 1
720 1024 1
719 1023 1
719 1023 1
719 1023 1
719 1023 1
719 1023 1
719 1023 1
719 1023 1
718 1023 1
718 1023 1
718 1023 1
717 1022 1
716 1022 1
716 1022 1
716 1022 1
716 1022 1
716 1022 1
716 1022 1
716 1022 1
715 1021 1
715 1021 1
715 1021 1
715 1021 1
714 1021 1
714 1021 1
714 1021 1
714 1021 1
714 1021 1
713 1020 1
713 1020 1
712 1020 1
712 1020 1
712 1020 1
712 1020 1
712 1020 1
712 1020 1
711 1019 1
711 1019 1
711 1019 1
711 1019 1
711 1019 1
711 1019 1
711 1019 1
711 1019 1
711 1019 1
711 1019 1
711 1019 1
711 1019 1
711 1019 1
710 1018 1
710 1018 1
710 1018 1
710 1018 1
710 1018 1
710 1018 1
710 1018 1
709 1018 1
708 1017 1
708 1017 1
708 1017 1
708 1017 1
707 1017 1
707 1017 1
707 1017 1
707 1017 1
707 1017 1
707 1017 1
706 1016 1
706 1016 1
706 1016 1
706 1016 1
706 1016 1
705 1016 1
705 1016 1
705 1016 1
704 1015 1
704 1015 1
704 1015 1
704 1015 1
704 1015 1
704 1015 1
704 1015 1
703 1014 1
703 1014 1
703 1014 1
703 1014 1
703 1014 1
703 1014 1
703 1014 1
702 1014 1
702 1014 1
702 1014 1
702 1014 1
701 1013 1
701 1013 1
701 1013 1
701 1013 1
701 1013 1
701 1013 1
700 1013 1
700 1013 1
699 1012 1
699 1012 1
699 1012 1
699 1012 1
699 1012 1
699 1012 1
698 1012 1
698 1012 1
698 1012 1
698 1012 1
697 1011 1
697 1011 1
697 1011 1
697 1011 1
697 1011 1
697 1011 1
697 1011 1
697 1011 1
697 1011 1
696 1010 1
696 1010 1
696 1010 1
696 1010 1
696 1010 1
696 1010 1
696 1010 1
696 1010 1
696 1010 1
696 1010 1
695 1010 1
695 1010 1
695 1010 1
695 1010 1
694 1009 1
694 1009 1
694 1009 1
694 1009 1
694 1009 1
694 1009 1
694 1009 1
693 1009 1
693 1009 1
693 1009 1
693 1009 1
693 1009 1
692 1008 1
692 1008 1
692 1008 1
692 1008 1
692 1008 1
692 1008 1
691 1008 1
691 1008 1
691 1008 1
691 1008 1
691 1008 1
691 1008 1
691 1008 1
690 1007 1
690 1007 1
690 1007 1
689 1006 1
689 1006 1
689 1006 1
689 1006 1
689 1006 1
689 1006 1
688 1006 1
688 1006 1
688 1006 1
688 1006 1
688 1006 1
688 1006 1
687 1005 1
687 1005 1
687 1005 1
686 1005 1
686 1005 1
686 1005 1
686 1005 1
686 1005 1
685 1004 1
685 1004 1
685 1004 1
685 1004 1
685 1004 1
684 1004 1
684 1004 1
684 1004 1
684 1004 1
684 1004 1
684 1004 1
684 1004 1
683 1003 1
683 1003 1
683 1003 1
682 1002 1
682 1002 1
682 1002 1
682 1002 1
681 1002 1
681 1002 1
681 1002 1
681 1002 1
681 1002 1
681 1002 1
681 1002 1
681 1002 1
680 1001 1
680 1001 1
680 1001 1
680 1001 1
680 1001 1
680 1001 1
680 1001 1
680 1001 1
680 1001 1
679 1001 1
679 1001 1
678 1000 1
678 1000 1
678 1000 1
678 1000 1
678 1000 1
678 1000 1
678 1000 1
678 1000 1
677 999 1
677 999 1
677 999 1
677 999 1
677 999 1
677 999 1
677 999 1
677 999 1
677 999 1
676 999 1
676 999 1
675 998 1
675 998 1
675 998 1
675 998 1
675 998 1
674 998 1
674 998 1
674 998 1
674 998 1
674 998 1
673 997 1
673 997 1
673 997 1
673 997 1
673 997 1
673 997 1
673 997 1
673 997 1
673 997 1
672 996 1
672 996 1
672 996 1
672 996 1
672 996 1
672 996 1
671 996 1
671 996 1
671 996 1
671 996 1
671 996 1
671 996 1
670 995 1
669 995 1
669 995 1
669 995 1
669 995 1
668 994 1
668 994 1
668 994 1
668 994 1
668 994 1
668 994 1
667 994 1
667 994 1
667 994 1
667 994 1
667 994 1
667 994 1
667 994 1
667 994 1
666 993 1
666 993 1
666 993 1
666 993 1
666 993 1
666 993 1
666 993 1
665 992 1
665 992 1
665 992 1
665 992 1
664 992 1
664 992 1
664 992 1
664 992 1
664 992 1
664 992 1
664 992 1
664 992 1
663 991 1
663 991 1
663 991 1
663 991 1
662 991 1
662 991 1
662 991 1
662 991 1
662 991 1
662 991 1
661 990 1
661 990 1
661 990 1
661 990 1
661 990 1
661 990 1
660 989 1
660 989 1
660 989 1
660 989 1
660 989 1
660 989 1
659 989 1
659 989 1
659 989 1
658 988 1
658 988 1
658 988 1
657 988 1
657 988 1
657 988 1
657 988 1
656 987 1
656 987 1
656 987 1
655 986 1
655 986 1
655 986 1
655 986 1
655 986 1
655 986 1
654 986 1
654 986 1
654 986 1
654 986 1
654 986 1
654 986 1
653 985 1
653 985 1
653 985 1
653 985 1
652 984 1
652 984 1
652 984 1
652 984 1
652 984 1
652 984 1
651 984 1
650 983 1
650 983 1
650 983 1
650 983 1
650 983 1
649 983 1
649 983 1
649 983 1
649 983 1
649 983 1
649 983 1
649 983 1
648 982 1
648 982 1
648 982 1
648 982 1
648 982 1
648 982 1
648 982 1
648 982 1
647 981 1
647 981 1
647 981 1
646 981 1
646 981 1
646 981 1
646 981 1
646 981 1
646 981 1
645 980 1
645 980 1
645 980 1
644 980 1
644 980 1
644 980 1
644 980 1
644 980 1
644 980 1
643 979 1
643 979 1
643 979 1
643 979 1
643 979 1
643 979 1
642 978 1
642 978 1
642 978 1
642 978 1
642 978 1
642 978 1
642 978 1
642 978 1
642 978 1
642 978 1
642 978 1
642 978 1
642 978 1
641 978 1
641 978 1
640 977 1
640 977 1
640 977 1
640 977 1
640 977 1
639 976 1
639 976 1
639 976 1
639 976 1
639 976 1
638 976 1
638 976 1
638 976 1
638 976 1
638 976 1
638 976 1
638 976 1
638 976 1
637 975 1
637 975 1
637 975 1
637 975 1
637 975 1
637 975 1
636 975 1
636 975 1
636 975 1
635 974 1
634 973 1
634 973 1
634 973 1
634 973 1
634 973 1
634 973 1
634 973 1
633 973 1
633 973 1
633 973 1
633 973 1
633 973 1
633 973 1
632 972 1
632 972 1
632 972 1
632 972 1
632 972 1
632 972 1
632 972 1
631 972 1
631 972 1
631 972 1
631 972 1
631 972 1
631 972 1
631 972 1
630 971 1
630 971 1
630 971 1
630 971 1
630 971 1
630 971 1
629 970 1
629 970 1
629 970 1
629 970 1
629 970 1
629 970 1
628 970 1
628 970 1
627 969 1
627 969 1
627 969 1
627 969 1
626 968 1
626 968 1
626 968 1
626 968 1
626 968 1
626 968 1
625 968 1
625 968 1
625 968 1
625 968 1
625 968 1
624 967 1
624 967 1
624 967 1
623 966 1
623 966 1
623 966 1
623 966 1
623 966 1
623 966 1
622 966 1
622 966 1
621 965 1
621 965 1
621 965 1
621 965 1
621 965 1
621 965 1
621 965 1
620 965 1
619 964 1
619 964 1
619 964 1
618 963 1
618 963 1
618 963 1
618 963 1
618 963 1
618 963 1
617 963 1
617 963 1
617 963 1
617 963 1
617 963 1
616 962 1
616 962 1
616 962 1
616 962 1
615 961 1
615 961 1
615 961 1
615 961 1
615 961 1
615 961 1
614 961 1
613 960 1
613 960 1
613 960 1
613 960 1
613 960 1
612 959 1
612 959 1
612 959 1
612 959 1
612 959 1
612 959 1
611 959 1
611 959 1
611 959 1
611 959 1
610 958 1
610 958 1
609 958 1
609 958 1
609 958 1
609 958 1
609 958 1
608 957 1
608 957 1
608 957 1
608 957 1
607 956 1
607 956 1
607 956 1
607 956 1
607 956 1
607 956 1
607 956 1
606 956 1
606 956 1
606 956 1
606 956 1
606 956 1
605 955 1
605 955 1
605 955 1
605 955 1
605 955 1
604 954 1
604 954 1
604 954 1
604 954 1
603 954 1
603 954 1
603 954 1
602 953 1
602 953 1
602 953 1
602 953 1
602 953 1
602 953 1
602 953 1
601 952 1
601 952 1
601 952 1
601 952 1
601 952 1
601 952 1
600 952 1
600 952 1
600 952 1
600 952 1
599 951 1
599 951 1
599 951 1
599 951 1
598 950 1
598 950 1
598 950 1
598 950 1
598 950 1
597 950 1
597 950 1
597 950 1
597 950 1
597 950 1
597 950 1
596 949 1
595 948 1
595 948 1
595 948 1
595 948 1
595 948 1
595 948 1
594 948 1
594 948 1
594 948 1
594 948 1
594 948 1
593 947 1
593 947 1
593 947 1
593 947 1
593 947 1
592 946 1
592 946 1
592 946 1
591 946 1
591 946 1
591 946 1
591 946 1
591 946 1
591 946 1
590 945 1
590 945 1
590 945 1
590 945 1
590 945 1
590 945 1
590 945 1
590 945 1
590 945 1
590 945 1
589 944 1
589 944 1
589 944 1
589 944 1
589 944 1
589 944 1
588 944 1
588 944 1
588 944 1
588 944 1
588 944 1
588 944 1
588 944 1
588 944 1
587 943 1
587 943 1
587 943 1
587 943 1
587 943 1
586 942 1
586 942 1
586 942 1
586 942 1
585 942 1
585 942 1
585 942 1
585 942 1
585 942 1
585 942 1
585 942 1
584 941 1
584 941 1
584 941 1
584 941 1
584 941 1
583 940 1
583 940 1
583 940 1
583 940 1
583 940 1
583 940 1
583 940 1
583 940 1
582 940 1
582 940 1
582 940 1
582 940 1
582 940 1
581 939 1
581 939 1
581 939 1
581 939 1
581 939 1
581 939 1
580 938 1
580 938 1
580 938 1
580 938 1
580 938 1
580 938 1
580 938 1
579 938 1
579 938 1
579 938 1
579 938 1
579 938 1
579 938 1
579 938 1
578 937 1
578 937 1
578 937 1
578 937 1
578 937 1
578 937 1
577 936 1
577 936 1
577 936 1
577 936 1
577 936 1
577 936 1
577 936 1
576 936 1
576 936 1
576 936 1
576 936 1
576 936 1
576 936 1
575 935 1
575 935 1
575 935 1
575 935 1
575 935 1
575 935 1
575 935 1
575 935 1
574 934 1
574 934 1
574 934 1
573 934 1
573 934 1
573 934 1
573 934 1
572 933 1
572 933 1
572 933 1
571 932 1
571 932 1
571 932 1
570 932 1
570 932 1
570 932 1
570 932 1
569 931 1
569 931 1
569 931 1
569 931 1
569 931 1
568 930 1
568 930 1
568 930 1
568 930 1
568 930 1
568 930 1
567 930 1
567 930 1
567 930 1
567 930 1
566 929 1
566 929 1
566 929 1
566 929 1
566 929 1
566 929 1
565 928 1
565 928 1
565 928 1
564 928 1
564 928 1
563 927 1
563 927 1
563 927 1
562 926 1
562 926 1
562 926 1
562 926 1
562 926 1
562 926 1
562 926 1
561 925 1
561 925 1
561 925 1
561 925 1
561 925 1
561 925 1
560 925 1
560 925 1
560 925 1
560 925 1
559 924 1
559 924 1
559 924 1
559 924 1
559 924 1
559 924 1
558 923 1
558 923 1
558 923 1
558 923 1
557 923 1
557 923 1
557 923 1
557 923 1
556 922 1
556 922 1
556 922 1
555 921 1
555 921 1
555 921 1
555 921 1
555 921 1
554 921 1
554 921 1
554 921 1
554 921 1
553 920 1
553 920 1
553 920 1
553 920 1
553 920 1
553 920 1
552 919 1
552 919 1
552 919 1
552 919 1
552 919 1
551 919 1
551 919 1
551 919 1
551 919 1
551 919 1
551 919 1
551 919 1
551 919 1
551 919 1
551 919 1
550 918 1
550 918 1
550 918 1
550 918 1
550 918 1
549 917 1
549 917 1
549 917 1
548 916 1
548 916 1
548 916 1
548 916 1
548 916 1
547 916 1
547 916 1
547 916 1
547 916 1
547 916 1
546 915 1
546 915 1
546 915 1
546 915 1
546 915 1
545 914 1
545 914 1
545 914 1
545 914 1
545 914 1
545 914 1
545 914 1
544 914 1
544 914 1
544 914 1
543 913 1
543 913 1
543 913 1
543 913 1
543 913 1
542 912 1
542 912 1
542 912 1
542 912 1
542 912 1
542 912 1
541 911 1
541 911 1
541 911 1
541 911 1
541 911 1
541 911 1
541 911 1
540 911 1
540 911 1
539 910 1
539 910 1
539 910 1
538 909 1
538 909 1
538 909 1
538 909 1
538 909 1
537 909 1
537 909 1
536 908 1
536 908 1
536 908 1
536 908 1
535 907 1
535 907 1
535 907 1
535 907 1
535 907 1
535 907 1
535 907 1
534 906 1
534 906 1
534 906 1
534 906 1
533 906 1
533 906 1
533 906 1
533 906 1
533 906 1
532 905 1
532 905 1
532 905 1
532 905 1
531 904 1
531 904 1
531 904 1
531 904 1
531 904 1
531 904 1
531 904 1
531 904 1
530 904 1
530 904 1
529 903 1
529 903 1
529 903 1
529 903 1
528 902 1
528 902 1
528 902 1
528 902 1
528 902 1
528 902 1
527 901 1
527 901 1
527 901 1
526 901 1
526 901 1
526 901 1
526 901 1
526 901 1
525 900 1
525 900 1
525 900 1
525 900 1
525 900 1
524 899 1
524 899 1
524 899 1
524 899 1
524 899 1
523 899 1
523 899 1
523 899 1
523 899 1
523 899 1
523 899 1
523 899 1
522 898 1
522 898 1
522 898 1
522 898 1
522 898 1
521 897 1
521 897 1
521 897 1
520 896 1
520 896 1
520 896 1
520 896 1
519 896 1
519 896 1
519 896 1
518 895 1
518 895 1
518 895 1
518 895 1
518 895 1
518 895 1
518 895 1
517 894 1
517 894 1
517 894 1
516 893 1
516 893 1
516 893 1
516 893 1
516 893 1
516 893 1
516 893 1
515 893 1
515 893 1
515 893 1
515 893 1
514 892 1
514 892 1
514 892 1
514 892 1
514 892 1
514 892 1
514 892 1
514 892 1
514 892 1
513 891 1
513 891 1
513 891 1
513 891 1
512 890 1
512 890 1
512 890 1
511 890 1
511 890 1
511 890 1
511 890 1
510 889 1
510 889 1
510 889 1
509 888 1
509 888 1
509 888 1
509 888 1
509 888 1
509 888 1
509 888 1
509 888 1
508 887 1
508 887 1
508 887 1
508 887 1
507 887 1
507 887 1
507 887 1
507 887 1
506 886 1
506 886 1
506 886 1
506 886 1
506 886 1
506 886 1
506 886 1
506 886 1
505 885 1
505 885 1
505 885 1
505 885 1
505 885 1
505 885 1
504 884 1
504 884 1
504 884 1
504 884 1
504 884 1
504 884 1
503 884 1
503 884 1
503 884 1
503 884 1
503 884 1
503 884 1
502 883 1
502 883 1
502 883 1
502 883 1
502 883 1
502 883 1
502 883 1
501 882 1
501 882 1
501 882 1
501 882 1
501 882 1
501 882 1
501 882 1
500 881 1
500 881 1
500 881 1
498 880 1
498 880 1
498 880 1
498 880 1
497 879 1
497 879 1
497 879 1
496 878 1
496 878 1
496 878 1
495 878 1
495 878 1
495 878 1
495 878 1
495 878 1
494 877 1
494 877 1
494 877 1
494 877 1
494 877 1
493 876 1
493 876 1
493 876 1
493 876 1
493 876 1
493 876 1
493 876 1
493 876 1
492 875 1
492 875 1
492 875 1
491 875 1
491 875 1
491 875 1
491 875 1
491 875 1
491 875 1
491 875 1
490 874 1
490 874 1
490 874 1
490 874 1
490 874 1
490 874 1
490 874 1
489 873 1
489 873 1
489 873 1
489 873 1
488 872 1
488 872 1
488 872 1
488 872 1
487 871 1
487 871 1
487 871 1
487 871 1
487 871 1
487 871 1
486 871 1
486 871 1
486 871 1
486 871 1
486 871 1
485 870 1
485 870 1
485 870 1
485 870 1
485 870 1
485 870 1
485 870 1
483 868 1
483 868 1
483 868 1
483 868 1
483 868 1
483 868 1
482 868 1
482 868 1
482 868 1
482 868 1
482 868 1
481 867 1
481 867 1
481 867 1
481 867 1
481 867 1
481 867 1
481 867 1
480 866 1
480 866 1
480 866 1
480 866 1
480 866 1
479 865 1
479 865 1
479 865 1
479 865 1
478 865 1
478 865 1
477 864 1
477 864 1
476 863 1
476 863 1
476 863 1
476 863 1
476 863 1
475 862 1
475 862 1
474 861 1
474 861 1
474 861 1
474 861 1
473 861 1
473 861 1
473 861 1
473 861 1
473 861 1
473 861 1
472 860 1
472 860 1
472 860 1
472 860 1
470 858 1
470 858 1
470 858 1
470 858 1
470 858 1
470 858 1
470 858 1
469 857 1
469 857 1
469 857 1
468 857 1
468 857 1
468 857 1
468 857 1
468 857 1
468 857 1
467 856 1
467 856 1
467 856 1
466 855 1
466 855 1
466 855 1
466 855 1
466 855 1
466 855 1
466 855 1
466 855 1
466 855 1
466 855 1
465 854 1
465 854 1
465 854 1
464 853 1
464 853 1
464 853 1
464 853 1
464 853 1
463 853 1
463 853 1
463 853 1
463 853 1
463 853 1
463 853 1
462 852 1
462 852 1
462 852 1
461 851 1
461 851 1
460 850 1
460 850 1
460 850 1
460 850 1
460 850 1
460 850 1
459 849 1
458 849 1
458 849 1
457 848 1
457 848 1
457 848 1
456 847 1
456 847 1
456 847 1
456 847 1
455 846 1
455 846 1
455 846 1
455 846 1
455 846 1
455 846 1
455 846 1
454 845 1
454 845 1
454 845 1
454 845 1
453 845 1
453 845 1
452 844 1
452 844 1
452 844 1
452 844 1
452 844 1
451 843 1
451 843 1
451 843 1
450 842 1
450 842 1
450 842 1
450 842 1
450 842 1
450 842 1
450 842 1
450 842 1
450 842 1
449 841 1
449 841 1
449 841 1
449 841 1
449 841 1
449 841 1
448 840 1
448 840 1
448 840 1
447 840 1
447 840 1
447 840 1
447 840 1
447 840 1
446 839 1
446 839 1
446 839 1
446 839 1
446 839 1
445 838 1
445 838 1
445 838 1
445 838 1
445 838 1
445 838 1
444 837 1
444 837 1
444 837 1
444 837 1
444 837 1
443 836 1
443 836 1
443 836 1
442 836 1
442 836 1
442 836 1
442 836 1
442 836 1
442 836 1
441 835 1
441 835 1
441 835 1
441 835 1
441 835 1
441 835 1
441 835 1
441 835 1
441 835 1
440 834 1
440 834 1
440 834 1
440 834 1
440 834 1
439 833 1
439 833 1
439 833 1
438 832 1
438 832 1
438 832 1
438 832 1
437 831 1
436 831 1
436 831 1
436 831 1
436 831 1
435 830 1
435 830 1
434 829 1
434 829 1
434 829 1
434 829 1
434 829 1
434 829 1
434 829 1
434 829 1
433 828 1
433 828 1
433 828 1
433 828 1
433 828 1
433 828 1
433 828 1
433 828 1
432 827 1
432 827 1
432 827 1
432 827 1
432 827 1
432 827 1
432 827 1
431 826 1
431 826 1
431 826 1
430 825 1
430 825 1
430 825 1
430 825 1
430 825 1
430 825 1
430 825 1
430 825 1
430 825 1
430 825 1
429 825 1
429 825 1
429 825 1
429 825 1
429 825 1
429 825 1
429 825 1
429 825 1
428 824 1
428 824 1
428 824 1
428 824 1
428 824 1
427 823 1
427 823 1
427 823 1
427 823 1
427 823 1
426 822 1
426 822 1
426 822 1
426 822 1
425 821 1
425 821 1
425 821 1
425 821 1
425 821 1
424 820 1
424 820 1
424 820 1
424 820 1
424 820 1
423 820 1
423 820 1
423 820 1
423 820 1
423 820 1
423 820 1
423 820 1
422 819 1
422 819 1
422 819 1
422 819 1
421 818 1
421 818 1
421 818 1
421 818 1
421 818 1
420 817 1
420 817 1
420 817 1
419 816 1
419 816 1
419 816 1
419 816 1
419 816 1
419 816 1
419 816 1
419 816 1
418 815 1
418 815 1
418 815 1
418 815 1
418 815 1
417 814 1
417 814 1
417 814 1
417 814 1
416 814 1
416 814 1
416 814 1
416 814 1
416 814 1
416 814 1
415 813 1
415 813 1
415 813 1
415 813 1
415 813 1
415 813 1
415 813 1
415 813 1
415 813 1
414 812 1
414 812 1
413 811 1
413 811 1
413 811 1
413 811 1
413 811 1
413 811 1
412 810 1
412 810 1
412 810 1
412 810 1
412 810 1
412 810 1
411 809 1
411 809 1
411 809 1
411 809 1
411 809 1
411 809 1
411 809 1
411 809 1
411 809 1
410 808 1
410 808 1
410 808 1
410 808 1
410 808 1
410 808 1
410 808 1
409 807 1
409 807 1
409 807 1
409 807 1
408 807 1
408 807 1
408 807 1
407 806 1
407 806 1
407 806 1
406 805 1
406 805 1
406 805 1
406 805 1
405 804 1
405 804 1
405 804 1
405 804 1
404 803 1
404 803 1
404 803 1
404 803 1
404 803 1
403 802 1
403 802 1
403 802 1
403 802 1
403 802 1
403 802 1
402 801 1
401 800 1
401 800 1
401 800 1
401 800 1
401 800 1
401 800 1
401 800 1
401 800 1
401 800 1
401 800 1
401 800 1
401 800 1
401 800 1
401 800 1
400 800 1
400 800 1
400 800 1
400 800 1
400 800 1
400 800 1
399 799 1
399 799 1
399 799 1
399 799 1
398 798 1
398 798 1
397 797 1
397 797 1
397 797 1
397 797 1
397 797 1
396 796 1
396 796 1
396 796 1
396 796 1
396 796 1
395 795 1
395 795 1
395 795 1
395 795 1
395 795 1
395 795 1
394 794 1
394 794 1
394 794 1
394 794 1
394 794 1
394 794 1
394 794 1
394 794 1
393 793 1
393 793 1
393 793 1
393 793 1
393 793 1
393 793 1
393 793 1
392 792 1
392 792 1
391 791 1
391 791 1
391 791 1
391 791 1
390 791 1
390 791 1
390 791 1
390 791 1
389 790 1
389 790 1
389 790 1
389 790 1
389 790 1
389 790 1
388 789 1
388 789 1
387 788 1
387 788 1
387 788 1
386 787 1
386 787 1
386 787 1
386 787 1
386 787 1
386 787 1
386 787 1
385 786 1
385 786 1
385 786 1
385 786 1
385 786 1
385 786 1
385 786 1
384 785 1
384 785 1
383 784 1
383 784 1
382 783 1
382 783 1
382 783 1
382 783 1
382 783 1
382 783 1
382 783 1
382 783 1
381 782 1
381 782 1
381 782 1
380 781 1
380 781 1
379 780 1
379 780 1
379 780 1
379 780 1
378 780 1
378 780 1
378 780 1
378 780 1
377 779 1
377 779 1
377 779 1
377 779 1
377 779 1
377 779 1
377 779 1
377 779 1
377 779 1
376 778 1
376 778 1
376 778 1
375 777 1
375 777 1
374 776 1
374 776 1
374 776 1
373 775 1
373 775 1
373 775 1
373 775 1
373 775 1
373 775 1
373 775 1
373 775 1
373 775 1
372 774 1
372 774 1
372 774 1
372 774 1
372 774 1
371 773 1
371 773 1
371 773 1
371 773 1
370 772 1
370 772 1
370 772 1
370 772 1
370 772 1
369 771 1
369 771 1
369 771 1
369 771 1
368 770 1
368 770 1
368 770 1
368 770 1
368 770 1
368 770 1
368 770 1
368 770 1
367 769 1
367 769 1
367 769 1
366 768 1
366 768 1
365 767 1
365 767 1
365 767 1
364 766 1
364 766 1
364 766 1
364 766 1
364 766 1
364 766 1
363 766 1
363 766 1
363 766 1
363 766 1
363 766 1
362 765 1
362 765 1
362 765 1
362 765 1
362 765 1
361 764 1
361 764 1
361 764 1
361 764 1
361 764 1
360 763 1
360 763 1
360 763 1
360 763 1
359 762 1
359 762 1
359 762 1
359 762 1
359 762 1
359 762 1
358 761 1
358 761 1
358 761 1
358 761 1
358 761 1
357 760 1
357 760 1
356 759 1
356 759 1
356 759 1
356 759 1
356 759 1
356 759 1
356 759 1
356 759 1
356 759 1
355 758 1
355 758 1
355 758 1
355 758 1
355 758 1
355 758 1
355 758 1
355 758 1
355 758 1
354 757 1
354 757 1
354 757 1
354 757 1
354 757 1
354 757 1
353 756 1
353 756 1
353 756 1
353 756 1
353 756 1
353 756 1
353 756 1
353 756 1
352 755 1
352 755 1
352 755 1
351 754 1
351 754 1
351 754 1
350 753 1
350 753 1
350 753 1
350 753 1
350 753 1
350 753 1
349 752 1
349 752 1
349 752 1
349 752 1
349 752 1
348 751 1
348 751 1
347 750 1
347 750 1
347 750 1
347 750 1
347 750 1
346 749 1
346 749 1
346 749 1
346 749 1
346 749 1
345 748 1
345 748 1
345 748 1
345 748 1
345 748 1
344 747 1
344 747 1
344 747 1
343 746 1
343 746 1
343 746 1
343 746 1
343 746 1
343 746 1
342 745 1
342 745 1
342 745 1
342 745 1
341 744 1
341 744 1
341 744 1
340 743 1
340 743 1
340 743 1
339 742 1
339 742 1
339 742 1
339 742 1
339 742 1
338 741 1
338 741 1
338 741 1
337 740 1
336 739 1
336 739 1
336 739 1
336 739 1
336 739 1
335 738 1
335 738 1
335 738 1
335 738 1
335 738 1
335 738 1
335 738 1
335 738 1
334 737 1
334 737 1
334 737 1
334 737 1
334 737 1
334 737 1
334 737 1
334 737 1
333 736 1
333 736 1
333 736 1
333 736 1
332 735 1
332 735 1
332 735 1
332 735 1
332 735 1
332 735 1
332 735 1
332 735 1
331 734 1
331 734 1
331 734 1
331 734 1
331 734 1
331 734 1
331 734 1
330 733 1
330 733 1
330 733 1
330 733 1
330 733 1
329 732 1
329 732 1
328 731 1
328 731 1
327 730 1
327 730 1
326 729 1
326 729 1
326 729 1
326 729 1
326 729 1
325 728 1
325 728 1
325 728 1
325 728 1
325 728 1
324 727 1
324 727 1
324 727 1
324 727 1
323 726 1
323 726 1
323 726 1
323 726 1
323 726 1
323 726 1
322 725 1
322 725 1
322 725 1
322 725 1
322 725 1
322 725 1
321 724 1
321 724 1
321 724 1
321 724 1
321 724 1
321 724 1
321 724 1
321 724 1
321 724 1
320 723 1
320 723 1
320 723 1
320 723 1
319 722 1
319 722 1
319 722 1
319 722 1
318 721 1
318 721 1
318 721 1
318 721 1
317 720 1
317 720 1
317 720 1
317 720 1
317 720 1
316 719 1
316 719 1
316 719 1
316 719 1
316 719 1
315 718 1
315 718 1
315 718 1
315 718 1
314 717 1
314 717 1
314 717 1
314 717 1
314 717 1
314 717 1
313 716 1
313 716 1
313 716 1
313 716 1
313 716 1
312 715 1
312 715 1
312 715 1
311 714 1
310 713 1
310 713 1
310 713 1
310 713 1
310 713 1
310 713 1
310 713 1
309 711 1
309 711 1
309 711 1
309 711 1
308 710 1
308 710 1
308 710 1
308 710 1
308 710 1
308 710 1
307 709 1
307 709 1
307 709 1
307 709 1
307 709 1
307 709 1
306 708 1
306 708 1
306 708 1
306 708 1
306 708 1
305 707 1
305 707 1
305 707 1
305 707 1
305 707 1
305 707 1
305 707 1
305 707 1
305 707 1
304 706 1
304 706 1
304 706 1
304 706 1
304 706 1
304 706 1
304 706 1
304 706 1
303 705 1
303 705 1
303 705 1
303 705 1
303 705 1
303 705 1
303 705 1
302 704 1
302 704 1
302 704 1
302 704 1
302 704 1
302 704 1
302 704 1
302 704 1
302 704 1
302 704 1
301 703 1
301 703 1
301 703 1
301 703 1
300 702 1
300 702 1
300 702 1
300 702 1
300 702 1
300 702 1
300 702 1
299 701 1
299 701 1
298 700 1
298 700 1
298 700 1
298 700 1
298 700 1
298 700 1
297 699 1
297 699 1
297 699 1
297 699 1
296 698 1
296 698 1
296 698 1
296 698 1
296 698 1
296 698 1
295 696 1
295 696 1
295 696 1
295 696 1
295 696 1
295 696 1
295 696 1
294 695 1
294 695 1
293 694 1
293 694 1
293 694 1
293 694 1
293 694 1
293 694 1
292 693 1
292 693 1
292 693 1
291 692 1
291 692 1
291 692 1
290 691 1
290 691 1
290 691 1
290 691 1
290 691 1
290 691 1
289 690 1
289 690 1
289 690 1
289 690 1
289 690 1
289 690 1
289 690 1
289 690 1
289 690 1
288 689 1
288 689 1
288 689 1
288 689 1
288 689 1
288 689 1
287 688 1
287 688 1
286 687 1
286 687 1
286 687 1
286 687 1
286 687 1
285 685 1
285 685 1
285 685 1
285 685 1
284 684 1
284 684 1
284 684 1
284 684 1
284 684 1
283 683 1
283 683 1
283 683 1
283 683 1
283 683 1
283 683 1
283 683 1
283 683 1
282 682 1
282 682 1
282 682 1
281 681 1
281 681 1
281 681 1
281 681 1
281 681 1
281 681 1
280 680 1
280 680 1
280 680 1
280 680 1
280 680 1
279 679 1
279 679 1
279 679 1
279 679 1
279 679 1
279 679 1
278 678 1
278 678 1
278 678 1
278 678 1
278 678 1
278 678 1
277 677 1
277 677 1
277 677 1
277 677 1
277 677 1
277 677 1
277 677 1
277 677 1
277 677 1
276 675 1
276 675 1
276 675 1
276 675 1
276 675 1
275 674 1
275 674 1
275 674 1
275 674 1
275 674 1
274 673 1
274 673 1
274 673 1
274 673 1
274 673 1
274 673 1
273 672 1
273 672 1
273 672 1
273 672 1
273 672 1
272 671 1
272 671 1
272 671 1
272 671 1
271 670 1
271 670 1
271 670 1
271 670 1
271 670 1
271 670 1
271 670 1
270 669 1
270 669 1
269 667 1
269 667 1
268 666 1
268 666 1
268 666 1
268 666 1
268 666 1
268 666 1
268 666 1
267 665 1
267 665 1
267 665 1
266 664 1
266 664 1
265 663 1
265 663 1
265 663 1
265 663 1
265 663 1
264 662 1
264 662 1
264 662 1
264 662 1
264 662 1
264 662 1
264 662 1
264 662 1
263 660 1
263 660 1
263 660 1
263 660 1
263 660 1
263 660 1
262 659 1
262 659 1
261 658 1
261 658 1
261 658 1
261 658 1
261 658 1
260 657 1
260 657 1
259 656 1
259 656 1
259 656 1
259 656 1
259 656 1
259 656 1
258 655 1
258 655 1
258 655 1
258 655 1
258 655 1
258 655 1
258 655 1
258 655 1
257 653 1
257 653 1
257 653 1
257 653 1
257 653 1
257 653 1
257 653 1
256 652 1
256 652 1
256 652 1
255 651 1
255 651 1
255 651 1
254 650 1
254 650 1
254 650 1
254 650 1
253 649 1
253 649 1
253 649 1
253 649 1
253 649 1
252 647 1
252 647 1
252 647 1
252 647 1
252 647 1
252 647 1
252 647 1
251 646 1
251 646 1
251 646 1
251 646 1
251 646 1
251 646 1
251 646 1
250 645 1
250 645 1
250 645 1
248 643 1
248 643 1
248 643 1
247 641 1
247 641 1
247 641 1
247 641 1
246 640 1
246 640 1
246 640 1
245 639 1
245 639 1
245 639 1
245 639 1
245 639 1
244 638 1
244 638 1
243 636 1
243 636 1
243 636 1
242 635 1
242 635 1
242 635 1
242 635 1
242 635 1
242 635 1
242 635 1
242 635 1
241 634 1
241 634 1
241 634 1
241 634 1
240 633 1
239 632 1
239 632 1
239 632 1
239 632 1
239 632 1
239 632 1
239 632 1
238 630 1
238 630 1
238 630 1
238 630 1
237 629 1
237 629 1
237 629 1
237 629 1
237 629 1
236 628 1
236 628 1
236 628 1
236 628 1
236 628 1
235 627 1
235 627 1
234 625 1
234 625 1
234 625 1
234 625 1
234 625 1
233 624 1
233 624 1
233 624 1
233 624 1
232 623 1
232 623 1
232 623 1
232 623 1
232 623 1
231 622 1
231 622 1
231 622 1
231 622 1
231 622 1
231 622 1
231 622 1
231 622 1
230 620 1
230 620 1
230 620 1
230 620 1
230 620 1
230 620 1
230 620 1
230 620 1
230 620 1
229 619 1
229 619 1
229 619 1
229 619 1
229 619 1
229 619 1
228 618 1
228 618 1
228 618 1
228 618 1
228 618 1
228 618 1
228 618 1
227 616 1
227 616 1
227 616 1
226 615 1
226 615 1
226 615 1
226 615 1
225 614 1
225 614 1
225 614 1
224 613 1
224 613 1
224 613 1
224 613 1
224 613 1
224 613 1
224 613 1
223 611 1
223 611 1
223 611 1
223 611 1
223 611 1
223 611 1
223 611 1
222 610 1
222 610 1
222 610 1
222 610 1
222 610 1
222 610 1
221 609 1
221 609 1
221 609 1
221 609 1
221 609 1
220 607 1
220 607 1
220 607 1
219 606 1
219 606 1
219 606 1
219 606 1
219 606 1
219 606 1
218 605 1
218 605 1
218 605 1
218 605 1
217 604 1
217 604 1
217 604 1
217 604 1
217 604 1
217 604 1
216 602 1
216 602 1
216 602 1
216 602 1
216 602 1
216 602 1
216 602 1
215 601 1
215 601 1
215 601 1
215 601 1
215 601 1
214 600 1
214 600 1
214 600 1
214 600 1
214 600 1
214 600 1
214 600 1
213 598 1
212 597 1
212 597 1
212 597 1
212 597 1
212 597 1
211 596 1
211 596 1
211 596 1
211 596 1
211 596 1
211 596 1
211 596 1
210 594 1
210 594 1
210 594 1
210 594 1
210 594 1
210 594 1
210 594 1
209 593 1
209 593 1
208 592 1
208 592 1
208 592 1
207 590 1
207 590 1
207 590 1
207 590 1
207 590 1
207 590 1
207 590 1
206 589 1
206 589 1
206 589 1
205 588 1
205 588 1
205 588 1
205 588 1
205 588 1
205 588 1
205 588 1
205 588 1
205 588 1
204 586 1
204 586 1
204 586 1
203 585 1
203 585 1
203 585 1
203 585 1
203 585 1
203 585 1
202 583 1
202 583 1
202 583 1
202 583 1
202 583 1
202 583 1
202 583 1
202 583 1
202 583 1
201 582 1
201 582 1
200 581 1
200 581 1
200 581 1
200 581 1
200 581 1
200 581 1
200 581 1
200 581 1
200 581 1
199 579 1
199 579 1
199 579 1
199 579 1
198 578 1
198 578 1
198 578 1
198 578 1
198 578 1
197 577 1
197 577 1
197 577 1
197 577 1
197 577 1
197 577 1
197 577 1
197 577 1
196 575 1
196 575 1
196 575 1
196 575 1
196 575 1
196 575 1
196 575 1
196 575 1
196 575 1
195 574 1
195 574 1
195 574 1
195 574 1
194 572 1
194 572 1
193 571 1
193 571 1
193 571 1
193 571 1
193 571 1
193 571 1
193 571 1
192 570 1
192 570 1
192 570 1
192 570 1
191 568 1
191 568 1
191 568 1
190 567 1
190 567 1
190 567 1
190 567 1
190 567 1
190 567 1
189 565 1
189 565 1
189 565 1
189 565 1
189 565 1
189 565 1
188 564 1
188 564 1
187 562 1
187 562 1
187 562 1
186 561 1
186 561 1
186 561 1
186 561 1
186 561 1
185 560 1
185 560 1
185 560 1
185 560 1
185 560 1
185 560 1
185 560 1
184 558 1
183 557 1
183 557 1
183 557 1
183 557 1
183 557 1
182 555 1
182 555 1
182 555 1
182 555 1
182 555 1
182 555 1
182 555 1
181 554 1
181 554 1
181 554 1
181 554 1
181 554 1
181 554 1
180 552 1
180 552 1
179 551 1
179 551 1
179 551 1
179 551 1
178 549 1
178 549 1
178 549 1
178 549 1
178 549 1
177 548 1
177 548 1
177 548 1
176 546 1
176 546 1
176 546 1
176 546 1
176 546 1
176 546 1
176 546 1
175 545 1
175 545 1
175 545 1
175 545 1
174 543 1
174 543 1
174 543 1
174 543 1
174 543 1
173 542 1
173 542 1
173 542 1
173 542 1
173 542 1
173 542 1
172 540 1
172 540 1
172 540 1
171 539 1
171 539 1
171 539 1
171 539 1
170 537 1
170 537 1
170 537 1
170 537 1
170 537 1
170 537 1
169 536 1
169 536 1
169 536 1
168 534 1
168 534 1
168 534 1
168 534 1
168 534 1
168 534 1
168 534 1
167 533 1
167 533 1
167 533 1
167 533 1
167 533 1
167 533 1
167 533 1
167 533 1
166 531 1
166 531 1
166 531 1
165 530 1
165 530 1
165 530 1
165 530 1
165 530 1
165 530 1
164 528 1
164 528 1
164 528 1
164 528 1
164 528 1
164 528 1
163 527 1
163 527 1
163 527 1
162 525 1
162 525 1
162 525 1
162 525 1
162 525 1
161 524 1
161 524 1
161 524 1
161 524 1
161 524 1
161 524 1
161 524 1
160 522 1
160 522 1
160 522 1
160 522 1
160 522 1
160 522 1
159 520 1
159 520 1
159 520 1
159 520 1
159 520 1
158 519 1
158 519 1
158 519 1
158 519 1
158 519 1
158 519 1
158 519 1
157 517 1
157 517 1
157 517 1
157 517 1
157 517 1
156 516 1
156 516 1
156 516 1
156 516 1
156 516 1
155 514 1
155 514 1
155 514 1
155 514 1
155 514 1
155 514 1
154 513 1
154 513 1
154 513 1
154 513 1
153 511 1
153 511 1
153 511 1
152 509 1
152 509 1
151 508 1
151 508 1
151 508 1
151 508 1
151 508 1
150 506 1
150 506 1
150 506 1
150 506 1
149 504 1
149 504 1
149 504 1
149 504 1
148 503 1
148 503 1
148 503 1
148 503 1
148 503 1
148 503 1
147 501 1
147 501 1
147 501 1
147 501 1
146 500 1
146 500 1
146 500 1
146 500 1
146 500 1
145 498 1
145 498 1
145 498 1
145 498 1
145 498 1
145 498 1
144 496 1
144 496 1
144 496 1
143 495 1
143 495 1
143 495 1
143 495 1
142 493 1
142 493 1
142 493 1
141 491 1
141 491 1
141 491 1
141 491 1
141 491 1
141 491 1
141 491 1
140 490 1
140 490 1
140 490 1
140 490 1
140 490 1
139 488 1
139 488 1
139 488 1
139 488 1
139 488 1
138 486 1
138 486 1
138 486 1
138 486 1
137 484 1
137 484 1
137 484 1
137 484 1
136 483 1
136 483 1
136 483 1
136 483 1
136 483 1
136 483 1
136 483 1
135 481 1
135 481 1
134 479 1
134 479 1
134 479 1
133 478 1
133 478 1
133 478 1
133 478 1
132 476 1
132 476 1
132 476 1
132 476 1
131 474 1
131 474 1
131 474 1
131 474 1
130 472 1
130 472 1
130 472 1
130 472 1
129 471 1
129 471 1
129 471 1
129 471 1
129 471 1
129 471 1
128 469 1
128 469 1
128 469 1
128 469 1
128 469 1
128 469 1
127 467 1
127 467 1
127 467 1
127 467 1
127 467 1
126 465 1
126 465 1
126 465 1
126 465 1
126 465 1
126 465 1
125 463 1
125 463 1
125 463 1
125 463 1
125 463 1
124 462 1
124 462 1
124 462 1
123 460 1
123 460 1
123 460 1
123 460 1
123 460 1
123 460 1
123 460 1
123 460 1
122 458 1
122 458 1
121 456 1
121 456 1
121 456 1
121 456 1
121 456 1
121 456 1
121 456 1
121 456 1
121 456 1
121 456 1
120 454 1
120 454 1
120 454 1
120 454 1
120 454 1
120 454 1
120 454 1
120 454 1
119 453 1
119 453 1
119 453 1
119 453 1
118 451 1
118 451 1
118 451 1
117 449 1
117 449 1
117 449 1
117 449 1
117 449 1
117 449 1
117 449 1
117 449 1
116 447 1
116 447 1
116 447 1
116 447 1
116 447 1
116 447 1
115 445 1
115 445 1
115 445 1
115 445 1
114 443 1
113 441 1
113 441 1
113 441 1
112 439 1
112 439 1
112 439 1
112 439 1
112 439 1
112 439 1
111 438 1
111 438 1
111 438 1
110 436 1
110 436 1
110 436 1
110 436 1
110 436 1
110 436 1
109 434 1
109 434 1
109 434 1
109 434 1
109 434 1
109 434 1
108 432 1
108 432 1
108 432 1
108 432 1
108 432 1
108 432 1
108 432 1
108 432 1
107 430 1
107 430 1
107 430 1
107 430 1
107 430 1
106 428 1
106 428 1
105 426 1
105 426 1
105 426 1
105 426 1
105 426 1
105 426 1
105 426 1
104 424 1
104 424 1
104 424 1
104 424 1
104 424 1
104 424 1
104 424 1
104 424 1
103 422 1
103 422 1
103 422 1
103 422 1
103 422 1
103 422 1
102 420 1
101 418 1
101 418 1
101 418 1
101 418 1
101 418 1
101 418 1
101 418 1
100 416 1
100 416 1
100 416 1
100 416 1
100 416 1
100 416 1
100 416 1
99 414 1
99 414 1
99 414 1
99 414 1
99 414 1
99 414 1
98 412 1
98 412 1
98 412 1
98 412 1
98 412 1
98 412 1
97 410 1
97 410 1
97 410 1
97 410 1
97 410 1
97 410 1
97 410 1
97 410 1
97 410 1
96 408 1
96 408 1
96 408 1
96 408 1
95 406 1
95 406 1
95 406 1
95 406 1
95 406 1
95 406 1
95 406 1
95 406 1
95 406 1
95 406 1
95 406 1
95 406 1
95 406 1
94 403 1
94 403 1
94 403 1
94 403 1
93 401 1
93 401 1
93 401 1
93 401 1
92 399 1
92 399 1
92 399 1
92 399 1
92 399 1
92 399 1
91 397 1
91 397 1
90 395 1
90 395 1
89 393 1
89 393 1
89 393 1
89 393 1
88 391 1
88 391 1
88 391 1
88 391 1
88 391 1
88 391 1
87 388 1
86 386 1
86 386 1
86 386 1
85 384 1
85 384 1
85 384 1
84 382 1
84 382 1
84 382 1
83 380 1
83 380 1
83 380 1
83 380 1
83 380 1
82 377 1
82 377 1
82 377 1
82 377 1
82 377 1
81 375 1
81 375 1
81 375 1
81 375 1
81 375 1
81 375 1
81 375 1
81 375 1
81 375 1
80 373 1
80 373 1
80 373 1
79 371 1
79 371 1
79 371 1
79 371 1
79 371 1
79 371 1
79 371 1
78 368 1
78 368 1
78 368 1
78 368 1
78 368 1
78 368 1
78 368 1
78 368 1
77 366 1
77 366 1
77 366 1
76 364 1
76 364 1
76 364 1
76 364 1
76 364 1
75 361 1
75 361 1
75 361 1
75 361 1
74 359 1
74 359 1
74 359 1
74 359 1
74 359 1
74 359 1
73 356 1
73 356 1
73 356 1
73 356 1
73 356 1
73 356 1
72 354 1
72 354 1
72 354 1
72 354 1
71 352 1
71 352 1
71 352 1
71 352 1
71 352 1
71 352 1
70 349 1
70 349 1
70 349 1
70 349 1
70 349 1
69 347 1
69 347 1
69 347 1
69 347 1
69 347 1
68 344 1
68 344 1
68 344 1
68 344 1
68 344 1
68 344 1
68 344 1
67 342 1
67 342 1
67 342 1
67 342 1
67 342 1
67 342 1
66 339 1
66 339 1
66 339 1
66 339 1
66 339 1
66 339 1
66 339 1
65 337 1
65 337 1
65 337 1
65 337 1
64 334 1
64 334 1
64 334 1
64 334 1
64 334 1
64 334 1
64 334 1
64 334 1
63 332 1
63 332 1
63 332 1
62 329 1
62 329 1
62 329 1
62 329 1
62 329 1
61 326 1
61 326 1
61 326 1
61 326 1
61 326 1
61 326 1
61 326 1
60 324 1
60 324 1
60 324 1
60 324 1
59 321 1
59 321 1
59 321 1
58 318 1
58 318 1
58 318 1
58 318 1
58 318 1
58 318 1
57 316 1
57 316 1
57 316 1
56 313 1
56 313 1
56 313 1
56 313 1
56 313 1
56 313 1
56 313 1
56 313 1
55 310 1
55 310 1
55 310 1
55 310 1
55 310 1
55 310 1
55 310 1
54 307 1
54 307 1
53 304 1
53 304 1
52 302 1
52 302 1
52 302 1
52 302 1
52 302 1
52 302 1
51 299 1
51 299 1
51 299 1
51 299 1
51 299 1
51 299 1
51 299 1
50 296 1
50 296 1
50 296 1
50 296 1
50 296 1
50 296 1
49 293 1
49 293 1
49 293 1
49 293 1
49 293 1
49 293 1
49 293 1
48 290 1
48 290 1
48 290 1
47 287 1
47 287 1
47 287 1
47 287 1
47 287 1
47 287 1
46 284 1
46 284 1
46 284 1
46 284 1
45 281 1
44 278 1
44 278 1
44 278 1
44 278 1
44 278 1
44 278 1
44 278 1
44 278 1
44 278 1
44 278 1
43 274 1
43 274 1
43 274 1
43 274 1
43 274 1
42 271 1
42 271 1
42 271 1
42 271 1
42 271 1
42 271 1
42 271 1
42 271 1
42 271 1
41 268 1
41 268 1
41 268 1
41 268 1
41 268 1
41 268 1
41 268 1
41 268 1
40 265 1
40 265 1
40 265 1
40 265 1
40 265 1
40 265 1
40 265 1
40 265 1
40 265 1
40 265 1
39 262 1
39 262 1
39 262 1
39 262 1
39 262 1
38 258 1
38 258 1
38 258 1
38 258 1
38 258 1
38 258 1
38 258 1
38 258 1
38 258 1
37 255 1
37 255 1
37 255 1
37 255 1
37 255 1
36 251 1
36 251 1
36 251 1
36 251 1
35 248 1
35 248 1
35 248 1
35 248 1
35 248 1
35 248 1
35 248 1
35 248 1
34 244 1
34 244 1
33 241 1
33 241 1
33 241 1
33 241 1
32 237 1
32 237 1
32 237 1
31 233 1
31 233 1
31 233 1
31 233 1
31 233 1
31 233 1
30 230 1
30 230 1
30 230 1
30 230 1
29 226 1
29 226 1
29 226 1
29 226 1
29 226 1
28 222 1
28 222 1
28 222 1
28 222 1
28 222 1
28 222 1
28 222 1
27 218 1
27 218 1
27 218 1
27 218 1
26 214 1
26 214 1
26 214 1
26 214 1
26 214 1
26 214 1
25 210 1
24 205 1
24 205 1
24 205 1
24 205 1
23 201 1
23 201 1
23 201 1
23 201 1
23 201 1
23 201 1
23 201 1
23 201 1
22 197 1
22 197 1
22 197 1
22 197 1
21 192 1
21 192 1
21 192 1
21 192 1
21 192 1
21 192 1
21 192 1
20 188 1
20 188 1
20 188 1
20 188 1
20 188 1
20 188 1
19 183 1
19 183 1
19 183 1
19 183 1
19 183 1
19 183 1
19 183 1
18 178 1
18 178 1
18 178 1
18 178 1
18 178 1
18 178 1
17 173 1
17 173 1
17 173 1
17 173 1
16 168 1
16 168 1
16 168 1
15 162 1
15 162 1
15 162 1
15 162 1
15 162 1
15 162 1
14 157 1
14 157 1
14 157 1
14 157 1
14 157 1
14 157 1
14 157 1
14 157 1
14 157 1
13 151 1
13 151 1
13 151 1
13 151 1
13 151 1
12 145 1
12 145 1
12 145 1
12 145 1
11 139 1
11 139 1
11 139 1
11 139 1
11 139 1
11 139 1
11 139 1
10 133 1
10 133 1
10 133 1
10 133 1
10 133 1
10 133 1
10 133 1
10 133 1
9 126 1
9 126 1
9 126 1
9 126 1
9 126 1
9 126 1
8 119 1
8 119 1
8 119 1
8 119 1
8 119 1
8 119 1
8 119 1
8 119 1
8 119 1
8 119 1
8 119 1
7 111 1
7 111 1
7 111 1
7 111 1
7 111 1
6 103 1
6 103 1
6 103 1
6 103 1
6 103 1
5 94 1
5 94 1
5 94 1
5 94 1
5 94 1
5 94 1
5 94 1
4 84 1
4 84 1
4 84 1
4 84 1
4 84 1
3 73 1
3 73 1
3 73 1
2 59 1
2 59 1
2 59 1
2 59 1
2 59 1
2 59 1
2 59 1
2 59 1
2 59 1
1 42 1
1 42 1
1 42 1
1 42 1
