5000 516784
308 348 1
924 1044 1
1078 1218 1
1232 1392 1
180 280 1
252 392 1
360 560 1
108 168 1
36 56 0.843246
1540 1740 1
154 174 1
288 448 1
36 56 1
324 504 1
36 56 1
216 336 1
616 696 1
154 174 1
324 504 0.921189
108 168 1
1078 1218 1
288 448 0.741981
252 392 1
252 392 1
924 1044 1
308 348 1
462 522 1
770 870 1
216 336 1
288 448 1
924 1044 1
288 448 1
324 504 1
108 168 1
308 348 0.830426
308 348 1
324 504 1
616 696 0.809917
1386 1566 0.715107
616 696 1
462 522 1
308 348 1
1540 1740 1
216 336 1
1386 1566 1
1386 1566 1
616 696 1
180 280 1
1078 1218 1
308 348 1
252 392 1
308 348 1
462 522 1
462 522 1
770 870 0.825527
324 504 1
308 348 1
324 504 1
108 168 0.832253
308 348 1
108 168 1
36 56 1
36 56 1
216 336 1
1386 1566 1
108 168 1
616 696 1
36 56 1
180 280 1
180 280 0.75693
252 392 1
1540 1740 1
288 448 1
308 348 1
108 168 1
616 696 1
144 224 1
360 560 1
108 168 1
154 174 1
1232 1392 1
72 112 1
324 504 1
36 56 1
36 56 1
144 224 1
216 336 1
1540 1740 0.963913
144 224 1
154 174 1
360 560 1
108 168 1
108 168 1
216 336 1
180 280 1
308 348 1
616 696 1
288 448 1
308 348 1
72 112 1
1232 1392 1
1078 1218 1
308 348 1
1078 1218 1
924 1044 1
144 224 1
216 336 1
1078 1218 1
288 448 1
180 280 1
616 696 1
1386 1566 0.79688
360 560 0.82203
1078 1218 1
1386 1566 1
216 336 1
1078 1218 1
1540 1740 1
154 174 1
288 448 1
770 870 1
108 168 1
288 448 1
180 280 1
462 522 1
72 112 1
144 224 1
770 870 0.63291
252 392 1
1386 1566 1
308 348 1
216 336 1
252 392 1
1540 1740 1
108 168 1
1232 1392 1
924 1044 1
154 174 1
324 504 1
36 56 1
72 112 1
288 448 1
108 168 1
36 56 1
216 336 1
108 168 1
252 392 1
1232 1392 1
616 696 1
1078 1218 1
324 504 1
144 224 1
72 112 1
180 280 1
1078 1218 1
924 1044 1
144 224 1
360 560 1
324 504 1
72 112 1
144 224 1
1540 1740 1
180 280 1
1078 1218 1
1232 1392 1
154 174 1
324 504 1
308 348 1
288 448 0.970055
288 448 1
462 522 1
288 448 1
360 560 1
924 1044 1
180 280 1
216 336 1
1232 1392 1
180 280 0.943197
288 448 1
1386 1566 1
308 348 1
360 560 1
154 174 1
924 1044 1
72 112 1
108 168 1
770 870 1
216 336 1
616 696 0.690092
308 348 0.941578
36 56 0.632636
360 560 1
462 522 1
36 56 1
1078 1218 1
1232 1392 1
1540 1740 1
180 280 1
924 1044 1
1078 1218 1
1540 1740 1
616 696 1
154 174 1
360 560 1
1232 1392 1
616 696 1
1386 1566 1
154 174 1
154 174 0.716245
1386 1566 1
216 336 1
1078 1218 1
1540 1740 1
216 336 1
924 1044 1
360 560 1
924 1044 1
360 560 1
288 448 1
252 392 1
324 504 1
462 522 1
288 448 1
360 560 1
1232 1392 1
1078 1218 1
616 696 1
108 168 1
154 174 1
72 112 1
1232 1392 1
1540 1740 1
1386 1566 1
36 56 1
1386 1566 1
770 870 1
72 112 1
308 348 1
1078 1218 1
462 522 1
252 392 1
252 392 1
360 560 1
216 336 1
72 112 1
288 448 1
1386 1566 1
462 522 1
1386 1566 1
144 224 1
1232 1392 1
1386 1566 1
108 168 0.890892
72 112 1
288 448 1
616 696 1
180 280 1
1078 1218 1
462 522 0.790017
1232 1392 1
36 56 1
1386 1566 1
324 504 1
1386 1566 1
770 870 0.921957
1540 1740 0.915282
108 168 1
154 174 1
308 348 1
1078 1218 1
462 522 1
1386 1566 1
252 392 1
616 696 1
252 392 1
288 448 1
324 504 1
108 168 1
462 522 1
144 224 1
360 560 1
180 280 1
288 448 1
1078 1218 1
616 696 1
1386 1566 1
308 348 0.737306
1078 1218 1
324 504 0.777068
360 560 1
1386 1566 1
180 280 1
462 522 1
180 280 1
1540 1740 1
288 448 1
324 504 1
288 448 1
144 224 1
924 1044 1
216 336 1
360 560 1
308 348 0.676799
1232 1392 1
108 168 1
252 392 1
154 174 1
1540 1740 1
154 174 1
462 522 1
770 870 1
154 174 1
1232 1392 0.841297
72 112 1
462 522 1
324 504 1
144 224 1
1386 1566 1
360 560 1
288 448 1
72 112 1
1078 1218 1
180 280 1
462 522 1
108 168 0.790013
144 224 1
288 448 0.890326
616 696 1
360 560 1
1386 1566 1
36 56 0.901702
770 870 1
216 336 1
36 56 1
108 168 1
144 224 1
360 560 1
616 696 1
180 280 1
252 392 1
924 1044 1
1386 1566 1
616 696 1
252 392 1
72 112 1
770 870 1
324 504 0.923186
1386 1566 1
180 280 1
252 392 1
770 870 1
360 560 1
72 112 1
770 870 1
36 56 1
1540 1740 1
360 560 1
1386 1566 1
462 522 0.869268
216 336 1
108 168 1
1078 1218 1
1078 1218 1
924 1044 1
1540 1740 1
180 280 1
360 560 1
616 696 1
180 280 1
1232 1392 1
288 448 1
1386 1566 1
216 336 1
1540 1740 1
1232 1392 1
154 174 1
252 392 1
360 560 1
72 112 1
1386 1566 0.937632
1078 1218 1
252 392 1
324 504 1
1540 1740 1
216 336 1
108 168 1
108 168 1
308 348 1
72 112 1
1078 1218 1
1078 1218 1
1232 1392 1
36 56 1
616 696 1
288 448 1
108 168 1
216 336 1
462 522 1
154 174 1
324 504 1
1386 1566 1
360 560 1
72 112 1
1386 1566 0.83017
1078 1218 1
1232 1392 1
216 336 1
308 348 0.916581
154 174 1
154 174 0.872709
72 112 1
108 168 1
144 224 1
216 336 1
1540 1740 0.889492
1540 1740 1
154 174 1
616 696 1
616 696 1
770 870 1
462 522 1
308 348 0.845034
324 504 1
360 560 1
108 168 1
924 1044 1
288 448 1
36 56 1
216 336 1
324 504 1
1078 1218 1
1078 1218 1
108 168 1
1386 1566 1
108 168 1
144 224 1
36 56 1
108 168 1
360 560 1
108 168 1
1078 1218 1
1078 1218 1
770 870 1
216 336 1
1232 1392 1
252 392 1
324 504 0.819797
770 870 1
216 336 1
36 56 1
770 870 1
154 174 1
36 56 1
36 56 0.797425
288 448 1
308 348 1
288 448 1
360 560 1
616 696 1
72 112 1
1232 1392 1
616 696 1
144 224 1
616 696 1
1232 1392 0.863123
324 504 1
924 1044 1
216 336 0.879153
144 224 1
1232 1392 1
360 560 1
1078 1218 1
1386 1566 1
616 696 1
770 870 0.992114
36 56 1
252 392 1
288 448 1
72 112 1
308 348 1
770 870 1
1232 1392 1
108 168 1
252 392 1
308 348 0.785115
1078 1218 0.893609
108 168 1
360 560 1
154 174 1
770 870 1
770 870 1
144 224 1
144 224 1
36 56 1
616 696 1
770 870 1
154 174 1
360 560 1
72 112 1
72 112 0.957445
144 224 1
1386 1566 1
324 504 1
924 1044 1
308 348 1
308 348 1
1386 1566 1
308 348 1
308 348 1
616 696 1
1232 1392 1
360 560 1
1386 1566 1
180 280 1
72 112 1
324 504 1
1078 1218 1
180 280 1
324 504 1
144 224 1
1078 1218 1
108 168 1
924 1044 1
324 504 1
154 174 1
144 224 1
924 1044 1
308 348 1
108 168 1
1540 1740 1
770 870 1
770 870 1
770 870 1
308 348 1
72 112 1
252 392 1
72 112 1
144 224 1
216 336 0.605471
308 348 1
108 168 1
1540 1740 1
308 348 1
924 1044 1
180 280 1
216 336 1
1540 1740 1
308 348 1
144 224 1
324 504 1
180 280 1
770 870 1
770 870 1
324 504 1
180 280 1
1078 1218 1
180 280 1
72 112 1
180 280 1
216 336 1
324 504 1
1232 1392 0.75996
1078 1218 0.938724
1078 1218 1
108 168 0.917818
324 504 1
180 280 1
1078 1218 1
616 696 1
360 560 0.873824
288 448 1
360 560 1
108 168 1
924 1044 1
616 696 1
360 560 1
72 112 1
462 522 1
216 336 1
770 870 1
216 336 1
308 348 1
1078 1218 1
180 280 1
288 448 1
1232 1392 1
924 1044 1
216 336 1
324 504 1
924 1044 1
1078 1218 1
616 696 1
308 348 1
216 336 1
1078 1218 1
288 448 1
1078 1218 1
154 174 1
288 448 1
1078 1218 1
1386 1566 1
360 560 1
108 168 1
288 448 1
1232 1392 0.723872
462 522 1
1232 1392 1
180 280 1
144 224 1
288 448 1
108 168 1
252 392 1
1078 1218 1
108 168 1
1232 1392 1
180 280 1
1386 1566 1
770 870 1
1540 1740 1
1540 1740 1
360 560 1
360 560 1
308 348 1
108 168 1
324 504 1
288 448 1
616 696 0.946951
308 348 1
1078 1218 1
770 870 1
1232 1392 1
288 448 1
616 696 1
108 168 1
616 696 1
252 392 0.791146
324 504 1
360 560 0.776326
308 348 1
616 696 1
252 392 1
1078 1218 1
180 280 1
36 56 1
462 522 1
616 696 1
288 448 1
616 696 0.746151
154 174 1
924 1044 1
108 168 1
72 112 1
360 560 1
462 522 0.817446
462 522 1
1232 1392 1
616 696 1
154 174 1
144 224 0.937745
252 392 1
1540 1740 1
924 1044 1
252 392 1
288 448 1
770 870 1
1386 1566 1
1232 1392 1
924 1044 1
360 560 1
72 112 1
108 168 1
360 560 1
360 560 1
324 504 1
216 336 1
154 174 1
616 696 1
924 1044 1
36 56 0.847476
252 392 1
72 112 0.674555
770 870 1
288 448 0.887673
72 112 1
308 348 1
360 560 1
616 696 1
1078 1218 1
72 112 1
154 174 1
924 1044 1
288 448 1
308 348 1
360 560 1
1386 1566 1
216 336 1
72 112 0.899197
616 696 0.916878
616 696 1
154 174 0.633618
180 280 1
216 336 1
288 448 1
360 560 1
252 392 1
72 112 0.837996
1078 1218 1
1540 1740 1
1386 1566 1
616 696 0.821032
108 168 1
180 280 1
1386 1566 1
72 112 1
360 560 1
616 696 1
36 56 1
144 224 1
308 348 1
770 870 1
154 174 0.767186
144 224 1
36 56 1
770 870 1
216 336 0.914055
1232 1392 1
180 280 1
462 522 1
72 112 0.897964
324 504 1
360 560 1
360 560 1
616 696 1
1540 1740 1
1386 1566 1
288 448 1
216 336 1
1540 1740 0.89207
324 504 1
72 112 1
144 224 1
216 336 1
324 504 1
462 522 1
72 112 1
216 336 1
770 870 1
288 448 1
324 504 1
144 224 1
770 870 1
154 174 1
72 112 1
216 336 1
36 56 1
1232 1392 1
360 560 0.729308
324 504 1
924 1044 1
924 1044 1
924 1044 1
216 336 1
1540 1740 1
616 696 1
1078 1218 1
144 224 1
144 224 1
1078 1218 1
180 280 1
216 336 0.965265
144 224 1
252 392 1
616 696 1
770 870 1
72 112 1
462 522 1
1540 1740 1
462 522 1
216 336 1
1232 1392 1
288 448 1
924 1044 0.913634
180 280 1
324 504 1
36 56 0.862669
72 112 1
108 168 1
770 870 1
36 56 1
108 168 1
144 224 1
72 112 1
616 696 1
154 174 1
180 280 1
1540 1740 1
308 348 1
108 168 1
154 174 0.527196
770 870 1
216 336 1
308 348 1
154 174 1
1232 1392 1
72 112 1
1232 1392 1
616 696 1
308 348 0.89082
770 870 1
154 174 0.80839
180 280 1
108 168 1
616 696 1
308 348 1
770 870 1
616 696 1
462 522 1
1386 1566 1
36 56 1
1540 1740 1
360 560 1
1078 1218 1
180 280 1
1540 1740 1
144 224 1
1386 1566 1
308 348 0.725142
144 224 1
324 504 1
360 560 1
252 392 1
288 448 1
924 1044 1
72 112 1
462 522 1
360 560 1
360 560 1
154 174 1
924 1044 1
324 504 1
288 448 1
252 392 1
1078 1218 1
36 56 1
770 870 1
1078 1218 1
1540 1740 1
216 336 1
770 870 1
770 870 1
1078 1218 1
216 336 1
324 504 1
144 224 1
72 112 1
616 696 1
462 522 1
72 112 1
108 168 1
36 56 1
1540 1740 1
924 1044 1
108 168 1
360 560 1
462 522 1
1386 1566 0.775445
288 448 1
462 522 1
144 224 0.742697
324 504 1
924 1044 1
144 224 1
308 348 1
1078 1218 1
144 224 1
1232 1392 1
1386 1566 1
144 224 1
360 560 1
1540 1740 1
144 224 1
924 1044 1
36 56 1
462 522 1
1232 1392 1
154 174 1
36 56 1
1078 1218 1
360 560 1
924 1044 1
144 224 1
462 522 1
462 522 1
144 224 1
1078 1218 1
108 168 1
180 280 1
1078 1218 1
72 112 1
288 448 1
616 696 1
1386 1566 1
1232 1392 1
770 870 1
924 1044 1
324 504 1
252 392 1
144 224 1
288 448 1
1540 1740 1
770 870 1
616 696 1
288 448 1
924 1044 1
462 522 1
108 168 1
154 174 1
1540 1740 1
308 348 1
924 1044 1
1540 1740 1
216 336 0.940553
308 348 1
36 56 1
72 112 1
288 448 1
154 174 1
288 448 1
154 174 1
216 336 1
144 224 1
252 392 1
216 336 1
616 696 1
154 174 1
108 168 1
154 174 1
288 448 1
154 174 1
180 280 1
770 870 0.659046
72 112 1
1540 1740 1
1232 1392 0.900544
1386 1566 1
324 504 1
1386 1566 1
1232 1392 1
1232 1392 1
154 174 1
216 336 1
1078 1218 1
324 504 1
144 224 1
924 1044 1
324 504 1
770 870 1
1232 1392 1
616 696 1
1078 1218 1
252 392 1
1386 1566 1
1078 1218 1
1232 1392 0.755363
216 336 1
924 1044 1
1386 1566 1
216 336 1
288 448 1
616 696 0.79512
360 560 1
924 1044 1
770 870 0.786718
216 336 0.775512
108 168 1
462 522 1
1232 1392 1
180 280 1
616 696 1
288 448 1
154 174 0.90542
288 448 1
216 336 1
72 112 1
924 1044 1
1232 1392 1
154 174 1
616 696 1
924 1044 1
36 56 1
154 174 1
36 56 1
288 448 0.981048
1232 1392 1
1078 1218 1
1540 1740 1
72 112 1
308 348 1
1078 1218 1
1078 1218 1
360 560 1
462 522 1
180 280 1
462 522 1
360 560 1
1078 1218 1
216 336 1
108 168 1
1232 1392 1
180 280 1
180 280 0.660497
360 560 1
216 336 1
924 1044 1
1540 1740 1
924 1044 1
1386 1566 1
1540 1740 1
324 504 1
1386 1566 1
616 696 1
308 348 1
308 348 1
770 870 1
288 448 1
108 168 1
770 870 1
252 392 1
216 336 1
72 112 1
108 168 0.769367
108 168 1
216 336 1
924 1044 1
616 696 1
72 112 1
1078 1218 1
180 280 0.963382
1540 1740 1
252 392 1
154 174 1
288 448 1
1232 1392 1
288 448 1
770 870 1
462 522 0.964257
616 696 1
108 168 1
180 280 1
924 1044 1
924 1044 1
308 348 0.946743
36 56 1
1232 1392 1
1078 1218 1
180 280 1
216 336 1
462 522 1
616 696 1
36 56 1
1540 1740 0.93518
252 392 1
770 870 1
72 112 1
180 280 1
770 870 1
36 56 1
154 174 1
1386 1566 1
252 392 1
924 1044 1
36 56 1
1386 1566 1
144 224 1
180 280 1
216 336 1
288 448 1
1386 1566 1
252 392 0.773129
288 448 1
72 112 1
770 870 1
1078 1218 0.845254
1078 1218 1
360 560 1
360 560 1
462 522 1
216 336 1
144 224 1
1232 1392 1
360 560 1
308 348 1
180 280 0.928357
144 224 1
144 224 1
1078 1218 1
216 336 1
360 560 0.825986
36 56 1
308 348 1
1540 1740 1
308 348 1
308 348 0.898749
462 522 1
180 280 0.69957
108 168 1
154 174 1
216 336 1
72 112 1
180 280 1
770 870 1
216 336 1
770 870 1
360 560 1
36 56 1
1386 1566 1
108 168 1
1232 1392 1
360 560 0.849219
144 224 1
1078 1218 1
144 224 1
462 522 1
144 224 1
216 336 1
324 504 1
324 504 1
1386 1566 1
216 336 1
770 870 1
154 174 1
144 224 1
108 168 1
1232 1392 1
924 1044 0.631751
308 348 0.828802
924 1044 1
324 504 0.896364
770 870 1
144 224 1
216 336 1
308 348 1
36 56 1
1078 1218 1
154 174 1
462 522 1
288 448 1
252 392 1
770 870 1
324 504 1
1232 1392 1
180 280 1
308 348 1
252 392 1
308 348 1
616 696 1
252 392 1
616 696 1
360 560 1
462 522 1
252 392 1
324 504 1
360 560 1
324 504 1
1232 1392 0.921851
1540 1740 0.96347
108 168 1
216 336 1
252 392 1
360 560 1
616 696 1
616 696 1
1540 1740 1
1078 1218 1
1540 1740 1
72 112 1
1386 1566 1
216 336 1
252 392 1
1386 1566 1
72 112 1
216 336 1
72 112 1
1540 1740 1
1232 1392 1
616 696 1
308 348 1
324 504 1
324 504 1
180 280 0.832694
1078 1218 1
144 224 1
1540 1740 1
216 336 1
72 112 1
616 696 1
324 504 1
1078 1218 1
324 504 1
1540 1740 1
144 224 1
108 168 1
72 112 1
108 168 1
252 392 1
1540 1740 1
616 696 1
36 56 1
308 348 1
154 174 0.830952
770 870 0.569503
288 448 1
216 336 1
1386 1566 0.824572
770 870 1
360 560 1
72 112 1
770 870 1
770 870 1
1078 1218 0.932166
616 696 1
360 560 1
1386 1566 1
36 56 1
1386 1566 1
216 336 1
462 522 1
288 448 1
216 336 0.733822
924 1044 1
616 696 0.713264
616 696 1
616 696 1
36 56 1
1078 1218 1
154 174 1
108 168 1
616 696 1
180 280 0.956325
360 560 1
154 174 1
144 224 1
324 504 1
1078 1218 1
1386 1566 1
180 280 0.905504
108 168 1
1078 1218 1
1078 1218 1
616 696 1
308 348 1
770 870 1
180 280 1
770 870 1
144 224 0.899074
324 504 1
180 280 1
144 224 1
36 56 1
144 224 1
108 168 1
324 504 1
108 168 1
108 168 0.984486
36 56 1
144 224 1
216 336 1
288 448 1
154 174 1
144 224 1
108 168 1
616 696 1
154 174 1
616 696 1
288 448 1
616 696 0.919409
144 224 1
324 504 1
924 1044 1
72 112 1
308 348 1
288 448 1
216 336 1
462 522 1
144 224 1
308 348 1
180 280 1
616 696 1
216 336 1
72 112 1
144 224 0.738923
462 522 0.82998
72 112 1
36 56 1
770 870 0.930004
616 696 1
1232 1392 0.852591
144 224 1
924 1044 1
36 56 1
324 504 1
288 448 1
288 448 1
1540 1740 1
154 174 0.933978
108 168 1
1078 1218 1
216 336 0.906611
216 336 1
36 56 1
462 522 1
144 224 1
216 336 1
180 280 1
462 522 1
308 348 0.690225
144 224 1
1386 1566 1
144 224 1
462 522 1
770 870 1
252 392 1
360 560 1
36 56 1
324 504 1
252 392 0.705761
288 448 1
324 504 1
462 522 1
180 280 1
154 174 1
108 168 1
72 112 1
36 56 1
36 56 1
144 224 1
308 348 1
1386 1566 1
324 504 1
1386 1566 1
180 280 1
1540 1740 1
924 1044 1
288 448 1
924 1044 1
360 560 1
462 522 1
72 112 1
252 392 1
288 448 0.894884
324 504 1
180 280 1
144 224 1
180 280 1
72 112 1
770 870 1
616 696 1
324 504 1
1540 1740 1
108 168 1
1386 1566 1
1386 1566 1
616 696 1
360 560 1
72 112 1
216 336 1
108 168 1
252 392 1
72 112 1
36 56 1
324 504 1
308 348 1
462 522 1
180 280 1
462 522 1
36 56 1
324 504 1
1386 1566 1
462 522 1
216 336 0.784977
1078 1218 1
72 112 1
252 392 1
1386 1566 1
154 174 1
616 696 1
72 112 1
180 280 1
462 522 0.78104
1232 1392 1
1232 1392 1
180 280 1
154 174 1
770 870 1
252 392 0.877554
180 280 1
1078 1218 1
308 348 1
924 1044 1
288 448 1
36 56 0.909737
462 522 1
1078 1218 1
360 560 1
108 168 1
144 224 1
154 174 0.690058
616 696 1
616 696 1
616 696 1
616 696 1
1078 1218 1
72 112 1
462 522 1
462 522 1
1232 1392 1
36 56 1
360 560 1
36 56 0.947879
180 280 1
924 1044 1
770 870 1
144 224 1
144 224 1
308 348 1
154 174 1
1078 1218 1
216 336 1
1386 1566 1
1078 1218 1
154 174 1
308 348 1
616 696 1
1232 1392 1
180 280 1
216 336 1
216 336 1
1232 1392 1
1078 1218 1
1386 1566 1
252 392 1
1078 1218 1
72 112 0.902286
108 168 1
216 336 1
36 56 0.588147
154 174 1
360 560 0.932704
1078 1218 0.936126
462 522 1
924 1044 0.777039
616 696 1
36 56 1
308 348 1
36 56 1
324 504 1
36 56 1
324 504 1
252 392 1
770 870 1
616 696 1
36 56 0.837621
36 56 1
144 224 1
1078 1218 1
924 1044 1
252 392 1
616 696 0.841842
924 1044 1
1232 1392 0.772284
1078 1218 1
1386 1566 1
1078 1218 1
924 1044 1
462 522 1
72 112 1
180 280 1
324 504 0.875153
180 280 1
308 348 1
360 560 1
924 1044 1
462 522 1
216 336 1
288 448 1
288 448 1
72 112 1
1386 1566 1
324 504 0.949541
360 560 0.615213
324 504 1
360 560 0.939837
144 224 1
462 522 1
36 56 1
1078 1218 1
360 560 1
770 870 1
308 348 1
324 504 1
216 336 1
1540 1740 0.90198
108 168 1
108 168 1
1540 1740 1
924 1044 1
216 336 1
770 870 1
36 56 1
72 112 1
1540 1740 1
770 870 1
1078 1218 1
154 174 1
288 448 1
924 1044 1
180 280 1
616 696 1
216 336 1
108 168 1
154 174 1
216 336 1
252 392 0.689468
1232 1392 1
1386 1566 1
462 522 1
180 280 1
324 504 1
616 696 1
144 224 1
36 56 1
1078 1218 0.887883
252 392 1
462 522 1
144 224 1
360 560 1
108 168 1
180 280 1
288 448 1
308 348 1
308 348 1
144 224 0.755252
72 112 0.723942
108 168 1
1386 1566 1
462 522 1
1540 1740 1
360 560 1
180 280 1
1386 1566 1
216 336 0.936116
36 56 1
1232 1392 1
462 522 1
360 560 1
180 280 1
154 174 1
1386 1566 1
252 392 1
154 174 1
36 56 1
462 522 0.856308
252 392 1
216 336 1
462 522 1
308 348 1
616 696 1
180 280 1
360 560 1
144 224 0.935617
36 56 1
1386 1566 1
72 112 1
1232 1392 1
924 1044 1
180 280 1
252 392 1
360 560 1
1232 1392 1
288 448 1
288 448 1
1078 1218 1
180 280 1
1540 1740 1
324 504 0.881513
924 1044 1
154 174 1
252 392 1
1540 1740 1
324 504 1
252 392 0.687324
360 560 0.922123
1540 1740 1
288 448 1
308 348 1
308 348 0.934942
252 392 1
324 504 1
252 392 1
144 224 1
616 696 0.895738
180 280 1
72 112 1
1232 1392 1
324 504 1
1078 1218 1
616 696 1
324 504 1
108 168 0.669505
216 336 1
462 522 1
360 560 1
1078 1218 1
288 448 1
1232 1392 1
1386 1566 1
252 392 1
108 168 1
360 560 1
288 448 1
1078 1218 1
462 522 1
770 870 1
154 174 1
144 224 1
252 392 1
144 224 0.907106
108 168 1
1078 1218 1
180 280 1
154 174 1
144 224 0.649001
72 112 1
72 112 1
144 224 0.829412
154 174 0.800435
72 112 1
1540 1740 1
144 224 1
308 348 1
770 870 1
308 348 1
180 280 0.641925
324 504 1
324 504 1
924 1044 1
360 560 1
616 696 1
154 174 1
216 336 1
308 348 1
216 336 1
144 224 1
770 870 1
1540 1740 1
1078 1218 1
308 348 1
924 1044 1
180 280 1
924 1044 0.919834
360 560 1
108 168 1
288 448 1
924 1044 1
770 870 1
216 336 1
154 174 1
72 112 1
252 392 1
308 348 1
180 280 0.902327
1232 1392 1
308 348 1
616 696 1
144 224 1
324 504 0.836569
1540 1740 1
308 348 1
288 448 1
216 336 1
36 56 1
308 348 1
154 174 1
216 336 1
308 348 1
36 56 1
72 112 1
216 336 1
252 392 1
1232 1392 1
462 522 1
154 174 1
72 112 0.915002
924 1044 1
216 336 1
252 392 1
616 696 1
180 280 1
1540 1740 1
770 870 1
1078 1218 0.754599
252 392 1
324 504 1
924 1044 1
1232 1392 0.942227
288 448 1
1078 1218 1
1386 1566 1
462 522 1
308 348 1
924 1044 1
108 168 1
924 1044 1
1386 1566 1
308 348 0.886826
72 112 1
1386 1566 1
252 392 1
1232 1392 1
1078 1218 0.825654
360 560 1
216 336 1
72 112 1
216 336 1
360 560 1
144 224 1
770 870 1
924 1044 1
616 696 1
36 56 1
108 168 1
36 56 0.926027
924 1044 1
462 522 1
108 168 1
1078 1218 1
308 348 1
924 1044 1
180 280 1
308 348 1
154 174 1
288 448 1
1078 1218 1
1386 1566 1
144 224 1
108 168 1
924 1044 1
924 1044 1
1540 1740 1
36 56 1
144 224 1
770 870 1
1232 1392 1
180 280 1
108 168 1
180 280 0.828014
72 112 1
360 560 1
154 174 1
1540 1740 1
144 224 1
1540 1740 1
1540 1740 1
308 348 1
324 504 1
154 174 1
72 112 0.913552
1386 1566 1
924 1044 1
108 168 1
308 348 1
1386 1566 1
360 560 1
180 280 1
360 560 1
216 336 1
308 348 1
36 56 1
108 168 1
72 112 0.860456
154 174 1
154 174 0.734047
1232 1392 1
324 504 1
1232 1392 1
924 1044 0.979979
1540 1740 1
1540 1740 0.941168
616 696 1
36 56 0.720492
1540 1740 1
770 870 1
770 870 1
154 174 0.890734
1386 1566 0.762872
216 336 0.764873
360 560 1
1232 1392 1
1232 1392 1
462 522 1
462 522 1
108 168 1
144 224 1
308 348 1
1232 1392 1
288 448 1
308 348 1
288 448 1
72 112 1
462 522 1
154 174 1
1540 1740 1
252 392 1
252 392 1
1078 1218 1
616 696 1
108 168 0.890137
1540 1740 1
216 336 1
360 560 1
360 560 0.531898
154 174 1
308 348 1
308 348 1
288 448 1
924 1044 1
360 560 1
72 112 1
1540 1740 1
180 280 1
324 504 1
1540 1740 1
154 174 1
216 336 1
462 522 1
308 348 1
1386 1566 1
72 112 0.897685
616 696 1
144 224 1
108 168 1
108 168 1
180 280 1
288 448 1
1078 1218 1
770 870 1
252 392 1
924 1044 1
360 560 0.863583
360 560 1
216 336 1
324 504 0.897336
288 448 1
324 504 1
1078 1218 1
288 448 1
288 448 1
462 522 0.871114
462 522 1
288 448 1
360 560 1
154 174 1
180 280 1
154 174 1
252 392 1
324 504 1
462 522 1
36 56 1
36 56 1
1540 1740 1
1078 1218 1
360 560 1
1232 1392 1
288 448 1
144 224 1
288 448 1
462 522 1
770 870 1
180 280 1
360 560 1
144 224 1
324 504 1
288 448 1
1078 1218 1
360 560 1
288 448 0.932469
216 336 1
216 336 1
1232 1392 1
1386 1566 1
324 504 1
36 56 0.982624
1232 1392 1
1540 1740 1
252 392 0.96502
154 174 1
72 112 1
1232 1392 0.830689
1232 1392 1
324 504 1
308 348 1
1232 1392 1
616 696 1
108 168 1
308 348 1
1232 1392 1
72 112 0.949362
1078 1218 1
462 522 1
1078 1218 1
252 392 0.900887
72 112 1
252 392 1
1078 1218 1
252 392 1
144 224 1
616 696 1
288 448 1
252 392 1
1078 1218 1
924 1044 1
144 224 1
180 280 1
36 56 1
1232 1392 1
1540 1740 1
308 348 1
616 696 1
1386 1566 1
1386 1566 1
324 504 1
288 448 1
616 696 0.631691
1232 1392 1
308 348 1
1232 1392 1
324 504 1
180 280 1
360 560 1
1386 1566 1
1078 1218 1
252 392 1
324 504 1
72 112 1
72 112 1
616 696 1
36 56 1
1232 1392 0.75618
1540 1740 0.814256
924 1044 1
924 1044 1
770 870 1
252 392 1
144 224 1
108 168 1
1540 1740 1
1232 1392 1
360 560 1
72 112 1
154 174 1
924 1044 1
36 56 1
252 392 1
1540 1740 1
1078 1218 1
108 168 1
1540 1740 1
360 560 1
36 56 1
462 522 1
462 522 1
288 448 0.961909
108 168 1
72 112 1
252 392 1
288 448 1
108 168 1
154 174 1
288 448 1
252 392 1
462 522 1
36 56 1
72 112 1
180 280 1
770 870 1
72 112 1
324 504 1
216 336 1
288 448 1
1540 1740 1
252 392 1
180 280 1
180 280 0.981223
288 448 1
360 560 1
308 348 1
180 280 1
616 696 1
288 448 1
1540 1740 1
324 504 1
108 168 1
252 392 1
180 280 0.89448
154 174 1
154 174 1
154 174 1
1540 1740 0.957639
770 870 1
1232 1392 1
1540 1740 1
216 336 1
252 392 1
324 504 1
308 348 1
72 112 1
36 56 1
72 112 1
770 870 1
924 1044 1
216 336 1
72 112 1
1078 1218 1
324 504 1
924 1044 1
616 696 1
308 348 1
72 112 1
36 56 1
144 224 1
324 504 1
1540 1740 1
360 560 0.819569
252 392 1
216 336 1
1232 1392 1
154 174 1
288 448 1
924 1044 1
108 168 1
1232 1392 1
252 392 1
1078 1218 1
36 56 1
1078 1218 1
1078 1218 1
144 224 1
324 504 1
1386 1566 1
1540 1740 1
108 168 1
144 224 1
216 336 1
72 112 1
1078 1218 0.846356
360 560 1
108 168 1
288 448 0.820131
1232 1392 1
324 504 0.778114
180 280 1
308 348 1
770 870 1
1078 1218 1
216 336 1
1386 1566 1
1386 1566 1
770 870 1
770 870 1
72 112 1
108 168 1
770 870 1
462 522 1
180 280 1
324 504 1
288 448 1
154 174 1
360 560 1
1232 1392 1
154 174 1
144 224 1
1078 1218 1
36 56 0.717476
462 522 1
324 504 1
1386 1566 1
72 112 1
1078 1218 1
1386 1566 1
1540 1740 1
154 174 0.874361
144 224 0.769466
924 1044 1
308 348 1
288 448 1
1540 1740 1
108 168 1
360 560 1
252 392 1
72 112 1
770 870 1
252 392 1
108 168 1
1386 1566 1
216 336 1
360 560 1
1386 1566 0.728055
108 168 1
36 56 1
1386 1566 1
72 112 1
216 336 0.736737
1232 1392 1
324 504 1
360 560 1
1078 1218 0.895175
288 448 1
216 336 1
216 336 1
1386 1566 1
180 280 1
1232 1392 1
72 112 1
1232 1392 1
216 336 1
1078 1218 1
1386 1566 1
616 696 1
288 448 1
616 696 1
72 112 1
180 280 1
360 560 1
924 1044 1
252 392 1
360 560 1
288 448 1
360 560 1
1232 1392 0.87305
1232 1392 1
924 1044 1
616 696 1
324 504 1
462 522 1
462 522 1
360 560 1
108 168 0.933547
924 1044 1
108 168 1
1540 1740 1
108 168 1
72 112 1
1540 1740 1
1540 1740 1
108 168 1
154 174 0.708757
216 336 0.770168
924 1044 1
144 224 1
216 336 1
1540 1740 1
36 56 1
1386 1566 0.781016
1232 1392 1
1386 1566 1
144 224 1
180 280 1
1232 1392 1
1078 1218 0.81939
1540 1740 1
1386 1566 1
924 1044 1
216 336 1
144 224 1
72 112 1
288 448 1
616 696 1
616 696 1
72 112 1
154 174 1
1386 1566 1
154 174 1
144 224 1
1386 1566 1
36 56 1
154 174 0.927534
216 336 1
216 336 1
1232 1392 0.849918
770 870 1
1540 1740 1
462 522 1
616 696 1
616 696 1
180 280 1
154 174 1
1540 1740 1
288 448 1
324 504 1
616 696 1
144 224 1
288 448 1
288 448 1
108 168 1
462 522 1
308 348 1
36 56 1
154 174 1
924 1044 1
1540 1740 1
770 870 1
924 1044 1
1078 1218 1
616 696 1
144 224 1
770 870 1
462 522 1
462 522 1
616 696 1
324 504 1
216 336 1
216 336 1
1540 1740 1
324 504 0.968345
360 560 1
252 392 1
360 560 0.810398
154 174 0.767202
308 348 1
1386 1566 1
924 1044 1
288 448 1
616 696 1
616 696 1
36 56 1
462 522 1
108 168 1
1232 1392 1
216 336 1
1540 1740 1
144 224 1
360 560 1
360 560 1
216 336 1
108 168 1
360 560 1
154 174 1
360 560 1
924 1044 1
308 348 1
1540 1740 1
72 112 1
1232 1392 1
924 1044 1
288 448 1
770 870 1
36 56 1
924 1044 1
1232 1392 1
1540 1740 1
108 168 1
1078 1218 1
924 1044 1
288 448 1
288 448 1
36 56 1
288 448 1
616 696 1
1386 1566 1
462 522 1
216 336 1
308 348 0.668264
1386 1566 1
144 224 1
252 392 1
924 1044 1
924 1044 1
252 392 1
462 522 1
154 174 1
36 56 1
154 174 1
1540 1740 1
770 870 1
288 448 1
462 522 1
360 560 1
1540 1740 1
462 522 1
616 696 1
288 448 1
616 696 1
1386 1566 1
924 1044 1
36 56 1
72 112 1
154 174 1
1078 1218 1
1540 1740 0.950308
288 448 1
924 1044 1
216 336 1
360 560 1
324 504 1
72 112 1
1386 1566 1
72 112 0.849382
154 174 1
1232 1392 1
1540 1740 1
1540 1740 1
308 348 1
252 392 1
616 696 1
36 56 1
1386 1566 1
1232 1392 1
252 392 1
72 112 1
616 696 1
1386 1566 1
36 56 1
108 168 1
36 56 1
36 56 1
1386 1566 1
72 112 1
924 1044 1
252 392 1
360 560 1
308 348 1
108 168 1
144 224 1
770 870 1
308 348 1
180 280 1
360 560 1
108 168 1
72 112 1
1540 1740 1
36 56 1
216 336 1
1386 1566 1
36 56 1
180 280 1
1232 1392 1
770 870 1
308 348 1
360 560 1
924 1044 1
36 56 1
1386 1566 1
1078 1218 1
1078 1218 1
1078 1218 1
154 174 1
324 504 1
324 504 1
324 504 1
770 870 1
616 696 1
770 870 1
180 280 1
616 696 1
1078 1218 1
154 174 1
360 560 1
1078 1218 1
324 504 0.894719
288 448 1
180 280 1
36 56 1
180 280 1
252 392 1
1386 1566 1
288 448 1
36 56 1
1078 1218 1
288 448 1
462 522 1
288 448 1
144 224 1
770 870 1
360 560 1
616 696 1
216 336 0.908021
180 280 1
36 56 1
72 112 1
108 168 0.955971
924 1044 1
770 870 1
462 522 1
216 336 1
1232 1392 1
36 56 1
770 870 1
1078 1218 1
308 348 1
308 348 1
252 392 1
770 870 1
616 696 0.93159
324 504 0.723012
308 348 1
1232 1392 1
924 1044 1
36 56 1
1232 1392 1
1078 1218 0.865889
216 336 0.827124
924 1044 1
1232 1392 1
252 392 1
924 1044 1
770 870 1
462 522 1
1078 1218 0.93486
36 56 1
1078 1218 1
216 336 1
144 224 1
308 348 0.966247
36 56 1
72 112 0.874554
1386 1566 1
180 280 1
144 224 1
72 112 1
324 504 1
324 504 1
216 336 1
324 504 1
144 224 1
144 224 1
288 448 1
288 448 0.953706
924 1044 1
1232 1392 1
1078 1218 1
616 696 1
616 696 1
108 168 1
180 280 1
216 336 1
770 870 1
144 224 1
36 56 1
462 522 1
770 870 1
108 168 1
36 56 1
770 870 1
360 560 1
216 336 1
72 112 1
36 56 1
216 336 1
308 348 1
924 1044 1
1386 1566 1
1232 1392 1
1540 1740 1
288 448 1
216 336 1
154 174 1
252 392 1
360 560 1
252 392 1
1540 1740 1
72 112 1
1540 1740 1
144 224 1
1232 1392 1
108 168 1
108 168 1
216 336 1
288 448 1
180 280 1
252 392 0.911337
462 522 1
108 168 0.892203
180 280 1
252 392 1
154 174 1
924 1044 1
36 56 0.927069
462 522 1
1078 1218 1
216 336 1
324 504 1
360 560 1
462 522 1
1078 1218 1
324 504 1
36 56 1
108 168 1
324 504 1
144 224 1
36 56 1
154 174 1
288 448 1
154 174 1
770 870 0.891159
108 168 0.857148
288 448 1
1232 1392 1
144 224 1
1540 1740 1
108 168 0.570055
1078 1218 1
1386 1566 1
144 224 1
1078 1218 1
1078 1218 1
36 56 1
216 336 0.709991
180 280 1
1232 1392 1
36 56 1
1540 1740 1
770 870 1
462 522 1
1540 1740 1
308 348 1
216 336 1
72 112 1
308 348 1
1232 1392 1
144 224 1
180 280 1
108 168 1
924 1044 1
462 522 1
324 504 1
252 392 1
288 448 1
360 560 1
308 348 0.922194
108 168 1
360 560 1
216 336 1
252 392 1
616 696 0.917174
324 504 1
308 348 1
36 56 1
252 392 1
216 336 1
108 168 1
180 280 1
360 560 1
770 870 1
180 280 1
108 168 1
108 168 1
252 392 1
1232 1392 1
1232 1392 1
1232 1392 1
924 1044 1
1232 1392 1
1232 1392 1
1386 1566 1
1232 1392 1
144 224 1
616 696 1
180 280 1
72 112 1
108 168 1
154 174 1
216 336 1
154 174 0.451374
462 522 1
180 280 1
360 560 0.832552
770 870 1
36 56 1
1540 1740 1
72 112 1
1078 1218 1
216 336 1
1540 1740 1
154 174 1
616 696 1
154 174 1
1232 1392 1
324 504 1
154 174 1
144 224 1
1386 1566 1
72 112 1
288 448 0.954591
288 448 1
252 392 0.920898
180 280 1
1078 1218 1
252 392 1
360 560 1
308 348 1
462 522 1
108 168 1
360 560 1
462 522 1
36 56 1
324 504 1
1386 1566 1
108 168 1
1078 1218 1
308 348 1
36 56 1
308 348 0.854916
144 224 1
770 870 1
324 504 0.859307
180 280 1
924 1044 1
462 522 1
144 224 1
770 870 1
1540 1740 1
72 112 1
462 522 1
1386 1566 1
108 168 1
616 696 0.869687
1232 1392 1
770 870 1
36 56 1
1078 1218 1
616 696 1
288 448 1
462 522 1
1540 1740 0.74549
770 870 1
72 112 1
154 174 1
180 280 1
360 560 1
462 522 0.850782
144 224 1
1386 1566 1
324 504 1
324 504 1
770 870 1
288 448 1
360 560 1
462 522 1
1078 1218 1
108 168 1
770 870 1
252 392 0.946519
180 280 1
154 174 1
154 174 1
462 522 1
108 168 1
360 560 1
770 870 1
36 56 1
924 1044 1
360 560 1
770 870 1
360 560 1
324 504 1
1386 1566 1
1386 1566 1
308 348 1
36 56 1
108 168 1
108 168 1
72 112 1
154 174 1
72 112 1
1232 1392 1
616 696 1
1386 1566 1
252 392 0.856378
616 696 1
72 112 1
1540 1740 1
288 448 1
324 504 1
1232 1392 1
308 348 1
288 448 1
924 1044 1
1078 1218 1
72 112 1
308 348 1
924 1044 0.885575
180 280 0.917868
324 504 1
1078 1218 0.923447
252 392 1
1386 1566 1
770 870 1
144 224 1
180 280 1
324 504 1
144 224 1
1540 1740 1
360 560 1
180 280 0.767195
144 224 1
180 280 1
616 696 1
144 224 1
308 348 1
288 448 1
154 174 1
616 696 0.754771
360 560 1
1540 1740 0.876759
1540 1740 1
108 168 1
462 522 1
72 112 1
216 336 1
1232 1392 1
1386 1566 1
144 224 1
1386 1566 1
360 560 1
360 560 1
1386 1566 1
616 696 1
616 696 1
108 168 1
324 504 1
154 174 1
72 112 1
1540 1740 1
1078 1218 1
36 56 1
308 348 1
924 1044 1
108 168 1
360 560 1
1078 1218 1
36 56 0.933893
108 168 1
1540 1740 1
72 112 1
216 336 1
1078 1218 1
72 112 1
144 224 1
360 560 1
180 280 1
108 168 1
1232 1392 1
252 392 1
1232 1392 1
216 336 1
288 448 1
360 560 0.77067
1078 1218 1
360 560 1
616 696 1
1232 1392 1
1232 1392 1
108 168 1
1386 1566 1
180 280 1
324 504 1
288 448 1
924 1044 1
180 280 1
1386 1566 1
324 504 1
616 696 1
616 696 1
360 560 0.668597
1078 1218 1
770 870 1
180 280 1
924 1044 1
924 1044 0.980009
154 174 1
154 174 1
108 168 1
924 1044 1
36 56 0.639504
108 168 1
360 560 1
616 696 1
324 504 1
462 522 1
144 224 1
1232 1392 1
108 168 1
216 336 1
1540 1740 1
144 224 1
288 448 1
36 56 1
924 1044 1
72 112 1
216 336 1
616 696 1
770 870 0.827379
180 280 1
1078 1218 1
288 448 1
1078 1218 1
616 696 1
360 560 1
308 348 1
770 870 0.765948
72 112 1
72 112 1
288 448 1
72 112 1
108 168 1
1540 1740 1
360 560 1
180 280 1
36 56 1
1386 1566 1
216 336 1
1540 1740 1
154 174 0.85133
1540 1740 0.82781
924 1044 1
252 392 1
180 280 1
1232 1392 1
144 224 1
180 280 0.806744
1540 1740 1
252 392 1
462 522 1
216 336 1
72 112 1
462 522 0.898591
360 560 1
308 348 1
288 448 1
1232 1392 1
144 224 0.87455
308 348 1
36 56 1
108 168 1
252 392 1
770 870 1
770 870 1
108 168 1
36 56 1
1540 1740 1
360 560 1
308 348 1
180 280 0.632323
154 174 1
108 168 1
36 56 1
36 56 1
108 168 1
360 560 1
108 168 1
1232 1392 1
1386 1566 1
144 224 1
1540 1740 1
462 522 1
36 56 1
36 56 1
924 1044 1
288 448 1
180 280 0.876001
108 168 1
252 392 0.899181
252 392 1
924 1044 1
616 696 1
462 522 1
1540 1740 0.920657
72 112 1
108 168 1
1078 1218 1
1386 1566 0.856588
288 448 1
288 448 1
36 56 1
1232 1392 1
1540 1740 1
324 504 0.749801
616 696 0.864822
308 348 1
462 522 1
144 224 1
324 504 1
1078 1218 1
144 224 1
216 336 1
252 392 1
770 870 1
36 56 1
462 522 0.795256
1078 1218 1
462 522 1
216 336 1
1232 1392 1
360 560 1
1386 1566 1
324 504 0.839755
770 870 1
308 348 1
1078 1218 1
108 168 1
324 504 1
462 522 1
924 1044 0.860726
1386 1566 1
108 168 1
1232 1392 1
180 280 1
288 448 1
462 522 1
462 522 1
1386 1566 1
1386 1566 1
288 448 1
616 696 1
770 870 1
252 392 1
770 870 1
1386 1566 1
1232 1392 1
72 112 1
72 112 1
324 504 1
288 448 1
324 504 0.985947
1232 1392 1
154 174 1
180 280 1
108 168 1
154 174 1
288 448 0.764303
1232 1392 1
180 280 1
770 870 0.837146
1386 1566 1
360 560 1
180 280 1
770 870 1
1078 1218 0.656265
1078 1218 1
616 696 1
180 280 1
924 1044 1
288 448 1
324 504 1
216 336 0.547161
144 224 1
72 112 0.895727
1078 1218 1
324 504 0.877721
154 174 1
924 1044 1
616 696 1
154 174 1
1232 1392 1
154 174 1
180 280 1
308 348 1
144 224 0.890007
154 174 1
462 522 1
144 224 1
154 174 1
154 174 1
288 448 1
462 522 1
308 348 1
72 112 1
216 336 1
252 392 1
144 224 1
36 56 1
462 522 1
1540 1740 1
288 448 1
216 336 1
360 560 1
924 1044 1
108 168 1
1540 1740 1
924 1044 1
216 336 1
924 1044 0.849335
108 168 1
462 522 1
154 174 1
288 448 1
616 696 1
216 336 1
36 56 1
252 392 1
108 168 1
1540 1740 1
616 696 0.7854
924 1044 1
360 560 1
216 336 1
616 696 1
36 56 1
360 560 1
1540 1740 1
72 112 1
180 280 0.813542
1386 1566 1
1078 1218 1
216 336 0.765727
252 392 0.992433
216 336 1
1232 1392 1
108 168 1
1386 1566 1
154 174 1
1078 1218 1
616 696 1
770 870 1
72 112 1
308 348 1
308 348 1
216 336 1
1078 1218 1
924 1044 1
616 696 1
1540 1740 1
288 448 1
324 504 1
36 56 1
324 504 1
252 392 1
1078 1218 1
616 696 0.897121
462 522 1
252 392 1
216 336 1
616 696 1
288 448 1
1078 1218 1
770 870 1
216 336 1
308 348 1
1386 1566 1
108 168 1
360 560 1
1386 1566 1
288 448 1
252 392 1
1386 1566 1
72 112 1
216 336 1
616 696 1
72 112 1
1386 1566 1
288 448 1
288 448 1
108 168 1
924 1044 1
308 348 1
1386 1566 1
324 504 1
144 224 1
1232 1392 1
1232 1392 1
462 522 0.70863
324 504 1
36 56 1
180 280 1
360 560 1
144 224 1
1232 1392 1
288 448 1
770 870 0.691025
144 224 1
924 1044 1
924 1044 0.791001
1386 1566 1
180 280 0.832184
616 696 1
616 696 1
36 56 1
616 696 1
324 504 1
616 696 1
216 336 1
1386 1566 1
1232 1392 1
108 168 1
924 1044 1
770 870 1
288 448 1
180 280 0.87409
72 112 1
108 168 1
288 448 1
616 696 1
154 174 1
616 696 1
180 280 1
308 348 1
216 336 1
462 522 1
252 392 1
144 224 1
924 1044 1
108 168 1
1540 1740 1
1386 1566 1
108 168 0.851196
462 522 1
154 174 1
462 522 1
360 560 1
72 112 1
252 392 1
616 696 1
1386 1566 1
1386 1566 1
924 1044 1
36 56 1
324 504 1
288 448 1
180 280 1
360 560 1
324 504 0.907438
288 448 1
770 870 1
924 1044 1
924 1044 1
770 870 1
252 392 1
154 174 1
1386 1566 0.903166
1078 1218 0.867124
924 1044 1
144 224 1
288 448 1
924 1044 1
1540 1740 1
924 1044 1
216 336 1
1540 1740 1
308 348 1
462 522 1
360 560 1
1386 1566 1
770 870 0.842068
1386 1566 1
1078 1218 1
154 174 0.871725
288 448 1
1078 1218 1
360 560 1
144 224 0.715938
288 448 1
180 280 1
462 522 0.641635
180 280 1
308 348 0.853191
144 224 1
288 448 1
616 696 1
1540 1740 1
216 336 1
72 112 1
216 336 1
616 696 1
36 56 1
1232 1392 1
308 348 1
1540 1740 0.738102
1078 1218 1
462 522 1
216 336 1
180 280 1
180 280 1
324 504 1
1232 1392 1
216 336 1
308 348 1
462 522 1
360 560 1
770 870 1
216 336 1
252 392 1
36 56 1
1078 1218 1
216 336 1
180 280 1
1232 1392 0.742536
216 336 1
36 56 1
1232 1392 1
1540 1740 0.889634
36 56 1
180 280 1
252 392 1
616 696 0.877407
924 1044 0.83182
154 174 1
770 870 0.709672
616 696 1
72 112 1
180 280 1
108 168 1
72 112 1
144 224 1
154 174 1
462 522 1
770 870 1
1386 1566 1
1386 1566 1
1078 1218 1
308 348 1
924 1044 1
324 504 1
1232 1392 1
1540 1740 0.915988
616 696 0.910213
462 522 1
1078 1218 1
72 112 1
1078 1218 1
252 392 1
144 224 1
288 448 1
154 174 1
462 522 1
770 870 1
308 348 1
924 1044 1
108 168 1
616 696 1
36 56 1
252 392 1
616 696 1
360 560 1
616 696 1
324 504 1
924 1044 1
924 1044 1
462 522 1
308 348 1
924 1044 1
924 1044 1
360 560 1
180 280 1
36 56 1
1540 1740 1
1386 1566 1
308 348 1
360 560 1
770 870 1
462 522 1
924 1044 1
770 870 1
308 348 1
616 696 1
1386 1566 1
462 522 1
144 224 0.858162
288 448 1
108 168 1
72 112 1
924 1044 1
144 224 1
1386 1566 1
72 112 1
360 560 1
180 280 1
144 224 1
36 56 1
252 392 0.717858
1386 1566 1
288 448 1
1386 1566 1
180 280 1
154 174 1
36 56 1
144 224 1
108 168 1
308 348 1
1232 1392 0.904881
1386 1566 1
1232 1392 1
324 504 1
144 224 1
288 448 1
180 280 1
36 56 1
1232 1392 1
72 112 1
72 112 1
360 560 1
1386 1566 1
1232 1392 1
154 174 1
144 224 1
462 522 1
924 1044 0.622315
144 224 1
216 336 1
360 560 1
1540 1740 1
1540 1740 1
216 336 1
770 870 1
1232 1392 1
308 348 1
180 280 1
216 336 1
308 348 0.848757
252 392 1
462 522 1
770 870 1
180 280 1
924 1044 1
36 56 1
154 174 1
360 560 1
1078 1218 1
154 174 1
1386 1566 0.874753
144 224 1
924 1044 0.405914
216 336 1
924 1044 1
616 696 1
1540 1740 1
1386 1566 1
36 56 1
72 112 1
252 392 1
1386 1566 1
36 56 1
216 336 1
36 56 1
770 870 1
144 224 1
1232 1392 1
1540 1740 1
72 112 0.916458
144 224 1
924 1044 1
154 174 1
308 348 1
1540 1740 1
1540 1740 0.596498
144 224 1
36 56 1
154 174 1
108 168 1
924 1044 1
462 522 1
324 504 1
180 280 1
180 280 1
288 448 1
770 870 1
252 392 1
216 336 0.9164
308 348 1
360 560 1
462 522 1
36 56 1
36 56 0.916704
144 224 1
72 112 1
770 870 1
108 168 1
108 168 1
1386 1566 1
154 174 1
770 870 0.62484
1386 1566 1
1386 1566 1
108 168 1
1232 1392 1
324 504 1
288 448 1
1386 1566 1
360 560 1
308 348 1
770 870 1
1540 1740 1
770 870 1
1078 1218 1
462 522 1
288 448 1
72 112 1
924 1044 0.801611
108 168 1
616 696 1
288 448 1
924 1044 1
180 280 0.639458
154 174 1
154 174 1
924 1044 1
1232 1392 1
108 168 1
72 112 1
36 56 1
1540 1740 1
154 174 1
308 348 1
288 448 1
308 348 1
154 174 1
154 174 1
72 112 1
288 448 1
1078 1218 1
36 56 1
288 448 1
144 224 1
770 870 1
770 870 1
36 56 1
924 1044 1
324 504 1
154 174 1
72 112 1
36 56 1
154 174 1
1386 1566 1
288 448 1
924 1044 1
462 522 1
36 56 1
770 870 0.767641
108 168 1
154 174 1
324 504 1
108 168 1
180 280 1
180 280 1
288 448 1
770 870 1
144 224 1
252 392 1
616 696 1
72 112 0.924072
216 336 1
324 504 1
1232 1392 1
154 174 1
144 224 1
1078 1218 1
288 448 1
462 522 1
154 174 1
144 224 0.611607
180 280 1
1386 1566 1
616 696 1
144 224 1
1540 1740 1
154 174 1
616 696 1
72 112 1
324 504 1
1232 1392 1
924 1044 1
1078 1218 1
180 280 1
216 336 1
216 336 1
616 696 1
360 560 1
1386 1566 1
252 392 1
252 392 1
144 224 1
1232 1392 1
108 168 1
770 870 1
1078 1218 1
462 522 1
108 168 1
308 348 1
308 348 0.897116
216 336 1
462 522 1
72 112 1
308 348 1
154 174 1
360 560 1
360 560 1
252 392 1
216 336 1
462 522 1
462 522 1
1232 1392 1
108 168 0.858156
1386 1566 1
154 174 1
1078 1218 1
154 174 1
72 112 1
36 56 1
154 174 1
360 560 1
308 348 1
770 870 1
216 336 1
324 504 1
108 168 1
616 696 1
108 168 1
180 280 1
616 696 1
1078 1218 1
324 504 1
1232 1392 1
288 448 1
308 348 1
144 224 0.701481
924 1044 1
72 112 1
924 1044 1
770 870 1
1232 1392 1
308 348 1
924 1044 1
324 504 1
360 560 1
252 392 1
308 348 1
1540 1740 1
108 168 1
1078 1218 1
360 560 1
216 336 0.886107
72 112 1
216 336 1
324 504 1
252 392 1
180 280 1
144 224 1
72 112 1
1232 1392 1
924 1044 1
288 448 0.861764
180 280 1
1232 1392 1
154 174 1
360 560 1
1078 1218 1
252 392 1
1232 1392 1
180 280 1
462 522 1
144 224 1
924 1044 1
324 504 1
308 348 1
1232 1392 1
36 56 1
1386 1566 1
154 174 1
144 224 1
1078 1218 1
462 522 1
154 174 1
1386 1566 1
288 448 1
180 280 1
308 348 1
154 174 1
770 870 1
462 522 1
770 870 1
360 560 1
308 348 1
108 168 1
36 56 1
308 348 1
180 280 1
324 504 1
36 56 1
1232 1392 1
252 392 1
144 224 1
1386 1566 1
288 448 1
252 392 1
154 174 1
154 174 1
360 560 1
360 560 1
462 522 1
616 696 1
216 336 1
924 1044 1
1540 1740 1
180 280 1
108 168 1
924 1044 1
360 560 1
180 280 1
1386 1566 1
72 112 1
616 696 1
1386 1566 1
770 870 1
144 224 1
1540 1740 1
1232 1392 0.853557
1386 1566 1
252 392 1
252 392 1
288 448 1
462 522 1
288 448 1
770 870 1
36 56 1
72 112 1
360 560 1
216 336 1
180 280 1
252 392 1
216 336 1
308 348 1
1540 1740 1
1386 1566 1
462 522 1
72 112 1
36 56 1
144 224 1
770 870 1
1232 1392 1
36 56 1
616 696 1
1078 1218 1
252 392 1
108 168 0.72329
36 56 1
1540 1740 1
108 168 1
36 56 1
154 174 1
770 870 1
108 168 1
770 870 1
924 1044 0.939306
770 870 1
616 696 1
180 280 1
216 336 1
1540 1740 1
288 448 1
1540 1740 1
72 112 1
36 56 0.528155
36 56 1
36 56 1
924 1044 1
1386 1566 1
216 336 1
924 1044 1
1540 1740 1
462 522 1
36 56 1
770 870 0.932256
36 56 1
144 224 1
616 696 1
616 696 1
1540 1740 1
154 174 0.932401
36 56 0.897528
308 348 1
1386 1566 1
36 56 1
324 504 1
154 174 1
108 168 1
462 522 1
1386 1566 1
154 174 1
770 870 1
770 870 1
308 348 1
144 224 1
252 392 1
360 560 1
108 168 1
462 522 1
308 348 1
180 280 1
1078 1218 0.869743
924 1044 1
1386 1566 1
360 560 1
324 504 0.870285
308 348 1
324 504 1
154 174 1
108 168 1
1078 1218 1
252 392 1
770 870 1
36 56 1
72 112 1
324 504 1
1232 1392 1
324 504 1
360 560 0.984912
252 392 1
360 560 1
462 522 1
308 348 0.935153
462 522 1
616 696 1
1540 1740 1
36 56 1
324 504 1
1540 1740 1
1540 1740 0.908141
1078 1218 1
360 560 1
108 168 1
462 522 1
36 56 1
1078 1218 0.744708
1540 1740 0.722625
1386 1566 1
216 336 1
616 696 1
462 522 1
252 392 1
324 504 1
72 112 0.94486
252 392 1
252 392 1
252 392 1
1386 1566 1
1078 1218 1
72 112 1
72 112 1
616 696 1
616 696 1
216 336 1
180 280 1
288 448 1
252 392 1
288 448 1
360 560 1
1386 1566 1
770 870 1
252 392 1
180 280 1
216 336 1
288 448 1
360 560 1
144 224 1
252 392 1
924 1044 1
462 522 1
72 112 1
324 504 0.785808
108 168 1
154 174 1
616 696 1
1386 1566 1
154 174 1
1232 1392 1
770 870 1
770 870 1
462 522 1
144 224 1
616 696 1
252 392 1
288 448 1
308 348 1
924 1044 1
154 174 1
252 392 1
216 336 1
308 348 1
1386 1566 1
1232 1392 1
462 522 1
36 56 1
462 522 1
924 1044 1
1232 1392 1
770 870 1
770 870 0.958014
924 1044 1
770 870 1
288 448 1
324 504 1
288 448 1
616 696 1
1078 1218 1
1232 1392 1
1078 1218 0.952917
1078 1218 1
462 522 1
288 448 1
108 168 1
72 112 1
770 870 1
154 174 1
216 336 1
924 1044 0.823956
36 56 1
308 348 1
144 224 1
770 870 0.403066
924 1044 1
770 870 1
216 336 1
216 336 1
1232 1392 1
924 1044 1
360 560 1
154 174 1
770 870 1
154 174 1
770 870 1
180 280 1
616 696 1
1078 1218 1
770 870 1
252 392 1
216 336 1
1386 1566 0.878985
180 280 1
1078 1218 1
770 870 1
360 560 1
308 348 1
72 112 1
180 280 1
1540 1740 1
180 280 1
1386 1566 1
462 522 1
616 696 1
1078 1218 1
770 870 1
144 224 1
1232 1392 1
770 870 1
36 56 1
108 168 1
324 504 1
1232 1392 1
72 112 1
324 504 1
36 56 1
216 336 1
1078 1218 1
1078 1218 1
308 348 1
770 870 0.716207
252 392 0.82337
1540 1740 1
770 870 1
770 870 1
180 280 1
308 348 1
72 112 1
180 280 1
1540 1740 1
36 56 1
308 348 1
144 224 1
360 560 0.899474
1540 1740 1
1078 1218 1
924 1044 1
216 336 1
308 348 1
924 1044 1
1078 1218 1
1540 1740 1
72 112 0.655025
36 56 1
770 870 1
108 168 1
36 56 1
144 224 1
770 870 1
144 224 1
180 280 1
1540 1740 1
462 522 1
462 522 1
1540 1740 1
1540 1740 0.715742
1386 1566 1
1386 1566 1
1232 1392 1
462 522 1
180 280 1
924 1044 1
1540 1740 1
144 224 1
1386 1566 1
616 696 1
216 336 0.962833
924 1044 0.989284
1540 1740 1
324 504 1
72 112 1
36 56 1
288 448 1
72 112 1
324 504 1
216 336 1
288 448 1
616 696 1
216 336 1
1232 1392 1
924 1044 1
144 224 1
324 504 1
288 448 1
1386 1566 1
924 1044 1
616 696 1
72 112 1
1386 1566 1
1078 1218 1
324 504 1
144 224 1
770 870 1
924 1044 1
308 348 1
308 348 1
216 336 1
1386 1566 1
216 336 0.806693
360 560 1
1078 1218 1
1232 1392 1
770 870 1
462 522 1
1540 1740 1
1540 1740 1
108 168 0.816521
770 870 0.703751
144 224 1
360 560 1
360 560 1
616 696 0.726038
1386 1566 1
180 280 1
924 1044 1
1078 1218 1
324 504 1
360 560 1
180 280 1
1386 1566 1
324 504 1
72 112 1
324 504 1
154 174 1
1078 1218 1
154 174 1
770 870 1
1540 1740 1
108 168 1
308 348 1
180 280 1
154 174 1
288 448 1
154 174 1
72 112 1
216 336 0.906363
1232 1392 1
770 870 1
108 168 0.950312
1540 1740 1
1232 1392 1
770 870 1
360 560 1
770 870 1
1078 1218 1
924 1044 1
180 280 1
144 224 1
924 1044 1
1386 1566 1
36 56 0.874799
180 280 1
180 280 1
324 504 1
924 1044 1
180 280 1
288 448 1
288 448 1
1540 1740 1
360 560 1
72 112 1
144 224 1
252 392 1
144 224 0.788007
1540 1740 1
324 504 0.70133
616 696 1
616 696 0.992539
1386 1566 1
360 560 1
252 392 1
180 280 1
154 174 1
360 560 1
308 348 1
770 870 1
324 504 1
308 348 1
1078 1218 1
308 348 1
924 1044 1
72 112 1
1386 1566 1
1540 1740 0.831599
324 504 1
252 392 1
108 168 1
72 112 0.868373
1540 1740 1
108 168 1
1232 1392 1
72 112 1
154 174 1
154 174 1
216 336 1
72 112 1
1232 1392 1
308 348 1
324 504 1
770 870 1
36 56 1
770 870 1
252 392 1
770 870 1
1540 1740 1
252 392 1
180 280 1
308 348 1
72 112 1
180 280 1
36 56 1
616 696 1
924 1044 1
36 56 1
360 560 1
616 696 1
308 348 1
180 280 1
462 522 1
1540 1740 1
144 224 1
144 224 1
252 392 1
616 696 1
288 448 1
108 168 1
1540 1740 1
144 224 1
324 504 0.945991
288 448 1
462 522 1
360 560 1
108 168 1
1386 1566 1
1386 1566 0.902057
1232 1392 1
1540 1740 1
1232 1392 1
924 1044 1
180 280 1
1386 1566 1
1232 1392 1
36 56 0.976151
770 870 0.905042
616 696 1
616 696 1
36 56 1
308 348 1
360 560 0.945307
324 504 1
36 56 1
252 392 1
308 348 1
154 174 1
1540 1740 1
324 504 1
154 174 1
36 56 1
1540 1740 1
462 522 1
616 696 1
72 112 1
308 348 1
180 280 1
216 336 1
770 870 1
360 560 1
1078 1218 1
1232 1392 1
360 560 1
1078 1218 1
924 1044 0.799851
1232 1392 1
924 1044 1
770 870 1
770 870 1
108 168 1
144 224 1
252 392 1
770 870 1
288 448 0.973496
1540 1740 1
1078 1218 1
108 168 1
36 56 1
616 696 1
360 560 1
252 392 0.84751
1232 1392 0.912021
1386 1566 1
36 56 1
72 112 1
216 336 1
616 696 1
1540 1740 1
216 336 0.913703
616 696 1
108 168 1
770 870 1
308 348 1
770 870 0.662209
308 348 1
1386 1566 1
108 168 1
324 504 1
308 348 1
252 392 1
180 280 1
36 56 0.932388
770 870 1
1232 1392 1
616 696 1
308 348 1
770 870 1
72 112 1
154 174 1
924 1044 1
360 560 1
180 280 1
144 224 1
924 1044 1
252 392 1
770 870 1
770 870 1
770 870 0.754552
72 112 1
108 168 1
924 1044 1
360 560 1
1078 1218 1
144 224 1
1078 1218 1
308 348 1
36 56 1
72 112 1
924 1044 1
308 348 1
288 448 1
154 174 1
1232 1392 1
770 870 1
1386 1566 0.94848
616 696 1
36 56 1
180 280 1
1540 1740 1
108 168 1
108 168 1
1232 1392 1
36 56 1
252 392 1
924 1044 1
288 448 1
154 174 1
288 448 1
108 168 1
144 224 1
308 348 1
924 1044 1
1232 1392 1
216 336 1
1232 1392 1
462 522 1
180 280 1
72 112 1
924 1044 0.630285
462 522 1
1386 1566 0.889086
360 560 1
108 168 1
252 392 1
924 1044 0.957979
72 112 1
770 870 1
108 168 1
180 280 1
324 504 1
252 392 1
324 504 1
1540 1740 1
154 174 1
616 696 1
154 174 1
108 168 1
1232 1392 1
770 870 1
1386 1566 1
1386 1566 0.646524
462 522 1
154 174 1
324 504 1
288 448 0.940714
1232 1392 1
288 448 1
288 448 1
924 1044 1
360 560 1
360 560 1
360 560 1
108 168 1
144 224 1
308 348 1
770 870 1
1232 1392 1
180 280 1
1386 1566 0.852394
1232 1392 1
308 348 1
180 280 1
1078 1218 1
108 168 1
1386 1566 1
770 870 1
1078 1218 1
360 560 1
288 448 1
324 504 0.832023
154 174 1
1386 1566 1
1540 1740 1
462 522 1
462 522 1
1078 1218 1
154 174 0.71907
108 168 1
180 280 1
288 448 1
36 56 1
616 696 1
924 1044 1
770 870 1
360 560 1
144 224 1
108 168 1
216 336 1
108 168 1
1078 1218 1
252 392 1
462 522 1
360 560 1
308 348 0.942196
72 112 1
288 448 1
252 392 1
324 504 0.715031
144 224 1
1232 1392 1
108 168 0.757492
108 168 1
324 504 1
144 224 1
108 168 0.764574
324 504 1
924 1044 1
252 392 0.703875
108 168 1
36 56 1
252 392 1
1540 1740 0.740796
1232 1392 0.733246
770 870 1
360 560 1
616 696 1
36 56 1
324 504 1
36 56 1
216 336 0.724378
308 348 1
36 56 0.959826
616 696 1
154 174 1
36 56 1
144 224 1
616 696 0.705611
180 280 1
1386 1566 1
616 696 1
288 448 1
216 336 1
308 348 1
108 168 0.887045
154 174 1
288 448 1
924 1044 1
324 504 1
154 174 1
770 870 1
770 870 1
180 280 1
144 224 1
1540 1740 1
1540 1740 1
252 392 1
1232 1392 1
1078 1218 1
462 522 1
1386 1566 1
180 280 1
36 56 1
308 348 1
308 348 1
288 448 1
324 504 1
154 174 1
462 522 0.880472
1386 1566 1
108 168 1
154 174 1
36 56 0.955985
616 696 1
108 168 1
108 168 1
770 870 1
462 522 1
462 522 1
360 560 1
1540 1740 1
308 348 1
616 696 1
462 522 1
1386 1566 1
72 112 1
1386 1566 1
924 1044 0.882089
36 56 1
108 168 1
72 112 1
154 174 1
72 112 1
252 392 1
72 112 1
72 112 1
252 392 1
1078 1218 0.598409
108 168 1
924 1044 0.836333
154 174 1
1078 1218 1
462 522 1
360 560 1
108 168 0.655555
324 504 1
770 870 1
616 696 1
144 224 1
1386 1566 0.739699
360 560 1
360 560 1
308 348 1
924 1044 1
1078 1218 1
308 348 1
252 392 1
770 870 1
770 870 1
360 560 1
108 168 1
144 224 0.906524
1386 1566 1
144 224 1
72 112 1
308 348 1
462 522 1
324 504 1
180 280 1
1540 1740 0.816362
252 392 1
770 870 1
1232 1392 1
72 112 1
108 168 1
154 174 1
1540 1740 1
216 336 1
616 696 1
616 696 1
924 1044 1
180 280 1
308 348 1
324 504 1
1386 1566 1
770 870 1
924 1044 0.845821
462 522 1
36 56 1
924 1044 1
72 112 0.9083
108 168 1
360 560 1
770 870 0.925928
288 448 1
1540 1740 1
180 280 0.905704
1078 1218 1
144 224 1
154 174 1
1078 1218 1
154 174 1
1540 1740 1
616 696 1
216 336 1
1232 1392 1
216 336 1
288 448 1
216 336 1
308 348 1
324 504 1
108 168 1
1386 1566 1
1078 1218 0.736455
324 504 0.798011
72 112 1
616 696 1
770 870 1
36 56 1
308 348 1
154 174 1
616 696 1
180 280 1
924 1044 1
180 280 1
252 392 1
252 392 1
144 224 1
770 870 1
924 1044 1
108 168 1
252 392 1
924 1044 1
1540 1740 1
1386 1566 1
462 522 1
770 870 1
462 522 1
144 224 1
308 348 1
288 448 1
288 448 1
1386 1566 1
216 336 1
770 870 1
1540 1740 1
108 168 1
924 1044 1
1540 1740 1
216 336 1
108 168 1
180 280 1
288 448 1
144 224 0.840716
1540 1740 0.931476
216 336 1
108 168 1
462 522 1
108 168 1
216 336 1
72 112 1
1232 1392 1
1232 1392 1
72 112 1
288 448 1
1386 1566 1
1232 1392 1
252 392 1
252 392 1
770 870 1
770 870 1
770 870 1
36 56 1
462 522 1
924 1044 1
360 560 1
144 224 1
462 522 1
154 174 1
1386 1566 1
616 696 1
308 348 1
324 504 1
108 168 1
144 224 1
462 522 1
308 348 1
360 560 1
324 504 1
308 348 1
288 448 0.957402
144 224 1
1232 1392 1
360 560 1
1078 1218 1
252 392 1
216 336 1
462 522 0.925909
616 696 1
154 174 1
216 336 1
1232 1392 1
288 448 1
616 696 1
216 336 1
308 348 1
924 1044 1
360 560 1
308 348 1
72 112 1
616 696 1
72 112 1
1386 1566 1
360 560 1
1078 1218 1
180 280 1
924 1044 1
252 392 1
108 168 1
462 522 1
1540 1740 1
216 336 1
36 56 1
770 870 1
154 174 1
770 870 1
1232 1392 1
252 392 1
216 336 1
360 560 1
36 56 1
324 504 1
36 56 0.971902
616 696 1
1540 1740 1
36 56 1
1078 1218 1
36 56 1
1232 1392 1
154 174 1
252 392 1
616 696 1
308 348 1
616 696 1
1540 1740 1
216 336 1
180 280 1
36 56 1
72 112 1
616 696 0.717568
154 174 1
616 696 1
770 870 0.860494
462 522 1
462 522 1
1078 1218 1
770 870 1
1078 1218 1
1540 1740 1
360 560 1
154 174 1
72 112 1
924 1044 1
1232 1392 1
154 174 1
144 224 1
462 522 0.927007
144 224 1
1078 1218 1
924 1044 1
108 168 1
36 56 1
108 168 1
324 504 1
154 174 1
616 696 1
216 336 1
154 174 1
288 448 1
72 112 1
288 448 1
616 696 1
1386 1566 1
252 392 1
252 392 1
770 870 1
1540 1740 1
180 280 1
308 348 1
770 870 1
1232 1392 1
36 56 1
1078 1218 1
360 560 1
144 224 1
616 696 0.849311
288 448 1
288 448 1
1386 1566 1
616 696 1
108 168 1
252 392 1
1386 1566 1
1386 1566 1
360 560 1
360 560 1
462 522 1
1078 1218 1
360 560 1
252 392 1
770 870 1
1232 1392 1
252 392 1
154 174 1
144 224 1
108 168 1
180 280 1
36 56 1
180 280 1
144 224 1
216 336 1
288 448 1
154 174 1
36 56 1
154 174 1
360 560 1
154 174 1
180 280 1
180 280 0.974483
288 448 1
462 522 1
108 168 1
216 336 1
154 174 1
36 56 0.874605
252 392 1
924 1044 1
308 348 1
252 392 1
154 174 1
770 870 1
1540 1740 1
616 696 1
288 448 1
770 870 1
288 448 1
308 348 1
1386 1566 1
1232 1392 1
36 56 1
288 448 1
1540 1740 1
36 56 1
1540 1740 1
924 1044 1
180 280 1
1232 1392 1
1232 1392 1
1232 1392 1
1540 1740 1
616 696 1
108 168 1
1386 1566 0.636762
144 224 1
924 1044 1
108 168 1
216 336 1
462 522 1
360 560 1
72 112 1
360 560 1
1078 1218 1
144 224 1
1386 1566 1
1232 1392 1
924 1044 1
108 168 1
308 348 1
462 522 1
36 56 1
108 168 1
770 870 1
770 870 1
252 392 1
462 522 1
308 348 1
288 448 1
924 1044 1
252 392 1
1078 1218 1
252 392 0.90782
252 392 1
180 280 1
1540 1740 0.657968
1386 1566 1
324 504 1
36 56 1
1232 1392 1
144 224 1
308 348 1
308 348 1
1540 1740 1
308 348 1
1232 1392 1
144 224 1
216 336 1
72 112 1
252 392 1
216 336 1
108 168 0.805017
308 348 1
360 560 1
308 348 1
308 348 1
1540 1740 1
1232 1392 1
36 56 1
1386 1566 1
462 522 1
308 348 1
108 168 1
36 56 1
72 112 0.892855
154 174 1
36 56 1
154 174 1
216 336 1
252 392 1
924 1044 1
216 336 1
216 336 1
288 448 1
154 174 1
1078 1218 1
154 174 1
154 174 1
462 522 1
180 280 1
1540 1740 1
360 560 1
616 696 1
616 696 1
1078 1218 1
616 696 1
924 1044 1
288 448 1
108 168 1
1386 1566 1
108 168 1
462 522 1
72 112 1
616 696 1
180 280 1
360 560 1
72 112 1
770 870 1
616 696 1
462 522 1
180 280 1
36 56 1
72 112 1
1078 1218 1
308 348 1
288 448 1
180 280 1
308 348 1
924 1044 1
770 870 1
144 224 1
616 696 1
1232 1392 1
1078 1218 1
216 336 1
1078 1218 1
1386 1566 1
770 870 1
1078 1218 1
180 280 1
288 448 1
72 112 1
616 696 1
770 870 1
1386 1566 1
324 504 1
924 1044 1
770 870 1
1232 1392 1
1232 1392 1
36 56 0.680772
108 168 1
616 696 0.819069
1078 1218 1
308 348 1
108 168 0.968391
216 336 0.66831
1078 1218 1
324 504 1
252 392 0.750767
770 870 1
144 224 1
462 522 1
1540 1740 1
324 504 1
360 560 1
36 56 1
462 522 1
308 348 1
360 560 1
216 336 1
180 280 1
308 348 1
252 392 1
1232 1392 1
360 560 1
72 112 1
216 336 1
154 174 1
616 696 1
154 174 1
770 870 1
616 696 1
1232 1392 1
324 504 1
360 560 1
180 280 1
770 870 1
924 1044 0.707466
1232 1392 1
1386 1566 1
1078 1218 1
308 348 1
252 392 1
180 280 0.63091
252 392 1
1540 1740 1
616 696 1
108 168 1
252 392 1
144 224 1
72 112 0.853378
154 174 1
154 174 1
1232 1392 1
360 560 1
144 224 1
216 336 1
1540 1740 1
144 224 1
180 280 1
108 168 1
770 870 1
924 1044 1
108 168 1
770 870 1
462 522 1
770 870 1
108 168 1
770 870 1
924 1044 1
144 224 1
1540 1740 1
462 522 1
144 224 1
180 280 1
1540 1740 1
180 280 0.968725
1386 1566 1
252 392 1
616 696 1
144 224 1
1540 1740 1
1078 1218 1
36 56 1
308 348 1
180 280 0.961016
770 870 1
924 1044 1
924 1044 1
1078 1218 1
462 522 1
154 174 1
252 392 1
288 448 1
72 112 1
360 560 1
308 348 1
288 448 1
36 56 1
1540 1740 1
108 168 1
1540 1740 1
1078 1218 1
1078 1218 1
1232 1392 1
216 336 1
770 870 1
154 174 1
1386 1566 1
108 168 1
324 504 1
616 696 0.832
324 504 1
1078 1218 1
144 224 1
108 168 1
1386 1566 0.897833
324 504 1
1078 1218 1
1540 1740 1
1386 1566 1
924 1044 1
1232 1392 1
360 560 1
308 348 1
324 504 0.961288
36 56 1
36 56 1
36 56 1
1232 1392 1
36 56 1
462 522 1
1540 1740 0.851338
1386 1566 1
288 448 1
1232 1392 1
288 448 1
360 560 1
616 696 1
108 168 1
154 174 1
252 392 1
288 448 1
154 174 1
924 1044 1
324 504 1
288 448 1
308 348 0.810087
360 560 1
144 224 1
288 448 1
144 224 1
1078 1218 1
616 696 1
72 112 1
462 522 1
1232 1392 1
180 280 1
770 870 1
144 224 0.73952
462 522 1
924 1044 1
216 336 1
36 56 1
216 336 1
216 336 1
1078 1218 1
108 168 1
1386 1566 1
288 448 1
154 174 1
