5000 814868
210 1830 0.866196
210 1830 0.910506
210 1830 0.642454
210 1830 0.982801
210 1830 0.956992
210 1830 0.96131
210 1830 0.998628
210 1830 0.848441
210 1830 0.990218
210 1830 0.98116
210 1830 0.955892
210 1830 0.965355
210 1830 0.939555
210 1830 0.938787
210 1830 0.925023
210 1830 0.966093
210 1830 0.80235
210 1830 0.671657
210 1830 0.615142
210 1830 0.957621
210 1830 0.776795
210 1830 0.983402
210 1830 0.964333
210 1830 0.880497
210 1830 0.92359
210 1830 0.873648
210 1830 0.850317
210 1830 0.905568
210 1830 0.806154
210 1830 0.859193
210 1830 0.871846
210 1830 0.942728
210 1830 0.915055
210 1830 0.947797
210 1830 0.671424
210 1830 0.996248
210 1830 0.875361
210 1830 0.995902
210 1830 0.956245
210 1830 0.700233
210 1830 0.845035
210 1830 0.902971
210 1830 0.856278
210 1830 0.952086
210 1830 0.999019
210 1830 0.731721
210 1830 0.932019
210 1830 0.96131
210 1830 0.960058
210 1830 0.999844
210 1830 0.712109
210 1830 0.931715
210 1830 0.945612
210 1830 0.937497
210 1830 0.958259
210 1830 0.897239
210 1830 0.967369
210 1830 0.922209
210 1830 0.985373
210 1830 0.971348
210 1830 0.994553
210 1830 0.915624
210 1830 0.840292
210 1830 0.878485
210 1830 0.958932
210 1830 0.842267
210 1830 0.882997
210 1830 0.988636
210 1830 0.980802
210 1830 0.949422
210 1830 0.954713
210 1830 0.953768
210 1830 0.898034
210 1830 0.838046
210 1830 0.968147
210 1830 0.947202
210 1830 0.99667
210 1830 0.96257
210 1830 0.824401
210 1830 0.937444
210 1830 0.999243
210 1830 0.786791
210 1830 0.991808
210 1830 0.994584
210 1830 0.85713
210 1830 0.949804
210 1830 0.764167
210 1830 0.913283
210 1830 0.989528
210 1830 0.965231
210 1830 0.958527
210 1830 0.946577
210 1830 0.955668
210 1830 0.962932
210 1830 0.942257
210 1830 0.952625
210 1830 0.966483
210 1830 0.993687
210 1830 0.912817
210 1830 0.990626
210 1830 0.938372
210 1830 0.840903
210 1830 0.969965
210 1830 0.979153
210 1830 0.970175
210 1830 0.992759
210 1830 0.957307
210 1830 0.943744
210 1830 0.903267
210 1830 0.905252
210 1830 0.887779
210 1830 0.891243
210 1830 0.979051
210 1830 0.967258
210 1830 0.922278
210 1830 0.936832
210 1830 0.793719
210 1830 0.928642
210 1830 0.85905
210 1830 0.95856
210 1830 0.68756
210 1830 0.968873
210 1830 0.873084
210 1830 0.95218
210 1830 0.796936
210 1830 0.987451
210 1830 0.82568
210 1830 0.965193
210 1830 0.932949
210 1830 0.898439
210 1830 0.944709
210 1830 0.998278
210 1830 0.916243
210 1830 0.995882
210 1830 0.947546
210 1830 0.847008
210 1830 0.929996
210 1830 0.975418
210 1830 0.952986
210 1830 0.893499
210 1830 0.990507
210 1830 0.992696
210 1830 0.913166
210 1830 0.972917
210 1830 0.990354
210 1830 0.825069
210 1830 0.890105
210 1830 0.935427
210 1830 0.908158
210 1830 0.883548
210 1830 0.986861
210 1830 0.917125
210 1830 0.789409
210 1830 0.841752
210 1830 0.994783
210 1830 0.925464
210 1830 0.967805
210 1830 0.920936
210 1830 0.729223
210 1830 0.984797
210 1830 0.789243
210 1830 0.96235
210 1830 0.920476
210 1830 0.932881
210 1830 0.997933
210 1830 0.808284
210 1830 0.864449
210 1830 0.845956
210 1830 0.752837
210 1830 0.852571
210 1830 0.471413
210 1830 0.874613
210 1830 0.87976
210 1830 0.987837
210 1830 0.926383
210 1830 0.975995
210 1830 0.733448
210 1830 0.846624
210 1830 0.583575
210 1830 0.883077
210 1830 0.904851
210 1830 0.858035
210 1830 0.969357
210 1830 0.962857
210 1830 0.96262
210 1830 0.952171
210 1830 0.764859
210 1830 0.860259
210 1830 0.981203
210 1830 0.94922
210 1830 0.859859
210 1830 0.959642
210 1830 0.996044
210 1830 0.804374
210 1830 0.985283
210 1830 0.940041
210 1830 0.964179
210 1830 0.940776
210 1830 0.936806
210 1830 0.916782
210 1830 0.947155
210 1830 0.929721
210 1830 0.998125
210 1830 0.987121
210 1830 0.954075
210 1830 0.956918
210 1830 0.934562
210 1830 0.981047
210 1830 0.932417
210 1830 0.779119
210 1830 0.97963
210 1830 0.848835
210 1830 0.835346
210 1830 0.937388
210 1830 0.590843
210 1830 0.906121
210 1830 0.926328
210 1830 0.964363
210 1830 0.965258
210 1830 0.996317
210 1830 0.594211
210 1830 0.893451
210 1830 0.991441
210 1830 0.988593
210 1830 0.917182
210 1830 0.995757
210 1830 0.939169
210 1830 0.994167
210 1830 0.852742
210 1830 0.962684
210 1830 0.934721
210 1830 0.917923
210 1830 0.98433
210 1830 0.931977
210 1830 0.972305
210 1830 0.667144
210 1830 0.912569
210 1830 0.810064
210 1830 0.987089
210 1830 0.979667
210 1830 0.977481
210 1830 0.890506
189 1647 0.960384
189 1647 0.742821
189 1647 0.949297
189 1647 0.858444
189 1647 0.878679
189 1647 0.967666
189 1647 0.960691
189 1647 0.89126
189 1647 0.900418
189 1647 0.900735
189 1647 0.936114
189 1647 0.889246
189 1647 0.958413
189 1647 0.97033
189 1647 0.736121
189 1647 0.962351
189 1647 0.956087
189 1647 0.724615
189 1647 0.838517
189 1647 0.954453
189 1647 0.960883
189 1647 0.984242
189 1647 0.968659
189 1647 0.854839
189 1647 0.951939
189 1647 0.960502
189 1647 0.982566
189 1647 0.994794
189 1647 0.999148
189 1647 0.924608
189 1647 0.968035
189 1647 0.680409
189 1647 0.99266
189 1647 0.867923
189 1647 0.961888
189 1647 0.598585
189 1647 0.84859
189 1647 0.869813
189 1647 0.707279
189 1647 0.984401
189 1647 0.7353
189 1647 0.981599
189 1647 0.991091
189 1647 0.937286
189 1647 0.902785
189 1647 0.978711
189 1647 0.987449
189 1647 0.953073
189 1647 0.955486
189 1647 0.959169
189 1647 0.98413
189 1647 0.988402
189 1647 0.893455
189 1647 0.936714
189 1647 0.955974
189 1647 0.977463
189 1647 0.910052
189 1647 0.926477
189 1647 0.930817
189 1647 0.902331
189 1647 0.922125
189 1647 0.949448
189 1647 0.806896
189 1647 0.96979
189 1647 0.980222
189 1647 0.8537
189 1647 0.940255
189 1647 0.880741
189 1647 0.995361
189 1647 0.928913
189 1647 0.908482
189 1647 0.851167
189 1647 0.825493
189 1647 0.923082
189 1647 0.942463
189 1647 0.958751
189 1647 0.995258
189 1647 0.852037
189 1647 0.774945
189 1647 0.894035
189 1647 0.934849
189 1647 0.935534
189 1647 0.821652
189 1647 0.939675
189 1647 1.0
189 1647 0.999468
189 1647 0.962102
189 1647 0.973363
189 1647 0.939628
189 1647 0.845838
189 1647 0.639382
189 1647 0.941347
189 1647 0.985921
189 1647 0.715958
189 1647 0.952298
189 1647 0.812594
189 1647 0.89845
189 1647 0.975165
189 1647 0.93563
189 1647 0.812961
189 1647 0.994942
189 1647 0.98871
189 1647 0.938562
189 1647 0.983545
189 1647 0.838581
189 1647 0.977172
189 1647 0.99809
189 1647 0.968165
189 1647 0.870555
189 1647 0.850418
189 1647 0.994501
189 1647 0.874917
189 1647 0.988334
189 1647 0.945806
189 1647 0.966648
189 1647 0.982677
189 1647 0.905574
189 1647 0.962199
189 1647 0.885995
189 1647 0.934309
189 1647 0.975323
189 1647 0.761615
189 1647 0.940051
189 1647 0.98777
189 1647 0.900794
189 1647 0.845306
189 1647 0.98708
189 1647 0.932928
189 1647 0.993436
189 1647 0.98503
189 1647 0.96757
189 1647 0.981068
189 1647 0.905957
189 1647 0.953901
189 1647 0.827072
189 1647 0.975432
189 1647 0.938194
189 1647 0.842341
189 1647 0.973249
189 1647 0.815739
189 1647 0.976103
189 1647 0.970837
189 1647 0.853689
189 1647 0.886372
189 1647 0.998717
189 1647 0.832934
189 1647 0.718982
189 1647 0.963118
189 1647 0.894831
189 1647 0.831525
189 1647 0.97595
189 1647 0.964656
189 1647 0.986677
189 1647 0.805036
189 1647 0.941106
189 1647 0.882381
189 1647 0.924869
189 1647 0.792622
189 1647 0.879305
189 1647 0.936224
189 1647 0.984949
189 1647 0.990196
189 1647 0.954975
189 1647 0.947694
189 1647 0.853779
189 1647 0.877768
189 1647 0.979026
189 1647 0.992945
189 1647 0.948693
189 1647 0.861033
189 1647 0.828215
189 1647 0.894648
189 1647 0.947023
189 1647 0.942556
189 1647 0.95478
189 1647 0.802157
189 1647 0.956109
189 1647 0.909388
189 1647 0.999733
189 1647 0.981268
189 1647 0.976708
189 1647 0.71914
189 1647 0.945114
189 1647 0.950513
189 1647 0.943768
189 1647 0.998894
189 1647 0.975967
189 1647 0.993424
189 1647 0.949818
189 1647 0.971771
189 1647 0.870826
189 1647 0.83914
189 1647 0.918842
189 1647 0.869919
189 1647 0.968404
189 1647 0.674085
189 1647 0.922044
189 1647 0.899171
189 1647 0.874357
189 1647 0.941309
189 1647 0.918856
189 1647 0.999972
189 1647 0.962006
189 1647 0.889243
189 1647 0.930414
189 1647 0.98983
189 1647 0.850036
189 1647 0.949885
189 1647 0.958309
189 1647 0.868467
189 1647 0.902913
189 1647 0.90068
189 1647 0.832574
189 1647 0.941553
189 1647 0.951862
189 1647 0.908192
189 1647 0.962776
189 1647 0.931163
189 1647 0.880672
168 1464 0.986036
168 1464 0.968177
168 1464 0.864191
168 1464 0.949974
168 1464 0.825238
168 1464 0.902269
168 1464 0.748358
168 1464 0.815459
168 1464 0.905109
168 1464 0.97679
168 1464 0.77601
168 1464 0.972574
168 1464 0.84933
168 1464 0.826265
168 1464 0.853808
168 1464 0.94919
168 1464 0.922734
168 1464 0.979989
168 1464 0.826583
168 1464 0.852386
168 1464 0.82225
168 1464 0.792095
168 1464 0.98401
168 1464 0.97291
168 1464 0.842988
168 1464 0.504867
168 1464 0.983042
168 1464 0.996321
168 1464 0.987229
168 1464 0.931344
168 1464 0.947254
168 1464 0.982288
168 1464 0.728384
168 1464 0.99409
168 1464 0.96674
168 1464 0.955677
168 1464 0.983778
168 1464 0.891204
168 1464 0.965256
168 1464 1
168 1464 1
168 1464 1
168 1464 1
168 1464 1
168 1464 1
168 1464 1
168 1464 1
168 1464 1
168 1464 1
168 1464 1
168 1464 1
168 1464 1
168 1464 1
168 1464 1
168 1464 1
168 1464 1
168 1464 1
168 1464 1
168 1464 1
168 1464 1
168 1464 1
168 1464 1
168 1464 1
168 1464 1
168 1464 1
168 1464 1
168 1464 1
168 1464 1
168 1464 1
168 1464 1
168 1464 1
168 1464 1
168 1464 1
168 1464 1
168 1464 1
168 1464 1
168 1464 1
168 1464 1
168 1464 1
168 1464 1
168 1464 1
168 1464 1
168 1464 1
168 1464 1
168 1464 1
168 1464 1
168 1464 1
168 1464 1
168 1464 1
168 1464 1
168 1464 1
168 1464 1
168 1464 1
168 1464 1
168 1464 1
168 1464 1
168 1464 1
168 1464 1
168 1464 1
168 1464 1
168 1464 1
168 1464 1
168 1464 1
168 1464 1
168 1464 1
168 1464 1
168 1464 1
168 1464 1
168 1464 1
168 1464 1
168 1464 1
168 1464 1
168 1464 1
168 1464 1
168 1464 1
168 1464 1
168 1464 1
168 1464 1
168 1464 1
168 1464 1
168 1464 1
168 1464 1
168 1464 1
168 1464 1
168 1464 1
168 1464 1
168 1464 1
168 1464 1
168 1464 1
168 1464 1
168 1464 1
168 1464 1
168 1464 1
168 1464 1
168 1464 1
168 1464 1
168 1464 1
168 1464 1
168 1464 1
168 1464 1
168 1464 1
168 1464 1
168 1464 1
168 1464 1
168 1464 1
168 1464 1
168 1464 1
168 1464 1
168 1464 1
168 1464 1
168 1464 1
168 1464 1
168 1464 1
168 1464 1
168 1464 1
168 1464 1
168 1464 1
168 1464 1
168 1464 1
168 1464 1
168 1464 1
168 1464 1
168 1464 1
168 1464 1
168 1464 1
168 1464 1
168 1464 1
168 1464 1
168 1464 1
168 1464 1
168 1464 1
168 1464 1
168 1464 1
168 1464 1
168 1464 1
168 1464 1
168 1464 1
168 1464 1
168 1464 1
168 1464 1
168 1464 1
168 1464 1
168 1464 1
168 1464 1
168 1464 1
168 1464 1
168 1464 1
168 1464 1
168 1464 1
168 1464 1
168 1464 1
168 1464 1
168 1464 1
168 1464 1
168 1464 1
168 1464 1
168 1464 1
168 1464 1
168 1464 1
168 1464 1
168 1464 1
168 1464 1
168 1464 1
168 1464 1
168 1464 1
168 1464 1
168 1464 1
168 1464 1
168 1464 1
168 1464 1
168 1464 1
168 1464 1
168 1464 1
168 1464 1
168 1464 1
168 1464 1
168 1464 1
168 1464 1
168 1464 1
168 1464 1
168 1464 1
168 1464 1
168 1464 1
168 1464 1
168 1464 1
168 1464 1
168 1464 1
168 1464 1
168 1464 1
168 1464 1
168 1464 1
168 1464 1
168 1464 1
168 1464 1
168 1464 1
168 1464 1
168 1464 1
168 1464 1
168 1464 1
168 1464 1
168 1464 1
168 1464 1
168 1464 1
168 1464 1
168 1464 1
168 1464 1
168 1464 1
168 1464 1
168 1464 1
168 1464 1
168 1464 1
168 1464 1
168 1464 1
168 1464 1
168 1464 1
168 1464 1
168 1464 1
168 1464 1
168 1464 1
147 1281 1
147 1281 1
147 1281 1
147 1281 1
147 1281 1
147 1281 1
147 1281 1
147 1281 1
147 1281 1
147 1281 1
147 1281 1
147 1281 1
147 1281 1
147 1281 1
147 1281 1
147 1281 1
147 1281 1
147 1281 1
147 1281 1
147 1281 1
147 1281 1
147 1281 1
147 1281 1
147 1281 1
147 1281 1
147 1281 1
147 1281 1
147 1281 1
147 1281 1
147 1281 1
147 1281 1
147 1281 1
147 1281 1
147 1281 1
147 1281 1
147 1281 1
147 1281 1
147 1281 1
147 1281 1
147 1281 1
147 1281 1
147 1281 1
147 1281 1
147 1281 1
147 1281 1
147 1281 1
147 1281 1
147 1281 1
147 1281 1
147 1281 1
147 1281 1
147 1281 1
147 1281 1
147 1281 1
147 1281 1
147 1281 1
147 1281 1
147 1281 1
147 1281 1
147 1281 1
147 1281 1
147 1281 1
147 1281 1
147 1281 1
147 1281 1
147 1281 1
147 1281 1
147 1281 1
147 1281 1
147 1281 1
147 1281 1
147 1281 1
147 1281 1
147 1281 1
147 1281 1
147 1281 1
147 1281 1
147 1281 1
147 1281 1
147 1281 1
147 1281 1
147 1281 1
147 1281 1
147 1281 1
147 1281 1
147 1281 1
147 1281 1
147 1281 1
147 1281 1
147 1281 1
147 1281 1
147 1281 1
147 1281 1
147 1281 1
147 1281 1
147 1281 1
147 1281 1
147 1281 1
147 1281 1
147 1281 1
147 1281 1
147 1281 1
147 1281 1
147 1281 1
147 1281 1
147 1281 1
147 1281 1
147 1281 1
147 1281 1
147 1281 1
147 1281 1
147 1281 1
147 1281 1
147 1281 1
147 1281 1
147 1281 1
147 1281 1
147 1281 1
147 1281 1
147 1281 1
147 1281 1
147 1281 1
147 1281 1
147 1281 1
147 1281 1
147 1281 1
147 1281 1
147 1281 1
147 1281 1
147 1281 1
147 1281 1
147 1281 1
147 1281 1
147 1281 1
147 1281 1
147 1281 1
147 1281 1
147 1281 1
147 1281 1
147 1281 1
147 1281 1
147 1281 1
147 1281 1
147 1281 1
147 1281 1
147 1281 1
147 1281 1
147 1281 1
147 1281 1
147 1281 1
147 1281 1
147 1281 1
147 1281 1
147 1281 1
147 1281 1
147 1281 1
147 1281 1
147 1281 1
147 1281 1
147 1281 1
147 1281 1
147 1281 1
147 1281 1
147 1281 1
147 1281 1
147 1281 1
147 1281 1
147 1281 1
147 1281 1
147 1281 1
147 1281 1
147 1281 1
147 1281 1
147 1281 1
147 1281 1
147 1281 1
147 1281 1
147 1281 1
147 1281 1
147 1281 1
147 1281 1
147 1281 1
147 1281 1
147 1281 1
147 1281 1
147 1281 1
147 1281 1
147 1281 1
147 1281 1
147 1281 1
147 1281 1
147 1281 1
147 1281 1
147 1281 1
147 1281 1
147 1281 1
147 1281 1
147 1281 1
147 1281 1
147 1281 1
147 1281 1
147 1281 1
147 1281 1
147 1281 1
147 1281 1
147 1281 1
147 1281 1
147 1281 1
147 1281 1
147 1281 1
147 1281 1
147 1281 1
147 1281 1
147 1281 1
147 1281 1
147 1281 1
147 1281 1
147 1281 1
147 1281 1
147 1281 1
147 1281 1
147 1281 1
147 1281 1
147 1281 1
147 1281 1
147 1281 1
147 1281 1
147 1281 1
147 1281 1
147 1281 1
147 1281 1
147 1281 1
147 1281 1
147 1281 1
147 1281 1
147 1281 1
147 1281 1
147 1281 1
147 1281 1
147 1281 1
147 1281 1
147 1281 1
147 1281 1
147 1281 1
147 1281 1
147 1281 1
147 1281 1
147 1281 1
147 1281 1
147 1281 1
147 1281 1
147 1281 1
147 1281 1
147 1281 1
147 1281 1
147 1281 1
147 1281 1
147 1281 1
147 1281 1
147 1281 1
147 1281 1
147 1281 1
147 1281 1
147 1281 1
147 1281 1
147 1281 1
147 1281 1
147 1281 1
147 1281 1
147 1281 1
147 1281 1
147 1281 1
147 1281 1
147 1281 1
147 1281 1
147 1281 1
147 1281 1
147 1281 1
126 1098 1
126 1098 1
126 1098 1
126 1098 1
126 1098 1
126 1098 1
126 1098 1
126 1098 1
126 1098 1
126 1098 1
126 1098 1
126 1098 1
126 1098 1
126 1098 1
126 1098 1
126 1098 1
126 1098 1
126 1098 1
126 1098 1
126 1098 1
126 1098 1
126 1098 1
126 1098 1
126 1098 1
126 1098 1
126 1098 1
126 1098 1
126 1098 1
126 1098 1
126 1098 1
126 1098 1
126 1098 1
126 1098 1
126 1098 1
126 1098 1
126 1098 1
126 1098 1
126 1098 1
126 1098 1
126 1098 1
126 1098 1
126 1098 1
126 1098 1
126 1098 1
126 1098 1
126 1098 1
126 1098 1
126 1098 1
126 1098 1
126 1098 1
126 1098 1
126 1098 1
126 1098 1
126 1098 1
126 1098 1
126 1098 1
126 1098 1
126 1098 1
126 1098 1
126 1098 1
126 1098 1
126 1098 1
126 1098 1
126 1098 1
126 1098 1
126 1098 1
126 1098 1
126 1098 1
126 1098 1
126 1098 1
126 1098 1
126 1098 1
126 1098 1
126 1098 1
126 1098 1
126 1098 1
126 1098 1
126 1098 1
126 1098 1
126 1098 1
126 1098 1
126 1098 1
126 1098 1
126 1098 1
126 1098 1
126 1098 1
126 1098 1
126 1098 1
126 1098 1
126 1098 1
126 1098 1
126 1098 1
126 1098 1
126 1098 1
126 1098 1
126 1098 1
126 1098 1
126 1098 1
126 1098 1
126 1098 1
126 1098 1
126 1098 1
126 1098 1
126 1098 1
126 1098 1
126 1098 1
126 1098 1
126 1098 1
126 1098 1
126 1098 1
126 1098 1
126 1098 1
126 1098 1
126 1098 1
126 1098 1
126 1098 1
126 1098 1
126 1098 1
126 1098 1
126 1098 1
126 1098 1
126 1098 1
126 1098 1
126 1098 1
126 1098 1
126 1098 1
126 1098 1
126 1098 1
126 1098 1
126 1098 1
126 1098 1
126 1098 1
126 1098 1
126 1098 1
126 1098 1
126 1098 1
126 1098 1
126 1098 1
126 1098 1
126 1098 1
126 1098 1
126 1098 1
126 1098 1
126 1098 1
126 1098 1
126 1098 1
126 1098 1
126 1098 1
126 1098 1
126 1098 1
126 1098 1
126 1098 1
126 1098 1
126 1098 1
126 1098 1
126 1098 1
126 1098 1
126 1098 1
126 1098 1
126 1098 1
126 1098 1
126 1098 1
126 1098 1
126 1098 1
126 1098 1
126 1098 1
126 1098 1
126 1098 1
126 1098 1
126 1098 1
126 1098 1
126 1098 1
126 1098 1
126 1098 1
126 1098 1
126 1098 1
126 1098 1
126 1098 1
126 1098 1
126 1098 1
126 1098 1
126 1098 1
126 1098 1
126 1098 1
126 1098 1
126 1098 1
126 1098 1
126 1098 1
126 1098 1
126 1098 1
126 1098 1
126 1098 1
126 1098 1
126 1098 1
126 1098 1
126 1098 1
126 1098 1
126 1098 1
126 1098 1
126 1098 1
126 1098 1
126 1098 1
126 1098 1
126 1098 1
126 1098 1
126 1098 1
126 1098 1
126 1098 1
126 1098 1
126 1098 1
126 1098 1
126 1098 1
126 1098 1
126 1098 1
126 1098 1
126 1098 1
126 1098 1
126 1098 1
126 1098 1
126 1098 1
126 1098 1
126 1098 1
126 1098 1
126 1098 1
126 1098 1
126 1098 1
126 1098 1
126 1098 1
126 1098 1
126 1098 1
126 1098 1
126 1098 1
126 1098 1
126 1098 1
126 1098 1
126 1098 1
126 1098 1
126 1098 1
126 1098 1
126 1098 1
126 1098 1
126 1098 1
126 1098 1
126 1098 1
126 1098 1
126 1098 1
126 1098 1
126 1098 1
126 1098 1
126 1098 1
126 1098 1
126 1098 1
126 1098 1
126 1098 1
126 1098 1
126 1098 1
126 1098 1
126 1098 1
126 1098 1
105 915 1
105 915 1
105 915 1
105 915 1
105 915 1
105 915 1
105 915 1
105 915 1
105 915 1
105 915 1
105 915 1
105 915 1
105 915 1
105 915 1
105 915 1
105 915 1
105 915 1
105 915 1
105 915 1
105 915 1
105 915 1
105 915 1
105 915 1
105 915 1
105 915 1
105 915 1
105 915 1
105 915 1
105 915 1
105 915 1
105 915 1
105 915 1
105 915 1
105 915 1
105 915 1
105 915 1
105 915 1
105 915 1
105 915 1
105 915 1
105 915 1
105 915 1
105 915 1
105 915 1
105 915 1
105 915 1
105 915 1
105 915 1
105 915 1
105 915 1
105 915 1
105 915 1
105 915 1
105 915 1
105 915 1
105 915 1
105 915 1
105 915 1
105 915 1
105 915 1
105 915 1
105 915 1
105 915 1
105 915 1
105 915 1
105 915 1
105 915 1
105 915 1
105 915 1
105 915 1
105 915 1
105 915 1
105 915 1
105 915 1
105 915 1
105 915 1
105 915 1
105 915 1
105 915 1
105 915 1
105 915 1
105 915 1
105 915 1
105 915 1
105 915 1
105 915 1
105 915 1
105 915 1
105 915 1
105 915 1
105 915 1
105 915 1
105 915 1
105 915 1
105 915 1
105 915 1
105 915 1
105 915 1
105 915 1
105 915 1
105 915 1
105 915 1
105 915 1
105 915 1
105 915 1
105 915 1
105 915 1
105 915 1
105 915 1
105 915 1
105 915 1
105 915 1
105 915 1
105 915 1
105 915 1
105 915 1
105 915 1
105 915 1
105 915 1
105 915 1
105 915 1
105 915 1
105 915 1
105 915 1
105 915 1
105 915 1
105 915 1
105 915 1
105 915 1
105 915 1
105 915 1
105 915 1
105 915 1
105 915 1
105 915 1
105 915 1
105 915 1
105 915 1
105 915 1
105 915 1
105 915 1
105 915 1
105 915 1
105 915 1
105 915 1
105 915 1
105 915 1
105 915 1
105 915 1
105 915 1
105 915 1
105 915 1
105 915 1
105 915 1
105 915 1
105 915 1
105 915 1
105 915 1
105 915 1
105 915 1
105 915 1
105 915 1
105 915 1
105 915 1
105 915 1
105 915 1
105 915 1
105 915 1
105 915 1
105 915 1
105 915 1
105 915 1
105 915 1
105 915 1
105 915 1
105 915 1
105 915 1
105 915 1
105 915 1
105 915 1
105 915 1
105 915 1
105 915 1
105 915 1
105 915 1
105 915 1
105 915 1
105 915 1
105 915 1
105 915 1
105 915 1
105 915 1
105 915 1
105 915 1
105 915 1
105 915 1
105 915 1
105 915 1
105 915 1
105 915 1
105 915 1
105 915 1
105 915 1
105 915 1
105 915 1
105 915 1
105 915 1
105 915 1
105 915 1
105 915 1
105 915 1
105 915 1
105 915 1
105 915 1
105 915 1
105 915 1
105 915 1
105 915 1
105 915 1
105 915 1
105 915 1
105 915 1
105 915 1
105 915 1
105 915 1
105 915 1
105 915 1
105 915 1
105 915 1
105 915 1
105 915 1
105 915 1
105 915 1
105 915 1
105 915 1
105 915 1
105 915 1
105 915 1
105 915 1
105 915 1
105 915 1
105 915 1
105 915 1
105 915 1
105 915 1
105 915 1
105 915 1
105 915 1
105 915 1
105 915 1
105 915 1
105 915 1
105 915 1
105 915 1
105 915 1
105 915 1
105 915 1
105 915 1
105 915 1
105 915 1
105 915 1
105 915 1
105 915 1
105 915 1
105 915 1
105 915 1
105 915 1
105 915 1
84 732 1
84 732 1
84 732 1
84 732 1
84 732 1
84 732 1
84 732 1
84 732 1
84 732 1
84 732 1
84 732 1
84 732 1
84 732 1
84 732 1
84 732 1
84 732 1
84 732 1
84 732 1
84 732 1
84 732 1
84 732 1
84 732 1
84 732 1
84 732 1
84 732 1
84 732 1
84 732 1
84 732 1
84 732 1
84 732 1
84 732 1
84 732 1
84 732 1
84 732 1
84 732 1
84 732 1
84 732 1
84 732 1
84 732 1
84 732 1
84 732 1
84 732 1
84 732 1
84 732 1
84 732 1
84 732 1
84 732 1
84 732 1
84 732 1
84 732 1
84 732 1
84 732 1
84 732 1
84 732 1
84 732 1
84 732 1
84 732 1
84 732 1
84 732 1
84 732 1
84 732 1
84 732 1
84 732 1
84 732 1
84 732 1
84 732 1
84 732 1
84 732 1
84 732 1
84 732 1
84 732 1
84 732 1
84 732 1
84 732 1
84 732 1
84 732 1
84 732 1
84 732 1
84 732 1
84 732 1
84 732 1
84 732 1
84 732 1
84 732 1
84 732 1
84 732 1
84 732 1
84 732 1
84 732 1
84 732 1
84 732 1
84 732 1
84 732 1
84 732 1
84 732 1
84 732 1
84 732 1
84 732 1
84 732 1
84 732 1
84 732 1
84 732 1
84 732 1
84 732 1
84 732 1
84 732 1
84 732 1
84 732 1
84 732 1
84 732 1
84 732 1
84 732 1
84 732 1
84 732 1
84 732 1
84 732 1
84 732 1
84 732 1
84 732 1
84 732 1
84 732 1
84 732 1
84 732 1
84 732 1
84 732 1
84 732 1
84 732 1
84 732 1
84 732 1
84 732 1
84 732 1
84 732 1
84 732 1
84 732 1
84 732 1
84 732 1
84 732 1
84 732 1
84 732 1
84 732 1
84 732 1
84 732 1
84 732 1
84 732 1
84 732 1
84 732 1
84 732 1
84 732 1
84 732 1
84 732 1
84 732 1
84 732 1
84 732 1
84 732 1
84 732 1
84 732 1
84 732 1
84 732 1
84 732 1
84 732 1
84 732 1
84 732 1
84 732 1
84 732 1
84 732 1
84 732 1
84 732 1
84 732 1
84 732 1
84 732 1
84 732 1
84 732 1
84 732 1
84 732 1
84 732 1
84 732 1
84 732 1
84 732 1
84 732 1
84 732 1
84 732 1
84 732 1
84 732 1
84 732 1
84 732 1
84 732 1
84 732 1
84 732 1
84 732 1
84 732 1
84 732 1
84 732 1
84 732 1
84 732 1
84 732 1
84 732 1
84 732 1
84 732 1
84 732 1
84 732 1
84 732 1
84 732 1
84 732 1
84 732 1
84 732 1
84 732 1
84 732 1
84 732 1
84 732 1
84 732 1
84 732 1
84 732 1
84 732 1
84 732 1
84 732 1
84 732 1
84 732 1
84 732 1
84 732 1
84 732 1
84 732 1
84 732 1
84 732 1
84 732 1
84 732 1
84 732 1
63 549 1
63 549 1
63 549 1
63 549 1
63 549 1
63 549 1
63 549 1
63 549 1
63 549 1
63 549 1
63 549 1
63 549 1
63 549 1
63 549 1
63 549 1
63 549 1
63 549 1
63 549 1
63 549 1
63 549 1
63 549 1
63 549 1
63 549 1
63 549 1
63 549 1
63 549 1
63 549 1
63 549 1
63 549 1
63 549 1
63 549 1
63 549 1
63 549 1
63 549 1
63 549 1
63 549 1
63 549 1
63 549 1
63 549 1
63 549 1
63 549 1
63 549 1
63 549 1
63 549 1
63 549 1
63 549 1
63 549 1
63 549 1
63 549 1
63 549 1
63 549 1
63 549 1
63 549 1
63 549 1
63 549 1
63 549 1
63 549 1
63 549 1
63 549 1
63 549 1
63 549 1
63 549 1
63 549 1
63 549 1
63 549 1
63 549 1
63 549 1
63 549 1
63 549 1
63 549 1
63 549 1
63 549 1
63 549 1
63 549 1
63 549 1
63 549 1
63 549 1
63 549 1
63 549 1
63 549 1
63 549 1
63 549 1
63 549 1
63 549 1
63 549 1
63 549 1
63 549 1
63 549 1
63 549 1
63 549 1
63 549 1
63 549 1
63 549 1
63 549 1
63 549 1
63 549 1
63 549 1
63 549 1
63 549 1
63 549 1
63 549 1
63 549 1
63 549 1
63 549 1
63 549 1
63 549 1
63 549 1
63 549 1
63 549 1
63 549 1
63 549 1
63 549 1
63 549 1
63 549 1
63 549 1
63 549 1
63 549 1
63 549 1
63 549 1
63 549 1
63 549 1
63 549 1
63 549 1
63 549 1
63 549 1
63 549 1
63 549 1
63 549 1
63 549 1
63 549 1
63 549 1
63 549 1
63 549 1
63 549 1
63 549 1
63 549 1
63 549 1
63 549 1
63 549 1
63 549 1
63 549 1
63 549 1
63 549 1
63 549 1
63 549 1
63 549 1
63 549 1
63 549 1
63 549 1
63 549 1
63 549 1
63 549 1
63 549 1
63 549 1
63 549 1
63 549 1
63 549 1
63 549 1
63 549 1
63 549 1
63 549 1
63 549 1
63 549 1
63 549 1
63 549 1
63 549 1
63 549 1
63 549 1
63 549 1
63 549 1
63 549 1
63 549 1
63 549 1
63 549 1
63 549 1
63 549 1
63 549 1
63 549 1
63 549 1
63 549 1
63 549 1
63 549 1
63 549 1
63 549 1
63 549 1
63 549 1
63 549 1
63 549 1
63 549 1
63 549 1
63 549 1
63 549 1
63 549 1
63 549 1
63 549 1
63 549 1
63 549 1
63 549 1
63 549 1
63 549 1
63 549 1
63 549 1
63 549 1
63 549 1
63 549 1
63 549 1
63 549 1
63 549 1
63 549 1
63 549 1
63 549 1
63 549 1
63 549 1
63 549 1
63 549 1
63 549 1
63 549 1
63 549 1
63 549 1
63 549 1
63 549 1
63 549 1
63 549 1
63 549 1
63 549 1
63 549 1
63 549 1
63 549 1
63 549 1
63 549 1
63 549 1
63 549 1
63 549 1
63 549 1
63 549 1
63 549 1
63 549 1
63 549 1
63 549 1
63 549 1
63 549 1
63 549 1
63 549 1
63 549 1
63 549 1
63 549 1
63 549 1
42 366 1
42 366 1
42 366 1
42 366 1
42 366 1
42 366 1
42 366 1
42 366 1
42 366 1
42 366 1
42 366 1
42 366 1
42 366 1
42 366 1
42 366 1
42 366 1
42 366 1
42 366 1
42 366 1
42 366 1
42 366 1
42 366 1
42 366 1
42 366 1
42 366 1
42 366 1
42 366 1
42 366 1
42 366 1
42 366 1
42 366 1
42 366 1
42 366 1
42 366 1
42 366 1
42 366 1
42 366 1
42 366 1
42 366 1
42 366 1
42 366 1
42 366 1
42 366 1
42 366 1
42 366 1
42 366 1
42 366 1
42 366 1
42 366 1
42 366 1
42 366 1
42 366 1
42 366 1
42 366 1
42 366 1
42 366 1
42 366 1
42 366 1
42 366 1
42 366 1
42 366 1
42 366 1
42 366 1
42 366 1
42 366 1
42 366 1
42 366 1
42 366 1
42 366 1
42 366 1
42 366 1
42 366 1
42 366 1
42 366 1
42 366 1
42 366 1
42 366 1
42 366 1
42 366 1
42 366 1
42 366 1
42 366 1
42 366 1
42 366 1
42 366 1
42 366 1
42 366 1
42 366 1
42 366 1
42 366 1
42 366 1
42 366 1
42 366 1
42 366 1
42 366 1
42 366 1
42 366 1
42 366 1
42 366 1
42 366 1
42 366 1
42 366 1
42 366 1
42 366 1
42 366 1
42 366 1
42 366 1
42 366 1
42 366 1
42 366 1
42 366 1
42 366 1
42 366 1
42 366 1
42 366 1
42 366 1
42 366 1
42 366 1
42 366 1
42 366 1
42 366 1
42 366 1
42 366 1
42 366 1
42 366 1
42 366 1
42 366 1
42 366 1
42 366 1
42 366 1
42 366 1
42 366 1
42 366 1
42 366 1
42 366 1
42 366 1
42 366 1
42 366 1
42 366 1
42 366 1
42 366 1
42 366 1
42 366 1
42 366 1
42 366 1
42 366 1
42 366 1
42 366 1
42 366 1
42 366 1
42 366 1
42 366 1
42 366 1
42 366 1
42 366 1
42 366 1
42 366 1
42 366 1
42 366 1
42 366 1
42 366 1
42 366 1
42 366 1
42 366 1
42 366 1
42 366 1
42 366 1
42 366 1
42 366 1
42 366 1
42 366 1
42 366 1
42 366 1
42 366 1
42 366 1
42 366 1
42 366 1
42 366 1
42 366 1
42 366 1
42 366 1
42 366 1
42 366 1
42 366 1
42 366 1
42 366 1
42 366 1
42 366 1
42 366 1
42 366 1
42 366 1
42 366 1
42 366 1
42 366 1
42 366 1
42 366 1
42 366 1
42 366 1
42 366 1
42 366 1
42 366 1
42 366 1
42 366 1
42 366 1
42 366 1
42 366 1
42 366 1
42 366 1
42 366 1
42 366 1
42 366 1
42 366 1
42 366 1
42 366 1
42 366 1
42 366 1
42 366 1
42 366 1
42 366 1
42 366 1
42 366 1
42 366 1
42 366 1
42 366 1
42 366 1
42 366 1
42 366 1
42 366 1
42 366 1
42 366 1
42 366 1
42 366 1
42 366 1
42 366 1
42 366 1
42 366 1
42 366 1
21 183 1
21 183 1
21 183 1
21 183 1
21 183 1
21 183 1
21 183 1
21 183 1
21 183 1
21 183 1
21 183 1
21 183 1
21 183 1
21 183 1
21 183 1
21 183 1
21 183 1
21 183 1
21 183 1
21 183 1
21 183 1
21 183 1
21 183 1
21 183 1
21 183 1
21 183 1
21 183 1
21 183 1
21 183 1
21 183 1
21 183 1
21 183 1
21 183 1
21 183 1
21 183 1
21 183 1
21 183 1
21 183 1
21 183 1
21 183 1
21 183 1
21 183 1
21 183 1
21 183 1
21 183 1
21 183 1
21 183 1
21 183 1
21 183 1
21 183 1
21 183 1
21 183 1
21 183 1
21 183 1
21 183 1
21 183 1
21 183 1
21 183 1
21 183 1
21 183 1
21 183 1
21 183 1
21 183 1
21 183 1
21 183 1
21 183 1
21 183 1
21 183 1
21 183 1
21 183 1
21 183 1
21 183 1
21 183 1
21 183 1
21 183 1
21 183 1
21 183 1
21 183 1
21 183 1
21 183 1
21 183 1
21 183 1
21 183 1
21 183 1
21 183 1
21 183 1
21 183 1
21 183 1
21 183 1
21 183 1
21 183 1
21 183 1
21 183 1
21 183 1
21 183 1
21 183 1
21 183 1
21 183 1
21 183 1
21 183 1
21 183 1
21 183 1
21 183 1
21 183 1
21 183 1
21 183 1
21 183 1
21 183 1
21 183 1
21 183 1
21 183 1
21 183 1
21 183 1
21 183 1
21 183 1
21 183 1
21 183 1
21 183 1
21 183 1
21 183 1
21 183 1
21 183 1
21 183 1
21 183 1
21 183 1
21 183 1
21 183 1
21 183 1
21 183 1
21 183 1
21 183 1
21 183 1
21 183 1
21 183 1
21 183 1
21 183 1
21 183 1
21 183 1
21 183 1
21 183 1
21 183 1
21 183 1
21 183 1
21 183 1
21 183 1
21 183 1
21 183 1
21 183 1
21 183 1
21 183 1
21 183 1
21 183 1
21 183 1
21 183 1
21 183 1
21 183 1
21 183 1
21 183 1
21 183 1
21 183 1
21 183 1
21 183 1
21 183 1
21 183 1
21 183 1
21 183 1
21 183 1
21 183 1
21 183 1
21 183 1
21 183 1
21 183 1
21 183 1
21 183 1
21 183 1
21 183 1
21 183 1
21 183 1
21 183 1
21 183 1
21 183 1
21 183 1
21 183 1
21 183 1
21 183 1
21 183 1
21 183 1
21 183 1
21 183 1
21 183 1
21 183 1
21 183 1
21 183 1
21 183 1
21 183 1
21 183 1
21 183 1
21 183 1
21 183 1
21 183 1
21 183 1
21 183 1
21 183 1
21 183 1
21 183 1
21 183 1
21 183 1
21 183 1
21 183 1
21 183 1
21 183 1
21 183 1
21 183 1
21 183 1
21 183 1
21 183 1
21 183 1
21 183 1
21 183 1
21 183 1
21 183 1
21 183 1
21 183 1
21 183 1
21 183 1
21 183 1
21 183 1
21 183 1
21 183 1
21 183 1
21 183 1
21 183 1
21 183 1
21 183 1
21 183 1
21 183 1
21 183 1
21 183 1
21 183 1
21 183 1
21 183 1
21 183 1
21 183 1
21 183 1
21 183 1
21 183 1
21 183 1
21 183 1
21 183 1
21 183 1
21 183 1
21 183 1
960 1180 1
960 1180 1
960 1180 1
960 1180 1
960 1180 1
960 1180 1
960 1180 1
960 1180 1
960 1180 1
960 1180 1
960 1180 1
960 1180 1
960 1180 1
960 1180 1
960 1180 1
960 1180 1
960 1180 1
960 1180 1
960 1180 1
960 1180 1
960 1180 1
960 1180 1
960 1180 1
960 1180 1
960 1180 1
960 1180 1
960 1180 1
960 1180 1
960 1180 1
960 1180 1
960 1180 1
960 1180 1
960 1180 1
960 1180 1
960 1180 1
960 1180 1
960 1180 1
960 1180 1
960 1180 1
960 1180 1
960 1180 1
960 1180 1
960 1180 1
960 1180 1
960 1180 1
960 1180 1
960 1180 1
960 1180 1
960 1180 1
960 1180 1
960 1180 1
960 1180 1
960 1180 1
960 1180 1
960 1180 1
960 1180 1
960 1180 1
960 1180 1
960 1180 1
960 1180 1
960 1180 1
960 1180 1
960 1180 1
960 1180 1
960 1180 1
960 1180 1
960 1180 1
960 1180 1
960 1180 1
960 1180 1
960 1180 1
960 1180 1
960 1180 1
960 1180 1
960 1180 1
960 1180 1
960 1180 1
960 1180 1
960 1180 1
960 1180 1
960 1180 1
960 1180 1
960 1180 1
960 1180 1
960 1180 1
960 1180 1
960 1180 1
960 1180 1
960 1180 1
960 1180 1
960 1180 1
960 1180 1
960 1180 1
960 1180 1
960 1180 1
960 1180 1
960 1180 1
960 1180 1
960 1180 1
960 1180 1
960 1180 1
960 1180 1
960 1180 1
960 1180 1
960 1180 1
960 1180 1
960 1180 1
960 1180 1
960 1180 1
960 1180 1
960 1180 1
960 1180 1
960 1180 1
960 1180 1
960 1180 1
960 1180 1
960 1180 1
960 1180 1
960 1180 1
960 1180 1
960 1180 1
960 1180 1
960 1180 1
960 1180 1
960 1180 1
960 1180 1
960 1180 1
960 1180 1
960 1180 1
960 1180 1
960 1180 1
960 1180 1
960 1180 1
960 1180 1
960 1180 1
960 1180 1
960 1180 1
960 1180 1
960 1180 1
960 1180 1
960 1180 1
960 1180 1
960 1180 1
960 1180 1
960 1180 1
960 1180 1
960 1180 1
960 1180 1
960 1180 1
960 1180 1
960 1180 1
960 1180 1
960 1180 1
960 1180 1
960 1180 1
960 1180 1
960 1180 1
960 1180 1
960 1180 1
960 1180 1
960 1180 1
960 1180 1
960 1180 1
960 1180 1
960 1180 1
960 1180 1
960 1180 1
960 1180 1
960 1180 1
960 1180 1
960 1180 1
960 1180 1
960 1180 1
960 1180 1
960 1180 1
960 1180 1
960 1180 1
960 1180 1
960 1180 1
960 1180 1
960 1180 1
960 1180 1
960 1180 1
960 1180 1
960 1180 1
960 1180 1
960 1180 1
960 1180 1
960 1180 1
960 1180 1
960 1180 1
960 1180 1
960 1180 1
960 1180 1
960 1180 1
960 1180 1
960 1180 1
960 1180 1
960 1180 1
960 1180 1
960 1180 1
960 1180 1
960 1180 1
960 1180 1
960 1180 1
960 1180 1
960 1180 1
960 1180 1
960 1180 1
960 1180 1
960 1180 1
960 1180 1
960 1180 1
960 1180 1
960 1180 1
960 1180 1
960 1180 1
960 1180 1
960 1180 1
960 1180 1
960 1180 1
960 1180 1
960 1180 1
960 1180 1
960 1180 1
960 1180 1
960 1180 1
960 1180 1
960 1180 1
960 1180 1
960 1180 1
960 1180 1
960 1180 1
960 1180 1
960 1180 1
960 1180 1
960 1180 1
960 1180 1
960 1180 1
960 1180 1
960 1180 1
960 1180 1
960 1180 1
960 1180 1
960 1180 1
960 1180 1
960 1180 1
960 1180 1
960 1180 1
960 1180 1
960 1180 1
960 1180 1
960 1180 1
960 1180 1
960 1180 1
960 1180 1
960 1180 1
960 1180 1
960 1180 1
864 1062 1
864 1062 1
864 1062 1
864 1062 1
864 1062 1
864 1062 1
864 1062 1
864 1062 1
864 1062 1
864 1062 1
864 1062 1
864 1062 1
864 1062 1
864 1062 1
864 1062 1
864 1062 1
864 1062 1
864 1062 1
864 1062 1
864 1062 1
864 1062 1
864 1062 1
864 1062 1
864 1062 1
864 1062 1
864 1062 1
864 1062 1
864 1062 1
864 1062 1
864 1062 1
864 1062 1
864 1062 1
864 1062 1
864 1062 1
864 1062 1
864 1062 1
864 1062 1
864 1062 1
864 1062 1
864 1062 1
864 1062 1
864 1062 1
864 1062 1
864 1062 1
864 1062 1
864 1062 1
864 1062 1
864 1062 1
864 1062 1
864 1062 1
864 1062 1
864 1062 1
864 1062 1
864 1062 1
864 1062 1
864 1062 1
864 1062 1
864 1062 1
864 1062 1
864 1062 1
864 1062 1
864 1062 1
864 1062 1
864 1062 1
864 1062 1
864 1062 1
864 1062 1
864 1062 1
864 1062 1
864 1062 1
864 1062 1
864 1062 1
864 1062 1
864 1062 1
864 1062 1
864 1062 1
864 1062 1
864 1062 1
864 1062 1
864 1062 1
864 1062 1
864 1062 1
864 1062 1
864 1062 1
864 1062 1
864 1062 1
864 1062 1
864 1062 1
864 1062 1
864 1062 1
864 1062 1
864 1062 1
864 1062 1
864 1062 1
864 1062 1
864 1062 1
864 1062 1
864 1062 1
864 1062 1
864 1062 1
864 1062 1
864 1062 1
864 1062 1
864 1062 1
864 1062 1
864 1062 1
864 1062 1
864 1062 1
864 1062 1
864 1062 1
864 1062 1
864 1062 1
864 1062 1
864 1062 1
864 1062 1
864 1062 1
864 1062 1
864 1062 1
864 1062 1
864 1062 1
864 1062 1
864 1062 1
864 1062 1
864 1062 1
864 1062 1
864 1062 1
864 1062 1
864 1062 1
864 1062 1
864 1062 1
864 1062 1
864 1062 1
864 1062 1
864 1062 1
864 1062 1
864 1062 1
864 1062 1
864 1062 1
864 1062 1
864 1062 1
864 1062 1
864 1062 1
864 1062 1
864 1062 1
864 1062 1
864 1062 1
864 1062 1
864 1062 1
864 1062 1
864 1062 1
864 1062 1
864 1062 1
864 1062 1
864 1062 1
864 1062 1
864 1062 1
864 1062 1
864 1062 1
864 1062 1
864 1062 1
864 1062 1
864 1062 1
864 1062 1
864 1062 1
864 1062 1
864 1062 1
864 1062 1
864 1062 1
864 1062 1
864 1062 1
864 1062 1
864 1062 1
864 1062 1
864 1062 1
864 1062 1
864 1062 1
864 1062 1
864 1062 1
864 1062 1
864 1062 1
864 1062 1
864 1062 1
864 1062 1
864 1062 1
864 1062 1
864 1062 1
864 1062 1
864 1062 1
864 1062 1
864 1062 1
864 1062 1
864 1062 1
864 1062 1
864 1062 1
864 1062 1
864 1062 1
864 1062 1
864 1062 1
864 1062 1
864 1062 1
864 1062 1
864 1062 1
864 1062 1
864 1062 1
864 1062 1
864 1062 1
864 1062 1
864 1062 1
864 1062 1
864 1062 1
864 1062 1
864 1062 1
864 1062 1
864 1062 1
864 1062 1
864 1062 1
864 1062 1
864 1062 1
864 1062 1
864 1062 1
864 1062 1
864 1062 1
864 1062 1
864 1062 1
864 1062 1
864 1062 1
864 1062 1
864 1062 1
864 1062 1
864 1062 1
864 1062 1
864 1062 1
864 1062 1
864 1062 1
864 1062 1
864 1062 1
864 1062 1
864 1062 1
864 1062 1
864 1062 1
864 1062 1
864 1062 1
864 1062 1
864 1062 1
864 1062 1
864 1062 1
864 1062 1
864 1062 1
864 1062 1
864 1062 1
864 1062 1
864 1062 1
864 1062 1
864 1062 1
864 1062 1
864 1062 1
864 1062 1
864 1062 1
864 1062 1
864 1062 1
864 1062 1
864 1062 1
864 1062 1
864 1062 1
864 1062 1
864 1062 1
864 1062 1
864 1062 1
864 1062 1
864 1062 1
864 1062 1
864 1062 1
864 1062 1
864 1062 1
864 1062 1
864 1062 1
864 1062 1
864 1062 1
864 1062 1
864 1062 1
864 1062 1
864 1062 1
864 1062 1
864 1062 1
864 1062 1
864 1062 1
768 944 1
768 944 1
768 944 1
768 944 1
768 944 1
768 944 1
768 944 1
768 944 1
768 944 1
768 944 1
768 944 1
768 944 1
768 944 1
768 944 1
768 944 1
768 944 1
768 944 1
768 944 1
768 944 1
768 944 1
768 944 1
768 944 1
768 944 1
768 944 1
768 944 1
768 944 1
768 944 1
768 944 1
768 944 1
768 944 1
768 944 1
768 944 1
768 944 1
768 944 1
768 944 1
768 944 1
768 944 1
768 944 1
768 944 1
768 944 1
768 944 1
768 944 1
768 944 1
768 944 1
768 944 1
768 944 1
768 944 1
768 944 1
768 944 1
768 944 1
768 944 1
768 944 1
768 944 1
768 944 1
768 944 1
768 944 1
768 944 1
768 944 1
768 944 1
768 944 1
768 944 1
768 944 1
768 944 1
768 944 1
768 944 1
768 944 1
768 944 1
768 944 1
768 944 1
768 944 1
768 944 1
768 944 1
768 944 1
768 944 1
768 944 1
768 944 1
768 944 1
768 944 1
768 944 1
768 944 1
768 944 1
768 944 1
768 944 1
768 944 1
768 944 1
768 944 1
768 944 1
768 944 1
768 944 1
768 944 1
768 944 1
768 944 1
768 944 1
768 944 1
768 944 1
768 944 1
768 944 1
768 944 1
768 944 1
768 944 1
768 944 1
768 944 1
768 944 1
768 944 1
768 944 1
768 944 1
768 944 1
768 944 1
768 944 1
768 944 1
768 944 1
768 944 1
768 944 1
768 944 1
768 944 1
768 944 1
768 944 1
768 944 1
768 944 1
768 944 1
768 944 1
768 944 1
768 944 1
768 944 1
768 944 1
768 944 1
768 944 1
768 944 1
768 944 1
768 944 1
768 944 1
768 944 1
768 944 1
768 944 1
768 944 1
768 944 1
768 944 1
768 944 1
768 944 1
768 944 1
768 944 1
768 944 1
768 944 1
768 944 1
768 944 1
768 944 1
768 944 1
768 944 1
768 944 1
768 944 1
768 944 1
768 944 1
768 944 1
768 944 1
768 944 1
768 944 1
768 944 1
768 944 1
768 944 1
768 944 1
768 944 1
768 944 1
768 944 1
768 944 1
768 944 1
768 944 1
768 944 1
768 944 1
768 944 1
768 944 1
768 944 1
768 944 1
768 944 1
768 944 1
768 944 1
768 944 1
768 944 1
768 944 1
768 944 1
768 944 1
768 944 1
768 944 1
768 944 1
768 944 1
768 944 1
768 944 1
768 944 1
768 944 1
768 944 1
768 944 1
768 944 1
768 944 1
768 944 1
768 944 1
768 944 1
768 944 1
768 944 1
768 944 1
768 944 1
768 944 1
768 944 1
768 944 1
768 944 1
768 944 1
768 944 1
768 944 1
768 944 1
768 944 1
768 944 1
768 944 1
768 944 1
768 944 1
768 944 1
768 944 1
768 944 1
768 944 1
768 944 1
768 944 1
768 944 1
768 944 1
768 944 1
768 944 1
768 944 1
768 944 1
768 944 1
768 944 1
768 944 1
768 944 1
768 944 1
768 944 1
768 944 1
768 944 1
768 944 1
768 944 1
768 944 1
768 944 1
768 944 1
768 944 1
768 944 1
768 944 1
768 944 1
768 944 1
768 944 1
768 944 1
768 944 1
768 944 1
768 944 1
768 944 1
768 944 1
768 944 1
768 944 1
768 944 1
768 944 1
768 944 1
768 944 1
768 944 1
768 944 1
768 944 1
768 944 1
768 944 1
768 944 1
768 944 1
768 944 1
768 944 1
768 944 1
768 944 1
768 944 1
768 944 1
672 826 1
672 826 1
672 826 1
672 826 1
672 826 1
672 826 1
672 826 1
672 826 1
672 826 1
672 826 1
672 826 1
672 826 1
672 826 1
672 826 1
672 826 1
672 826 1
672 826 1
672 826 1
672 826 1
672 826 1
672 826 1
672 826 1
672 826 1
672 826 1
672 826 1
672 826 1
672 826 1
672 826 1
672 826 1
672 826 1
672 826 1
672 826 1
672 826 1
672 826 1
672 826 1
672 826 1
672 826 1
672 826 1
672 826 1
672 826 1
672 826 1
672 826 1
672 826 1
672 826 1
672 826 1
672 826 1
672 826 1
672 826 1
672 826 1
672 826 1
672 826 1
672 826 1
672 826 1
672 826 1
672 826 1
672 826 1
672 826 1
672 826 1
672 826 1
672 826 1
672 826 1
672 826 1
672 826 1
672 826 1
672 826 1
672 826 1
672 826 1
672 826 1
672 826 1
672 826 1
672 826 1
672 826 1
672 826 1
672 826 1
672 826 1
672 826 1
672 826 1
672 826 1
672 826 1
672 826 1
672 826 1
672 826 1
672 826 1
672 826 1
672 826 1
672 826 1
672 826 1
672 826 1
672 826 1
672 826 1
672 826 1
672 826 1
672 826 1
672 826 1
672 826 1
672 826 1
672 826 1
672 826 1
672 826 1
672 826 1
672 826 1
672 826 1
672 826 1
672 826 1
672 826 1
672 826 1
672 826 1
672 826 1
672 826 1
672 826 1
672 826 1
672 826 1
672 826 1
672 826 1
672 826 1
672 826 1
672 826 1
672 826 1
672 826 1
672 826 1
672 826 1
672 826 1
672 826 1
672 826 1
672 826 1
672 826 1
672 826 1
672 826 1
672 826 1
672 826 1
672 826 1
672 826 1
672 826 1
672 826 1
672 826 1
672 826 1
672 826 1
672 826 1
672 826 1
672 826 1
672 826 1
672 826 1
672 826 1
672 826 1
672 826 1
672 826 1
672 826 1
672 826 1
672 826 1
672 826 1
672 826 1
672 826 1
672 826 1
672 826 1
672 826 1
672 826 1
672 826 1
672 826 1
672 826 1
672 826 1
672 826 1
672 826 1
672 826 1
672 826 1
672 826 1
672 826 1
672 826 1
672 826 1
672 826 1
672 826 1
672 826 1
672 826 1
672 826 1
672 826 1
672 826 1
672 826 1
672 826 1
672 826 1
672 826 1
672 826 1
672 826 1
672 826 1
672 826 1
672 826 1
672 826 1
672 826 1
672 826 1
672 826 1
672 826 1
672 826 1
672 826 1
672 826 1
672 826 1
672 826 1
672 826 1
672 826 1
672 826 1
672 826 1
672 826 1
672 826 1
672 826 1
672 826 1
672 826 1
672 826 1
672 826 1
672 826 1
672 826 1
672 826 1
672 826 1
672 826 1
672 826 1
672 826 1
672 826 1
672 826 1
672 826 1
672 826 1
672 826 1
672 826 1
672 826 1
672 826 1
672 826 1
672 826 1
672 826 1
672 826 1
672 826 1
672 826 1
672 826 1
672 826 1
672 826 1
672 826 1
672 826 1
672 826 1
672 826 1
672 826 1
672 826 1
672 826 1
672 826 1
672 826 1
672 826 1
672 826 1
672 826 1
672 826 1
672 826 1
672 826 1
672 826 1
672 826 1
672 826 1
672 826 1
672 826 1
672 826 1
672 826 1
672 826 1
672 826 1
672 826 1
672 826 1
672 826 1
672 826 1
672 826 1
672 826 1
576 708 1
576 708 1
576 708 1
576 708 1
576 708 1
576 708 1
576 708 1
576 708 1
576 708 1
576 708 1
576 708 1
576 708 1
576 708 1
576 708 1
576 708 1
576 708 1
576 708 1
576 708 1
576 708 1
576 708 1
576 708 1
576 708 1
576 708 1
576 708 1
576 708 1
576 708 1
576 708 1
576 708 1
576 708 1
576 708 1
576 708 1
576 708 1
576 708 1
576 708 1
576 708 1
576 708 1
576 708 1
576 708 1
576 708 1
576 708 1
576 708 1
576 708 1
576 708 1
576 708 1
576 708 1
576 708 1
576 708 1
576 708 1
576 708 1
576 708 1
576 708 1
576 708 1
576 708 1
576 708 1
576 708 1
576 708 1
576 708 1
576 708 1
576 708 1
576 708 1
576 708 1
576 708 1
576 708 1
576 708 1
576 708 1
576 708 1
576 708 1
576 708 1
576 708 1
576 708 1
576 708 1
576 708 1
576 708 1
576 708 1
576 708 1
576 708 1
576 708 1
576 708 1
576 708 1
576 708 1
576 708 1
576 708 1
576 708 1
576 708 1
576 708 1
576 708 1
576 708 1
576 708 1
576 708 1
576 708 1
576 708 1
576 708 1
576 708 1
576 708 1
576 708 1
576 708 1
576 708 1
576 708 1
576 708 1
576 708 1
576 708 1
576 708 1
576 708 1
576 708 1
576 708 1
576 708 1
576 708 1
576 708 1
576 708 1
576 708 1
576 708 1
576 708 1
576 708 1
576 708 1
576 708 1
576 708 1
576 708 1
576 708 1
576 708 1
576 708 1
576 708 1
576 708 1
576 708 1
576 708 1
576 708 1
576 708 1
576 708 1
576 708 1
576 708 1
576 708 1
576 708 1
576 708 1
576 708 1
576 708 1
576 708 1
576 708 1
576 708 1
576 708 1
576 708 1
576 708 1
576 708 1
576 708 1
576 708 1
576 708 1
576 708 1
576 708 1
576 708 1
576 708 1
576 708 1
576 708 1
576 708 1
576 708 1
576 708 1
576 708 1
576 708 1
576 708 1
576 708 1
576 708 1
576 708 1
576 708 1
576 708 1
576 708 1
576 708 1
576 708 1
576 708 1
576 708 1
576 708 1
576 708 1
576 708 1
576 708 1
576 708 1
576 708 1
576 708 1
576 708 1
576 708 1
576 708 1
576 708 1
576 708 1
576 708 1
576 708 1
576 708 1
576 708 1
576 708 1
576 708 1
576 708 1
576 708 1
576 708 1
576 708 1
576 708 1
576 708 1
576 708 1
576 708 1
576 708 1
576 708 1
576 708 1
576 708 1
576 708 1
576 708 1
576 708 1
576 708 1
576 708 1
576 708 1
576 708 1
576 708 1
576 708 1
576 708 1
576 708 1
576 708 1
576 708 1
576 708 1
576 708 1
576 708 1
576 708 1
576 708 1
576 708 1
576 708 1
576 708 1
576 708 1
576 708 1
576 708 1
576 708 1
576 708 1
576 708 1
576 708 1
576 708 1
576 708 1
576 708 1
576 708 1
576 708 1
576 708 1
576 708 1
576 708 1
576 708 1
576 708 1
576 708 1
576 708 1
576 708 1
576 708 1
576 708 1
480 590 1
480 590 1
480 590 1
480 590 1
480 590 1
480 590 1
480 590 1
480 590 1
480 590 1
480 590 1
480 590 1
480 590 1
480 590 1
480 590 1
480 590 1
480 590 1
480 590 1
480 590 1
480 590 1
480 590 1
480 590 1
480 590 1
480 590 1
480 590 1
480 590 1
480 590 1
480 590 1
480 590 1
480 590 1
480 590 1
480 590 1
480 590 1
480 590 1
480 590 1
480 590 1
480 590 1
480 590 1
480 590 1
480 590 1
480 590 1
480 590 1
480 590 1
480 590 1
480 590 1
480 590 1
480 590 1
480 590 1
480 590 1
480 590 1
480 590 1
480 590 1
480 590 1
480 590 1
480 590 1
480 590 1
480 590 1
480 590 1
480 590 1
480 590 1
480 590 1
480 590 1
480 590 1
480 590 1
480 590 1
480 590 1
480 590 1
480 590 1
480 590 1
480 590 1
480 590 1
480 590 1
480 590 1
480 590 1
480 590 1
480 590 1
480 590 1
480 590 1
480 590 1
480 590 1
480 590 1
480 590 1
480 590 1
480 590 1
480 590 1
480 590 1
480 590 1
480 590 1
480 590 1
480 590 1
480 590 1
480 590 1
480 590 1
480 590 1
480 590 1
480 590 1
480 590 1
480 590 1
480 590 1
480 590 1
480 590 1
480 590 1
480 590 1
480 590 1
480 590 1
480 590 1
480 590 1
480 590 1
480 590 1
480 590 1
480 590 1
480 590 1
480 590 1
480 590 1
480 590 1
480 590 1
480 590 1
480 590 1
480 590 1
480 590 1
480 590 1
480 590 1
480 590 1
480 590 1
480 590 1
480 590 1
480 590 1
480 590 1
480 590 1
480 590 1
480 590 1
480 590 1
480 590 1
480 590 1
480 590 1
480 590 1
480 590 1
480 590 1
480 590 1
480 590 1
480 590 1
480 590 1
480 590 1
480 590 1
480 590 1
480 590 1
480 590 1
480 590 1
480 590 1
480 590 1
480 590 1
480 590 1
480 590 1
480 590 1
480 590 1
480 590 1
480 590 1
480 590 1
480 590 1
480 590 1
480 590 1
480 590 1
480 590 1
480 590 1
480 590 1
480 590 1
480 590 1
480 590 1
480 590 1
480 590 1
480 590 1
480 590 1
480 590 1
480 590 1
480 590 1
480 590 1
480 590 1
480 590 1
480 590 1
480 590 1
480 590 1
480 590 1
480 590 1
480 590 1
480 590 1
480 590 1
480 590 1
480 590 1
480 590 1
480 590 1
480 590 1
480 590 1
480 590 1
480 590 1
480 590 1
480 590 1
480 590 1
480 590 1
480 590 1
480 590 1
480 590 1
480 590 1
480 590 1
480 590 1
480 590 1
480 590 1
480 590 1
480 590 1
480 590 1
480 590 1
480 590 1
480 590 1
480 590 1
480 590 1
480 590 1
480 590 1
480 590 1
480 590 1
480 590 1
480 590 1
480 590 1
480 590 1
480 590 1
480 590 1
480 590 1
480 590 1
480 590 1
480 590 1
480 590 1
480 590 1
480 590 1
480 590 1
480 590 1
480 590 1
480 590 1
480 590 1
384 472 1
384 472 1
384 472 1
384 472 1
384 472 1
384 472 1
384 472 1
384 472 1
384 472 1
384 472 1
384 472 1
384 472 1
384 472 1
384 472 1
384 472 1
384 472 1
384 472 1
384 472 1
384 472 1
384 472 1
384 472 1
384 472 1
384 472 1
384 472 1
384 472 1
384 472 1
384 472 1
384 472 1
384 472 1
384 472 1
384 472 1
384 472 1
384 472 1
384 472 1
384 472 1
384 472 1
384 472 1
384 472 1
384 472 1
384 472 1
384 472 1
384 472 1
384 472 1
384 472 1
384 472 1
384 472 1
384 472 1
384 472 1
384 472 1
384 472 1
384 472 1
384 472 1
384 472 1
384 472 1
384 472 1
384 472 1
384 472 1
384 472 1
384 472 1
384 472 1
384 472 1
384 472 1
384 472 1
384 472 1
384 472 1
384 472 1
384 472 1
384 472 1
384 472 1
384 472 1
384 472 1
384 472 1
384 472 1
384 472 1
384 472 1
384 472 1
384 472 1
384 472 1
384 472 1
384 472 1
384 472 1
384 472 1
384 472 1
384 472 1
384 472 1
384 472 1
384 472 1
384 472 1
384 472 1
384 472 1
384 472 1
384 472 1
384 472 1
384 472 1
384 472 1
384 472 1
384 472 1
384 472 1
384 472 1
384 472 1
384 472 1
384 472 1
384 472 1
384 472 1
384 472 1
384 472 1
384 472 1
384 472 1
384 472 1
384 472 1
384 472 1
384 472 1
384 472 1
384 472 1
384 472 1
384 472 1
384 472 1
384 472 1
384 472 1
384 472 1
384 472 1
384 472 1
384 472 1
384 472 1
384 472 1
384 472 1
384 472 1
384 472 1
384 472 1
384 472 1
384 472 1
384 472 1
384 472 1
384 472 1
384 472 1
384 472 1
384 472 1
384 472 1
384 472 1
384 472 1
384 472 1
384 472 1
384 472 1
384 472 1
384 472 1
384 472 1
384 472 1
384 472 1
384 472 1
384 472 1
384 472 1
384 472 1
384 472 1
384 472 1
384 472 1
384 472 1
384 472 1
384 472 1
384 472 1
384 472 1
384 472 1
384 472 1
384 472 1
384 472 1
384 472 1
384 472 1
384 472 1
384 472 1
384 472 1
384 472 1
384 472 1
384 472 1
384 472 1
384 472 1
384 472 1
384 472 1
384 472 1
384 472 1
384 472 1
384 472 1
384 472 1
384 472 1
384 472 1
384 472 1
384 472 1
384 472 1
384 472 1
384 472 1
384 472 1
384 472 1
384 472 1
384 472 1
384 472 1
384 472 1
384 472 1
384 472 1
384 472 1
384 472 1
384 472 1
384 472 1
384 472 1
384 472 1
384 472 1
384 472 1
384 472 1
384 472 1
384 472 1
384 472 1
384 472 1
384 472 1
384 472 1
384 472 1
384 472 1
384 472 1
384 472 1
384 472 1
384 472 1
384 472 1
384 472 1
384 472 1
384 472 1
384 472 1
384 472 1
384 472 1
384 472 1
384 472 1
384 472 1
384 472 1
384 472 1
384 472 1
384 472 1
384 472 1
384 472 1
384 472 1
384 472 1
384 472 1
384 472 1
384 472 1
384 472 1
384 472 1
384 472 1
384 472 1
384 472 1
288 354 1
288 354 1
288 354 1
288 354 1
288 354 1
288 354 1
288 354 1
288 354 1
288 354 1
288 354 1
288 354 1
288 354 1
288 354 1
288 354 1
288 354 1
288 354 1
288 354 1
288 354 1
288 354 1
288 354 1
288 354 1
288 354 1
288 354 1
288 354 1
288 354 1
288 354 1
288 354 1
288 354 1
288 354 1
288 354 1
288 354 1
288 354 1
288 354 1
288 354 1
288 354 1
288 354 1
288 354 1
288 354 1
288 354 1
288 354 1
288 354 1
288 354 1
288 354 1
288 354 1
288 354 1
288 354 1
288 354 1
288 354 1
288 354 1
288 354 1
288 354 1
288 354 1
288 354 1
288 354 1
288 354 1
288 354 1
288 354 1
288 354 1
288 354 1
288 354 1
288 354 1
288 354 1
288 354 1
288 354 1
288 354 1
288 354 1
288 354 1
288 354 1
288 354 1
288 354 1
288 354 1
288 354 1
288 354 1
288 354 1
288 354 1
288 354 1
288 354 1
288 354 1
288 354 1
288 354 1
288 354 1
288 354 1
288 354 1
288 354 1
288 354 1
288 354 1
288 354 1
288 354 1
288 354 1
288 354 1
288 354 1
288 354 1
288 354 1
288 354 1
288 354 1
288 354 1
288 354 1
288 354 1
288 354 1
288 354 1
288 354 1
288 354 1
288 354 1
288 354 1
288 354 1
288 354 1
288 354 1
288 354 1
288 354 1
288 354 1
288 354 1
288 354 1
288 354 1
288 354 1
288 354 1
288 354 1
288 354 1
288 354 1
288 354 1
288 354 1
288 354 1
288 354 1
288 354 1
288 354 1
288 354 1
288 354 1
288 354 1
288 354 1
288 354 1
288 354 1
288 354 1
288 354 1
288 354 1
288 354 1
288 354 1
288 354 1
288 354 1
288 354 1
288 354 1
288 354 1
288 354 1
288 354 1
288 354 1
288 354 1
288 354 1
288 354 1
288 354 1
288 354 1
288 354 1
288 354 1
288 354 1
288 354 1
288 354 1
288 354 1
288 354 1
288 354 1
288 354 1
288 354 1
288 354 1
288 354 1
288 354 1
288 354 1
288 354 1
288 354 1
288 354 1
288 354 1
288 354 1
288 354 1
288 354 1
288 354 1
288 354 1
288 354 1
288 354 1
288 354 1
288 354 1
288 354 1
288 354 1
288 354 1
288 354 1
288 354 1
288 354 1
288 354 1
288 354 1
288 354 1
288 354 1
288 354 1
288 354 1
288 354 1
288 354 1
288 354 1
288 354 1
288 354 1
288 354 1
288 354 1
288 354 1
288 354 1
288 354 1
288 354 1
288 354 1
288 354 1
288 354 1
288 354 1
288 354 1
288 354 1
288 354 1
288 354 1
288 354 1
288 354 1
288 354 1
288 354 1
288 354 1
288 354 1
288 354 1
288 354 1
288 354 1
288 354 1
288 354 1
288 354 1
288 354 1
288 354 1
288 354 1
288 354 1
288 354 1
288 354 1
288 354 1
288 354 1
288 354 1
288 354 1
288 354 1
288 354 1
288 354 1
288 354 1
288 354 1
288 354 1
288 354 1
288 354 1
288 354 1
288 354 1
288 354 1
288 354 1
288 354 1
288 354 1
288 354 1
288 354 1
288 354 1
288 354 1
192 236 1
192 236 1
192 236 1
192 236 1
192 236 1
192 236 1
192 236 1
192 236 1
192 236 1
192 236 1
192 236 1
192 236 1
192 236 1
192 236 1
192 236 1
192 236 1
192 236 1
192 236 1
192 236 1
192 236 1
192 236 1
192 236 1
192 236 1
192 236 1
192 236 1
192 236 1
192 236 1
192 236 1
192 236 1
192 236 1
192 236 1
192 236 1
192 236 1
192 236 1
192 236 1
192 236 1
192 236 1
192 236 1
192 236 1
192 236 1
192 236 1
192 236 1
192 236 1
192 236 1
192 236 1
192 236 1
192 236 1
192 236 1
192 236 1
192 236 1
192 236 1
192 236 1
192 236 1
192 236 1
192 236 1
192 236 1
192 236 1
192 236 1
192 236 1
192 236 1
192 236 1
192 236 1
192 236 1
192 236 1
192 236 1
192 236 1
192 236 1
192 236 1
192 236 1
192 236 1
192 236 1
192 236 1
192 236 1
192 236 1
192 236 1
192 236 1
192 236 1
192 236 1
192 236 1
192 236 1
192 236 1
192 236 1
192 236 1
192 236 1
192 236 1
192 236 1
192 236 1
192 236 1
192 236 1
192 236 1
192 236 1
192 236 1
192 236 1
192 236 1
192 236 1
192 236 1
192 236 1
192 236 1
192 236 1
192 236 1
192 236 1
192 236 1
192 236 1
192 236 1
192 236 1
192 236 1
192 236 1
192 236 1
192 236 1
192 236 1
192 236 1
192 236 1
192 236 1
192 236 1
192 236 1
192 236 1
192 236 1
192 236 1
192 236 1
192 236 1
192 236 1
192 236 1
192 236 1
192 236 1
192 236 1
192 236 1
192 236 1
192 236 1
192 236 1
192 236 1
192 236 1
192 236 1
192 236 1
192 236 1
192 236 1
192 236 1
192 236 1
192 236 1
192 236 1
192 236 1
192 236 1
192 236 1
192 236 1
192 236 1
192 236 1
192 236 1
192 236 1
192 236 1
192 236 1
192 236 1
192 236 1
192 236 1
192 236 1
192 236 1
192 236 1
192 236 1
192 236 1
192 236 1
192 236 1
192 236 1
192 236 1
192 236 1
192 236 1
192 236 1
192 236 1
192 236 1
192 236 1
192 236 1
192 236 1
192 236 1
192 236 1
192 236 1
192 236 1
192 236 1
192 236 1
192 236 1
192 236 1
192 236 1
192 236 1
192 236 1
192 236 1
192 236 1
192 236 1
192 236 1
192 236 1
192 236 1
192 236 1
192 236 1
192 236 1
192 236 1
192 236 1
192 236 1
192 236 1
192 236 1
192 236 1
192 236 1
192 236 1
192 236 1
192 236 1
192 236 1
192 236 1
192 236 1
192 236 1
192 236 1
192 236 1
192 236 1
192 236 1
192 236 1
192 236 1
192 236 1
192 236 1
192 236 1
192 236 1
192 236 1
192 236 1
192 236 1
192 236 1
192 236 1
192 236 1
192 236 1
192 236 1
192 236 1
192 236 1
192 236 1
192 236 1
192 236 1
192 236 1
192 236 1
192 236 1
192 236 1
192 236 1
192 236 1
192 236 1
192 236 1
192 236 1
192 236 1
192 236 1
96 118 1
96 118 1
96 118 1
96 118 1
96 118 1
96 118 1
96 118 1
96 118 1
96 118 1
96 118 1
96 118 1
96 118 1
96 118 1
96 118 1
96 118 1
96 118 1
96 118 1
96 118 1
96 118 1
96 118 1
96 118 1
96 118 1
96 118 1
96 118 1
96 118 1
96 118 1
96 118 1
96 118 1
96 118 1
96 118 1
96 118 1
96 118 1
96 118 1
96 118 1
96 118 1
96 118 1
96 118 1
96 118 1
96 118 1
96 118 1
96 118 1
96 118 1
96 118 1
96 118 1
96 118 1
96 118 1
96 118 1
96 118 1
96 118 1
96 118 1
96 118 1
96 118 1
96 118 1
96 118 1
96 118 1
96 118 1
96 118 1
96 118 1
96 118 1
96 118 1
96 118 1
96 118 1
96 118 1
96 118 1
96 118 1
96 118 1
96 118 1
96 118 1
96 118 1
96 118 1
96 118 1
96 118 1
96 118 1
96 118 1
96 118 1
96 118 1
96 118 1
96 118 1
96 118 1
96 118 1
96 118 1
96 118 1
96 118 1
96 118 1
96 118 1
96 118 1
96 118 1
96 118 1
96 118 1
96 118 1
96 118 1
96 118 1
96 118 1
96 118 1
96 118 1
96 118 1
96 118 1
96 118 1
96 118 1
96 118 1
96 118 1
96 118 1
96 118 1
96 118 1
96 118 1
96 118 1
96 118 1
96 118 1
96 118 1
96 118 1
96 118 1
96 118 1
96 118 1
96 118 1
96 118 1
96 118 1
96 118 1
96 118 1
96 118 1
96 118 1
96 118 1
96 118 1
96 118 1
96 118 1
96 118 1
96 118 1
96 118 1
96 118 1
96 118 1
96 118 1
96 118 1
96 118 1
96 118 1
96 118 1
96 118 1
96 118 1
96 118 1
96 118 1
96 118 1
96 118 1
96 118 1
96 118 1
96 118 1
96 118 1
96 118 1
96 118 1
96 118 1
96 118 1
96 118 1
96 118 1
96 118 1
96 118 1
96 118 1
96 118 1
96 118 1
96 118 1
96 118 1
96 118 1
96 118 1
96 118 1
96 118 1
96 118 1
96 118 1
96 118 1
96 118 1
96 118 1
96 118 1
96 118 1
96 118 1
96 118 1
96 118 1
96 118 1
96 118 1
96 118 1
96 118 1
96 118 1
96 118 1
96 118 1
96 118 1
96 118 1
96 118 1
96 118 1
96 118 1
96 118 1
96 118 1
96 118 1
96 118 1
96 118 1
96 118 1
96 118 1
96 118 1
96 118 1
96 118 1
96 118 1
96 118 1
96 118 1
96 118 1
96 118 1
96 118 1
96 118 1
96 118 1
96 118 1
96 118 1
96 118 1
96 118 1
96 118 1
96 118 1
96 118 1
96 118 1
96 118 1
96 118 1
96 118 1
96 118 1
96 118 1
96 118 1
96 118 1
96 118 1
96 118 1
96 118 1
96 118 1
96 118 1
96 118 1
96 118 1
96 118 1
96 118 1
96 118 1
96 118 1
96 118 1
96 118 1
96 118 1
96 118 1
96 118 1
96 118 1
96 118 1
96 118 1
96 118 1
96 118 1
96 118 1
96 118 1
96 118 1
96 118 1
