1000 100000
240 253 0.69598
240 231 1
240 236 1
240 193 1
240 236 0.932076
240 253 1
240 257 1
240 286 1
240 257 1
240 240 1
240 224 0.809632
240 222 0.854459
240 223 0.893378
240 219 1
240 225 0.762763
240 161 1
240 309 1
240 298 1
240 238 1
240 266 1
240 300 1
240 225 0.746267
240 220 1
240 266 1
240 260 1
240 272 0.861051
240 229 1
240 254 1
240 242 0.780969
240 269 0.953573
240 183 1
240 285 0.843225
240 221 1
240 219 1
240 234 0.800341
240 288 0.817729
240 236 1
240 263 0.765794
240 285 0.71262
240 208 0.972936
240 249 0.920585
240 247 1
240 261 1
240 227 1
240 226 0.805904
240 288 0.929955
240 302 0.708695
240 216 0.947074
240 222 0.890703
240 293 1
240 237 0.765702
240 247 0.898657
240 230 0.938779
240 291 1
240 170 0.894448
240 273 0.810603
240 231 0.936808
240 258 0.909119
240 238 1
240 248 0.866379
240 245 0.729874
240 257 1
240 234 1
240 244 1
240 227 0.99204
240 235 0.734048
240 251 0.792519
240 207 0.860019
240 239 0.870468
240 247 0.574991
240 274 0.988
240 218 1
240 228 0.967611
240 217 0.749892
240 239 0.804398
240 214 0.964681
240 254 1
240 241 0.840296
240 212 0.94571
240 237 1
240 174 0.745089
240 238 0.485596
240 240 1
240 209 1
240 228 0.825982
240 255 0.910641
240 242 0.965593
240 244 0.904014
240 237 1
240 244 0.915733
240 282 0.916387
240 190 0.816939
240 222 1
240 250 1
240 334 0.897145
240 248 1
240 213 0.904834
240 212 0.880008
240 238 0.949684
240 257 0.515328
240 257 0.770639
240 215 1
240 231 1
240 270 0.833118
240 244 0.65248
240 195 1
240 194 1
240 212 0.872876
240 238 0.908098
240 246 1
240 230 1
240 218 1
240 248 1
240 240 1
240 188 1
240 233 1
240 279 0.679603
240 279 0.961458
240 192 0.860287
240 223 0.697925
240 238 0.844154
240 212 1
240 233 1
240 227 0.78229
240 246 1
240 218 0.821012
240 228 0.715884
240 245 1
240 239 1
240 206 1
240 222 1
240 249 0.725019
240 235 1
240 226 1
240 249 1
240 232 1
240 252 0.521012
240 256 0.629042
240 243 1
240 263 1
240 282 0.8676
240 196 0.943882
240 260 0.721605
240 199 0.937352
240 257 0.785034
240 223 1
240 224 0.744391
240 273 0.883025
240 240 1
240 221 0.786488
240 211 1
240 171 1
240 169 1
240 273 0.934763
240 256 0.918223
240 282 0.517733
240 237 0.928981
240 260 0.723208
240 235 1
240 285 0.821981
240 235 1
240 267 0.974897
240 204 1
240 201 0.753278
240 209 1
240 250 0.991877
240 282 0.868867
240 240 0.941575
240 270 1
240 230 1
240 261 1
240 208 0.627161
240 247 1
240 238 1
240 234 1
240 221 1
240 246 1
240 217 1
240 271 1
240 213 0.878638
240 225 1
240 212 1
240 265 0.896595
240 227 1
240 275 1
240 274 0.937596
240 259 0.936674
240 271 1
240 234 0.962116
240 254 0.981679
240 203 0.836486
240 247 1
240 183 1
240 229 0.843407
240 289 0.822953
240 278 0.930119
240 217 0.607835
240 278 0.903327
240 238 0.792393
240 306 0.850781
240 166 1
240 218 0.675853
240 275 0.93587
240 233 1
240 196 0.852589
240 253 0.823644
240 237 0.840343
240 235 0.872099
240 203 0.814405
240 271 0.913508
240 240 1
240 240 0.5969
240 288 0.901287
240 273 1
240 199 0.869581
240 272 0.814263
240 200 1
240 235 0.913431
240 241 0.857221
240 227 0.836002
240 255 0.710608
240 211 1
240 214 0.813896
240 274 1
240 261 0.719886
240 287 0.693787
240 244 1
240 266 1
240 208 1
240 318 0.757956
240 250 0.866394
240 255 1
240 229 0.968672
240 276 1
240 261 0.632971
240 263 1
240 264 0.705806
240 256 1
240 246 1
240 222 0.879713
240 274 0.777321
240 237 0.756358
240 283 0.818006
240 236 1
240 242 1
240 246 1
240 253 0.912307
240 266 0.665747
240 246 0.876065
240 223 0.877849
240 191 0.65667
240 227 0.831407
240 274 0.882652
240 256 0.917639
240 220 0.880046
240 264 1
240 190 0.808272
240 299 1
240 254 1
240 219 0.733545
240 237 0.748915
240 245 0.582775
240 248 1
240 248 0.538162
240 223 0.852584
240 220 0.74361
240 261 0.730324
240 180 0.904638
240 240 0.751037
240 260 1
240 296 0.955537
240 237 0.882792
240 232 0.728496
240 263 0.846418
240 263 0.849956
240 238 1
240 200 1
240 212 0.910056
240 227 0.921793
240 195 0.85738
240 233 1
240 263 0.864348
240 198 0.893996
240 191 0.914812
240 257 1
240 225 1
240 254 0.764703
240 203 1
240 285 1
240 244 1
240 289 0.960965
240 237 0.842019
240 207 0.761514
240 263 1
240 224 1
240 238 1
240 264 0.91454
240 245 0.850452
240 254 0.932679
240 209 0.86499
240 239 1
240 250 1
240 205 1
240 244 0.875848
240 248 1
240 240 0.82823
240 228 0.908809
240 236 0.95549
240 263 1
240 269 1
240 257 1
240 256 0.895342
240 246 1
240 235 1
240 240 1
240 209 1
240 300 0.952692
240 249 0.710196
240 227 1
240 242 0.778307
240 193 0.643264
240 187 1
240 265 0.804782
240 241 0.744746
240 262 1
240 252 1
240 293 0.744551
240 262 0.843092
240 261 0.906272
240 297 0.888695
240 271 1
240 251 0.831981
240 215 0.884987
240 261 0.713938
240 217 1
240 220 1
240 221 1
240 291 1
240 178 1
240 279 0.731955
240 187 0.771654
240 244 1
240 278 1
240 299 0.862089
240 240 1
240 210 0.669875
240 254 0.800375
240 236 0.966378
240 282 1
240 227 1
240 246 1
240 258 1
240 221 1
240 258 0.865636
240 223 1
240 249 1
240 260 1
240 245 1
240 222 0.972521
240 274 1
240 286 1
240 249 1
240 297 0.788643
240 229 1
240 277 0.782962
240 241 0.865288
240 262 1
240 255 0.854329
240 225 1
240 242 0.836186
240 220 0.811489
240 235 0.868238
240 236 1
240 248 0.78208
240 231 0.691265
240 218 1
240 220 0.969518
240 240 1
240 263 1
240 291 0.906651
240 201 0.919198
240 225 0.876392
240 254 1
240 263 1
240 239 0.815705
240 215 0.7386
240 211 1
240 228 0.949124
240 267 0.985264
240 193 1
240 229 0.920084
240 293 0.871441
240 224 1
240 292 1
240 200 0.903345
240 217 0.922703
240 246 0.661277
240 247 1
240 274 1
240 275 1
240 267 0.937942
240 184 1
240 235 1
240 214 0.748049
240 259 0.736857
240 279 1
240 246 0.834238
240 254 0.928373
240 230 0.698054
240 265 0.62791
240 236 1
240 233 0.839815
240 238 0.91764
240 264 0.949983
240 228 0.85533
240 242 1
240 262 1
240 227 0.968815
240 281 1
240 222 0.554456
240 217 0.848278
240 238 0.899224
240 265 0.910731
240 237 1
240 197 1
240 240 0.753327
240 232 1
240 180 1
240 220 1
240 155 1
240 218 0.94294
240 265 0.929294
240 213 0.830427
240 249 1
240 232 1
240 229 1
240 255 0.97052
240 185 0.791201
240 182 1
240 277 0.901508
240 235 0.797244
240 304 0.714553
240 217 1
240 228 0.825876
240 249 1
240 221 1
240 253 1
240 218 1
240 213 1
240 252 0.615694
240 213 0.524105
240 265 0.890143
240 236 1
240 246 0.930714
240 275 0.843377
240 296 1
240 242 0.825774
240 228 1
240 223 1
240 292 1
240 228 1
240 246 0.607891
240 237 0.736027
240 259 1
240 260 0.838545
240 236 0.865533
240 249 0.910128
240 237 1
240 272 1
240 261 1
240 211 1
240 183 1
240 258 0.742616
240 232 0.775753
240 241 1
240 245 1
240 241 0.861065
240 213 1
240 221 0.953624
240 196 0.867806
240 241 1
240 290 0.65417
240 239 0.899522
240 273 0.894734
240 260 0.925945
240 233 1
240 217 0.96905
240 205 0.882166
240 263 0.90587
240 298 1
240 231 1
240 209 0.577771
240 252 1
240 214 1
240 313 0.90264
240 246 0.915894
240 265 1
240 252 0.677325
240 270 0.933309
240 251 0.96795
240 253 1
240 213 0.884296
240 228 1
240 210 1
240 237 1
240 282 0.890026
240 282 0.909379
240 249 1
240 222 0.814058
240 203 0.827219
240 225 1
240 247 0.931193
240 282 0.92965
240 237 1
240 260 1
240 253 0.879498
240 211 0.911168
240 234 1
240 188 0.650206
240 224 1
240 208 0.963789
240 216 1
240 234 0.719954
240 236 1
240 261 0.985975
240 227 1
240 254 0.668808
240 201 1
240 242 1
240 212 1
240 230 0.874253
240 227 1
240 239 0.869966
240 246 1
240 250 1
240 247 1
240 247 1
240 260 0.991288
240 236 0.719015
240 255 1
240 194 0.952511
240 246 0.915289
240 248 1
240 195 1
240 307 0.893717
240 256 0.854703
240 287 1
240 224 1
240 259 0.941132
240 235 1
240 290 0.803816
240 308 1
240 259 0.901787
240 201 0.930825
240 219 0.80135
240 266 1
240 246 0.800599
240 304 0.951098
240 240 0.758646
240 211 1
240 229 0.90565
240 313 0.804235
240 264 0.869788
240 247 0.894435
240 227 0.791193
240 255 1
240 253 1
240 238 1
240 205 1
240 279 1
240 210 0.607909
240 263 1
240 248 0.958237
240 234 0.841808
240 291 1
240 241 1
240 209 1
240 208 0.938982
240 260 1
240 178 1
240 230 0.985672
240 234 0.703184
240 200 0.911038
240 274 1
240 242 0.941805
240 250 0.957453
240 241 0.885062
240 316 0.852477
240 221 1
240 269 0.644628
240 197 1
240 212 1
240 235 1
240 222 1
240 271 1
240 259 0.795048
240 263 0.661743
240 252 0.718227
240 230 1
240 250 0.947016
240 250 1
240 181 0.886855
240 237 1
240 201 0.877397
240 173 0.918261
240 191 1
240 177 1
240 207 1
240 249 1
240 228 0.703422
240 225 0.791866
240 214 1
240 195 0.946146
240 210 0.860398
240 254 1
240 228 0.658473
240 276 1
240 230 1
240 241 1
240 238 0.875419
240 217 0.876712
240 259 0.828394
240 234 0.806411
240 253 0.766319
240 255 1
240 230 1
240 262 1
240 256 0.876651
240 253 0.871133
240 237 0.837172
240 223 1
240 250 1
240 227 1
240 286 0.759625
240 301 1
240 241 0.744204
240 270 0.779071
240 248 0.635401
240 226 0.652215
240 281 0.614015
240 211 1
240 202 1
240 233 1
240 188 1
240 250 0.744332
240 233 1
240 224 1
240 246 1
240 213 0.871332
240 249 0.790678
240 164 1
240 263 1
240 236 0.786065
240 250 1
240 269 0.687875
240 249 1
240 237 0.880579
240 250 0.70299
240 213 0.949144
240 263 1
240 251 0.664471
240 245 0.769608
240 202 1
240 248 1
240 240 1
240 213 1
240 241 0.799166
240 262 0.742341
240 241 1
240 235 1
240 255 1
240 243 1
240 271 0.554971
240 223 0.600771
240 277 0.94828
240 223 0.689876
240 196 1
240 273 0.744328
240 247 0.689272
240 244 0.80811
240 272 1
240 202 1
240 256 0.947313
240 260 1
240 223 0.848006
240 306 0.939212
240 254 1
240 287 0.737477
240 229 1
240 255 1
240 259 0.751975
240 245 0.799129
240 235 1
240 258 0.731833
240 248 0.920405
240 222 0.930517
240 258 1
240 287 1
240 221 1
240 230 1
240 214 1
240 204 1
240 214 0.941506
240 217 1
240 237 1
240 218 1
240 236 1
240 279 1
240 256 1
240 248 1
240 231 1
240 236 0.822437
240 255 1
240 225 1
240 296 0.830484
240 290 1
240 235 1
240 221 0.886947
240 306 0.84067
240 268 0.529826
240 246 0.889633
240 205 0.784155
240 225 0.736677
240 248 1
240 179 0.803272
240 216 0.79138
240 245 0.87247
240 230 0.705948
240 256 1
240 254 0.867172
240 174 1
240 235 0.900893
240 219 0.796742
240 236 1
240 243 1
240 269 1
240 273 0.812801
240 259 0.737235
240 206 1
240 248 0.941985
240 235 1
240 205 1
240 228 1
240 239 1
240 214 1
240 193 1
240 263 0.853671
240 248 0.971907
240 243 1
240 294 0.762413
240 205 0.65073
240 217 1
240 212 1
240 220 0.876348
240 270 1
240 236 1
240 226 1
240 280 1
240 248 1
240 229 1
240 199 0.838538
240 220 0.897648
240 200 1
240 233 0.707351
240 273 0.788728
240 237 0.90986
240 205 1
240 261 1
240 279 0.806366
240 229 1
240 192 0.873308
240 216 0.88138
240 167 0.940859
240 275 1
240 246 0.922354
240 256 0.877834
240 247 1
240 206 0.838482
240 282 0.898788
240 228 1
240 229 1
240 288 1
240 210 1
240 249 0.856958
240 253 1
240 178 1
240 235 1
240 242 1
240 264 0.763276
240 189 0.968232
240 236 1
240 231 1
240 278 0.938049
240 194 0.723338
240 238 0.77453
240 201 1
240 193 1
240 276 0.84473
240 229 1
240 219 0.799304
240 231 0.905737
240 212 0.843404
240 234 1
240 262 1
240 233 0.856577
240 299 0.708832
240 216 1
240 218 0.921036
240 246 0.953487
240 206 1
240 216 0.886834
240 273 0.756889
240 231 0.868383
240 261 1
240 212 0.832181
240 279 1
240 190 0.669016
240 259 0.900524
240 260 1
240 199 0.737819
240 290 1
240 217 0.888427
240 271 0.718331
240 240 1
240 230 0.783774
240 239 1
240 236 0.875153
240 198 0.894118
240 240 1
240 202 1
240 267 0.883711
240 213 1
240 211 1
240 254 0.818319
240 279 0.844767
240 221 1
240 253 1
240 234 1
240 252 0.768366
240 261 1
240 213 1
240 261 0.754971
240 270 0.954425
240 228 0.551919
240 239 0.723249
240 270 0.848744
240 255 0.613718
240 246 0.703115
240 250 0.984387
240 241 1
240 231 1
240 274 0.731666
240 258 0.754617
240 255 1
240 197 0.866221
240 290 1
240 249 0.936876
240 245 0.961306
240 238 0.468567
240 198 1
240 252 0.918408
240 202 0.867892
240 214 0.661555
240 262 0.971659
240 268 0.817144
240 256 1
240 230 0.756136
240 197 0.685332
240 249 0.872637
240 225 0.774009
240 284 0.937479
240 231 1
240 207 1
240 214 0.882354
240 195 1
240 274 1
240 263 1
240 253 1
240 268 1
240 279 1
240 252 1
240 245 1
240 219 0.688669
240 223 0.896455
240 260 0.903682
240 248 0.744562
240 218 0.821319
240 246 0.601183
240 241 0.913412
240 228 1
240 215 1
240 201 0.725508
240 295 1
240 239 0.940021
240 222 1
240 217 1
240 245 0.89374
240 232 1
240 222 0.794279
240 248 1
240 257 0.765105
240 294 1
240 178 1
240 226 1
240 249 0.651204
240 242 0.865821
240 236 0.928425
240 263 1
240 245 1
240 263 1
240 247 1
240 268 0.683102
240 239 0.781935
240 244 0.973018
240 204 1
240 241 1
240 214 0.975508
240 189 1
240 258 0.911485
240 219 1
240 291 0.961728
240 252 0.958775
240 286 1
240 237 1
240 250 1
240 253 1
240 220 0.894901
240 211 0.922412
240 198 0.780111
240 244 0.816345
240 242 0.902413
240 256 0.958596
240 242 1
240 252 0.912731
240 228 0.88204
240 260 0.937518
240 221 1
240 244 1
240 241 0.802109
240 219 1
240 290 0.846039
240 270 1
240 208 1
240 254 0.96484
240 201 0.83844
240 188 0.835781
240 260 0.640664
240 242 0.935496
240 197 0.901874
240 227 1
240 270 1
240 291 1
240 226 0.948427
240 204 0.724618
240 234 0.545118
240 202 0.927017
240 238 1
240 215 1
240 221 1
240 254 0.866398
240 253 1
240 308 1
240 251 1
240 175 0.904517
240 217 0.851848
240 228 0.755045
240 232 0.97348
240 248 1
240 246 1
240 228 0.724604
240 274 0.885531
240 209 0.719366
240 239 1
240 194 0.828918
240 232 0.835157
240 276 1
240 231 1
240 213 0.897414
240 232 1
240 220 1
240 284 1
240 224 1
240 222 0.688413
240 216 1
240 242 1
240 209 0.5898
240 294 0.78358
240 177 1
240 186 0.775277
240 191 0.851142
240 300 1
240 255 1
240 210 0.721416
240 207 1
240 242 1
240 293 0.874388
240 202 1
240 235 0.889116
240 232 0.90409
240 259 1
