1000 100000
240 253 1
240 231 0.69598
240 236 1
240 193 1
240 236 1
240 253 1
240 257 0.932076
240 286 0.809632
240 257 1
240 240 1
240 224 1
240 222 1
240 223 1
240 219 1
240 225 1
240 161 1
240 309 0.854459
240 298 1
240 238 0.893378
240 266 1
240 300 1
240 225 1
240 220 1
240 266 0.762763
240 260 1
240 272 1
240 229 1
240 254 1
240 242 0.746267
240 269 1
240 183 0.861051
240 285 1
240 221 1
240 219 1
240 234 1
240 288 1
240 236 1
240 263 1
240 285 1
240 208 0.780969
240 249 1
240 247 1
240 261 1
240 227 1
240 226 1
240 288 1
240 302 1
240 216 1
240 222 1
240 293 1
240 237 1
240 247 0.953573
240 230 1
240 291 1
240 170 1
240 273 1
240 231 1
240 258 0.843225
240 238 1
240 248 0.800341
240 245 1
240 257 1
240 234 1
240 244 1
240 227 1
240 235 1
240 251 1
240 207 1
240 239 1
240 247 1
240 274 1
240 218 1
240 228 0.817729
240 217 1
240 239 1
240 214 1
240 254 1
240 241 1
240 212 1
240 237 1
240 174 0.765794
240 238 0.71262
240 240 1
240 209 1
240 228 1
240 255 1
240 242 1
240 244 1
240 237 1
240 244 0.972936
240 282 0.920585
240 190 1
240 222 1
240 250 1
240 334 1
240 248 0.805904
240 213 1
240 212 1
240 238 1
240 257 1
240 257 1
240 215 1
240 231 1
240 270 1
240 244 1
240 195 1
240 194 1
240 212 1
240 238 1
240 246 1
240 230 1
240 218 1
240 248 0.929955
240 240 0.708695
240 188 1
240 233 0.947074
240 279 1
240 279 1
240 192 1
240 223 1
240 238 1
240 212 1
240 233 0.890703
240 227 1
240 246 1
240 218 1
240 228 1
240 245 1
240 239 0.765702
240 206 0.898657
240 222 1
240 249 1
240 235 0.938779
240 226 1
240 249 1
240 232 1
240 252 1
240 256 0.894448
240 243 0.810603
240 263 1
240 282 0.936808
240 196 1
240 260 1
240 199 1
240 257 1
240 223 1
240 224 0.909119
240 273 1
240 240 1
240 221 1
240 211 1
240 171 1
240 169 1
240 273 1
240 256 1
240 282 1
240 237 0.866379
240 260 1
240 235 0.729874
240 285 1
240 235 1
240 267 1
240 204 0.99204
240 201 1
240 209 0.734048
240 250 1
240 282 1
240 240 1
240 270 1
240 230 1
240 261 1
240 208 1
240 247 1
240 238 1
240 234 1
240 221 1
240 246 1
240 217 1
240 271 1
240 213 1
240 225 1
240 212 1
240 265 1
240 227 0.792519
240 275 1
240 274 0.860019
240 259 1
240 271 1
240 234 0.870468
240 254 1
240 203 1
240 247 1
240 183 1
240 229 1
240 289 1
240 278 0.574991
240 217 1
240 278 1
240 238 1
240 306 1
240 166 1
240 218 0.988
240 275 1
240 233 0.967611
240 196 1
240 253 1
240 237 1
240 235 1
240 203 1
240 271 1
240 240 1
240 240 1
240 288 1
240 273 0.749892
240 199 1
240 272 1
240 200 1
240 235 1
240 241 1
240 227 1
240 255 1
240 211 1
240 214 1
240 274 0.804398
240 261 1
240 287 1
240 244 1
240 266 1
240 208 1
240 318 1
240 250 1
240 255 1
240 229 0.964681
240 276 1
240 261 1
240 263 0.840296
240 264 1
240 256 1
240 246 1
240 222 1
240 274 1
240 237 1
240 283 1
240 236 0.94571
240 242 1
240 246 1
240 253 1
240 266 1
240 246 1
240 223 1
240 191 0.745089
240 227 0.485596
240 274 0.825982
240 256 1
240 220 0.910641
240 264 0.965593
240 190 1
240 299 0.904014
240 254 0.915733
240 219 1
240 237 0.916387
240 245 1
240 248 1
240 248 1
240 223 1
240 220 1
240 261 1
240 180 0.816939
240 240 1
240 260 1
240 296 1
240 237 1
240 232 1
240 263 1
240 263 0.897145
240 238 0.904834
240 200 0.880008
240 212 1
240 227 1
240 195 1
240 233 1
240 263 0.949684
240 198 1
240 191 1
240 257 0.515328
240 225 0.770639
240 254 1
240 203 1
240 285 1
240 244 1
240 289 1
240 237 1
240 207 1
240 263 1
240 224 1
240 238 1
240 264 1
240 245 1
240 254 1
240 209 1
240 239 1
240 250 0.833118
240 205 0.65248
240 244 1
240 248 1
240 240 1
240 228 1
240 236 1
240 263 1
240 269 0.872876
240 257 1
240 256 1
240 246 1
240 235 0.908098
240 240 1
240 209 1
240 300 1
240 249 0.679603
240 227 1
240 242 1
240 193 1
240 187 1
240 265 1
240 241 1
240 262 1
240 252 1
240 293 1
240 262 1
240 261 0.961458
240 297 1
240 271 1
240 251 1
240 215 1
240 261 0.860287
240 217 1
240 220 1
240 221 1
240 291 1
240 178 1
240 279 1
240 187 1
240 244 1
240 278 1
240 299 1
240 240 1
240 210 1
240 254 1
240 236 1
240 282 0.697925
240 227 1
240 246 1
240 258 1
240 221 1
240 258 1
240 223 1
240 249 1
240 260 1
240 245 1
240 222 1
240 274 0.844154
240 286 0.78229
240 249 1
240 297 0.821012
240 229 0.715884
240 277 1
240 241 0.725019
240 262 1
240 255 1
240 225 1
240 242 1
240 220 1
240 235 1
240 236 1
240 248 1
240 231 1
240 218 1
240 220 0.521012
240 240 1
240 263 1
240 291 1
240 201 1
240 225 0.629042
240 254 1
240 263 1
240 239 1
240 215 1
240 211 1
240 228 1
240 267 1
240 193 1
240 229 1
240 293 1
240 224 1
240 292 1
240 200 1
240 217 1
240 246 1
240 247 0.8676
240 274 1
240 275 1
240 267 0.943882
240 184 1
240 235 1
240 214 0.721605
240 259 1
240 279 1
240 246 1
240 254 0.937352
240 230 0.785034
240 265 1
240 236 0.744391
240 233 1
240 238 0.883025
240 264 1
240 228 1
240 242 1
240 262 1
240 227 1
240 281 1
240 222 0.786488
240 217 1
240 238 0.934763
240 265 1
240 237 0.918223
240 197 1
240 240 1
240 232 1
240 180 1
240 220 1
240 155 1
240 218 1
240 265 1
240 213 1
240 249 1
240 232 1
240 229 1
240 255 1
240 185 1
240 182 1
240 277 1
240 235 1
240 304 1
240 217 1
240 228 1
240 249 1
240 221 1
240 253 1
240 218 1
240 213 1
240 252 1
240 213 1
240 265 0.517733
240 236 1
240 246 0.928981
240 275 1
240 296 1
240 242 1
240 228 1
240 223 1
240 292 0.723208
240 228 1
240 246 1
240 237 1
240 259 1
240 260 0.821981
240 236 1
240 249 1
240 237 1
240 272 1
240 261 1
240 211 1
240 183 0.974897
240 258 0.753278
240 232 1
240 241 0.991877
240 245 1
240 241 1
240 213 1
240 221 1
240 196 1
240 241 1
240 290 1
240 239 1
240 273 1
240 260 1
240 233 1
240 217 1
240 205 1
240 263 1
240 298 1
240 231 1
240 209 1
240 252 0.868867
240 214 1
240 313 0.941575
240 246 1
240 265 0.627161
240 252 0.878638
240 270 1
240 251 1
240 253 1
240 213 1
240 228 1
240 210 1
240 237 1
240 282 0.896595
240 282 1
240 249 1
240 222 0.937596
240 203 1
240 225 0.936674
240 247 1
240 282 0.962116
240 237 1
240 260 1
240 253 1
240 211 0.981679
240 234 1
240 188 1
240 224 1
240 208 1
240 216 1
240 234 1
240 236 1
240 261 1
240 227 0.836486
240 254 1
240 201 1
240 242 1
240 212 1
240 230 1
240 227 1
240 239 1
240 246 1
240 250 0.843407
240 247 1
240 247 1
240 260 1
240 236 1
240 255 1
240 194 1
240 246 1
240 248 1
240 195 1
240 307 1
240 256 1
240 287 1
240 224 1
240 259 0.822953
240 235 1
240 290 1
240 308 1
240 259 0.930119
240 201 1
240 219 1
240 266 0.607835
240 246 1
240 304 1
240 240 1
240 211 1
240 229 1
240 313 1
240 264 0.903327
240 247 1
240 227 1
240 255 1
240 253 1
240 238 1
240 205 1
240 279 1
240 210 1
240 263 1
240 248 1
240 234 1
240 291 1
240 241 0.792393
240 209 1
240 208 1
240 260 1
240 178 1
240 230 0.850781
240 234 1
240 200 1
240 274 1
240 242 1
240 250 1
240 241 1
240 316 0.675853
240 221 1
240 269 0.93587
240 197 1
240 212 1
240 235 1
240 222 1
240 271 1
240 259 1
240 263 0.852589
240 252 1
240 230 1
240 250 1
240 250 0.823644
240 181 1
240 237 1
240 201 0.840343
240 173 1
240 191 1
240 177 1
240 207 1
240 249 1
240 228 1
240 225 1
240 214 1
240 195 1
240 210 1
240 254 1
240 228 1
240 276 0.872099
240 230 0.814405
240 241 1
240 238 1
240 217 1
240 259 1
240 234 1
240 253 1
240 255 1
240 230 1
240 262 1
240 256 1
240 253 1
240 237 1
240 223 1
240 250 1
240 227 0.913508
240 286 1
240 301 0.5969
240 241 1
240 270 1
240 248 0.901287
240 226 1
240 281 0.869581
240 211 0.814263
240 202 1
240 233 1
240 188 1
240 250 1
240 233 0.913431
240 224 1
240 246 1
240 213 1
240 249 1
240 164 1
240 263 1
240 236 1
240 250 1
240 269 1
240 249 1
240 237 0.857221
240 250 0.836002
240 213 1
240 263 1
240 251 1
240 245 1
240 202 1
240 248 1
240 240 1
240 213 0.710608
240 241 1
240 262 1
240 241 1
240 235 0.813896
240 255 1
240 243 1
240 271 1
240 223 0.719886
240 277 1
240 223 1
240 196 0.693787
240 273 1
240 247 1
240 244 1
240 272 0.757956
240 202 0.866394
240 256 1
240 260 1
240 223 1
240 306 1
240 254 1
240 287 1
240 229 1
240 255 1
240 259 1
240 245 1
240 235 1
240 258 0.968672
240 248 1
240 222 1
240 258 1
240 287 1
240 221 1
240 230 1
240 214 1
240 204 0.632971
240 214 1
240 217 0.705806
240 237 0.879713
240 218 0.777321
240 236 1
240 279 1
240 256 1
240 248 0.756358
240 231 1
240 236 1
240 255 1
240 225 1
240 296 1
240 290 0.818006
240 235 1
240 221 1
240 306 0.912307
240 268 1
240 246 1
240 205 1
240 225 1
240 248 0.665747
240 179 1
240 216 1
240 245 1
240 230 1
240 256 1
240 254 0.876065
240 174 1
240 235 1
240 219 0.877849
240 236 0.65667
240 243 1
240 269 1
240 273 1
240 259 1
240 206 1
240 248 1
240 235 1
240 205 1
240 228 0.831407
240 239 1
240 214 1
240 193 1
240 263 1
240 248 1
240 243 1
240 294 1
240 205 1
240 217 1
240 212 1
240 220 1
240 270 1
240 236 1
240 226 1
240 280 0.882652
240 248 0.917639
240 229 0.880046
240 199 1
240 220 1
240 200 0.808272
240 233 1
240 273 1
240 237 1
240 205 0.733545
240 261 1
240 279 1
240 229 0.748915
240 192 0.582775
240 216 0.538162
240 167 1
240 275 1
240 246 1
240 256 1
240 247 1
240 206 1
240 282 1
240 228 1
240 229 1
240 288 1
240 210 0.852584
240 249 1
240 253 1
240 178 1
240 235 1
240 242 1
240 264 1
240 189 1
240 236 1
240 231 1
240 278 1
240 194 1
240 238 1
240 201 1
240 193 0.74361
240 276 1
240 229 1
240 219 1
240 231 1
240 212 1
240 234 1
240 262 1
240 233 1
240 299 1
240 216 1
240 218 1
240 246 1
240 206 1
240 216 1
240 273 1
240 231 1
240 261 0.730324
240 212 1
240 279 1
240 190 1
240 259 1
240 260 1
240 199 1
240 290 1
240 217 1
240 271 1
240 240 1
240 230 1
240 239 0.904638
240 236 1
240 198 1
240 240 1
240 202 1
240 267 1
240 213 1
240 211 1
240 254 1
240 279 1
240 221 1
240 253 0.751037
240 234 1
240 252 1
240 261 0.955537
240 213 1
240 261 1
240 270 1
240 228 0.882792
240 239 1
240 270 1
240 255 0.728496
240 246 0.846418
240 250 1
240 241 1
240 231 1
240 274 1
240 258 0.849956
240 255 1
240 197 1
240 290 1
240 249 1
240 245 1
240 238 1
240 198 1
240 252 1
240 202 1
240 214 1
240 262 1
240 268 0.910056
240 256 1
240 230 1
240 197 1
240 249 1
240 225 1
240 284 1
240 231 1
240 207 0.921793
240 214 0.85738
240 195 1
240 274 1
240 263 1
240 253 0.864348
240 268 1
240 279 1
240 252 1
240 245 1
240 219 0.893996
240 223 1
240 260 1
240 248 1
240 218 1
240 246 1
240 241 1
240 228 1
240 215 0.914812
240 201 1
240 295 1
240 239 1
240 222 1
240 217 1
240 245 1
240 232 1
240 222 1
240 248 1
240 257 1
240 294 1
240 178 0.764703
240 226 0.960965
240 249 0.842019
240 242 1
240 236 1
240 263 1
240 245 1
240 263 1
240 247 1
240 268 1
240 239 1
240 244 1
240 204 1
240 241 1
240 214 0.761514
240 189 1
240 258 1
240 219 0.91454
240 291 1
240 252 1
240 286 1
240 237 1
240 250 1
240 253 0.850452
240 220 1
240 211 1
240 198 0.932679
240 244 1
240 242 1
240 256 1
240 242 1
240 252 1
240 228 0.86499
240 260 1
240 221 1
240 244 1
240 241 1
240 219 1
240 290 1
240 270 0.875848
240 208 1
240 254 1
240 201 1
240 188 1
240 260 0.82823
240 242 1
240 197 1
240 227 1
240 270 1
240 291 1
240 226 1
240 204 1
240 234 1
240 202 1
240 238 1
240 215 0.908809
240 221 1
240 254 1
240 253 1
240 308 1
240 251 1
240 175 0.95549
240 217 1
240 228 1
240 232 0.895342
240 248 1
240 246 0.952692
240 228 0.710196
240 274 0.778307
240 209 1
240 239 0.643264
240 194 1
240 232 1
240 276 1
240 231 1
240 213 1
240 232 1
240 220 1
240 284 1
240 224 1
240 222 1
240 216 1
240 242 1
240 209 1
240 294 1
240 177 1
240 186 1
240 191 1
240 300 1
240 255 0.804782
240 210 1
240 207 0.744746
240 242 1
240 293 1
240 202 1
240 235 1
240 232 0.744551
240 259 1
