5000 100000
36 38 0.931982
36 35 0.887151
36 36 1
36 29 1
36 36 1
36 38 1
36 39 1
36 43 0.696054
36 39 0.714497
36 36 1
36 34 1
36 34 1
36 34 1
36 33 1
36 34 1
36 25 1
36 47 1
36 45 0.880747
36 36 1
36 40 1
36 45 1
36 34 1
36 33 1
36 40 1
36 39 1
36 41 1
36 35 1
36 39 1
36 37 1
36 41 1
36 28 0.769896
36 43 1
36 34 1
36 33 1
36 36 1
36 44 1
36 36 1
36 40 0.936453
36 43 1
36 32 1
36 38 1
36 37 1
36 40 1
36 34 1
36 34 1
36 44 1
36 46 1
36 33 1
36 34 0.96401
36 44 0.756411
36 36 1
36 37 1
36 35 1
36 44 1
36 26 1
36 41 1
36 35 1
36 39 1
36 36 1
36 38 1
36 37 1
36 39 0.832135
36 36 0.798481
36 37 1
36 34 1
36 36 1
36 38 1
36 31 1
36 36 1
36 37 1
36 42 1
36 33 1
36 35 1
36 33 1
36 36 1
36 33 1
36 38 1
36 37 1
36 32 1
36 36 1
36 27 1
36 36 0.740665
36 36 1
36 32 1
36 35 0.962365
36 39 0.770765
36 37 1
36 37 0.545376
36 36 1
36 37 1
36 43 1
36 29 1
36 34 1
36 38 1
36 51 1
36 38 1
36 32 1
36 32 1
36 36 1
36 39 1
36 39 1
36 33 1
36 35 1
36 41 0.844555
36 37 0.744408
36 30 0.814191
36 30 1
36 32 1
36 36 1
36 37 0.750966
36 35 1
36 33 1
36 38 1
36 36 1
36 29 1
36 35 1
36 42 1
36 42 1
36 29 1
36 34 1
36 36 1
36 32 1
36 35 1
36 35 0.778546
36 37 1
36 33 0.782505
36 35 1
36 37 1
36 36 1
36 31 0.914637
36 34 1
36 38 1
36 36 1
36 34 0.837948
36 38 0.676286
36 35 1
36 38 1
36 39 0.79274
36 37 1
36 40 1
36 43 1
36 30 0.925698
36 39 1
36 30 1
36 39 1
36 34 0.49649
36 34 1
36 41 1
36 36 1
36 34 1
36 32 1
36 26 1
36 26 1
36 41 1
36 39 1
36 43 1
36 36 1
36 39 0.668874
36 36 1
36 43 1
36 36 1
36 40 1
36 31 1
36 31 1
36 32 1
36 38 1
36 43 0.941217
36 36 1
36 41 1
36 35 0.823362
36 40 1
36 32 1
36 37 0.94588
36 36 1
36 36 1
36 34 1
36 37 1
36 33 0.89575
36 41 1
36 32 0.881093
36 34 1
36 32 1
36 40 1
36 34 0.800252
36 42 1
36 42 1
36 39 1
36 41 1
36 35 0.802983
36 39 1
36 31 1
36 38 0.598619
36 28 1
36 35 1
36 44 0.771765
36 42 1
36 33 1
36 42 1
36 36 1
36 46 1
36 25 1
36 33 1
36 42 1
36 35 0.846109
36 30 1
36 38 1
36 36 1
36 36 1
36 31 1
36 41 0.552706
36 36 1
36 36 1
36 44 1
36 41 1
36 30 1
36 41 1
36 30 1
36 36 1
36 37 1
36 34 1
36 39 1
36 32 1
36 32 1
36 42 1
36 40 1
36 43 1
36 37 1
36 40 1
36 32 1
36 48 0.553903
36 38 1
36 39 0.731757
36 35 1
36 42 0.771122
36 40 1
36 40 1
36 40 1
36 39 1
36 37 1
36 34 0.829446
36 42 1
36 36 1
36 43 1
36 36 0.781253
36 37 1
36 37 0.937508
36 38 0.806365
36 40 1
36 37 1
36 34 1
36 29 1
36 34 1
36 41 1
36 39 1
36 33 0.957634
36 40 0.705375
36 29 1
36 45 1
36 39 0.872617
36 33 1
36 36 1
36 37 1
36 38 1
36 38 1
36 34 1
36 33 1
36 40 0.716956
36 27 1
36 36 1
36 39 0.935793
36 45 1
36 36 1
36 35 1
36 40 1
36 40 1
36 36 0.92723
36 30 1
36 32 1
36 35 1
36 30 1
36 35 1
36 40 1
36 30 1
36 29 1
36 39 1
36 34 1
36 38 1
36 31 1
36 43 1
36 37 1
36 44 1
36 36 1
36 31 0.898147
36 40 1
36 34 1
36 36 1
36 40 1
36 37 1
36 38 0.659963
36 32 1
36 36 1
36 38 1
36 31 1
36 37 1
36 38 0.821709
36 36 1
36 35 1
36 36 1
36 40 1
36 41 1
36 39 1
36 39 1
36 37 1
36 36 1
36 36 1
36 32 1
36 45 1
36 38 1
36 34 0.886574
36 37 0.761914
36 29 0.712499
36 29 1
36 40 1
36 37 1
36 40 1
36 38 1
36 44 0.865768
36 40 1
36 40 0.78611
36 45 0.922368
36 41 1
36 38 0.868304
36 33 1
36 40 1
36 33 1
36 33 1
36 34 1
36 44 1
36 27 0.941892
36 42 1
36 29 1
36 37 1
36 42 1
36 45 1
36 36 0.795651
36 32 1
36 39 1
36 36 0.903006
36 43 1
36 34 1
36 37 1
36 39 0.789178
36 34 1
36 39 0.949351
36 34 1
36 38 1
36 39 1
36 37 0.891231
36 34 1
36 41 1
36 43 1
36 38 1
36 45 1
36 35 1
36 42 1
36 37 1
36 40 0.885886
36 39 0.832767
36 34 1
36 37 0.875146
36 33 1
36 36 1
36 36 1
36 38 0.843679
36 35 1
36 33 1
36 33 1
36 36 1
36 40 1
36 44 1
36 31 1
36 34 0.921738
36 39 1
36 40 1
36 36 1
36 33 1
36 32 1
36 35 0.916502
36 40 1
36 29 1
36 35 1
36 44 1
36 34 1
36 44 1
36 30 1
36 33 1
36 37 1
36 37 1
36 41 1
36 42 1
36 40 1
36 28 1
36 36 1
36 32 1
36 39 1
36 42 1
36 37 1
36 38 1
36 35 1
36 40 1
36 36 1
36 35 1
36 36 1
36 40 1
36 35 1
36 37 1
36 40 1
36 34 0.854907
36 43 1
36 34 1
36 33 1
36 36 1
36 40 1
36 36 0.925143
36 30 0.918588
36 36 0.916018
36 35 1
36 27 1
36 33 1
36 24 1
36 33 0.939176
36 40 1
36 32 1
36 38 1
36 35 1
36 35 1
36 39 1
36 28 1
36 28 0.446754
36 42 1
36 36 1
36 46 0.590782
36 33 1
36 35 1
36 38 1
36 34 1
36 38 1
36 33 1
36 32 1
36 38 0.765055
36 32 0.748221
36 40 1
36 36 1
36 37 1
36 42 0.949524
36 45 1
36 37 1
36 35 0.9505
36 34 1
36 44 0.973108
36 35 1
36 37 1
36 36 1
36 39 1
36 39 1
36 36 1
36 38 1
36 36 1
36 41 0.879298
36 40 1
36 32 1
36 28 0.955488
36 39 1
36 35 0.760901
36 37 1
36 37 1
36 37 1
36 32 0.818398
36 34 1
36 30 1
36 37 1
36 44 0.907078
36 36 1
36 41 1
36 39 1
36 35 1
36 33 1
36 31 0.768449
36 40 1
36 45 1
36 35 1
36 32 1
36 38 1
36 33 1
36 47 1
36 37 1
36 40 1
36 38 1
36 41 0.841032
36 38 1
36 38 1
36 32 1
36 35 1
36 32 1
36 36 1
36 43 0.97187
36 43 0.646688
36 38 1
36 34 1
36 31 1
36 34 1
36 37 1
36 43 1
36 36 1
36 39 1
36 38 0.780311
36 32 1
36 35 1
36 29 1
36 34 1
36 32 1
36 33 1
36 36 1
36 36 0.789691
36 40 1
36 34 1
36 39 1
36 31 1
36 37 0.781776
36 32 1
36 35 1
36 35 1
36 36 1
36 37 0.963257
36 38 1
36 37 1
36 37 1
36 39 1
36 36 0.827598
36 39 0.956111
36 30 1
36 37 1
36 38 1
36 30 1
36 46 1
36 39 1
36 43 1
36 34 1
36 39 1
36 36 1
36 44 1
36 47 1
36 39 0.724606
36 31 1
36 33 0.9025
36 40 1
36 37 1
36 46 1
36 36 1
36 32 1
36 35 1
36 47 1
36 40 1
36 37 1
36 34 1
36 39 1
36 38 1
36 36 1
36 31 1
36 42 1
36 32 0.767356
36 40 1
36 38 1
36 35 1
36 44 1
36 37 1
36 32 0.84798
36 32 1
36 39 1
36 27 0.628988
36 35 0.935003
36 36 1
36 30 1
36 42 1
36 37 1
36 38 1
36 37 0.860097
36 48 1
36 34 1
36 41 1
36 30 1
36 32 1
36 36 1
36 34 1
36 41 0.942034
36 39 1
36 40 0.813621
36 38 1
36 35 1
36 38 1
36 38 0.865794
36 28 1
36 36 1
36 31 1
36 26 1
36 29 0.948883
36 27 0.864159
36 31 1
36 38 1
36 35 1
36 34 0.795343
36 32 1
36 30 1
36 32 1
36 38 1
36 35 1
36 42 1
36 35 1
36 37 1
36 36 0.857185
36 33 1
36 39 1
36 36 1
36 38 1
36 39 0.907902
36 35 1
36 40 0.973586
36 39 1
36 38 1
36 36 1
36 34 1
36 38 1
36 34 1
36 43 1
36 46 1
36 37 1
36 41 1
36 38 1
36 34 0.855366
36 43 1
36 32 1
36 31 1
36 35 1
36 29 1
36 38 0.927465
36 35 1
36 34 0.916902
36 37 1
36 32 1
36 38 0.827101
36 25 0.838964
36 40 1
36 36 1
36 38 1
36 41 1
36 38 0.975619
36 36 1
36 38 1
36 32 1
36 40 1
36 38 1
36 37 0.845037
36 31 0.863528
36 38 1
36 36 1
36 32 0.767499
36 37 1
36 40 1
36 37 1
36 36 0.807368
36 39 0.885934
36 37 1
36 41 0.83018
36 34 0.884387
36 42 1
36 34 1
36 30 1
36 41 0.852035
36 37 0.872096
36 37 1
36 41 0.664174
36 31 0.89533
36 39 1
36 39 1
36 34 0.791815
36 46 1
36 39 1
36 43 1
36 35 0.880162
36 39 1
36 39 1
36 37 1
36 36 1
36 39 1
36 38 1
36 34 1
36 39 1
36 44 1
36 34 1
36 35 1
36 32 1
36 31 1
36 33 1
36 33 1
36 36 1
36 33 1
36 36 1
36 42 1
36 39 0.746756
36 38 1
36 35 1
36 36 1
36 39 1
36 34 0.966725
36 45 1
36 44 1
36 36 0.746006
36 34 1
36 46 1
36 41 0.925916
36 37 1
36 31 1
36 34 0.72715
36 38 1
36 27 1
36 33 0.893484
36 37 1
36 35 1
36 39 1
36 39 1
36 26 1
36 36 1
36 33 0.814091
36 36 0.938246
36 37 0.782582
36 41 1
36 41 0.808155
36 39 1
36 31 1
36 38 1
36 36 1
36 31 0.973799
36 35 0.963151
36 36 1
36 33 1
36 29 0.923469
36 40 1
36 38 1
36 37 1
36 44 0.889562
36 31 1
36 33 1
36 32 1
36 33 1
36 41 0.916412
36 36 1
36 34 0.98871
36 42 1
36 38 0.931873
36 35 1
36 30 1
36 33 1
36 30 1
36 35 1
36 41 0.770764
36 36 1
36 31 1
36 40 1
36 42 1
36 35 1
36 29 1
36 33 1
36 26 0.981738
36 42 1
36 37 1
36 39 1
36 37 0.97068
36 31 0.959995
36 43 1
36 35 0.788395
36 35 1
36 44 0.768078
36 32 0.960807
36 38 1
36 38 1
36 27 0.936203
36 36 1
36 37 1
36 40 1
36 29 0.695136
36 36 1
36 35 1
36 42 1
36 30 1
36 36 1
36 31 1
36 29 1
36 42 1
36 35 1
36 33 1
36 35 1
36 32 1
36 36 1
36 40 1
36 35 1
36 45 1
36 33 1
36 33 1
36 37 0.713678
36 31 1
36 33 0.609789
36 41 0.90619
36 35 0.804401
36 40 1
36 32 1
36 42 0.887159
36 29 0.800708
36 39 1
36 39 1
36 30 1
36 44 1
36 33 1
36 41 0.890117
36 36 1
36 35 1
36 36 1
36 36 0.948967
36 30 1
36 36 1
36 31 1
36 40 0.670318
36 32 1
36 32 1
36 39 0.924393
36 42 1
36 34 1
36 38 1
36 36 1
36 38 1
36 40 1
36 32 1
36 40 1
36 41 1
36 35 1
36 36 0.868223
36 41 1
36 39 1
36 37 1
36 38 0.593983
36 37 0.751747
36 35 1
36 41 1
36 39 1
36 39 1
36 30 1
36 44 1
36 38 1
36 37 0.811757
36 36 0.792284
36 30 1
36 38 1
36 31 1
36 33 1
36 40 1
36 41 1
36 39 1
36 35 1
36 30 1
36 38 1
36 34 1
36 43 0.860524
36 35 1
36 32 1
36 33 1
36 30 0.876535
36 41 1
36 40 1
36 38 1
36 41 1
36 42 1
36 38 1
36 37 0.89464
36 33 1
36 34 1
36 39 1
36 38 1
36 33 1
36 37 1
36 37 1
36 35 1
36 33 0.84064
36 31 0.897811
36 45 1
36 36 1
36 34 1
36 33 1
36 37 1
36 35 1
36 34 1
36 38 1
36 39 1
36 45 1
36 27 1
36 34 1
36 38 1
36 37 1
36 36 1
36 40 1
36 37 0.772451
36 40 1
36 37 0.876645
36 41 1
36 36 1
36 37 0.9734
36 31 0.847633
36 37 1
36 33 0.952593
36 29 1
36 39 0.839408
36 33 1
36 44 1
36 38 0.624657
36 43 0.885638
36 36 1
36 38 1
36 38 1
36 33 1
36 32 1
36 30 1
36 37 1
36 37 0.665964
36 39 0.548722
36 37 0.801728
36 38 0.924359
36 35 1
36 39 1
36 34 1
36 37 1
36 37 1
36 33 1
36 44 1
36 41 0.912067
36 32 1
36 38 1
36 31 1
36 29 1
36 39 1
36 37 1
36 30 1
36 35 1
36 41 1
36 44 0.767233
36 34 1
36 31 1
36 36 1
36 31 0.668306
36 36 1
36 33 1
36 34 1
36 39 0.821932
36 38 1
36 47 1
36 38 1
36 27 0.780686
36 33 1
36 35 0.814701
36 35 1
36 38 0.949539
36 37 1
36 35 1
36 41 1
36 32 1
36 36 1
36 30 1
36 35 1
36 42 1
36 35 1
36 32 0.823773
36 35 1
36 33 1
36 43 1
36 34 1
36 34 0.781008
36 33 1
36 37 1
36 32 1
36 45 0.826213
36 27 1
36 28 0.807031
36 29 1
36 45 1
36 39 1
36 32 1
36 31 1
36 37 1
36 44 1
36 31 1
36 36 1
36 35 1
36 39 1
36 41 0.764199
36 30 0.844516
36 33 1
36 31 1
36 34 0.793411
36 39 1
36 38 1
36 34 1
36 36 1
36 39 1
36 44 0.900774
36 36 1
36 33 0.838023
36 35 0.828328
36 35 1
36 42 1
36 43 1
36 38 1
36 38 1
36 45 1
36 38 1
36 35 1
36 39 0.881533
36 34 1
36 40 0.919166
36 42 0.807264
36 32 0.879955
36 32 0.763952
36 34 0.817568
36 30 0.828876
36 37 1
36 36 1
36 23 1
36 37 0.877703
36 39 1
36 39 0.896452
36 38 1
36 36 1
36 37 1
36 42 1
36 36 1
36 37 1
36 42 1
36 32 1
36 35 0.823868
36 29 1
36 36 1
36 38 1
36 37 1
36 37 1
36 31 1
36 39 1
36 36 1
36 49 1
36 35 1
36 49 1
36 32 1
36 39 1
36 37 0.742899
36 33 1
36 30 0.950083
36 30 0.728751
36 34 1
36 36 1
36 35 1
36 34 1
36 39 1
36 35 1
36 34 1
36 36 1
36 39 1
36 27 1
36 31 1
36 34 1
36 32 0.754996
36 32 1
36 41 1
36 35 1
36 40 0.90578
36 42 1
36 41 1
36 32 0.803843
36 28 1
36 40 1
36 32 0.906221
36 38 1
36 33 1
36 37 1
36 42 1
36 39 0.873741
36 42 1
36 35 1
36 31 1
36 27 1
36 38 1
36 31 0.777516
36 42 1
36 42 1
36 25 1
36 38 1
36 26 1
36 39 1
36 38 1
36 29 0.817679
36 30 0.918462
36 35 1
36 35 0.830443
36 37 0.646421
36 41 0.756394
36 41 0.916448
36 36 1
36 26 1
36 28 1
36 36 1
36 31 1
36 38 1
36 40 1
36 41 1
36 29 0.815883
36 35 1
36 38 1
36 33 0.900384
36 36 1
36 30 0.849473
36 35 0.733634
36 49 0.842987
36 40 1
36 39 1
36 42 1
36 30 1
36 30 1
36 37 1
36 42 0.85243
36 25 1
36 37 1
36 46 0.902748
36 39 1
36 36 1
36 40 1
36 34 1
36 42 1
36 30 1
36 39 1
36 34 1
36 30 0.906778
36 34 1
36 45 1
36 35 0.842308
36 43 1
36 44 1
36 34 1
36 41 1
36 31 1
36 36 1
36 38 0.925695
36 28 1
36 39 1
36 37 1
36 41 1
36 33 1
36 30 1
36 35 1
36 34 1
36 32 1
36 27 1
36 35 1
36 41 0.815326
36 31 1
36 33 1
36 51 1
36 34 1
36 42 1
36 37 1
36 29 1
36 30 1
36 30 1
36 28 1
36 36 1
36 39 1
36 34 1
36 37 1
36 35 0.878881
36 37 1
36 30 1
36 42 0.820134
36 34 1
36 41 0.513991
36 40 1
36 35 0.951119
36 35 1
36 34 0.941138
36 34 1
36 29 1
36 34 0.910401
36 37 1
36 47 1
36 35 1
36 39 1
36 39 1
36 28 1
36 29 1
36 53 1
36 38 1
36 39 1
36 36 1
36 45 1
36 37 1
36 39 0.823865
36 33 1
36 37 1
36 40 1
36 44 1
36 28 1
36 41 1
36 39 1
36 33 1
36 40 1
36 37 1
36 35 1
36 41 0.976213
36 37 1
36 34 1
36 41 1
36 39 1
36 37 0.891647
36 35 1
36 30 1
36 39 1
36 30 1
36 35 1
36 34 1
36 42 1
36 35 1
36 33 1
36 32 1
36 35 1
36 40 1
36 39 1
36 41 0.696113
36 33 1
36 41 0.94258
36 32 1
36 41 1
36 34 0.537893
36 46 1
36 32 1
36 37 0.915279
36 41 1
36 34 1
36 35 1
36 40 1
36 31 1
36 34 1
36 26 1
36 29 1
36 43 1
36 39 1
36 32 1
36 33 1
36 40 1
36 45 1
36 39 0.798921
36 44 1
36 37 1
36 36 0.888093
36 37 1
36 39 1
36 27 1
36 39 1
36 36 1
36 43 0.953126
36 37 1
36 37 1
36 27 1
36 41 0.856509
36 39 1
36 37 1
36 41 1
36 37 1
36 35 1
36 39 1
36 33 1
36 42 1
36 41 1
36 34 0.890298
36 34 1
36 30 1
36 34 1
36 34 1
36 32 0.924649
36 37 1
36 34 0.907627
36 41 1
36 41 1
36 32 1
36 33 1
36 31 1
36 31 1
36 41 1
36 34 1
36 27 0.868151
36 35 1
36 41 1
36 38 1
36 35 1
36 34 1
36 39 1
36 40 1
36 35 1
36 36 1
36 30 1
36 36 0.946764
36 33 1
36 34 1
36 29 1
36 45 1
36 37 1
36 37 1
36 34 1
36 39 1
36 46 1
36 40 1
36 36 1
36 31 0.883727
36 37 1
36 35 1
36 47 0.935802
36 42 1
36 44 1
36 35 1
36 32 0.945863
36 36 1
36 34 1
36 36 0.849845
36 33 1
36 33 1
36 36 1
36 36 0.68937
36 36 0.658733
36 37 1
36 35 1
36 42 1
36 34 1
36 37 1
36 39 1
36 39 1
36 30 1
36 39 1
36 34 1
36 34 1
36 39 1
36 47 1
36 30 1
36 36 1
36 35 1
36 36 0.824458
36 32 1
36 36 1
36 34 1
36 40 1
36 39 1
36 33 1
36 29 1
36 32 1
36 39 0.674144
36 40 1
36 39 0.961028
36 39 0.865392
36 41 1
36 40 1
36 43 1
36 33 1
36 45 1
36 44 1
36 45 0.714454
36 38 1
36 34 1
36 32 1
36 39 1
36 43 1
36 32 0.959325
36 39 1
36 37 1
36 37 0.799848
36 44 1
36 38 1
36 42 1
36 37 1
36 33 1
36 30 1
36 30 1
36 34 1
36 41 1
36 49 1
36 41 1
36 37 1
36 44 1
36 30 1
36 30 1
36 35 1
36 32 1
36 38 1
36 38 1
36 28 1
36 36 1
36 35 1
36 37 1
36 39 0.869285
36 36 1
36 39 1
36 34 1
36 31 0.89549
36 48 1
36 40 1
36 41 1
36 42 1
36 34 1
36 37 0.629787
36 38 1
36 30 0.8289
36 34 1
36 32 1
36 33 1
36 40 1
36 37 0.959197
36 39 1
36 37 1
36 38 0.90852
36 36 1
36 36 1
36 34 0.933596
36 39 1
36 36 1
36 45 1
36 41 1
36 37 1
36 40 1
36 46 0.677829
36 37 0.831314
36 37 0.900781
36 41 1
36 24 0.44241
36 38 0.969599
36 43 0.904111
36 37 1
36 39 1
36 35 0.950637
36 34 0.492332
36 37 1
36 35 1
36 37 0.877565
36 38 1
36 44 1
36 34 1
36 32 1
36 42 1
36 39 1
36 33 1
36 38 0.929026
36 31 0.803969
36 34 1
36 30 1
36 32 1
36 34 1
36 36 0.782446
36 41 1
36 29 1
36 33 1
36 34 1
36 39 1
36 41 1
36 28 1
36 33 1
36 36 1
36 36 1
36 40 0.932843
36 44 1
36 39 1
36 33 1
36 45 1
36 41 0.794969
36 40 1
36 47 1
36 41 0.900535
36 38 1
36 35 1
36 36 1
36 35 1
36 37 1
36 37 1
36 43 0.83232
36 38 1
36 35 0.692455
36 37 1
36 37 1
36 34 1
36 32 0.718172
36 35 1
36 38 1
36 26 1
36 35 0.822341
36 38 1
36 29 0.88678
36 43 1
36 35 1
36 38 1
36 39 0.803715
36 40 1
36 28 1
36 34 1
36 35 1
36 37 1
36 31 0.771992
36 38 0.942833
36 40 1
36 40 0.929927
36 36 1
36 48 0.877966
36 29 1
36 39 1
36 41 1
36 35 1
36 32 1
36 35 1
36 41 1
36 35 0.928876
36 31 1
36 38 1
36 38 1
36 42 0.942049
36 37 1
36 37 1
36 41 1
36 36 1
36 35 0.767374
36 36 1
36 38 0.797259
36 33 1
36 37 0.728293
36 42 0.934384
36 36 1
36 45 1
36 46 1
36 31 0.970787
36 32 0.869024
36 31 1
36 41 1
36 47 1
36 35 1
36 38 1
36 34 1
36 33 1
36 27 1
36 38 1
36 34 1
36 34 1
36 41 0.943597
36 39 1
36 41 1
36 39 0.844811
36 33 1
36 37 1
36 40 1
36 43 0.890487
36 38 1
36 36 1
36 35 1
36 35 1
36 34 0.592164
36 37 1
36 38 1
36 41 1
36 32 1
36 41 1
36 39 1
36 34 1
36 40 1
36 28 1
36 30 1
36 46 1
36 33 0.732236
36 37 1
36 34 1
36 41 1
36 38 1
36 41 1
36 40 1
36 48 1
36 32 0.857243
36 35 0.993137
36 33 0.758568
36 37 1
36 38 0.720418
36 40 1
36 37 1
36 36 1
36 26 1
36 32 1
36 37 1
36 35 0.805609
36 27 0.965064
36 36 1
36 31 1
36 37 1
36 46 1
36 34 0.815832
36 34 1
36 32 0.977952
36 35 1
36 29 1
36 41 1
36 45 1
36 37 1
36 34 1
36 38 0.935156
36 40 1
36 34 1
36 34 1
36 41 0.566661
36 38 1
36 41 1
36 38 1
36 27 1
36 28 1
36 38 1
36 35 1
36 37 1
36 43 1
36 34 1
36 37 0.964722
36 30 0.778011
36 39 1
36 35 1
36 35 1
36 39 1
36 34 1
36 39 1
36 40 1
36 37 1
36 31 1
36 34 0.986555
36 34 1
36 44 1
36 38 1
36 32 1
36 37 1
36 37 1
36 35 0.8445
36 39 1
36 44 1
36 35 1
36 35 1
36 34 0.866656
36 34 1
36 41 1
36 37 1
36 35 1
36 48 1
36 40 1
36 37 0.880133
36 39 1
36 43 1
36 37 1
36 33 1
36 26 1
36 37 1
36 41 1
36 34 0.876058
36 33 0.902344
36 41 1
36 45 1
36 40 1
36 38 0.738472
36 33 1
36 38 1
36 47 1
36 29 1
36 45 1
36 31 1
36 39 1
36 33 1
36 35 1
36 42 0.792952
36 42 1
36 33 1
36 33 0.896514
36 33 1
36 37 1
36 39 0.75995
36 29 1
36 36 1
36 40 1
36 28 1
36 36 1
36 36 1
36 41 1
36 36 1
36 36 1
36 36 1
36 45 1
36 32 1
36 37 1
36 46 0.888111
36 34 0.778226
36 40 1
36 37 1
36 37 1
36 39 1
36 40 0.896809
36 38 0.782858
36 42 1
36 31 1
36 34 1
36 30 1
36 39 1
36 45 1
36 33 1
36 36 1
36 39 1
36 35 0.898981
36 32 0.712968
36 39 1
36 30 1
36 36 1
36 29 1
36 33 0.855355
36 40 1
36 40 1
36 35 1
36 33 0.954302
36 30 1
36 36 1
36 29 0.798083
36 38 1
36 35 1
36 40 1
36 38 0.990752
36 30 1
36 40 1
36 39 1
36 38 1
36 36 0.802879
36 35 0.742207
36 42 0.702313
36 38 1
36 35 0.888417
36 41 1
36 30 1
36 35 1
36 40 0.746357
36 38 1
36 43 0.821926
36 43 0.940477
36 33 1
36 38 0.811716
36 30 1
36 26 1
36 36 1
36 40 1
36 43 1
36 26 1
36 34 1
36 40 1
36 42 1
36 37 1
36 29 1
36 33 1
36 33 1
36 37 1
36 36 1
36 34 1
36 29 1
36 38 0.925576
36 31 1
36 39 0.939276
36 34 1
36 38 1
36 32 1
36 33 1
36 43 1
36 48 0.924445
36 31 0.774508
36 40 1
36 39 1
36 40 1
36 27 1
36 36 1
36 34 0.833441
36 28 0.669842
36 35 1
36 36 1
36 30 1
36 38 1
36 44 1
36 32 1
36 40 1
36 42 1
36 33 1
36 41 1
36 38 1
36 35 1
36 38 1
36 37 1
36 35 1
36 36 1
36 38 1
36 41 1
36 35 1
36 39 1
36 36 1
36 35 0.886078
36 38 0.749128
36 34 1
36 30 0.930487
36 36 0.756261
36 45 1
36 35 1
36 36 1
36 33 1
36 36 0.87481
36 36 1
36 39 1
36 48 1
36 39 1
36 46 1
36 31 1
36 46 1
36 35 1
36 35 1
36 38 1
36 45 1
36 42 1
36 34 1
36 36 1
36 30 1
36 37 0.766263
36 40 1
36 31 1
36 38 1
36 38 1
36 34 0.684356
36 36 1
36 38 0.888591
36 36 0.884891
36 33 1
36 39 1
36 36 1
36 38 1
36 45 1
36 34 1
36 40 1
36 40 1
36 41 1
36 43 1
36 40 0.738187
36 34 1
36 36 1
36 41 1
36 32 1
36 35 1
36 40 1
36 31 0.584413
36 37 1
36 39 1
36 34 1
36 35 1
36 34 1
36 44 0.601051
36 36 1
36 39 1
36 30 1
36 30 0.936795
36 31 0.827565
36 44 0.911398
36 37 1
36 30 1
36 26 1
36 27 1
36 33 1
36 46 1
36 34 1
36 30 1
36 36 0.928351
36 38 1
36 39 1
36 38 0.889738
36 38 1
36 31 0.673991
36 26 1
36 33 0.904422
36 27 1
36 37 1
36 38 0.909846
36 35 1
36 31 1
36 36 1
36 32 1
36 33 1
36 33 1
36 33 1
36 34 1
36 30 1
36 37 1
36 36 0.594828
36 38 1
36 38 1
36 32 1
36 34 0.811376
36 43 1
36 37 0.756364
36 32 0.679954
36 34 1
36 35 1
36 32 1
36 32 1
36 34 1
36 38 1
36 42 1
36 40 1
36 31 1
36 31 1
36 37 1
36 45 1
36 38 1
36 33 1
36 40 0.808873
36 37 1
36 37 1
36 46 0.932621
36 37 1
36 35 1
36 32 0.836584
36 42 1
36 41 1
36 37 1
36 28 0.765776
36 37 1
36 37 1
36 45 0.902674
36 31 1
36 38 1
36 39 1
36 40 1
36 37 0.964723
36 37 1
36 44 1
36 38 1
36 41 1
36 32 1
36 40 1
36 28 1
36 38 0.888174
36 28 1
36 42 1
36 32 1
36 29 1
36 28 1
36 29 1
36 39 1
36 39 1
36 43 0.988902
36 41 1
36 33 1
36 32 1
36 29 1
36 35 0.824014
36 33 0.955258
36 41 1
36 36 1
36 32 1
36 41 1
36 41 1
36 36 0.871416
36 33 1
36 43 1
36 36 1
36 32 1
36 35 1
36 45 1
36 35 1
36 31 1
36 40 1
36 29 0.800157
36 36 0.886871
36 46 1
36 29 1
36 43 0.635091
36 44 0.889136
36 43 0.923068
36 30 0.824549
36 33 1
36 39 1
36 31 1
36 36 1
36 32 1
36 44 1
36 37 1
36 38 1
36 34 1
36 34 1
36 37 1
36 39 1
36 41 1
36 40 1
36 36 1
36 38 1
36 35 1
36 38 1
36 32 1
36 45 1
36 38 1
36 38 1
36 41 1
36 29 1
36 43 1
36 31 0.92148
36 40 1
36 40 1
36 38 0.774329
36 29 0.90176
36 37 1
36 37 1
36 45 1
36 34 0.806188
36 43 1
36 39 1
36 41 1
36 42 1
36 32 1
36 40 1
36 38 1
36 37 1
36 38 1
36 41 1
36 33 0.984731
36 32 1
36 38 1
36 35 1
36 24 0.926836
36 34 1
36 34 1
36 42 0.792235
36 29 0.779983
36 28 1
36 33 0.61591
36 33 1
36 31 1
36 31 0.974165
36 38 0.869851
36 38 1
36 31 1
36 33 0.778254
36 40 0.6397
36 27 1
36 39 1
36 43 1
36 32 1
36 38 1
36 45 1
36 36 1
36 32 1
36 42 0.771411
36 32 1
36 30 0.982819
36 37 0.871886
36 39 1
36 37 1
36 41 0.872551
36 43 1
36 37 0.824544
36 29 1
36 40 1
36 40 1
36 45 0.961681
36 37 1
36 42 1
36 25 1
36 45 1
36 30 0.981024
36 30 0.725004
36 32 1
36 35 1
36 34 1
36 42 1
36 39 1
36 38 0.780996
36 32 1
36 39 1
36 39 1
36 37 1
36 35 1
36 41 1
36 31 1
36 35 1
36 40 0.72525
36 31 1
36 38 1
36 35 1
36 33 1
36 39 1
36 44 1
36 36 1
36 34 1
36 39 1
36 40 1
36 32 1
36 34 0.924862
36 32 0.604093
36 44 0.781724
36 45 1
36 37 0.659665
36 39 0.825663
36 28 1
36 34 1
36 37 1
36 37 1
36 31 0.75938
36 38 1
36 34 1
36 43 1
36 39 0.85944
36 41 0.87915
36 27 0.909962
36 28 1
36 34 1
36 39 1
36 35 1
36 38 0.758281
36 30 1
36 37 1
36 39 1
36 33 1
36 35 1
36 31 1
36 33 1
36 44 1
36 38 1
36 24 0.980637
36 42 1
36 32 1
36 39 1
36 36 1
36 34 1
36 48 1
36 26 0.76398
36 38 1
36 42 1
36 26 1
36 34 0.987545
36 38 0.744331
36 41 1
36 43 1
36 35 1
36 30 1
36 37 1
36 35 0.778352
36 43 1
36 34 1
36 33 1
36 38 1
36 33 1
36 34 1
36 37 1
36 33 1
36 34 1
36 34 0.958029
36 36 1
36 38 1
36 33 1
36 40 1
36 39 1
36 33 1
36 40 1
36 28 0.917634
36 36 1
36 34 1
36 32 1
36 39 1
36 28 1
36 41 1
36 31 1
36 36 1
36 37 1
36 38 1
36 37 1
36 30 0.889795
36 33 1
36 39 1
36 35 0.934398
36 29 1
36 39 0.827298
36 36 1
36 38 1
36 35 0.825642
36 38 1
36 35 1
36 38 1
36 29 1
36 34 1
36 28 0.943075
36 30 0.822623
36 41 1
36 41 1
36 45 1
36 34 1
36 46 1
36 37 1
36 38 1
36 39 1
36 33 0.797688
36 39 1
36 38 0.874178
36 38 1
36 36 1
36 43 1
36 31 1
36 38 1
36 38 1
36 32 1
36 34 1
36 29 1
36 43 1
36 35 1
36 38 0.709238
36 41 1
36 38 1
36 40 1
36 41 1
36 36 1
36 41 1
36 32 1
36 31 1
36 39 0.84694
36 35 0.81114
36 32 1
36 35 0.814988
36 28 1
36 40 1
36 38 0.907468
36 38 1
36 38 1
36 36 1
36 37 0.892523
36 41 1
36 43 0.955814
36 32 0.940578
36 35 1
36 46 1
36 34 1
36 28 0.64256
36 33 1
36 36 0.852647
36 36 1
36 44 1
36 35 1
36 35 1
36 34 1
36 32 1
36 40 0.91258
36 38 1
36 34 1
36 38 1
36 34 0.759698
36 38 1
36 36 1
36 40 0.834516
36 28 0.831046
36 41 0.978841
36 38 1
36 32 1
36 30 1
36 31 0.835177
36 43 1
36 32 1
36 34 0.794141
36 39 1
36 32 1
36 40 0.969231
36 38 1
36 31 1
36 45 0.979621
36 37 1
36 49 1
36 34 1
36 33 1
36 35 1
36 34 1
36 38 1
36 32 1
36 42 0.691748
36 36 1
36 44 1
36 34 1
36 39 1
36 41 1
36 36 1
36 34 1
36 36 1
36 36 1
36 31 0.914234
36 30 1
36 40 1
36 35 0.879658
36 35 1
36 30 1
36 38 1
36 39 1
36 34 0.79853
36 35 1
36 32 1
36 40 1
36 37 1
36 31 0.955403
36 38 1
36 41 1
36 40 0.758183
36 37 1
36 35 0.719832
36 32 0.903343
36 41 1
36 41 1
36 31 1
36 35 0.915089
36 34 1
36 34 1
36 37 1
36 38 1
36 47 1
36 40 1
36 37 1
36 37 1
36 40 1
36 35 1
36 30 0.816821
36 33 1
36 34 1
36 34 0.884986
36 33 1
36 35 1
36 24 1
36 41 1
36 40 1
36 33 1
36 37 1
36 35 0.938102
36 39 1
36 36 1
36 40 1
36 36 0.761665
36 31 1
36 42 1
36 37 1
36 30 0.924343
36 30 1
36 40 1
36 36 1
36 44 1
36 41 1
36 34 1
36 39 1
36 41 1
36 34 1
36 38 0.679398
36 32 1
36 38 1
36 46 1
36 34 0.805981
36 38 0.954516
36 36 1
36 37 1
36 33 1
36 28 1
36 41 1
36 33 1
36 38 1
36 41 1
36 37 1
36 36 0.932561
36 40 0.968233
36 39 0.948599
36 37 1
36 32 1
36 44 0.865794
36 34 1
36 43 1
36 38 1
36 31 0.954718
36 40 1
36 46 1
36 48 1
36 38 1
36 32 0.937079
36 33 0.934921
36 34 1
36 40 1
36 37 1
36 32 1
36 32 1
36 42 1
36 34 1
36 32 0.944672
36 30 1
36 46 1
36 32 1
36 36 0.659819
36 35 0.928643
36 39 0.876313
36 40 1
36 34 1
36 39 1
36 43 1
36 33 1
36 33 1
36 35 1
36 32 1
36 38 1
36 36 0.799943
36 39 1
36 35 0.743945
36 32 1
36 34 1
36 40 1
36 35 1
36 36 1
36 33 1
36 39 1
36 45 1
36 37 1
36 37 1
36 39 0.927213
36 43 1
36 34 0.890916
36 32 1
36 40 1
36 44 1
36 41 1
36 33 1
36 37 1
36 32 0.982054
36 36 1
36 45 0.755093
36 38 0.888962
36 32 1
36 37 1
36 43 1
36 30 0.956223
36 43 1
36 31 0.767027
36 36 1
36 30 1
36 36 0.904847
36 38 1
36 32 1
36 41 1
36 36 1
36 40 1
36 34 1
36 25 1
36 42 1
36 44 1
36 27 1
36 46 1
36 36 1
36 27 1
36 34 0.64352
36 37 1
36 38 0.834444
36 31 0.703255
36 32 0.90049
36 35 1
36 42 1
36 34 1
36 37 1
36 39 1
36 34 0.983938
36 32 1
36 29 1
36 38 1
36 42 1
36 27 1
36 33 0.863971
36 33 1
36 34 1
36 36 1
36 27 0.907407
36 28 1
36 39 1
36 40 1
36 30 1
36 35 1
36 35 1
36 35 1
36 41 1
36 39 1
36 33 1
36 32 1
36 40 1
36 39 1
36 34 1
36 38 1
36 40 1
36 40 1
36 47 1
36 34 1
36 36 1
36 31 1
36 31 1
36 38 1
36 37 1
36 33 0.931086
36 36 1
36 40 1
36 36 1
36 40 0.912165
36 42 1
36 34 1
36 42 1
36 44 1
36 36 1
36 41 0.872074
36 34 1
36 37 0.542184
36 40 1
36 23 1
36 30 1
36 26 1
36 41 1
36 40 1
36 41 1
36 43 1
36 36 1
36 29 1
36 35 1
36 42 1
36 40 1
36 39 1
36 32 0.650292
36 33 1
36 42 1
36 35 1
36 30 1
36 31 1
36 31 1
36 32 1
36 36 1
36 40 1
36 32 1
36 39 1
36 48 1
36 38 1
36 36 0.840772
36 32 1
36 37 1
36 36 1
36 36 1
36 36 1
36 37 1
36 34 1
36 33 1
36 36 1
36 34 0.825753
36 36 1
36 34 0.905043
36 39 1
36 31 0.961792
36 32 1
36 30 1
36 45 1
36 28 0.859933
36 42 1
36 35 1
36 27 1
36 33 1
36 36 1
36 39 1
36 40 1
36 38 0.549269
36 36 1
36 38 1
36 32 1
36 42 1
36 37 1
36 42 1
36 41 0.9029
36 33 1
36 29 1
36 35 1
36 38 1
36 39 0.867437
36 39 1
36 41 1
36 39 0.880687
36 33 1
36 38 1
36 37 1
36 32 1
36 37 1
36 42 1
36 39 0.776748
36 37 1
36 34 1
36 27 0.930945
36 43 1
36 34 1
36 32 1
36 32 1
36 42 1
36 39 1
36 34 1
36 30 1
36 35 1
36 33 1
36 31 1
36 35 1
36 33 1
36 45 1
36 42 1
36 32 0.859218
36 34 1
36 41 0.845811
36 40 0.87795
36 42 1
36 40 1
36 33 1
36 38 1
36 29 1
36 36 1
36 43 1
36 30 1
36 30 1
36 35 1
36 31 1
36 37 1
36 30 1
36 37 1
36 38 0.861258
36 47 1
36 36 1
36 34 1
36 42 1
36 36 1
36 38 0.873901
36 42 1
36 28 1
36 24 1
36 41 1
36 38 1
36 35 0.73406
36 41 0.732145
36 25 0.761365
36 37 0.988812
36 40 1
36 31 1
36 33 1
36 32 1
36 35 1
36 33 1
36 32 1
36 37 1
36 38 1
36 36 1
36 34 1
36 25 0.663269
36 43 1
36 39 1
36 35 1
36 33 0.900113
36 39 1
36 30 0.95114
36 44 1
36 35 1
36 35 1
36 50 1
36 36 1
36 42 1
36 34 1
36 36 1
36 34 0.720756
36 45 1
36 40 1
36 37 1
36 27 1
36 34 1
36 50 0.807392
36 36 1
36 32 1
36 34 0.778007
36 39 0.831955
36 33 1
36 28 0.876424
36 42 0.837364
36 46 1
36 40 1
36 34 1
36 32 1
36 37 1
36 42 1
36 35 1
36 41 1
36 32 0.862466
36 30 1
36 38 1
36 42 1
36 33 1
36 35 1
36 40 0.968794
36 46 0.800449
36 29 1
36 38 1
36 30 1
36 35 1
36 37 1
36 40 1
36 32 1
36 33 1
36 48 1
36 35 0.798351
36 27 1
36 33 1
36 36 0.726927
36 34 0.90504
36 35 0.558477
36 33 1
36 37 1
36 43 1
36 35 1
36 30 1
36 37 0.942624
36 45 1
36 34 0.8184
36 40 1
36 40 1
36 37 1
36 37 1
36 39 1
36 36 0.892257
36 35 0.942209
36 42 1
36 34 1
36 28 0.794114
36 42 1
36 48 0.929626
36 35 1
36 36 0.947019
36 32 0.918717
36 41 1
36 35 1
36 33 1
36 36 1
36 39 1
36 37 1
36 36 1
36 42 1
36 38 1
36 48 1
36 38 1
36 42 1
36 34 1
36 36 1
36 40 0.935605
36 34 1
36 39 1
36 36 1
36 38 0.869925
36 36 0.806386
36 45 1
36 39 0.78874
36 31 1
36 32 1
36 36 0.850141
36 34 1
36 33 1
36 41 0.808245
36 36 1
36 36 0.71872
36 31 1
36 35 1
36 35 1
36 34 1
36 31 1
36 34 1
36 40 1
36 38 1
36 36 1
36 37 1
36 34 1
36 35 1
36 34 1
36 37 1
36 36 1
36 40 1
36 37 1
36 39 1
36 34 1
36 34 1
36 41 1
36 40 1
36 47 0.563607
36 28 1
36 32 1
36 41 1
36 33 1
36 47 1
36 28 1
36 42 1
36 42 1
36 38 1
36 39 1
36 35 1
36 34 1
36 40 1
36 42 1
36 38 1
36 32 1
36 42 1
36 37 1
36 35 1
36 33 1
36 39 1
36 33 0.770902
36 31 1
36 33 1
36 29 1
36 39 1
36 28 1
36 43 1
36 34 1
36 34 0.857982
36 31 1
36 36 1
36 27 0.639815
36 37 1
36 34 1
36 35 1
36 35 1
36 42 0.849452
36 43 1
36 38 1
36 29 1
36 36 0.820612
36 44 1
36 37 1
36 37 1
36 42 1
36 37 1
36 44 1
36 47 1
36 42 1
36 27 1
36 31 1
36 37 0.548185
36 31 1
36 40 1
36 41 1
36 41 1
36 38 0.996014
36 25 1
36 39 0.897001
36 37 1
36 35 1
36 29 1
36 37 1
36 41 1
36 44 1
36 36 0.631988
36 34 0.659755
36 30 1
36 36 0.803527
36 33 1
36 34 1
36 37 1
36 19 1
36 33 1
36 41 0.58327
36 27 0.932842
36 40 1
36 40 1
36 39 1
36 29 1
36 35 0.626327
36 41 1
36 42 1
36 36 1
36 36 1
36 49 0.786757
36 26 1
36 37 1
36 37 0.772201
36 39 1
36 45 1
36 34 1
36 38 1
36 32 1
36 47 1
36 34 1
36 45 0.653537
36 41 1
36 34 1
36 42 1
36 33 1
36 42 1
36 44 1
36 40 0.881104
36 36 1
36 34 1
36 41 1
36 33 1
36 33 1
36 42 0.912745
36 34 0.76465
36 39 0.77824
36 38 1
36 35 0.833044
36 39 1
36 43 1
36 30 1
36 35 1
36 37 1
36 29 0.795773
36 36 1
36 43 1
36 31 1
36 38 1
36 27 1
36 45 0.892371
36 42 0.902142
36 32 1
36 42 1
36 33 1
36 44 1
36 37 0.943936
36 38 1
36 40 0.882352
36 34 0.856359
36 34 1
36 44 0.834378
36 36 1
36 34 1
36 38 0.647915
36 40 1
36 43 1
36 36 0.974454
36 48 1
36 39 1
36 41 1
36 30 1
36 37 0.791752
36 34 1
36 40 1
36 41 1
36 37 0.783392
36 40 1
36 33 1
36 33 1
36 39 1
36 39 1
36 40 1
36 36 1
36 41 1
36 39 1
36 32 0.914003
36 35 1
36 40 1
36 36 0.918519
36 42 1
36 36 1
36 35 1
36 42 1
36 33 1
36 28 0.661687
36 39 1
36 31 0.63067
36 38 1
36 34 1
36 32 0.895311
36 43 0.910458
36 42 1
36 37 1
36 34 1
36 39 1
36 36 1
36 35 1
36 31 1
36 34 1
36 34 1
36 36 0.938819
36 40 1
36 38 1
36 39 1
36 34 1
36 40 1
36 33 1
36 29 1
36 36 1
36 39 1
36 41 1
36 38 1
36 37 1
36 36 1
36 38 1
36 39 1
36 33 1
36 33 1
36 36 1
36 34 0.879412
36 33 0.948321
36 31 1
36 32 1
36 32 1
36 35 1
36 36 1
36 35 1
36 39 1
36 36 0.841476
36 26 1
36 41 1
36 38 0.904582
36 37 1
36 33 1
36 34 1
36 39 1
36 39 0.838442
36 41 1
36 36 0.949487
36 34 1
36 38 0.673001
36 31 0.956848
36 42 1
36 41 1
36 40 1
36 35 1
36 41 1
36 31 1
36 37 1
36 28 1
36 35 1
36 37 1
36 38 0.93
36 32 1
36 44 1
36 37 0.957266
36 32 1
36 29 1
36 38 0.726018
36 33 1
36 41 1
36 38 1
36 29 1
36 41 1
36 40 1
36 34 1
36 27 1
36 34 1
36 32 1
36 36 1
36 30 1
36 34 1
36 37 0.878766
36 33 1
36 39 0.750162
36 33 1
36 31 1
36 37 1
36 30 1
36 36 1
36 31 0.872384
36 37 1
36 30 1
36 34 1
36 34 1
36 35 1
36 41 0.958889
36 40 1
36 36 1
36 41 1
36 36 1
36 37 1
36 32 0.80574
36 33 1
36 35 1
36 38 1
36 40 1
36 35 1
36 42 1
36 35 1
36 28 1
36 38 1
36 41 1
36 38 1
36 41 1
36 34 1
36 36 1
36 37 1
36 34 1
36 33 1
36 43 1
36 39 1
36 41 0.667455
36 39 1
36 37 0.929353
36 38 1
36 42 1
36 43 0.975687
36 42 1
36 30 0.931009
36 42 0.872571
36 32 1
36 38 1
36 34 0.791982
36 37 1
36 38 1
36 42 1
36 38 1
36 28 0.91949
36 37 0.924763
36 39 0.842956
36 31 1
36 39 0.924612
36 41 0.908731
36 39 1
36 31 1
36 39 1
36 36 1
36 41 1
36 37 1
36 39 0.937695
36 41 1
36 43 1
36 35 1
36 31 1
36 47 1
36 36 0.935971
36 26 0.7745
36 38 1
36 36 1
36 42 1
36 40 1
36 29 0.754979
36 34 1
36 37 1
36 42 0.972535
36 37 1
36 37 1
36 37 0.914169
36 28 0.812781
36 44 1
36 42 1
36 38 1
36 29 1
36 39 1
36 42 0.976116
36 44 1
36 34 1
36 36 1
36 35 1
36 37 0.776396
36 41 1
36 32 1
36 38 1
36 35 1
36 35 1
36 34 1
36 47 0.913758
36 36 1
36 32 1
36 33 0.957495
36 35 0.660576
36 33 1
36 36 1
36 35 1
36 34 1
36 33 1
36 27 1
36 31 0.629691
36 42 0.913976
36 43 1
36 30 1
36 43 1
36 35 1
36 38 1
36 41 1
36 32 0.753557
36 35 1
36 37 1
36 46 1
36 33 1
36 34 1
36 42 1
36 42 1
36 34 1
36 46 0.789299
36 34 1
36 32 1
36 44 1
36 45 1
36 34 1
36 33 1
36 37 1
36 39 1
36 29 1
36 35 1
36 35 0.823013
36 40 0.676754
36 35 1
36 37 1
36 33 0.759681
36 40 1
36 40 1
36 40 0.976218
36 32 1
36 42 1
36 40 0.809416
36 44 0.874864
36 36 1
36 40 1
36 41 1
36 39 1
36 36 0.920123
36 26 0.956817
36 41 1
36 34 0.885555
36 41 1
36 40 0.913842
36 37 1
36 33 1
36 41 1
36 42 1
36 34 1
36 33 1
36 33 1
36 37 1
36 38 0.921967
36 41 1
36 37 1
36 45 0.978007
36 50 1
36 32 1
36 46 1
36 38 1
36 38 1
36 29 0.885092
36 34 1
36 34 1
36 34 1
36 35 1
36 44 1
36 34 1
36 32 1
36 35 0.86275
36 39 1
36 35 0.925367
36 42 1
36 45 1
36 38 0.904273
36 40 1
36 31 1
36 40 1
36 40 0.755073
36 37 1
36 39 0.975081
36 37 0.950152
36 43 1
36 38 0.800784
36 38 1
36 41 0.879945
36 36 1
36 30 0.955901
36 35 1
36 36 1
36 32 1
36 30 1
36 36 0.984768
36 38 1
36 33 0.960018
36 40 0.978639
36 29 1
36 37 1
36 35 1
36 33 1
36 33 0.927035
36 46 1
36 46 1
36 27 0.636646
36 41 0.872106
36 40 1
36 41 1
36 36 1
36 29 1
36 37 1
36 34 1
36 33 1
36 40 1
36 34 1
36 38 1
36 38 1
36 42 1
36 39 1
36 41 1
36 44 1
36 39 0.772146
36 33 1
36 25 1
36 35 1
36 33 0.877147
36 33 1
36 34 1
36 34 1
36 34 1
36 43 1
36 39 1
36 38 1
36 43 1
36 40 1
36 37 1
36 38 1
36 32 1
36 36 1
36 38 1
36 40 1
36 40 1
36 33 1
36 44 1
36 27 0.954749
36 38 1
36 38 1
36 41 1
36 36 1
36 41 1
36 41 1
36 37 0.947448
36 34 1
36 39 1
36 33 1
36 23 1
36 33 1
36 38 1
36 32 1
36 43 0.782753
36 37 1
36 35 1
36 41 1
36 31 1
36 34 1
36 40 0.870827
36 36 0.811995
36 40 1
36 37 0.724256
36 44 1
36 36 0.840823
36 40 1
36 32 1
36 45 1
36 27 1
36 32 1
36 32 1
36 43 1
36 42 1
36 38 1
36 38 1
36 39 1
36 35 1
36 35 1
36 36 1
36 44 0.938389
36 38 1
36 28 1
36 41 1
36 36 1
36 30 1
36 38 1
36 27 1
36 35 0.882103
36 26 1
36 39 1
36 40 1
36 29 1
36 23 1
36 30 1
36 31 1
36 31 1
36 45 1
36 46 1
36 44 1
36 28 1
36 32 0.867757
36 46 1
36 33 1
36 39 1
36 42 1
36 41 0.756473
36 38 1
36 44 1
36 37 1
36 47 0.570979
36 29 1
36 37 1
36 37 1
36 36 1
36 38 1
36 34 1
36 44 1
36 41 1
36 32 1
36 34 1
36 29 0.961862
36 37 1
36 34 1
36 41 1
36 44 0.86834
36 42 1
36 37 1
36 31 0.828221
36 40 1
36 42 1
36 32 1
36 35 1
36 41 0.938004
36 41 1
36 37 1
36 41 1
36 32 1
36 36 1
36 37 1
36 33 1
36 35 1
36 42 1
36 37 1
36 37 1
36 43 1
36 42 1
36 37 0.902319
36 36 0.911845
36 32 1
36 41 1
36 35 1
36 33 1
36 38 1
36 36 1
36 43 0.930195
36 42 1
36 38 0.969998
36 44 1
36 41 1
36 36 0.469456
36 45 1
36 35 0.824535
36 39 1
36 32 0.80969
36 37 1
36 42 1
36 29 1
36 30 1
36 33 1
36 43 1
36 39 1
36 41 1
36 34 1
36 30 0.944934
36 34 1
36 31 1
36 37 1
36 39 1
36 39 0.934136
36 26 1
36 40 1
36 36 1
36 38 0.858714
36 39 1
36 36 1
36 52 1
36 30 1
36 39 1
36 34 1
36 37 1
36 46 1
36 35 1
36 38 1
36 37 0.932277
36 28 1
36 36 1
36 35 1
36 36 1
36 38 1
36 37 1
36 31 1
36 36 1
36 34 1
36 36 0.900656
36 36 0.775639
36 38 0.962969
36 38 1
36 39 1
36 36 1
36 40 1
36 38 1
36 33 1
36 39 0.814656
36 41 1
36 39 1
36 41 0.881563
36 38 1
36 32 0.827504
36 35 1
36 39 1
36 31 1
36 36 0.892133
36 43 1
36 41 1
36 45 1
36 34 1
36 34 1
36 26 1
36 36 0.900051
36 34 1
36 37 1
36 41 0.957837
36 37 1
36 40 1
36 35 1
36 32 1
36 39 0.855431
36 39 0.866884
36 30 1
36 34 1
36 40 0.758053
36 36 1
36 37 0.835008
36 39 1
36 35 0.655619
36 41 0.906635
36 40 0.764356
36 34 0.653283
36 41 1
36 39 1
36 34 1
36 32 1
36 35 1
36 32 0.875297
36 35 1
36 26 0.823525
36 33 1
36 39 0.752345
36 33 1
36 37 0.56607
36 30 1
36 34 1
36 39 0.887791
36 39 1
36 38 1
36 37 1
36 37 1
36 48 1
36 34 1
36 35 1
36 42 1
36 39 1
36 44 1
36 32 1
36 37 0.801014
36 34 1
36 37 1
36 34 1
36 38 0.661317
36 40 0.758236
36 43 0.672718
36 36 1
36 40 1
36 40 1
36 48 1
36 32 1
36 32 1
36 34 1
36 39 1
36 34 1
36 41 1
36 32 1
36 29 1
36 38 1
36 40 1
36 42 1
36 34 1
36 38 1
36 39 1
36 32 0.72736
36 37 1
36 39 1
36 30 1
36 32 1
36 34 1
36 37 1
36 37 1
36 41 0.915894
36 32 1
36 36 0.860617
36 31 1
36 36 1
36 42 1
36 33 1
36 28 1
36 38 0.760964
36 44 1
36 35 1
36 42 1
36 31 1
36 38 1
36 40 0.945855
36 30 0.717947
36 32 1
36 42 0.713622
36 37 1
36 29 1
36 28 1
36 38 1
36 38 0.798106
36 40 1
36 35 1
36 33 1
36 40 1
36 33 0.816455
36 29 0.77803
36 35 1
36 34 1
36 32 1
36 35 1
36 43 0.553305
36 41 1
36 33 1
36 41 1
36 40 1
36 36 1
36 42 1
36 39 1
36 38 0.702642
36 31 0.745432
36 35 1
36 33 1
36 45 0.563758
36 35 0.950943
36 35 1
36 38 1
36 39 1
36 35 0.949011
36 31 1
36 37 1
36 34 1
36 36 1
36 39 1
36 40 1
36 45 0.804315
36 27 1
36 34 1
36 40 1
36 29 1
36 35 0.787764
36 40 0.76366
36 35 1
36 27 0.881432
36 38 1
36 37 0.956623
36 34 1
36 43 1
36 36 0.889858
36 34 1
36 31 0.940578
36 38 1
36 37 1
36 33 1
36 36 0.866034
36 37 1
36 24 1
36 43 0.855726
36 37 1
36 39 0.711356
36 41 1
36 33 1
36 36 1
36 33 1
36 40 1
36 33 1
36 36 1
36 39 1
36 35 1
36 44 1
36 34 0.974531
36 32 1
36 37 1
36 51 1
36 35 0.803146
36 32 0.969723
36 28 0.939704
36 29 1
36 29 0.896034
36 37 1
36 36 1
36 27 0.834655
36 36 1
36 34 0.910308
36 35 0.919703
36 36 0.792313
36 30 1
36 45 1
36 37 1
36 30 1
36 38 1
36 38 1
36 31 1
36 40 1
36 37 1
36 32 1
36 33 0.852223
36 32 1
36 34 1
36 40 1
36 29 1
36 41 0.928132
36 37 1
36 42 1
36 40 1
36 41 1
36 39 1
36 28 1
36 28 0.558825
36 38 0.644998
36 33 0.887427
36 43 0.843423
36 34 1
36 35 1
36 39 1
36 41 1
36 41 1
36 45 0.880481
36 32 1
36 32 1
36 39 1
36 30 0.871936
36 35 0.93205
36 35 1
36 39 1
36 39 0.932631
36 33 1
36 40 1
36 37 1
36 30 1
36 36 1
36 37 1
36 38 1
36 44 1
36 34 1
36 36 1
36 44 1
36 40 1
36 32 0.980767
36 39 0.765493
36 28 1
36 31 0.956972
36 35 0.954745
36 37 1
36 35 1
36 39 1
36 36 1
36 33 1
36 44 0.950035
36 38 0.809675
36 36 1
36 35 1
36 28 1
36 41 1
36 33 1
36 41 1
36 39 1
36 35 1
36 29 1
36 36 1
36 34 0.810224
36 45 1
36 31 0.89401
36 38 1
36 37 0.908029
36 42 0.891689
36 41 1
36 38 0.892281
36 38 0.773615
36 36 1
36 31 1
36 42 0.761408
36 40 1
36 33 1
36 44 1
36 32 1
36 30 1
36 29 1
36 37 1
36 34 1
36 37 1
36 36 1
36 36 1
36 33 0.87365
36 36 0.766192
36 33 1
36 31 0.9728
36 40 1
36 31 1
36 30 1
36 26 1
36 39 1
36 33 1
36 42 1
36 34 1
36 35 0.970839
36 44 1
36 27 1
36 32 1
36 41 0.803125
36 34 1
36 30 0.882228
36 30 1
36 34 0.876007
36 28 1
36 31 1
36 33 1
36 29 1
36 41 1
36 30 1
36 44 0.924868
36 37 1
36 35 0.744663
36 33 0.810611
36 34 1
36 30 1
36 39 0.818237
36 32 1
36 35 1
36 37 1
36 36 1
36 37 0.916359
36 43 1
36 45 0.768703
36 44 1
36 33 1
36 34 1
36 39 1
36 34 1
36 41 1
36 35 0.93907
36 33 1
36 39 1
36 41 1
36 30 1
36 40 1
36 36 1
36 41 0.950952
36 43 1
36 39 1
36 37 1
36 36 1
36 36 1
36 35 1
36 37 0.72014
36 34 1
36 29 1
36 34 1
36 36 0.70285
36 39 1
36 40 1
36 37 1
36 33 1
36 37 1
36 37 1
36 33 0.977395
36 29 0.693569
36 36 1
36 34 0.95023
36 40 1
36 48 1
36 42 1
36 37 0.935821
36 44 1
36 35 1
36 32 1
36 43 1
36 34 1
36 33 1
36 38 1
36 36 1
36 39 1
36 39 1
36 31 1
36 33 1
36 37 1
36 30 1
36 30 1
36 38 0.951525
36 37 1
36 29 0.762194
36 36 1
36 39 1
36 32 0.7536
36 34 0.936729
36 38 1
36 36 1
36 32 1
36 33 1
36 30 1
36 36 1
36 43 1
36 31 1
36 34 1
36 36 1
36 36 1
36 35 1
36 31 1
36 43 1
36 41 1
36 42 1
36 34 1
36 35 0.872141
36 31 1
36 31 1
36 31 1
36 39 1
36 40 1
36 30 1
36 35 1
36 35 1
36 36 1
36 34 0.917465
36 36 1
36 33 0.882361
36 35 1
36 34 0.78707
36 45 0.726766
36 33 1
36 37 1
36 32 0.93252
36 31 1
36 36 1
36 38 1
36 33 0.755905
36 29 1
36 35 1
36 40 1
36 34 1
36 33 1
36 35 1
36 39 0.920502
36 36 1
36 33 1
36 38 1
36 34 0.979933
36 38 1
36 35 1
36 30 1
36 40 1
36 35 1
36 42 1
36 38 1
36 41 1
36 38 0.890679
36 33 0.814211
36 40 1
36 36 1
36 29 1
36 42 1
36 31 1
36 35 1
36 34 1
36 37 1
36 36 0.92291
36 38 1
36 31 1
36 33 1
36 38 1
36 37 0.846705
36 41 1
36 36 1
36 30 1
36 37 1
36 32 0.779211
36 42 0.926007
36 36 1
36 38 1
36 36 1
36 30 1
36 42 0.791639
36 46 0.817144
36 36 1
36 36 1
36 37 1
36 40 1
36 43 1
36 32 1
36 35 0.803715
36 42 1
36 40 0.93223
36 29 0.948149
36 47 0.90835
36 36 0.8858
36 41 1
36 32 1
36 32 1
36 33 1
36 38 1
36 36 1
36 39 1
36 38 1
36 45 1
36 39 0.922862
36 34 1
36 36 1
36 31 0.97987
36 43 1
36 40 1
36 30 1
36 23 1
36 41 1
36 38 1
36 38 1
36 34 1
36 42 1
36 39 0.803602
36 39 1
36 38 1
36 36 1
36 36 0.690888
36 39 0.925027
36 42 1
36 41 1
36 38 0.852567
36 32 0.988675
36 31 1
36 40 0.85758
36 32 1
36 38 1
36 33 0.648277
36 41 0.82522
36 33 1
36 34 1
36 39 0.673295
36 45 1
36 30 1
36 37 1
36 37 1
36 39 1
36 42 1
36 35 0.863856
36 28 1
36 37 1
36 42 0.726932
36 33 0.726569
36 40 1
36 30 1
36 40 1
36 37 1
36 34 1
36 37 0.898031
36 37 1
36 41 1
36 32 0.881126
36 44 1
36 44 1
36 40 1
36 42 1
36 32 1
36 38 0.616829
36 35 1
36 42 1
36 39 1
36 36 1
36 29 1
36 38 1
36 38 0.605649
36 35 1
36 42 0.846387
36 32 1
36 37 1
36 37 1
36 31 1
36 40 1
36 35 1
36 40 1
36 36 1
36 33 1
36 40 1
36 35 1
36 43 1
36 48 0.884979
36 41 1
36 37 1
36 47 1
36 30 1
36 40 0.940957
36 47 0.895826
36 35 1
36 37 1
36 36 1
36 39 1
36 37 1
36 35 1
36 31 0.781712
36 36 1
36 38 1
36 37 0.890151
36 37 1
36 35 1
36 43 1
36 41 1
36 40 1
36 40 1
36 39 1
36 31 1
36 35 0.50584
36 32 1
36 32 0.723309
36 31 0.713051
36 38 1
36 39 0.922537
36 29 1
36 38 1
36 36 1
36 45 1
36 32 1
36 40 1
36 42 1
36 36 0.88914
36 26 1
36 37 1
36 36 1
36 32 1
36 34 1
36 40 1
36 33 1
36 35 1
36 37 1
36 29 0.913893
36 41 1
36 37 1
36 41 0.815774
36 34 1
36 36 1
36 44 1
36 32 1
36 33 1
36 36 0.923587
36 23 1
36 46 1
36 34 1
36 33 1
36 35 1
36 34 1
36 35 1
36 33 0.811604
36 38 1
36 34 0.819864
36 35 1
36 36 1
36 29 1
36 39 1
36 45 1
36 34 1
36 41 1
36 39 1
36 38 1
36 38 1
36 40 0.686623
36 39 1
36 36 1
36 42 1
36 36 1
36 44 1
36 44 1
36 36 0.895479
36 40 1
36 33 1
36 32 1
36 31 1
36 37 1
36 42 1
36 45 1
36 36 1
36 43 1
36 40 1
36 41 1
36 35 1
36 43 1
36 41 0.992871
36 29 1
36 39 1
36 39 0.735909
36 34 1
36 45 0.949968
36 37 1
36 38 1
36 27 1
36 40 1
36 32 0.864918
36 31 1
36 38 1
36 33 1
36 36 1
36 39 1
36 33 1
36 35 0.799835
36 38 1
36 45 0.82381
36 33 1
36 34 1
36 28 1
36 35 0.884558
36 34 1
36 39 1
36 39 1
36 39 1
36 36 1
36 42 1
36 41 1
36 35 1
36 37 1
36 38 1
36 36 0.930635
36 35 1
36 37 1
36 32 0.948787
36 45 0.929722
36 34 1
36 32 1
36 34 1
36 34 1
36 43 0.949094
36 32 1
36 35 1
36 33 1
36 35 1
36 33 1
36 40 0.681661
36 41 1
36 40 1
36 33 1
36 38 1
36 34 1
36 31 0.873772
36 34 1
36 39 1
36 40 1
36 43 1
36 41 0.678392
36 40 1
36 35 0.809536
36 32 1
36 36 1
36 33 1
36 33 1
36 39 1
36 35 1
36 31 1
36 33 1
36 35 0.849982
36 37 0.867442
36 38 1
36 37 0.978135
36 44 1
36 39 1
36 43 1
36 38 0.868073
36 33 1
36 31 1
36 33 0.925097
36 35 0.832202
36 27 1
36 32 1
36 35 0.91348
36 45 1
36 40 1
36 38 1
36 33 1
36 33 0.778151
36 38 1
36 37 1
36 37 1
36 37 1
36 35 1
36 32 1
36 34 1
36 35 1
36 35 1
36 42 1
36 44 1
36 34 1
36 40 1
36 35 1
36 41 1
36 33 1
36 44 0.81344
36 39 1
36 44 1
36 38 1
36 32 1
36 45 1
36 43 1
36 33 0.700259
36 39 0.814368
36 35 1
36 38 1
36 37 1
36 43 1
36 42 1
36 34 0.928383
36 28 1
36 36 1
36 37 1
36 43 1
36 34 1
36 33 1
36 38 1
36 38 1
36 33 1
36 36 1
36 42 1
36 37 1
36 41 0.634275
36 34 1
36 34 1
36 42 1
36 30 1
36 36 1
36 31 0.838411
36 31 1
36 42 1
36 35 1
36 35 1
36 41 1
36 31 1
36 38 1
36 34 1
36 34 0.846171
36 32 1
36 34 0.990753
36 38 0.925021
36 35 0.900383
36 35 1
36 28 1
36 40 0.965543
36 40 1
36 34 1
36 40 1
36 30 0.659383
36 37 1
36 35 1
36 42 1
36 41 1
36 37 1
36 34 1
36 37 0.887397
36 39 1
36 35 1
36 38 0.594959
36 36 1
36 32 1
36 33 1
36 36 1
36 39 1
36 34 1
36 32 1
36 35 0.784565
36 27 0.857246
36 28 1
36 31 0.933745
36 36 1
36 37 0.727034
36 40 1
36 29 0.738049
36 41 1
36 40 1
36 28 1
36 37 1
36 40 0.860197
36 36 0.917644
36 28 0.907903
36 43 1
36 31 1
36 35 1
36 36 1
36 37 1
36 39 0.895618
36 31 1
36 31 1
36 41 1
36 34 1
36 34 1
36 32 1
36 41 1
36 29 1
36 32 1
36 38 1
36 38 1
36 40 0.878059
36 33 1
36 33 0.927063
36 39 1
36 38 1
36 39 0.918609
36 33 1
36 35 1
36 33 1
36 35 1
36 40 1
36 34 1
36 32 1
36 39 0.770727
36 32 1
36 42 0.922496
36 34 1
36 37 1
36 42 0.908294
36 42 1
36 36 0.832463
36 41 0.9721
36 31 1
36 34 0.821273
36 34 1
36 39 0.892979
36 37 0.980982
36 31 0.953573
36 25 0.877231
36 32 1
36 37 1
36 31 1
36 39 1
36 33 1
36 32 1
36 41 1
36 35 1
36 38 1
36 40 1
36 26 1
36 46 1
36 33 1
36 37 0.800149
36 34 1
36 34 1
36 36 0.850132
36 37 1
36 43 0.827676
36 40 1
36 38 1
36 31 1
36 29 1
36 41 1
36 31 1
36 25 0.883949
36 31 1
36 34 1
36 34 0.947089
36 37 1
36 36 1
36 38 0.741603
36 38 1
36 34 1
36 41 1
36 36 1
36 35 1
36 30 1
36 41 1
36 31 1
36 44 0.954265
36 43 1
36 39 1
36 32 1
36 44 1
36 41 1
36 34 1
36 38 0.622039
36 35 1
36 39 1
36 34 1
36 34 1
36 40 1
36 41 1
36 42 1
36 45 1
36 35 1
36 39 0.859692
36 40 1
36 35 1
36 37 0.960427
36 32 1
36 43 0.92351
36 37 1
36 35 0.985936
36 29 1
36 36 0.862319
36 45 1
36 38 1
36 32 0.867944
36 38 1
36 39 1
36 29 1
36 39 0.884838
36 42 0.818779
36 41 1
36 38 1
36 37 1
36 31 1
36 41 1
36 47 0.885376
36 29 1
36 33 1
36 37 1
36 42 0.759836
36 38 1
36 31 0.920753
36 35 1
36 34 1
36 31 1
36 46 1
36 33 1
36 37 1
36 41 1
36 34 1
36 34 1
36 38 1
36 45 1
36 33 1
36 40 1
36 37 1
36 33 1
36 37 0.657496
36 31 1
36 42 1
36 30 1
36 34 1
36 41 1
36 37 0.972817
36 35 1
36 38 1
36 39 1
36 35 1
36 40 1
36 31 1
36 32 1
36 30 0.759704
36 37 0.793585
36 36 1
36 34 1
36 37 1
36 46 0.612805
36 37 1
36 40 1
36 37 0.944926
36 30 1
36 35 1
36 31 1
36 42 0.949634
36 41 0.894692
36 42 1
36 37 1
36 39 1
36 32 1
36 33 0.937258
36 36 1
36 39 1
36 34 1
36 39 1
36 47 0.831462
36 29 0.66929
36 40 1
36 40 1
36 34 1
36 45 1
36 40 1
36 36 1
36 38 1
36 37 1
36 44 1
36 42 1
36 40 0.96233
36 29 1
36 42 1
36 36 1
36 28 1
36 37 0.673084
36 31 1
36 37 0.777745
36 33 1
36 37 1
36 35 1
36 36 1
36 40 1
36 36 1
36 35 1
36 40 1
36 42 1
36 37 1
36 32 1
36 36 1
36 37 1
36 41 0.968417
36 41 1
36 32 1
36 32 0.921372
36 35 1
36 37 1
36 43 1
36 40 1
36 34 0.894322
36 35 1
36 43 1
36 30 1
36 44 1
36 32 1
36 34 1
36 43 1
36 34 0.842685
36 35 1
36 34 1
36 40 1
36 28 1
36 32 0.928033
36 35 1
36 33 1
36 39 1
36 38 1
36 31 1
36 37 1
36 40 0.78234
36 27 1
36 40 1
36 33 1
36 39 1
36 31 1
36 30 1
36 31 0.711471
36 36 1
36 34 0.687433
36 36 1
36 42 1
36 40 1
36 31 0.693824
36 38 1
36 39 1
36 37 1
36 44 0.850577
36 39 1
36 42 1
36 40 1
36 35 0.623302
36 37 1
36 34 1
36 47 1
36 35 1
36 38 1
36 39 0.734187
36 30 1
36 33 1
36 32 1
36 41 1
36 41 1
36 39 1
36 41 1
36 40 1
36 30 0.913428
36 30 1
36 38 0.907395
36 32 1
36 34 1
36 43 1
36 33 1
36 30 1
36 41 1
36 42 1
36 38 0.828871
36 36 1
36 33 1
36 32 1
36 34 1
36 36 1
36 33 1
36 37 1
36 44 1
36 36 1
36 34 1
36 34 1
36 41 0.866611
36 32 1
36 36 1
36 39 1
36 32 1
36 39 1
36 42 1
36 41 1
36 43 1
36 35 0.916412
36 33 1
36 31 1
36 35 1
36 42 1
36 39 0.935159
36 37 1
36 40 1
36 42 1
36 41 1
36 37 1
36 38 0.776701
36 34 1
36 41 1
36 45 1
36 36 1
36 38 1
36 27 0.820897
36 43 1
36 28 0.74626
36 37 0.92413
36 36 0.700292
36 35 1
36 40 0.589046
36 36 1
36 35 1
36 35 1
36 42 1
36 36 1
36 38 1
36 36 1
36 38 1
36 28 0.932288
36 29 0.940582
36 36 1
36 40 1
36 32 0.944389
36 43 1
36 34 0.912897
36 42 1
36 29 0.834096
36 40 1
36 34 1
36 35 1
36 35 1
36 34 1
36 33 0.86369
36 43 1
36 36 1
36 31 1
36 36 1
36 40 1
36 37 1
36 40 0.957503
36 44 1
36 34 1
36 37 1
36 31 1
36 31 1
36 38 1
36 37 1
36 34 1
36 31 1
36 33 1
36 33 1
36 33 1
36 39 0.900559
36 39 0.761856
36 40 1
36 35 1
36 37 1
36 35 1
36 31 0.786537
36 34 1
36 34 0.79062
36 35 1
36 38 1
36 44 1
36 31 0.782655
36 42 1
36 38 1
36 50 1
36 31 0.846025
36 40 1
36 36 1
36 43 1
36 37 0.79561
36 37 1
36 34 0.789229
36 41 1
36 38 1
36 33 0.828139
36 37 0.947636
36 38 1
36 41 1
36 33 1
36 37 1
36 31 1
36 38 1
36 29 0.728613
36 40 1
36 37 1
36 41 0.974093
36 38 0.858688
36 31 1
36 47 0.786129
36 40 1
36 36 1
36 38 0.854889
36 38 1
36 35 1
36 26 1
36 41 1
36 33 1
36 28 1
36 37 1
36 32 0.736113
36 43 1
36 31 1
36 41 1
36 32 0.851899
36 39 0.768267
36 35 1
36 40 0.952246
36 35 1
36 37 1
36 35 1
36 30 1
36 35 0.949906
36 41 1
36 35 0.698359
36 48 1
36 33 1
36 40 1
36 38 1
36 47 1
36 30 1
36 29 1
36 41 0.756758
36 43 1
36 29 1
36 43 1
36 38 1
36 41 1
36 40 1
36 41 1
36 39 0.843794
36 36 0.583512
36 34 1
36 36 1
36 32 0.798472
36 41 1
36 29 0.824959
36 34 0.855412
36 39 1
36 42 1
36 41 1
36 35 1
36 38 0.7949
36 37 1
36 38 1
36 34 1
36 42 1
36 29 1
36 39 1
36 36 1
36 30 1
36 38 1
36 34 1
36 38 1
36 30 1
36 39 0.763305
36 33 1
36 32 1
36 26 1
36 35 1
36 27 1
36 33 1
36 28 1
36 37 1
36 42 1
36 37 0.835666
36 36 1
36 25 0.834114
36 30 1
36 39 1
36 40 1
36 34 1
36 25 1
36 39 1
36 43 1
36 37 1
36 45 0.922866
36 44 1
36 25 0.450303
36 31 1
36 35 1
36 28 1
36 42 1
36 42 0.757299
36 40 1
36 33 1
36 36 1
36 35 0.952787
36 35 1
36 34 0.825476
36 30 0.910896
36 36 1
36 34 0.898739
36 37 1
36 47 1
36 42 1
36 30 0.991462
36 44 1
36 31 1
36 37 0.894847
36 38 1
36 33 0.616431
36 35 1
36 31 0.948878
36 43 1
36 39 0.917613
36 40 0.83071
36 32 0.722055
36 36 1
36 43 1
36 35 1
36 40 0.884296
36 38 1
36 34 1
36 36 1
36 34 1
36 31 1
36 46 1
36 31 1
36 34 1
36 36 1
36 46 1
36 36 1
36 36 0.714107
36 31 1
36 38 1
36 36 1
36 42 0.629821
36 40 1
36 42 1
36 33 1
36 28 0.629759
36 35 1
36 42 1
36 38 1
36 26 1
36 35 1
36 27 1
36 41 1
36 37 1
36 27 1
36 34 1
36 34 1
36 35 0.837534
36 39 0.957818
36 28 1
36 38 1
36 27 1
36 37 1
36 42 1
36 31 0.913341
36 36 1
36 34 0.934433
36 39 1
36 32 1
36 40 1
36 34 1
36 37 1
36 29 1
36 31 1
36 30 1
36 44 1
36 35 1
36 43 1
36 38 1
36 43 1
36 34 1
36 45 1
36 30 1
36 44 1
36 45 1
36 40 1
36 36 1
36 29 1
36 43 1
36 35 1
36 37 0.835105
36 44 0.644337
36 33 1
36 26 1
36 44 1
36 39 1
36 30 1
36 35 1
36 30 1
36 41 1
36 30 0.892848
36 34 0.949582
36 45 1
36 33 1
36 41 0.919726
36 41 1
36 38 0.788939
36 32 0.835128
