5000 100000
48 51 1
48 47 1
48 48 1
48 39 1
48 48 1
48 51 1
48 52 1
48 58 1
48 52 1
48 48 1
48 45 1
48 45 1
48 45 1
48 44 1
48 45 1
48 33 1
48 62 1
48 60 1
48 48 1
48 54 1
48 60 1
48 45 1
48 44 1
48 54 1
48 52 1
48 55 1
48 46 1
48 51 1
48 49 1
48 54 1
48 37 1
48 57 1
48 45 1
48 44 1
48 47 1
48 58 1
48 48 1
48 53 1
48 57 1
48 42 1
48 50 1
48 50 1
48 53 1
48 46 1
48 46 1
48 58 1
48 61 1
48 44 1
48 45 1
48 59 1
48 48 1
48 50 1
48 46 1
48 59 1
48 34 0.931982
48 55 1
48 47 1
48 52 1
48 48 1
48 50 0.887151
48 49 1
48 52 1
48 47 1
48 49 1
48 46 1
48 47 1
48 51 1
48 42 1
48 48 1
48 50 1
48 55 1
48 44 0.696054
48 46 1
48 44 1
48 48 1
48 43 1
48 51 1
48 49 1
48 43 1
48 48 1
48 35 1
48 48 1
48 48 1
48 42 1
48 46 1
48 51 0.714497
48 49 1
48 49 1
48 48 1
48 49 1
48 57 1
48 38 1
48 45 1
48 50 1
48 67 1
48 50 1
48 43 1
48 43 1
48 48 1
48 52 1
48 52 1
48 43 1
48 47 1
48 54 1
48 49 1
48 39 1
48 39 1
48 43 1
48 48 1
48 50 1
48 46 1
48 44 1
48 50 1
48 48 1
48 38 1
48 47 1
48 56 1
48 56 1
48 39 1
48 45 1
48 48 1
48 43 1
48 47 1
48 46 1
48 50 1
48 44 1
48 46 1
48 49 1
48 48 1
48 42 1
48 45 1
48 50 0.880747
48 47 0.769896
48 46 1
48 50 1
48 47 1
48 51 1
48 52 1
48 49 1
48 53 1
48 57 1
48 40 1
48 52 1
48 40 1
48 52 1
48 45 1
48 45 1
48 55 1
48 48 0.936453
48 45 1
48 43 1
48 35 1
48 34 1
48 55 1
48 52 1
48 57 1
48 48 1
48 52 1
48 47 1
48 57 1
48 47 1
48 54 1
48 41 1
48 41 1
48 42 1
48 50 1
48 57 1
48 48 1
48 54 1
48 46 1
48 53 1
48 42 0.96401
48 50 1
48 48 1
48 47 1
48 45 1
48 50 1
48 44 1
48 55 1
48 43 1
48 45 1
48 43 1
48 53 1
48 46 1
48 55 1
48 55 1
48 52 1
48 55 1
48 47 1
48 51 1
48 41 0.756411
48 50 1
48 37 1
48 46 1
48 58 1
48 56 1
48 44 1
48 56 1
48 48 1
48 62 1
48 34 1
48 44 0.832135
48 55 1
48 47 1
48 40 1
48 51 1
48 48 1
48 47 1
48 41 1
48 55 1
48 48 1
48 48 1
48 58 1
48 55 1
48 40 1
48 55 1
48 40 1
48 47 1
48 49 1
48 46 1
48 51 1
48 43 1
48 43 1
48 55 1
48 53 1
48 58 1
48 49 1
48 54 1
48 42 1
48 64 1
48 50 1
48 51 1
48 46 1
48 56 1
48 53 1
48 53 1
48 53 1
48 52 0.798481
48 50 1
48 45 1
48 55 1
48 48 1
48 57 1
48 48 1
48 49 1
48 50 1
48 51 1
48 54 1
48 50 1
48 45 1
48 39 1
48 46 1
48 55 1
48 52 1
48 44 1
48 53 1
48 38 1
48 60 1
48 51 1
48 44 1
48 48 1
48 49 1
48 50 1
48 50 1
48 45 1
48 44 1
48 53 1
48 36 0.740665
48 48 1
48 52 1
48 60 1
48 48 1
48 47 1
48 53 1
48 53 0.962365
48 48 1
48 40 1
48 43 1
48 46 1
48 39 1
48 47 1
48 53 1
48 40 1
48 39 1
48 52 1
48 45 1
48 51 1
48 41 1
48 57 0.770765
48 49 1
48 58 1
48 48 0.545376
48 42 1
48 53 1
48 45 1
48 48 1
48 53 1
48 49 1
48 51 0.844555
48 42 1
48 48 1
48 50 1
48 41 1
48 49 0.744408
48 50 1
48 48 0.814191
48 46 1
48 48 1
48 53 1
48 54 1
48 52 1
48 52 1
48 50 1
48 47 1
48 48 1
48 42 1
48 60 1
48 50 1
48 46 0.750966
48 49 1
48 39 1
48 38 1
48 53 1
48 49 1
48 53 1
48 51 1
48 59 1
48 53 1
48 53 1
48 60 1
48 55 1
48 51 1
48 43 1
48 53 1
48 44 0.778546
48 44 1
48 45 1
48 59 1
48 36 1
48 56 1
48 38 1
48 49 1
48 56 1
48 60 1
48 48 1
48 42 1
48 51 1
48 48 1
48 57 1
48 46 1
48 50 1
48 52 1
48 45 1
48 52 1
48 45 1
48 50 1
48 52 1
48 49 1
48 45 1
48 55 1
48 58 1
48 50 1
48 60 1
48 46 1
48 56 1
48 49 1
48 53 1
48 51 1
48 45 1
48 49 1
48 44 1
48 47 0.782505
48 48 1
48 50 1
48 47 1
48 44 1
48 44 1
48 48 1
48 53 1
48 59 1
48 41 1
48 45 1
48 51 1
48 53 1
48 48 1
48 43 1
48 43 1
48 46 1
48 54 1
48 39 1
48 46 1
48 59 1
48 45 1
48 59 0.914637
48 40 1
48 44 1
48 50 1
48 50 1
48 55 1
48 55 1
48 54 1
48 37 1
48 47 1
48 43 1
48 52 1
48 56 1
48 50 0.837948
48 51 1
48 46 1
48 53 1
48 48 1
48 47 1
48 48 1
48 53 1
48 46 1
48 49 1
48 53 1
48 46 1
48 57 1
48 45 1
48 44 1
48 48 1
48 53 1
48 48 1
48 40 1
48 48 1
48 47 1
48 36 1
48 44 0.676286
48 31 1
48 44 1
48 53 1
48 43 1
48 50 1
48 47 1
48 46 1
48 51 1
48 37 1
48 37 1
48 56 1
48 47 1
48 61 1
48 44 1
48 46 1
48 50 1
48 45 1
48 51 0.79274
48 44 1
48 43 1
48 51 1
48 43 1
48 53 1
48 48 1
48 50 1
48 55 1
48 60 1
48 49 1
48 46 1
48 45 1
48 59 1
48 46 1
48 50 1
48 48 1
48 52 1
48 52 1
48 48 1
48 50 1
48 48 1
48 55 0.925698
48 53 1
48 43 1
48 37 1
48 52 1
48 47 1
48 49 1
48 49 1
48 49 1
48 43 1
48 45 1
48 40 1
48 49 1
48 58 1
48 48 1
48 55 1
48 52 1
48 47 1
48 44 1
48 41 1
48 53 1
48 60 1
48 47 1
48 42 1
48 51 1
48 43 1
48 63 1
48 50 1
48 53 1
48 51 1
48 54 1
48 51 1
48 51 1
48 43 1
48 46 1
48 42 1
48 48 1
48 57 1
48 57 1
48 50 1
48 45 1
48 41 1
48 45 1
48 50 1
48 57 1
48 48 1
48 52 1
48 51 1
48 43 1
48 47 1
48 38 1
48 45 1
48 42 1
48 44 1
48 47 1
48 48 1
48 53 1
48 46 1
48 51 1
48 41 1
48 49 1
48 43 1
48 46 1
48 46 1
48 48 1
48 50 1
48 50 1
48 50 1
48 50 1
48 52 1
48 48 1
48 51 1
48 39 1
48 50 1
48 50 1
48 39 1
48 62 1
48 52 1
48 58 1
48 45 1
48 52 1
48 47 1
48 58 1
48 62 1
48 52 1
48 41 1
48 44 1
48 54 0.49649
48 50 1
48 61 1
48 48 1
48 43 1
48 46 1
48 63 1
48 53 0.668874
48 50 0.941217
48 46 1
48 51 1
48 51 1
48 48 1
48 41 1
48 56 1
48 42 1
48 53 1
48 50 1
48 47 1
48 59 1
48 49 1
48 42 1
48 42 1
48 52 1
48 36 1
48 46 0.823362
48 47 1
48 40 1
48 55 1
48 49 1
48 50 1
48 49 1
48 64 1
48 45 1
48 54 1
48 40 1
48 43 1
48 47 1
48 45 1
48 55 1
48 52 1
48 53 1
48 51 1
48 46 1
48 50 1
48 50 1
48 37 1
48 48 1
48 41 1
48 35 1
48 39 1
48 36 1
48 42 1
48 50 1
48 46 1
48 45 0.94588
48 43 1
48 39 1
48 42 1
48 51 1
48 46 1
48 56 1
48 46 1
48 49 1
48 48 1
48 44 1
48 52 1
48 47 1
48 51 1
48 51 1
48 46 1
48 53 1
48 52 1
48 51 1
48 48 1
48 45 1
48 50 1
48 46 1
48 58 1
48 61 1
48 49 1
48 54 0.89575
48 50 1
48 46 1
48 57 1
48 43 1
48 41 1
48 47 1
48 38 1
48 50 1
48 47 1
48 45 1
48 50 1
48 43 1
48 50 1
48 33 1
48 53 1
48 48 1
48 50 1
48 54 1
48 50 1
48 48 1
48 50 1
48 43 1
48 53 1
48 51 1
48 49 1
48 41 1
48 50 1
48 48 1
48 43 1
48 49 1
48 53 1
48 49 1
48 47 1
48 51 1
48 49 1
48 55 1
48 45 1
48 56 1
48 45 1
48 40 1
48 55 1
48 50 1
48 49 1
48 55 1
48 41 1
48 52 1
48 52 1
48 45 1
48 62 1
48 51 1
48 58 1
48 46 1
48 51 1
48 52 1
48 49 1
48 47 1
48 52 1
48 50 1
48 45 1
48 52 1
48 58 1
48 45 1
48 46 1
48 43 0.881093
48 41 1
48 43 1
48 44 1
48 48 0.800252
48 44 1
48 48 1
48 56 0.802983
48 52 1
48 50 1
48 47 1
48 48 1
48 51 1
48 45 1
48 60 1
48 58 1
48 47 1
48 45 1
48 62 1
48 54 1
48 50 0.598619
48 41 1
48 45 0.771765
48 50 1
48 36 1
48 44 1
48 49 1
48 46 1
48 52 1
48 51 1
48 35 1
48 47 1
48 44 1
48 48 1
48 49 1
48 54 1
48 55 1
48 52 1
48 42 1
48 50 1
48 47 1
48 41 1
48 46 1
48 48 1
48 43 1
48 39 1
48 53 1
48 50 1
48 49 1
48 59 1
48 41 1
48 44 0.846109
48 43 1
48 44 1
48 54 1
48 48 0.552706
48 46 1
48 56 1
48 50 1
48 46 1
48 40 1
48 44 1
48 40 1
48 47 1
48 55 1
48 48 1
48 41 1
48 53 1
48 56 1
48 46 1
48 39 1
48 44 1
48 34 1
48 55 1
48 50 1
48 52 1
48 50 1
48 42 1
48 57 0.553903
48 46 1
48 46 1
48 58 1
48 42 1
48 50 1
48 51 1
48 36 1
48 47 1
48 49 0.731757
48 53 1
48 38 1
48 48 1
48 47 1
48 56 1
48 39 1
48 48 1
48 41 1
48 39 1
48 56 1
48 46 1
48 44 1
48 47 1
48 43 1
48 47 1
48 53 1
48 47 1
48 60 1
48 44 1
48 44 1
48 50 1
48 42 1
48 44 1
48 55 1
48 47 0.771122
48 53 1
48 43 1
48 56 1
48 38 1
48 52 1
48 52 1
48 40 1
48 58 1
48 44 1
48 55 1
48 48 1
48 46 1
48 48 1
48 48 1
48 40 1
48 48 1
48 41 1
48 54 1
48 43 1
48 43 1
48 51 1
48 56 1
48 45 1
48 51 1
48 47 1
48 51 1
48 53 1
48 43 1
48 53 1
48 54 1
48 46 1
48 48 1
48 54 1
48 51 1
48 50 1
48 50 1
48 49 1
48 47 1
48 55 1
48 52 1
48 51 1
48 40 1
48 58 1
48 50 1
48 49 1
48 48 1
48 40 1
48 51 1
48 41 1
48 43 1
48 53 1
48 54 1
48 52 1
48 46 1
48 40 1
48 50 1
48 45 1
48 57 1
48 47 1
48 42 1
48 43 1
48 39 1
48 55 1
48 53 1
48 51 1
48 54 1
48 56 1
48 51 1
48 49 1
48 44 1
48 45 1
48 52 1
48 50 1
48 44 1
48 50 1
48 49 1
48 46 1
48 43 1
48 41 1
48 59 1
48 48 1
48 45 1
48 44 1
48 49 1
48 47 1
48 45 1
48 50 0.829446
48 52 1
48 59 1
48 36 1
48 46 1
48 50 1
48 49 1
48 48 1
48 53 1
48 49 1
48 53 1
48 50 1
48 54 1
48 48 1
48 49 1
48 41 1
48 49 1
48 43 1
48 38 1
48 52 1
48 44 1
48 59 1
48 51 1
48 58 1
48 48 1
48 50 1
48 51 1
48 44 1
48 43 1
48 40 0.781253
48 49 1
48 49 1
48 52 1
48 49 1
48 51 1
48 46 1
48 52 1
48 45 1
48 49 1
48 49 1
48 44 0.937508
48 58 1
48 54 1
48 42 1
48 51 1
48 41 1
48 38 1
48 52 1
48 49 1
48 40 1
48 46 1
48 54 1
48 59 1
48 46 1
48 41 1
48 47 1
48 41 1
48 48 1
48 43 1
48 45 1
48 51 1
48 51 1
48 62 1
48 51 1
48 35 1
48 44 1
48 46 1
48 47 1
48 50 1
48 50 1
48 46 1
48 55 1
48 42 0.806365
48 48 1
48 39 1
48 47 1
48 56 1
48 47 1
48 43 1
48 47 0.957634
48 44 1
48 57 1
48 45 1
48 45 1
48 44 0.705375
48 49 1
48 42 1
48 59 1
48 36 1
48 38 1
48 39 1
48 60 1
48 51 1
48 42 1
48 42 1
48 49 1
48 59 1
48 41 1
48 47 1
48 47 1
48 52 1
48 55 1
48 39 1
48 44 1
48 42 0.872617
48 46 1
48 52 1
48 51 0.716956
48 46 1
48 48 1
48 52 1
48 58 1
48 47 1
48 44 1
48 47 1
48 47 1
48 56 1
48 57 1
48 50 1
48 51 1
48 60 1
48 50 1
48 46 1
48 52 1
48 45 1
48 54 1
48 55 1
48 42 1
48 42 1
48 45 1
48 40 1
48 49 1
48 48 1
48 31 1
48 49 1
48 52 1
48 52 1
48 50 1
48 48 1
48 50 1
48 56 1
48 48 1
48 50 1
48 56 1
48 42 1
48 47 1
48 39 1
48 48 1
48 51 1
48 49 1
48 49 1
48 42 1
48 51 1
48 48 1
48 66 1
48 46 1
48 66 1
48 43 1
48 51 1
48 49 1
48 44 1
48 40 1
48 39 0.935793
48 46 1
48 48 1
48 47 1
48 46 1
48 52 1
48 46 1
48 45 1
48 48 1
48 52 1
48 36 1
48 41 1
48 45 1
48 42 0.92723
48 43 1
48 55 1
48 46 1
48 54 1
48 56 1
48 55 1
48 42 1
48 37 1
48 53 1
48 42 1
48 50 1
48 44 1
48 49 1
48 56 1
48 52 0.898147
48 55 1
48 47 1
48 41 1
48 35 1
48 51 1
48 41 1
48 55 1
48 56 1
48 34 1
48 51 1
48 35 0.659963
48 51 1
48 50 1
48 39 1
48 40 1
48 47 1
48 47 1
48 49 1
48 55 1
48 54 1
48 48 1
48 34 1
48 37 1
48 47 1
48 41 1
48 50 1
48 53 1
48 55 1
48 38 1
48 46 1
48 50 1
48 44 1
48 48 1
48 39 0.821709
48 47 1
48 65 1
48 54 0.886574
48 52 1
48 56 1
48 40 1
48 40 1
48 50 1
48 56 1
48 33 1
48 49 1
48 61 1
48 52 1
48 48 1
48 53 1
48 46 1
48 56 1
48 40 0.761914
48 51 1
48 45 1
48 40 1
48 45 1
48 60 1
48 46 1
48 58 1
48 58 1
48 46 1
48 54 1
48 41 1
48 47 1
48 51 1
48 37 1
48 52 1
48 49 1
48 55 1
48 44 1
48 40 1
48 47 1
48 45 1
48 42 1
48 35 1
48 47 1
48 55 1
48 41 1
48 44 1
48 68 1
48 45 1
48 56 1
48 49 1
48 38 1
48 40 1
48 40 1
48 37 1
48 47 1
48 51 1
48 45 1
48 49 1
48 46 1
48 49 1
48 40 1
48 56 0.712499
48 45 1
48 54 1
48 53 1
48 47 1
48 46 1
48 45 0.865768
48 45 1
48 39 1
48 45 1
48 50 1
48 62 1
48 47 1
48 52 1
48 51 1
48 37 1
48 38 1
48 70 1
48 51 1
48 52 1
48 48 1
48 60 1
48 49 1
48 52 1
48 44 1
48 49 0.78611
48 54 1
48 58 1
48 37 1
48 54 1
48 51 1
48 44 1
48 53 1
48 49 1
48 46 1
48 55 1
48 50 1
48 46 1
48 55 1
48 51 1
48 49 1
48 46 1
48 40 1
48 52 1
48 40 1
48 47 1
48 45 1
48 56 1
48 46 1
48 44 1
48 42 1
48 46 1
48 53 1
48 51 1
48 54 1
48 44 1
48 54 1
48 43 1
48 55 1
48 45 1
48 61 1
48 43 1
48 49 0.922368
48 54 1
48 45 1
48 46 1
48 53 1
48 41 1
48 46 1
48 35 1
48 38 1
48 58 1
48 51 1
48 43 1
48 44 1
48 53 1
48 60 1
48 52 1
48 58 1
48 50 1
48 47 1
48 49 1
48 52 1
48 36 1
48 52 1
48 48 1
48 58 1
48 49 1
48 49 1
48 35 1
48 55 1
48 52 1
48 49 1
48 54 1
48 49 1
48 46 1
48 51 1
48 44 1
48 56 1
48 54 1
48 45 1
48 45 1
48 39 1
48 45 1
48 45 1
48 43 1
48 49 1
48 45 1
48 54 1
48 55 1
48 43 1
48 44 1
48 42 0.868304
48 41 1
48 54 1
48 45 1
48 36 1
48 47 1
48 55 1
48 51 1
48 46 1
48 45 1
48 52 1
48 53 1
48 47 1
48 48 1
48 40 1
48 48 1
48 44 1
48 45 1
48 38 1
48 60 1
48 49 1
48 50 1
48 45 1
48 52 0.941892
48 61 1
48 53 1
48 47 1
48 42 1
48 50 1
48 47 1
48 62 1
48 55 1
48 59 1
48 46 0.795651
48 42 1
48 47 1
48 45 1
48 48 1
48 44 1
48 44 1
48 48 1
48 47 1
48 47 1
48 50 1
48 46 1
48 56 1
48 45 1
48 49 1
48 52 1
48 52 1
48 40 1
48 52 1
48 46 1
48 45 1
48 52 1
48 63 1
48 40 1
48 48 1
48 46 1
48 48 1
48 42 1
48 48 1
48 45 1
48 53 1
48 52 1
48 44 1
48 39 1
48 42 1
48 51 1
48 54 1
48 52 1
48 52 1
48 54 1
48 53 1
48 58 1
48 44 1
48 60 1
48 58 1
48 60 1
48 51 1
48 45 1
48 43 1
48 52 1
48 57 1
48 43 1
48 52 1
48 49 1
48 49 0.903006
48 59 1
48 51 1
48 56 1
48 49 1
48 44 1
48 40 1
48 40 1
48 45 1
48 54 1
48 65 1
48 55 1
48 49 1
48 58 1
48 39 1
48 40 1
48 47 1
48 42 1
48 51 1
48 51 1
48 37 1
48 48 1
48 47 1
48 50 1
48 52 1
48 48 0.789178
48 51 1
48 45 1
48 41 1
48 63 1
48 53 1
48 55 1
48 56 1
48 45 1
48 49 1
48 50 1
48 40 0.949351
48 46 1
48 43 1
48 44 1
48 53 1
48 49 0.891231
48 51 1
48 49 0.885886
48 51 1
48 48 1
48 48 1
48 45 0.832767
48 51 1
48 48 1
48 60 1
48 55 1
48 50 1
48 53 1
48 61 0.875146
48 49 1
48 49 1
48 54 1
48 32 1
48 50 1
48 58 1
48 50 1
48 52 1
48 46 0.843679
48 45 1
48 50 1
48 46 1
48 49 1
48 51 1
48 58 0.921738
48 45 1
48 42 1
48 56 1
48 51 1
48 44 0.916502
48 51 1
48 41 1
48 45 1
48 40 1
48 43 1
48 45 1
48 47 1
48 55 1
48 39 1
48 44 1
48 45 1
48 51 1
48 54 1
48 37 1
48 44 1
48 47 1
48 48 1
48 53 1
48 59 1
48 52 1
48 44 1
48 60 1
48 55 1
48 53 1
48 63 1
48 55 1
48 51 1
48 46 1
48 47 1
48 47 1
48 49 1
48 49 1
48 57 1
48 50 1
48 46 1
48 49 1
48 50 1
48 45 1
48 42 1
48 47 1
48 50 1
48 35 1
48 46 0.854907
48 51 1
48 39 1
48 57 1
48 47 1
48 51 1
48 52 1
48 53 1
48 37 1
48 45 1
48 47 1
48 49 1
48 42 1
48 51 1
48 54 1
48 53 1
48 48 1
48 64 1
48 39 1
48 52 1
48 55 1
48 46 1
48 43 1
48 47 1
48 55 1
48 47 0.925143
48 41 0.918588
48 51 1
48 50 1
48 56 1
48 49 1
48 50 1
48 54 1
48 48 1
48 46 1
48 48 1
48 51 1
48 44 1
48 49 1
48 56 1
48 48 1
48 60 1
48 61 1
48 41 1
48 43 1
48 41 1
48 54 1
48 63 0.916018
48 46 1
48 51 1
48 45 1
48 44 1
48 35 1
48 51 1
48 45 1
48 45 1
48 54 1
48 52 1
48 55 1
48 51 1
48 44 1
48 49 1
48 53 1
48 57 1
48 51 1
48 48 1
48 47 1
48 46 1
48 45 1
48 49 1
48 51 1
48 54 1
48 42 1
48 55 1
48 52 1
48 45 1
48 53 1
48 37 1
48 40 1
48 61 1
48 44 1
48 49 1
48 45 1
48 55 1
48 50 1
48 54 0.939176
48 53 1
48 64 1
48 43 1
48 47 1
48 43 1
48 49 1
48 50 1
48 54 1
48 49 1
48 47 1
48 35 1
48 43 1
48 49 1
48 47 1
48 35 1
48 47 1
48 42 1
48 49 1
48 62 1
48 45 1
48 46 1
48 43 1
48 47 1
48 38 1
48 55 1
48 60 1
48 49 1
48 45 1
48 51 1
48 53 0.446754
48 45 1
48 46 1
48 54 1
48 51 1
48 55 1
48 50 1
48 35 1
48 37 1
48 50 1
48 47 1
48 50 1
48 57 1
48 45 1
48 49 0.590782
48 39 1
48 52 1
48 47 1
48 47 1
48 52 1
48 45 0.765055
48 51 1
48 53 0.748221
48 50 1
48 41 0.949524
48 45 1
48 45 1
48 58 1
48 50 1
48 42 1
48 50 1
48 49 1
48 46 1
48 52 1
48 59 1
48 46 0.9505
48 46 1
48 46 1
48 45 1
48 54 1
48 49 1
48 46 1
48 64 1
48 54 1
48 49 1
48 52 1
48 58 1
48 49 1
48 44 1
48 34 1
48 49 1
48 54 1
48 46 1
48 44 1
48 54 1
48 59 1
48 53 1
48 51 1
48 44 1
48 50 1
48 63 1
48 39 1
48 60 1
48 42 1
48 51 1
48 43 1
48 46 1
48 55 1
48 55 1
48 44 1
48 44 1
48 43 1
48 49 1
48 52 1
48 38 1
48 47 1
48 53 1
48 38 1
48 47 1
48 48 1
48 55 1
48 48 1
48 48 1
48 48 1
48 60 1
48 43 1
48 49 1
48 61 1
48 45 1
48 53 1
48 49 1
48 49 1
48 51 1
48 53 1
48 50 1
48 56 1
48 41 1
48 45 1
48 39 1
48 52 1
48 60 1
48 43 1
48 48 1
48 51 1
48 46 0.973108
48 42 1
48 52 1
48 39 1
48 48 1
48 38 1
48 44 1
48 54 1
48 53 1
48 47 1
48 44 1
48 40 1
48 48 0.879298
48 39 1
48 51 1
48 47 0.955488
48 53 1
48 50 1
48 40 1
48 54 1
48 52 1
48 51 1
48 48 1
48 46 0.760901
48 56 1
48 50 1
48 47 1
48 55 1
48 40 1
48 46 1
48 54 1
48 50 1
48 57 1
48 57 1
48 44 1
48 51 1
48 40 0.818398
48 34 1
48 48 1
48 53 0.907078
48 57 0.768449
48 34 1
48 45 1
48 54 1
48 55 1
48 49 1
48 39 1
48 44 1
48 43 1
48 50 1
48 48 1
48 45 1
48 38 1
48 51 1
48 41 1
48 52 0.841032
48 45 1
48 50 1
48 42 1
48 43 1
48 57 1
48 64 1
48 41 1
48 53 1
48 52 1
48 53 1
48 36 1
48 48 1
48 46 1
48 37 1
48 47 1
48 48 1
48 40 1
48 51 1
48 58 1
48 43 1
48 54 0.97187
48 56 1
48 43 1
48 54 1
48 51 1
48 47 1
48 51 1
48 49 1
48 46 1
48 48 1
48 50 1
48 55 1
48 46 1
48 52 0.646688
48 48 1
48 46 1
48 51 1
48 46 1
48 40 1
48 48 1
48 60 1
48 47 1
48 48 1
48 44 1
48 47 1
48 48 1
48 52 1
48 64 1
48 51 1
48 61 1
48 41 1
48 61 1
48 47 1
48 47 1
48 50 1
48 60 1
48 56 1
48 46 1
48 47 1
48 40 1
48 49 1
48 53 0.780311
48 41 0.789691
48 50 1
48 51 0.781776
48 45 1
48 48 1
48 51 1
48 48 1
48 44 1
48 51 1
48 48 1
48 51 1
48 59 0.963257
48 45 1
48 54 1
48 53 1
48 54 1
48 57 1
48 53 1
48 45 1
48 48 1
48 54 1
48 43 1
48 46 1
48 53 1
48 41 1
48 49 1
48 52 1
48 45 1
48 46 1
48 45 1
48 58 1
48 48 1
48 52 1
48 40 1
48 39 1
48 41 1
48 59 1
48 50 1
48 40 1
48 35 1
48 36 1
48 43 1
48 61 1
48 46 1
48 40 1
48 48 1
48 50 1
48 52 1
48 50 1
48 50 1
48 41 1
48 34 1
48 44 1
48 35 1
48 49 1
48 51 1
48 46 1
48 41 1
48 48 1
48 42 1
48 43 1
48 44 1
48 43 1
48 45 1
48 40 1
48 49 1
48 48 1
48 50 1
48 51 1
48 43 1
48 45 1
48 57 0.827598
48 49 1
48 42 1
48 45 1
48 47 1
48 43 1
48 43 1
48 45 1
48 50 1
48 56 1
48 53 1
48 41 1
48 41 1
48 49 1
48 60 1
48 51 1
48 43 1
48 53 1
48 49 1
48 49 1
48 61 1
48 50 1
48 46 1
48 42 1
48 56 1
48 54 1
48 49 1
48 37 1
48 50 1
48 49 1
48 59 1
48 41 1
48 50 1
48 52 1
48 54 1
48 50 1
48 50 1
48 58 1
48 50 1
48 54 1
48 42 1
48 53 1
48 38 1
48 50 1
48 37 1
48 56 1
48 43 1
48 39 1
48 37 1
48 38 1
48 52 1
48 51 1
48 57 1
48 55 1
48 44 1
48 43 1
48 38 1
48 46 1
48 44 1
48 55 1
48 47 1
48 43 1
48 54 1
48 54 1
48 47 1
48 44 1
48 57 1
48 48 1
48 43 1
48 47 1
48 60 1
48 47 1
48 41 0.956111
48 53 1
48 39 1
48 48 0.724606
48 61 1
48 38 1
48 57 1
48 59 1
48 57 1
48 40 1
48 44 1
48 52 1
48 41 1
48 47 1
48 43 1
48 59 1
48 49 1
48 51 1
48 46 1
48 45 1
48 49 1
48 52 1
48 54 1
48 53 1
48 48 1
48 51 1
48 47 1
48 51 1
48 43 1
48 60 1
48 51 1
48 51 1
48 54 1
48 39 1
48 57 1
48 41 1
48 54 1
48 53 1
48 50 1
48 39 1
48 50 1
48 50 1
48 59 1
48 46 1
48 57 1
48 52 1
48 55 1
48 56 1
48 43 1
48 53 1
48 50 1
48 49 1
48 51 0.9025
48 55 1
48 44 0.767356
48 43 1
48 50 1
48 47 1
48 32 1
48 45 1
48 46 1
48 56 1
48 39 1
48 37 1
48 44 1
48 44 1
48 41 1
48 41 1
48 50 1
48 51 1
48 41 1
48 44 1
48 53 1
48 36 1
48 52 1
48 58 0.84798
48 42 0.628988
48 50 1
48 59 1
48 47 1
48 43 1
48 56 1
48 43 1
48 40 1
48 50 1
48 51 1
48 49 1
48 55 1
48 57 0.935003
48 49 1
48 39 1
48 53 1
48 54 1
48 59 1
48 49 1
48 56 1
48 34 1
48 60 1
48 40 1
48 40 1
48 43 0.860097
48 47 1
48 45 1
48 56 1
48 52 1
48 51 1
48 42 1
48 51 1
48 52 1
48 49 1
48 46 1
48 54 1
48 41 1
48 46 1
48 53 1
48 41 1
48 50 1
48 46 1
48 44 1
48 51 1
48 59 1
48 47 1
48 45 1
48 52 1
48 54 0.942034
48 43 1
48 45 1
48 42 1
48 59 1
48 60 1
48 50 1
48 52 1
48 37 1
48 45 1
48 50 1
48 49 1
48 41 1
48 50 1
48 46 1
48 57 1
48 52 1
48 55 1
48 36 1
48 37 1
48 45 1
48 52 1
48 46 1
48 51 1
48 39 1
48 49 1
48 52 1
48 44 1
48 47 1
48 41 1
48 44 1
48 58 1
48 50 1
48 32 1
48 56 1
48 43 1
48 52 1
48 47 1
48 46 1
48 64 1
48 35 1
48 51 1
48 55 1
48 35 1
48 45 1
48 51 1
48 55 1
48 58 1
48 47 1
48 40 1
48 49 1
48 46 0.813621
48 57 1
48 45 1
48 44 1
48 51 1
48 44 1
48 45 1
48 49 1
48 43 1
48 45 1
48 45 0.865794
48 47 1
48 51 1
48 43 1
48 53 1
48 52 0.948883
48 44 1
48 53 1
48 37 1
48 48 1
48 45 1
48 42 1
48 52 1
48 37 1
48 55 1
48 41 1
48 47 1
48 50 1
48 50 1
48 49 1
48 40 1
48 44 1
48 52 1
48 47 1
48 39 1
48 52 1
48 48 1
48 50 1
48 46 1
48 50 1
48 46 1
48 51 1
48 38 1
48 45 1
48 37 1
48 40 1
48 55 1
48 54 1
48 60 1
48 45 1
48 62 1
48 49 1
48 50 1
48 51 1
48 43 1
48 52 1
48 51 1
48 50 1
48 48 1
48 57 1
48 41 1
48 50 1
48 50 1
48 43 1
48 45 1
48 38 1
48 57 1
48 47 1
48 50 1
48 54 1
48 51 1
48 53 1
48 55 1
48 48 0.864159
48 55 0.795343
48 43 1
48 41 1
48 51 1
48 46 1
48 43 1
48 46 1
48 38 0.857185
48 53 1
48 50 1
48 50 1
48 50 1
48 48 1
48 49 1
48 54 1
48 57 1
48 42 1
48 46 1
48 62 1
48 45 1
48 37 1
48 44 1
48 48 1
48 48 1
48 59 1
48 47 0.907902
48 47 1
48 45 1
48 42 1
48 53 1
48 51 0.973586
48 45 1
48 51 1
48 45 0.855366
48 50 1
48 48 1
48 54 1
48 38 1
48 55 1
48 50 1
48 42 1
48 40 1
48 41 1
48 58 1
48 43 1
48 46 1
48 52 0.927465
48 43 1
48 54 0.916902
48 50 1
48 41 1
48 60 1
48 49 1
48 65 1
48 46 1
48 44 1
48 47 1
48 45 0.827101
48 51 1
48 43 1
48 55 1
48 48 1
48 59 1
48 45 1
48 51 1
48 54 1
48 48 1
48 45 1
48 47 1
48 48 1
48 42 1
48 40 1
48 54 1
48 47 1
48 47 1
48 39 0.838964
48 50 1
48 52 1
48 45 1
48 46 1
48 42 1
48 53 1
48 49 1
48 42 1
48 51 1
48 55 1
48 53 1
48 49 1
48 47 1
48 42 0.975619
48 55 1
48 55 1
48 41 1
48 46 1
48 45 1
48 46 1
48 49 1
48 51 1
48 62 1
48 53 1
48 49 1
48 49 1
48 53 1
48 47 1
48 40 1
48 43 1
48 45 1
48 45 1
48 44 1
48 46 1
48 31 1
48 55 1
48 53 1
48 43 1
48 49 1
48 47 1
48 51 1
48 47 1
48 54 1
48 48 1
48 41 1
48 56 1
48 50 1
48 39 1
48 40 1
48 54 1
48 48 1
48 59 1
48 54 1
48 45 1
48 51 1
48 54 1
48 45 1
48 51 1
48 43 1
48 50 1
48 62 1
48 45 1
48 50 1
48 48 0.845037
48 49 1
48 44 1
48 37 1
48 55 1
48 44 1
48 50 1
48 54 1
48 50 1
48 48 1
48 54 1
48 51 1
48 49 1
48 42 1
48 59 1
48 45 1
48 57 1
48 50 1
48 41 1
48 54 1
48 61 1
48 64 1
48 51 1
48 43 1
48 44 1
48 45 1
48 53 1
48 49 1
48 42 1
48 42 1
48 56 1
48 45 1
48 43 1
48 40 1
48 61 1
48 43 1
48 48 1
48 46 1
48 52 1
48 53 1
48 46 1
48 51 1
48 57 1
48 44 1
48 44 1
48 47 1
48 43 1
48 50 1
48 48 1
48 51 1
48 46 1
48 43 1
48 45 0.863528
48 53 1
48 46 1
48 48 1
48 44 1
48 52 1
48 60 1
48 49 1
48 49 1
48 52 1
48 58 1
48 45 1
48 43 1
48 53 1
48 58 1
48 55 1
48 44 0.767499
48 50 1
48 43 1
48 47 1
48 60 1
48 50 1
48 42 1
48 49 1
48 57 1
48 40 1
48 57 1
48 41 1
48 47 1
48 40 1
48 48 1
48 50 1
48 43 1
48 54 1
48 48 1
48 53 1
48 46 1
48 33 1
48 56 1
48 58 1
48 35 1
48 62 1
48 48 1
48 36 1
48 45 1
48 49 1
48 51 1
48 42 1
48 43 1
48 47 1
48 56 1
48 45 1
48 50 1
48 52 1
48 45 1
48 42 1
48 39 1
48 50 0.807368
48 56 1
48 36 1
48 44 1
48 44 0.885934
48 45 1
48 47 1
48 36 1
48 37 1
48 52 1
48 53 1
48 40 1
48 47 1
48 47 1
48 47 1
48 54 1
48 51 1
48 44 1
48 43 1
48 53 1
48 52 1
48 46 1
48 51 1
48 53 1
48 53 1
48 62 1
48 45 1
48 48 1
48 41 1
48 41 1
48 50 1
48 50 1
48 43 1
48 48 1
48 53 1
48 48 1
48 53 1
48 56 1
48 45 1
48 56 1
48 59 1
48 48 1
48 55 0.83018
48 45 1
48 49 1
48 54 1
48 31 1
48 40 1
48 34 1
48 55 1
48 53 1
48 55 1
48 57 1
48 48 1
48 39 1
48 47 1
48 56 1
48 53 1
48 51 1
48 43 1
48 44 1
48 56 1
48 47 1
48 40 1
48 41 1
48 41 1
48 43 1
48 48 1
48 53 1
48 43 1
48 51 1
48 64 1
48 50 1
48 48 1
48 43 1
48 50 1
48 48 1
48 48 1
48 48 1
48 49 1
48 45 1
48 43 1
48 47 1
48 46 1
48 47 1
48 45 1
48 52 1
48 42 1
48 43 1
48 40 1
48 59 1
48 37 1
48 56 1
48 47 1
48 36 1
48 44 1
48 48 1
48 52 1
48 53 0.884387
48 50 1
48 48 1
48 50 1
48 43 1
48 56 1
48 49 1
48 55 0.852035
48 55 1
48 44 1
48 38 1
48 46 1
48 50 1
48 51 0.872096
48 52 1
48 55 1
48 52 1
48 44 1
48 51 1
48 49 1
48 42 1
48 49 1
48 56 1
48 51 1
48 49 1
48 45 1
48 36 1
48 57 1
48 45 1
48 42 1
48 43 1
48 56 1
48 52 1
48 46 1
48 40 1
48 47 1
48 44 0.664174
48 41 1
48 46 1
48 44 1
48 60 1
48 56 1
48 43 1
48 45 1
48 54 1
48 54 1
48 55 1
48 53 1
48 44 1
48 51 1
48 38 1
48 48 1
48 57 1
48 40 1
48 39 1
48 46 1
48 41 1
48 49 1
48 40 1
48 49 1
48 50 1
48 62 1
48 48 0.89533
48 45 1
48 56 1
48 47 1
48 50 1
48 56 0.791815
48 37 1
48 32 1
48 54 1
48 50 1
48 47 1
48 55 1
48 33 1
48 49 0.880162
48 54 1
48 41 1
48 43 1
48 42 1
48 47 1
48 44 1
48 42 1
48 49 1
48 51 1
48 48 1
48 46 1
48 33 1
48 57 1
48 52 1
48 46 1
48 44 1
48 52 1
48 40 1
48 59 1
48 47 1
48 46 1
48 66 1
48 48 1
48 56 1
48 45 1
48 47 1
48 45 0.746756
48 60 1
48 53 1
48 49 1
48 36 1
48 46 0.966725
48 67 1
48 47 1
48 43 1
48 45 1
48 52 1
48 43 1
48 37 1
48 56 0.746006
48 61 1
48 54 1
48 45 1
48 42 1
48 49 1
48 56 1
48 46 1
48 54 1
48 42 1
48 40 1
48 51 1
48 56 1
48 44 1
48 47 1
48 53 1
48 61 1
48 39 1
48 51 0.925916
48 40 1
48 47 1
48 49 1
48 54 1
48 43 1
48 43 1
48 64 1
48 47 1
48 35 1
48 43 1
48 48 1
48 46 1
48 47 1
48 43 1
48 49 1
48 57 1
48 47 1
48 39 1
48 49 1
48 59 1
48 45 1
48 53 1
48 53 1
48 49 1
48 50 1
48 52 1
48 48 1
48 47 1
48 56 1
48 45 1
48 37 1
48 56 1
48 64 1
48 46 1
48 47 1
48 42 1
48 54 1
48 47 1
48 43 1
48 48 0.72715
48 51 1
48 49 1
48 47 1
48 56 1
48 51 1
48 63 1
48 50 1
48 56 1
48 46 1
48 48 1
48 53 1
48 45 1
48 52 1
48 48 1
48 51 1
48 48 1
48 59 1
48 52 1
48 41 1
48 42 1
48 47 1
48 45 1
48 44 1
48 55 1
48 48 0.893484
48 48 1
48 41 1
48 47 1
48 46 1
48 46 1
48 41 1
48 46 0.814091
48 53 1
48 50 1
48 48 1
48 49 1
48 45 1
48 47 1
48 46 1
48 50 0.938246
48 48 1
48 53 1
48 49 1
48 51 1
48 45 1
48 45 1
48 55 1
48 54 1
48 62 1
48 37 1
48 43 1
48 55 1
48 44 1
48 63 0.782582
48 37 1
48 56 1
48 55 1
48 51 1
48 51 1
48 47 1
48 45 1
48 54 1
48 56 1
48 50 1
48 42 1
48 56 1
48 49 1
48 46 1
48 44 1
48 52 1
48 44 1
48 41 0.808155
48 44 1
48 38 1
48 52 1
48 37 1
48 57 1
48 45 1
48 45 1
48 41 1
48 47 1
48 35 1
48 50 1
48 45 1
48 46 0.973799
48 46 1
48 55 1
48 57 1
48 51 1
48 38 1
48 48 1
48 58 1
48 50 1
48 49 0.963151
48 56 1
48 49 1
48 59 1
48 62 1
48 56 1
48 36 1
48 42 1
48 50 1
48 42 1
48 53 1
48 55 1
48 54 1
48 51 1
48 33 1
48 52 1
48 49 1
48 46 1
48 39 1
48 49 1
48 54 1
48 59 1
48 48 1
48 45 1
48 40 1
48 47 1
48 43 1
48 45 1
48 49 1
48 25 1
48 44 1
48 55 1
48 36 1
48 53 1
48 53 1
48 52 1
48 38 1
48 46 1
48 54 1
48 56 1
48 47 0.923469
48 48 1
48 66 1
48 35 1
48 49 1
48 50 1
48 51 1
48 60 1
48 45 1
48 50 1
48 43 1
48 63 1
48 46 1
48 60 1
48 55 1
48 45 1
48 56 1
48 44 0.889562
48 56 1
48 58 1
48 54 0.916412
48 48 1
48 45 1
48 54 1
48 43 1
48 43 1
48 56 1
48 46 1
48 52 1
48 51 1
48 47 1
48 52 1
48 58 1
48 40 1
48 46 1
48 49 1
48 39 1
48 47 1
48 57 1
48 41 1
48 50 1
48 36 1
48 60 1
48 55 1
48 43 1
48 55 1
48 44 1
48 59 1
48 49 1
48 50 1
48 53 1
48 45 0.98871
48 45 1
48 59 1
48 48 1
48 45 1
48 50 1
48 54 1
48 57 1
48 48 1
48 64 1
48 51 1
48 54 1
48 40 1
48 49 1
48 46 1
48 53 1
48 54 1
48 50 1
48 53 1
48 44 1
48 44 1
48 52 1
48 52 1
48 53 1
48 48 1
48 55 1
48 51 1
48 42 1
48 46 1
48 53 1
48 48 1
48 56 1
48 48 1
48 47 1
48 55 1
48 44 1
48 37 1
48 51 1
48 41 1
48 51 1
48 45 1
48 43 1
48 57 1
48 56 1
48 49 1
48 45 1
48 52 1
48 48 1
48 46 1
48 42 1
48 45 1
48 45 1
48 48 1
48 53 1
48 51 1
48 52 1
48 45 1
48 53 1
48 44 1
48 38 1
48 48 1
48 52 1
48 55 1
48 51 1
48 50 1
48 48 0.931873
48 51 1
48 52 1
48 44 1
48 44 1
48 48 1
48 46 1
48 44 1
48 42 1
48 42 1
48 43 1
48 47 1
48 48 1
48 46 1
48 52 1
48 48 1
48 34 1
48 55 1
48 51 1
48 50 1
48 44 1
48 45 1
48 52 1
48 52 1
48 55 1
48 48 1
48 45 1
48 51 1
48 41 1
48 56 1
48 54 1
48 53 1
48 47 1
48 54 1
48 41 1
48 50 1
48 37 1
48 47 1
48 50 1
48 51 1
48 43 1
48 59 1
48 49 1
48 43 1
48 39 1
48 50 1
48 44 1
48 54 1
48 51 1
48 39 1
48 54 1
48 54 1
48 45 1
48 36 1
48 46 1
48 42 1
48 48 1
48 40 1
48 45 1
48 50 1
48 44 1
48 51 1
48 44 1
48 41 1
48 49 1
48 40 1
48 48 1
48 42 1
48 49 1
48 40 1
48 45 1
48 46 1
48 46 1
48 55 1
48 53 1
48 48 1
48 55 1
48 48 1
48 49 1
48 43 1
48 43 1
48 47 1
48 50 1
48 54 1
48 46 1
48 55 1
48 47 1
48 37 1
48 51 1
48 55 1
48 50 1
48 54 1
48 45 1
48 48 1
48 49 1
48 45 1
48 44 1
48 58 1
48 52 1
48 55 1
48 52 1
48 50 1
48 51 1
48 56 1
48 57 1
48 56 1
48 39 1
48 55 1
48 42 1
48 50 0.770764
48 45 1
48 50 1
48 50 1
48 56 1
48 50 1
48 37 1
48 50 1
48 52 1
48 42 1
48 51 1
48 55 1
48 51 1
48 42 1
48 52 1
48 47 1
48 54 1
48 49 1
48 52 1
48 54 1
48 57 1
48 46 1
48 41 1
48 63 1
48 48 1
48 34 1
48 50 1
48 48 1
48 56 1
48 53 1
48 39 1
48 46 1
48 50 1
48 56 1
48 49 1
48 49 1
48 49 1
48 37 1
48 59 1
48 56 1
48 50 1
48 38 1
48 52 1
48 56 1
48 59 1
48 45 1
48 47 1
48 46 1
48 49 1
48 54 1
48 42 1
48 50 1
48 47 1
48 46 1
48 45 1
48 63 1
48 48 1
48 43 1
48 43 1
48 46 1
48 44 1
48 47 1
48 46 1
48 45 1
48 44 1
48 36 1
48 41 1
48 55 1
48 57 1
48 40 1
48 58 1
48 47 1
48 50 1
48 55 1
48 43 1
48 46 1
48 49 1
48 61 1
48 44 1
48 45 1
48 56 1
48 56 0.981738
48 45 1
48 61 1
48 45 1
48 43 1
48 58 1
48 60 1
48 46 1
48 44 1
48 49 1
48 52 1
48 38 1
48 47 1
48 46 1
48 54 0.97068
48 46 1
48 49 1
48 43 1
48 53 1
48 54 1
48 53 1
48 42 0.959995
48 56 1
48 54 1
48 59 1
48 47 1
48 53 1
48 54 1
48 52 1
48 48 1
48 34 1
48 55 1
48 45 1
48 54 1
48 54 1
48 49 1
48 43 1
48 55 1
48 56 1
48 45 1
48 43 1
48 44 1
48 49 1
48 51 0.788395
48 54 1
48 49 1
48 60 1
48 67 1
48 42 1
48 61 1
48 50 1
48 51 1
48 39 1
48 45 1
48 46 1
48 45 1
48 47 1
48 58 1
48 45 1
48 43 1
48 46 1
48 52 1
48 47 1
48 56 1
48 60 1
48 51 1
48 53 0.768078
48 42 1
48 54 1
48 53 1
48 49 1
48 52 0.960807
48 49 1
48 57 1
48 50 1
48 50 1
48 54 1
48 48 1
48 39 1
48 47 1
48 47 1
48 42 1
48 40 1
48 48 1
48 51 1
48 44 1
48 53 1
48 39 1
48 49 1
48 46 1
48 43 1
48 44 1
48 62 1
48 61 1
48 36 1
48 55 1
48 53 1
48 54 1
48 47 1
48 39 1
48 49 1
48 45 1
48 43 1
48 53 1
48 45 1
48 50 1
48 50 0.936203
48 55 1
48 52 1
48 55 1
48 59 1
48 52 0.695136
48 44 1
48 33 1
48 46 1
48 44 1
48 44 1
48 45 1
48 45 1
48 45 1
48 57 1
48 52 1
48 50 1
48 57 1
48 53 1
48 50 1
48 50 1
48 42 1
48 48 1
48 51 1
48 53 1
48 53 1
48 44 1
48 59 1
48 36 0.713678
48 50 1
48 51 1
48 54 1
48 48 1
48 54 1
48 54 1
48 49 1
48 45 1
48 52 1
48 44 1
48 31 1
48 44 1
48 51 1
48 42 1
48 57 1
48 49 1
48 46 1
48 54 1
48 41 1
48 45 1
48 53 1
48 47 1
48 53 0.609789
48 49 1
48 58 1
48 48 1
48 54 1
48 43 1
48 60 1
48 36 1
48 42 1
48 43 1
48 57 1
48 56 1
48 50 1
48 50 1
48 51 1
48 47 1
48 47 1
48 47 1
48 59 1
48 50 1
48 37 1
48 54 1
48 48 1
48 40 1
48 50 0.90619
48 35 1
48 46 1
48 35 1
48 52 1
48 53 1
48 38 1
48 31 1
48 39 1
48 41 1
48 41 1
48 59 1
48 62 1
48 59 1
48 38 1
48 42 0.804401
48 61 1
48 44 1
48 52 1
48 56 1
48 55 1
48 50 1
48 59 1
48 50 1
48 62 1
48 39 1
48 50 1
48 49 1
48 48 1
48 50 1
48 45 1
48 58 1
48 55 1
48 43 1
48 45 1
48 39 1
48 50 0.887159
48 45 1
48 54 0.800708
48 59 1
48 56 1
48 49 1
48 41 1
48 54 1
48 55 1
48 42 1
48 47 1
48 55 1
48 54 1
48 49 1
48 55 1
48 42 1
48 48 1
48 49 1
48 43 0.890117
48 47 1
48 56 0.948967
48 49 1
48 49 1
48 57 1
48 56 1
48 49 1
48 47 1
48 42 1
48 54 1
48 47 1
48 44 1
48 51 1
48 48 1
48 58 1
48 55 1
48 51 1
48 59 1
48 54 1
48 48 1
48 60 0.670318
48 47 1
48 51 1
48 42 1
48 49 1
48 56 1
48 39 1
48 40 1
48 44 1
48 57 1
48 51 1
48 55 0.924393
48 45 1
48 40 1
48 45 1
48 41 1
48 49 1
48 52 1
48 52 1
48 35 1
48 53 1
48 48 1
48 50 1
48 52 1
48 48 1
48 70 0.868223
48 39 1
48 52 1
48 46 1
48 49 1
48 61 1
48 46 1
48 51 1
48 49 1
48 37 1
48 48 1
48 47 1
48 48 1
48 50 1
48 49 0.593983
48 41 1
48 48 1
48 45 1
48 48 1
48 48 1
48 51 1
48 51 1
48 51 1
48 48 1
48 53 1
48 51 1
48 44 1
48 52 1
48 54 1
48 52 1
48 54 1
48 50 0.751747
48 43 1
48 46 1
48 52 1
48 41 1
48 48 1
48 57 1
48 55 0.811757
48 60 1
48 45 0.792284
48 45 1
48 34 1
48 47 1
48 45 1
48 50 1
48 54 1
48 49 1
48 53 1
48 46 1
48 42 1
48 51 1
48 51 1
48 39 1
48 45 1
48 53 1
48 47 1
48 50 1
48 51 1
48 47 1
48 54 1
48 53 1
48 46 1
48 54 1
48 52 1
48 45 1
48 43 1
48 47 1
48 42 1
48 47 1
48 35 1
48 44 1
48 52 1
48 44 1
48 50 1
48 39 1
48 46 1
48 52 1
48 52 0.860524
48 50 1
48 49 1
48 50 1
48 64 1
48 45 1
48 46 1
48 56 1
48 52 1
48 59 1
48 42 0.876535
48 49 1
48 45 1
48 49 1
48 45 1
48 51 1
48 53 1
48 57 1
48 48 1
48 54 1
48 53 1
48 64 1
48 42 0.89464
48 42 1
48 45 1
48 52 0.84064
48 45 1
48 55 1
48 42 1
48 38 1
48 50 1
48 53 0.897811
48 55 1
48 46 1
48 50 1
48 52 1
48 42 1
48 49 1
48 52 1
48 40 1
48 43 1
48 45 1
48 49 1
48 50 1
48 54 1
48 43 1
48 48 1
48 41 1
48 48 1
48 56 1
48 44 1
48 38 0.772451
48 50 1
48 59 1
48 46 1
48 55 1
48 41 0.876645
48 51 1
48 53 1
48 40 1
48 43 1
48 56 1
48 49 1
48 39 1
48 37 1
48 51 1
48 51 1
48 53 1
48 46 1
48 44 1
48 53 1
48 44 1
48 38 1
48 47 1
48 45 1
48 42 1
48 47 1
48 57 1
48 54 1
48 43 1
48 54 1
48 53 1
48 48 1
48 55 1
48 52 1
48 50 1
48 42 1
48 47 1
48 44 1
48 60 1
48 46 1
48 47 1
48 50 0.9734
48 52 1
48 47 0.847633
48 42 1
48 49 1
48 45 1
48 48 1
48 51 1
48 53 1
48 60 1
48 36 1
48 46 1
48 53 1
48 38 1
48 46 1
48 54 1
48 47 1
48 36 1
48 50 1
48 49 1
48 46 1
48 57 1
48 48 1
48 45 1
48 42 1
48 51 1
48 49 0.952593
48 44 1
48 48 1
48 50 1
48 31 1
48 57 1
48 49 1
48 51 1
48 54 0.839408
48 44 1
48 48 1
48 44 1
48 53 1
48 44 1
48 48 1
48 52 1
48 47 1
48 58 1
48 45 1
48 43 1
48 49 1
48 67 1
48 46 1
48 43 1
48 37 1
48 39 1
48 39 1
48 49 1
48 48 1
48 36 1
48 48 1
48 45 1
48 47 1
48 48 1
48 40 1
48 60 1
48 49 1
48 40 1
48 50 0.624657
48 51 1
48 42 1
48 53 1
48 49 1
48 43 1
48 44 1
48 42 1
48 45 1
48 54 1
48 38 1
48 55 1
48 49 0.885638
48 56 1
48 53 1
48 55 1
48 52 1
48 37 1
48 37 1
48 50 1
48 44 1
48 57 1
48 45 0.665964
48 47 1
48 52 1
48 55 1
48 54 1
48 60 1
48 43 1
48 42 1
48 51 1
48 39 1
48 46 1
48 46 1
48 52 1
48 52 1
48 43 1
48 53 1
48 49 1
48 40 1
48 48 0.548722
48 50 1
48 51 1
48 58 1
48 45 1
48 47 1
48 58 0.801728
48 53 1
48 43 0.924359
48 52 1
48 38 1
48 42 1
48 46 1
48 49 1
48 47 0.912067
48 52 1
48 47 1
48 44 1
48 58 1
48 51 1
48 48 1
48 47 1
48 37 1
48 55 1
48 44 1
48 55 1
48 51 1
48 47 1
48 39 1
48 48 1
48 45 1
48 60 1
48 42 1
48 51 1
48 50 1
48 55 1
48 54 1
48 50 1
48 50 1
48 48 1
48 42 1
48 56 1
48 53 1
48 43 1
48 58 1
48 43 1
48 39 1
48 39 1
48 50 1
48 46 1
48 49 1
48 48 1
48 48 1
48 44 1
48 47 1
48 43 0.767233
48 41 1
48 53 1
48 42 1
48 39 1
48 35 1
48 52 1
48 44 1
48 56 0.668306
48 45 1
48 47 1
48 58 1
48 36 1
48 42 1
48 55 1
48 45 1
48 40 1
48 39 1
48 45 1
48 38 1
48 42 1
48 44 1
48 38 1
48 55 1
48 40 1
48 59 1
48 50 1
48 46 1
48 44 1
48 46 1
48 40 1
48 52 1
48 42 1
48 46 1
48 50 1
48 48 1
48 49 1
48 58 1
48 60 1
48 59 1
48 44 1
48 45 1
48 52 1
48 45 1
48 54 1
48 47 1
48 43 1
48 52 1
48 55 1
48 40 1
48 53 1
48 47 1
48 55 1
48 57 1
48 52 1
48 50 1
48 48 1
48 48 1
48 47 1
48 49 1
48 45 0.821932
48 39 1
48 45 1
48 48 1
48 51 1
48 53 1
48 49 1
48 44 1
48 49 1
48 49 1
48 44 1
48 38 1
48 47 1
48 45 1
48 53 1
48 64 1
48 56 1
48 49 1
48 58 1
48 46 1
48 42 1
48 57 1
48 45 1
48 44 1
48 50 1
48 48 1
48 52 1
48 52 0.780686
48 41 1
48 44 1
48 50 1
48 40 1
48 40 1
48 50 1
48 49 1
48 38 1
48 47 1
48 52 1
48 42 1
48 45 1
48 50 1
48 48 1
48 42 1
48 43 1
48 39 1
48 48 1
48 57 1
48 41 1
48 45 1
48 48 1
48 48 1
48 47 1
48 41 1
48 58 0.814701
48 55 1
48 55 1
48 46 1
48 47 1
48 42 1
48 41 1
48 41 1
48 52 1
48 53 1
48 39 1
48 47 1
48 47 1
48 47 1
48 45 1
48 48 1
48 44 1
48 47 1
48 45 1
48 60 1
48 44 1
48 49 1
48 42 1
48 41 1
48 47 1
48 51 1
48 44 1
48 39 1
48 47 0.949539
48 53 1
48 45 1
48 44 1
48 46 1
48 52 1
48 48 1
48 43 1
48 50 1
48 45 1
48 50 1
48 47 1
48 39 1
48 53 1
48 47 1
48 56 1
48 50 1
48 54 1
48 50 1
48 44 1
48 53 1
48 48 1
48 38 1
48 55 1
48 42 1
48 47 1
48 45 1
48 49 1
48 48 1
48 51 1
48 41 1
48 44 1
48 51 1
48 49 1
48 55 1
48 48 1
48 40 1
48 49 1
48 43 1
48 56 1
48 48 1
48 51 1
48 48 1
48 40 1
48 56 1
48 62 1
48 48 0.823773
48 48 1
48 49 1
48 53 1
48 58 1
48 43 1
48 47 1
48 56 1
48 53 1
48 38 1
48 63 1
48 48 1
48 54 1
48 43 1
48 42 1
48 44 1
48 50 1
48 48 1
48 51 1
48 50 1
48 60 1
48 52 1
48 46 1
48 47 0.781008
48 42 1
48 57 1
48 53 1
48 40 1
48 30 1
48 55 1
48 51 1
48 51 1
48 46 1
48 55 1
48 52 1
48 52 1
48 51 1
48 48 1
48 48 1
48 52 1
48 55 1
48 55 1
48 50 1
48 43 1
48 41 1
48 53 1
48 42 1
48 51 1
48 43 1
48 54 1
48 43 1
48 46 1
48 52 1
48 60 1
48 40 1
48 49 1
48 49 1
48 51 1
48 56 0.826213
48 46 1
48 37 1
48 49 1
48 56 1
48 43 1
48 53 1
48 39 1
48 53 1
48 49 1
48 45 1
48 49 1
48 49 1
48 54 1
48 43 1
48 58 1
48 58 1
48 53 1
48 56 1
48 42 1
48 50 1
48 47 1
48 56 1
48 51 1
48 48 0.807031
48 39 1
48 50 1
48 50 1
48 46 0.764199
48 56 1
48 42 1
48 50 1
48 49 1
48 41 1
48 53 1
48 46 1
48 53 1
48 48 1
48 44 1
48 53 1
48 46 1
48 58 1
48 63 0.844516
48 54 1
48 49 1
48 62 1
48 40 1
48 54 1
48 62 1
48 47 1
48 49 1
48 48 1
48 51 1
48 49 1
48 47 1
48 41 1
48 48 1
48 50 1
48 49 1
48 49 1
48 46 1
48 58 1
48 54 1
48 53 0.793411
48 53 1
48 52 1
48 42 1
48 47 1
48 43 1
48 42 1
48 41 1
48 50 1
48 51 1
48 38 1
48 50 1
48 48 1
48 59 1
48 43 1
48 53 1
48 56 1
48 47 1
48 34 1
48 49 1
48 47 1
48 43 1
48 45 1
48 54 1
48 44 1
48 46 1
48 49 1
48 39 1
48 54 1
48 49 1
48 55 1
48 45 1
48 48 1
48 59 1
48 42 1
48 44 1
48 47 1
48 30 1
48 61 1
48 45 1
48 44 1
48 46 1
48 45 1
48 47 1
48 44 1
48 51 1
48 45 1
48 47 1
48 47 1
48 38 1
48 52 1
48 60 1
48 45 1
48 55 1
48 52 1
48 51 1
48 50 1
48 53 1
48 52 1
48 48 1
48 55 1
48 48 1
48 58 1
48 58 1
48 48 1
48 53 1
48 44 1
48 43 1
48 42 1
48 49 1
48 56 1
48 59 1
48 48 1
48 57 1
48 53 1
48 54 1
48 46 0.900774
48 57 1
48 55 1
48 39 1
48 51 1
48 52 1
48 46 1
48 59 1
48 49 1
48 51 0.838023
48 36 1
48 53 1
48 43 0.828328
48 42 1
48 51 1
48 44 0.881533
48 47 1
48 52 1
48 44 1
48 46 1
48 51 0.919166
48 60 1
48 44 1
48 45 1
48 37 1
48 46 1
48 46 1
48 52 1
48 52 1
48 52 1
48 47 1
48 55 1
48 55 0.807264
48 47 1
48 49 1
48 50 1
48 48 1
48 47 1
48 49 1
48 42 1
48 60 1
48 45 1
48 42 1
48 46 1
48 45 1
48 58 1
48 42 1
48 46 1
48 43 1
48 47 1
48 44 0.879955
48 53 1
48 55 1
48 53 1
48 44 1
48 50 1
48 45 1
48 41 1
48 45 1
48 52 1
48 53 1
48 57 1
48 55 1
48 53 1
48 47 1
48 43 1
48 48 1
48 44 1
48 43 1
48 51 1
48 47 1
48 41 1
48 44 1
48 47 1
48 49 1
48 50 1
48 50 1
48 58 1
48 51 1
48 57 1
48 51 1
48 44 1
48 41 1
48 43 1
48 46 1
48 36 1
48 43 1
48 46 1
48 60 1
48 53 1
48 51 1
48 44 1
48 43 1
48 50 1
48 49 1
48 49 1
48 49 1
48 47 1
48 43 1
48 46 1
48 47 1
48 46 1
48 56 1
48 59 1
48 45 1
48 54 1
48 46 1
48 55 1
48 44 1
48 59 1
48 52 1
48 58 1
48 51 1
48 43 1
48 60 1
48 57 1
48 44 0.763952
48 52 1
48 47 1
48 51 0.817568
48 49 1
48 57 1
48 56 1
48 46 1
48 38 1
48 48 1
48 49 1
48 57 1
48 45 1
48 44 1
48 50 1
48 51 1
48 44 1
48 48 1
48 55 1
48 49 1
48 54 1
48 46 1
48 46 1
48 56 0.828876
48 39 1
48 48 1
48 42 1
48 42 1
48 56 1
48 47 1
48 46 1
48 54 1
48 42 1
48 50 1
48 45 1
48 45 1
48 42 1
48 45 0.877703
48 51 1
48 46 1
48 47 1
48 37 1
48 54 1
48 53 1
48 45 1
48 53 1
48 40 1
48 49 1
48 46 1
48 56 0.896452
48 55 1
48 49 1
48 45 1
48 50 1
48 51 1
48 46 1
48 51 1
48 48 1
48 43 1
48 44 1
48 48 1
48 52 1
48 46 1
48 43 1
48 46 1
48 36 1
48 38 1
48 41 1
48 48 1
48 49 1
48 54 1
48 38 1
48 54 1
48 53 1
48 37 1
48 49 1
48 53 1
48 48 1
48 37 1
48 57 1
48 41 1
48 46 1
48 48 1
48 49 1
48 51 1
48 42 1
48 41 1
48 54 0.823868
48 45 1
48 46 1
48 42 1
48 55 1
48 39 1
48 43 1
48 50 1
48 50 1
48 54 1
48 43 0.742899
48 44 1
48 52 1
48 50 1
48 52 1
48 44 1
48 47 1
48 44 1
48 46 1
48 53 1
48 45 1
48 42 0.950083
48 52 1
48 42 1
48 56 1
48 46 1
48 50 1
48 55 0.728751
48 56 1
48 48 1
48 54 1
48 41 1
48 45 1
48 45 1
48 51 1
48 50 1
48 41 1
48 33 1
48 43 0.754996
48 50 1
48 42 1
48 52 1
48 44 1
48 42 1
48 55 1
48 47 1
48 50 1
48 53 1
48 35 1
48 62 1
48 44 1
48 50 1
48 45 1
48 45 1
48 48 1
48 49 1
48 58 1
48 53 1
48 50 1
48 41 1
48 38 1
48 55 1
48 42 1
48 33 1
48 41 1
48 45 1
48 45 1
48 49 1
48 48 1
48 50 1
48 50 1
48 46 1
48 55 1
48 48 1
48 46 1
48 40 1
48 55 1
48 41 1
48 58 1
48 58 1
48 52 1
48 42 1
48 59 1
48 54 1
48 45 1
48 51 1
48 46 1
48 52 1
48 46 1
48 46 1
48 53 1
48 55 1
48 56 0.90578
48 60 1
48 46 1
48 52 1
48 53 1
48 47 1
48 49 1
48 42 1
48 57 1
48 50 1
48 46 1
48 39 1
48 48 1
48 60 1
48 50 1
48 42 1
48 51 1
48 52 1
48 39 1
48 51 1
48 55 1
48 54 1
48 50 1
48 50 1
48 41 1
48 54 1
48 62 1
48 38 1
48 44 1
48 50 1
48 55 1
48 50 1
48 41 1
48 47 1
48 45 1
48 41 1
48 61 1
48 44 1
48 49 1
48 55 1
48 45 1
48 45 1
48 50 1
48 60 1
48 43 1
48 53 1
48 49 1
48 44 1
48 49 1
48 41 1
48 56 1
48 40 1
48 46 1
48 54 1
48 49 1
48 47 1
48 50 1
48 51 1
48 46 1
48 53 1
48 41 1
48 43 1
48 40 1
48 50 1
48 47 1
48 46 1
48 49 1
48 61 1
48 50 1
48 53 1
48 50 1
48 40 1
48 46 1
48 41 0.803843
48 55 1
48 54 1
48 56 1
48 50 1
48 52 1
48 43 1
48 43 1
48 48 1
48 51 1
48 45 1
48 52 1
48 62 1
48 38 1
48 54 1
48 53 1
48 45 0.906221
48 60 1
48 53 1
48 48 0.873741
48 50 1
48 49 1
48 59 1
48 55 1
48 53 1
48 38 1
48 55 1
48 48 1
48 38 1
48 49 1
48 41 1
48 49 1
48 44 1
48 50 1
48 47 1
48 48 1
48 53 1
48 48 1
48 46 1
48 53 0.777516
48 56 1
48 50 1
48 43 1
48 47 1
48 49 0.817679
48 55 1
48 55 1
48 43 1
48 43 1
48 47 1
48 49 1
48 57 1
48 53 1
48 45 1
48 46 1
48 57 1
48 40 1
48 59 1
48 42 1
48 46 1
48 57 1
48 45 1
48 47 1
48 45 1
48 53 1
48 37 1
48 43 1
48 47 1
48 44 1
48 51 1
48 50 1
48 42 1
48 49 1
48 53 1
48 36 1
48 53 1
48 44 1
48 52 1
48 42 1
48 40 1
48 41 1
48 47 1
48 45 1
48 47 1
48 55 1
48 53 1
48 41 1
48 50 1
48 52 1
48 50 1
48 58 1
48 51 1
48 56 1
48 53 1
48 46 1
48 49 1
48 45 1
48 63 1
48 46 1
48 50 1
48 52 1
48 40 1
48 44 1
48 42 1
48 55 1
48 54 1
48 52 1
48 55 1
48 54 1
48 39 1
48 40 1
48 51 1
48 43 1
48 46 1
48 57 1
48 44 1
48 40 1
48 54 1
48 56 1
48 50 1
48 48 1
48 44 0.918462
48 42 1
48 45 1
48 47 1
48 44 1
48 50 1
48 59 1
48 48 1
48 45 1
48 46 1
48 54 1
48 43 1
48 48 1
48 51 1
48 43 1
48 52 1
48 56 1
48 55 1
48 57 1
48 47 1
48 43 1
48 41 1
48 46 1
48 56 1
48 52 1
48 49 1
48 54 1
48 56 1
48 55 1
48 49 1
48 51 1
48 45 1
48 55 1
48 60 1
48 48 1
48 51 1
48 35 0.830443
48 57 1
48 37 1
48 49 1
48 47 1
48 47 1
48 54 1
48 48 1
48 46 1
48 46 1
48 55 0.646421
48 48 1
48 50 1
48 48 1
48 50 1
48 37 1
48 38 1
48 48 1
48 53 1
48 43 1
48 57 1
48 45 1
48 56 1
48 39 1
48 53 1
48 45 1
48 46 1
48 47 1
48 46 1
48 44 1
48 57 1
48 48 1
48 41 1
48 48 1
48 53 1
48 50 0.756394
48 54 1
48 58 1
48 46 0.916448
48 49 1
48 41 1
48 41 1
48 50 1
48 50 1
48 45 1
48 41 1
48 43 1
48 43 1
48 44 1
48 52 1
48 51 1
48 53 1
48 46 1
48 49 1
48 46 1
48 41 1
48 46 1
48 45 1
48 46 1
48 51 1
48 58 1
48 41 1
48 55 1
48 51 1
48 66 1
48 42 1
48 53 1
48 48 1
48 57 1
48 49 1
48 49 1
48 46 1
48 55 1
48 50 1
48 44 1
48 49 1
48 51 1
48 55 1
48 43 1
48 49 1
48 41 1
48 50 1
48 39 1
48 53 1
48 49 1
48 54 1
48 51 1
48 41 1
48 63 1
48 53 1
48 48 0.815883
48 51 1
48 51 1
48 47 1
48 35 1
48 55 1
48 43 1
48 37 1
48 49 1
48 43 1
48 57 1
48 41 1
48 54 1
48 42 1
48 52 1
48 46 1
48 53 1
48 46 1
48 50 1
48 47 1
48 40 1
48 46 1
48 55 1
48 46 1
48 63 1
48 44 1
48 53 1
48 51 0.900384
48 63 1
48 40 1
48 39 0.849473
48 55 1
48 58 1
48 38 1
48 57 1
48 51 1
48 55 1
48 54 1
48 55 1
48 52 1
48 48 1
48 45 1
48 48 1
48 43 0.733634
48 55 1
48 39 1
48 45 1
48 52 1
48 56 1
48 54 1
48 46 1
48 50 1
48 49 1
48 50 1
48 45 1
48 55 1
48 39 1
48 52 1
48 48 1
48 40 1
48 51 1
48 45 1
48 51 1
48 40 1
48 52 1
48 44 1
48 43 1
48 34 1
48 47 1
48 36 1
48 44 1
48 38 1
48 50 1
48 55 1
48 50 1
48 47 1
48 33 1
48 40 1
48 52 1
48 53 1
48 46 1
48 33 1
48 51 1
48 57 1
48 50 1
48 60 0.842987
48 58 1
48 33 1
48 42 1
48 46 1
48 38 0.85243
48 56 1
48 56 1
48 53 1
48 44 1
48 48 1
48 46 1
48 47 1
48 46 1
48 39 1
48 48 1
48 45 1
48 49 1
48 63 1
48 56 1
48 39 1
48 58 1
48 41 1
48 49 1
48 50 1
48 43 1
48 46 0.902748
48 41 1
48 58 1
48 52 1
48 54 1
48 43 1
48 48 1
48 57 1
48 46 0.906778
48 53 1
48 50 1
48 46 1
48 47 1
48 45 0.842308
48 41 1
48 61 1
48 42 1
48 45 1
48 47 1
48 61 1
48 48 1
48 47 1
48 41 1
48 50 1
48 48 1
48 55 1
48 53 0.925695
48 55 1
48 44 1
48 37 0.815326
48 47 0.878881
48 56 1
48 51 1
48 35 1
48 47 1
48 36 1
48 55 1
48 50 1
48 36 0.820134
48 45 1
48 45 1
48 47 1
48 52 1
48 37 1
48 51 1
48 36 1
48 49 1
48 55 1
48 41 1
48 48 1
48 45 1
48 52 1
48 42 1
48 54 1
48 45 1
48 49 1
48 38 1
48 41 1
48 40 1
48 59 1
48 46 1
48 58 1
48 51 1
48 58 1
48 46 1
48 60 0.513991
48 40 1
48 59 1
48 60 1
48 53 1
48 47 1
48 39 1
48 58 1
48 47 1
48 49 1
48 58 1
48 44 1
48 34 1
48 58 1
48 52 1
48 40 1
48 47 1
48 39 1
48 54 1
48 40 1
48 45 1
48 60 1
48 43 1
48 55 1
48 55 1
48 51 1
48 42 1
