5000 100000
48 51 1
48 47 1
48 48 0.931982
48 39 0.887151
48 48 0.696054
48 51 0.714497
48 52 0.880747
48 58 1
48 52 1
48 48 0.769896
48 45 0.936453
48 45 0.96401
48 45 1
48 44 1
48 45 0.756411
48 33 1
48 62 1
48 60 0.832135
48 48 0.798481
48 54 1
48 60 0.740665
48 45 1
48 44 0.962365
48 54 1
48 52 1
48 55 1
48 46 0.770765
48 51 0.545376
48 49 0.844555
48 54 0.744408
48 37 1
48 57 1
48 45 0.814191
48 44 1
48 47 1
48 58 1
48 48 0.750966
48 53 1
48 57 0.778546
48 42 1
48 50 0.782505
48 50 1
48 53 0.914637
48 46 0.837948
48 46 1
48 58 1
48 61 0.676286
48 44 1
48 45 0.79274
48 59 0.925698
48 48 1
48 50 1
48 46 0.49649
48 59 1
48 34 1
48 55 0.668874
48 47 0.941217
48 52 0.823362
48 48 1
48 50 0.94588
48 49 1
48 52 0.89575
48 47 1
48 49 1
48 46 0.881093
48 47 0.800252
48 51 0.802983
48 42 1
48 48 1
48 50 0.598619
48 55 1
48 44 1
48 46 1
48 44 1
48 48 1
48 43 1
48 51 0.771765
48 49 0.846109
48 43 1
48 48 0.552706
48 35 0.553903
48 48 0.731757
48 48 0.771122
48 42 1
48 46 1
48 51 1
48 49 1
48 49 1
48 48 0.829446
48 49 1
48 57 0.781253
48 38 0.937508
48 45 0.806365
48 50 0.957634
48 67 1
48 50 0.705375
48 43 1
48 43 0.872617
48 48 0.716956
48 52 1
48 52 0.935793
48 43 1
48 47 1
48 54 0.92723
48 49 1
48 39 0.898147
48 39 0.659963
48 43 1
48 48 0.821709
48 50 0.886574
48 46 1
48 44 0.761914
48 50 1
48 48 1
48 38 1
48 47 0.712499
48 56 1
48 56 0.865768
48 39 0.78611
48 45 0.922368
48 48 0.868304
48 43 1
48 47 1
48 46 1
48 50 0.941892
48 44 1
48 46 0.795651
48 49 1
48 48 0.903006
48 42 0.789178
48 45 1
48 50 0.949351
48 47 0.891231
48 46 0.885886
48 50 1
48 47 0.832767
48 51 0.875146
48 52 0.843679
48 49 1
48 53 1
48 57 1
48 40 1
48 52 1
48 40 0.921738
48 52 0.916502
48 45 1
48 45 1
48 55 1
48 48 1
48 45 1
48 43 1
48 35 1
48 34 1
48 55 1
48 52 0.854907
48 57 1
48 48 1
48 52 1
48 47 0.925143
48 57 1
48 47 1
48 54 0.918588
48 41 0.916018
48 41 1
48 42 0.939176
48 50 1
48 57 1
48 48 0.446754
48 54 0.590782
48 46 0.765055
48 53 1
48 42 1
48 50 1
48 48 1
48 47 1
48 45 1
48 50 0.748221
48 44 0.949524
48 55 0.9505
48 43 0.973108
48 45 0.879298
48 43 0.955488
48 53 1
48 46 0.760901
48 55 1
48 55 0.818398
48 52 1
48 55 0.907078
48 47 0.768449
48 51 1
48 41 1
48 50 1
48 37 0.841032
48 46 0.97187
48 58 1
48 56 1
48 44 1
48 56 0.646688
48 48 0.780311
48 62 1
48 34 1
48 44 0.789691
48 55 1
48 47 1
48 40 0.781776
48 51 1
48 48 0.963257
48 47 1
48 41 0.827598
48 55 1
48 48 1
48 48 1
48 58 1
48 55 1
48 40 1
48 55 0.956111
48 40 0.724606
48 47 1
48 49 1
48 46 0.9025
48 51 1
48 43 1
48 43 0.767356
48 55 1
48 53 1
48 58 1
48 49 0.84798
48 54 0.628988
48 42 0.935003
48 64 0.860097
48 50 1
48 51 1
48 46 0.942034
48 56 0.813621
48 53 0.865794
48 53 1
48 53 1
48 52 1
48 50 0.948883
48 45 1
48 55 1
48 48 1
48 57 1
48 48 0.864159
48 49 1
48 50 0.795343
48 51 0.857185
48 54 0.907902
48 50 1
48 45 0.973586
48 39 1
48 46 1
48 55 0.855366
48 52 1
48 44 0.927465
48 53 1
48 38 1
48 60 1
48 51 1
48 44 1
48 48 1
48 49 1
48 50 1
48 50 0.916902
48 45 0.827101
48 44 1
48 53 1
48 36 1
48 48 1
48 52 1
48 60 0.838964
48 48 0.975619
48 47 1
48 53 0.845037
48 53 1
48 48 1
48 40 0.863528
48 43 1
48 46 1
48 39 1
48 47 0.767499
48 53 1
48 40 1
48 39 0.807368
48 52 0.885934
48 45 0.83018
48 51 0.884387
48 41 1
48 57 1
48 49 1
48 58 1
48 48 1
48 42 0.852035
48 53 1
48 45 1
48 48 0.872096
48 53 1
48 49 1
48 51 0.664174
48 42 1
48 48 1
48 50 1
48 41 1
48 49 0.89533
48 50 1
48 48 0.791815
48 46 1
48 48 0.880162
48 53 1
48 54 0.746756
48 52 1
48 52 0.966725
48 50 1
48 47 0.746006
48 48 0.925916
48 42 0.72715
48 60 1
48 50 1
48 46 1
48 49 0.893484
48 39 0.814091
48 38 1
48 53 1
48 49 1
48 53 0.938246
48 51 0.782582
48 59 1
48 53 0.808155
48 53 0.973799
48 60 1
48 55 0.963151
48 51 1
48 43 0.923469
48 53 1
48 44 1
48 44 0.889562
48 45 1
48 59 0.916412
48 36 1
48 56 0.98871
48 38 1
48 49 1
48 56 0.931873
48 60 1
48 48 1
48 42 0.770764
48 51 1
48 48 0.981738
48 57 0.97068
48 46 1
48 50 0.959995
48 52 1
48 45 1
48 52 0.788395
48 45 1
48 50 0.768078
48 52 0.960807
48 49 1
48 45 0.936203
48 55 1
48 58 0.695136
48 50 0.713678
48 60 1
48 46 0.609789
48 56 1
48 49 1
48 53 1
48 51 0.90619
48 45 0.804401
48 49 0.887159
48 44 0.800708
48 47 0.890117
48 48 1
48 50 0.948967
48 47 0.670318
48 44 1
48 44 1
48 48 0.924393
48 53 0.868223
48 59 1
48 41 1
48 45 0.593983
48 51 1
48 53 1
48 48 0.751747
48 43 1
48 43 0.811757
48 46 1
48 54 0.792284
48 39 0.860524
48 46 1
48 59 0.876535
48 45 1
48 59 0.89464
48 40 1
48 44 1
48 50 1
48 50 0.84064
48 55 1
48 55 0.897811
48 54 0.772451
48 37 1
48 47 1
48 43 1
48 52 1
48 56 1
48 50 1
48 51 0.876645
48 46 0.9734
48 53 1
48 48 1
48 47 1
48 48 0.847633
48 53 0.952593
48 46 0.839408
48 49 0.624657
48 53 0.885638
48 46 1
48 57 1
48 45 1
48 44 0.665964
48 48 1
48 53 0.548722
48 48 1
48 40 0.801728
48 48 1
48 47 1
48 36 1
48 44 1
48 31 0.924359
48 44 0.912067
48 53 1
48 43 1
48 50 0.767233
48 47 0.668306
48 46 0.821932
48 51 0.780686
48 37 0.814701
48 37 1
48 56 0.949539
48 47 0.823773
48 61 0.781008
48 44 0.826213
48 46 0.807031
48 50 0.764199
48 45 1
48 51 0.844516
48 44 0.793411
48 43 1
48 51 0.900774
48 43 1
48 53 0.838023
48 48 0.828328
48 50 0.881533
48 55 1
48 60 1
48 49 1
48 46 1
48 45 1
48 59 0.919166
48 46 0.807264
48 50 1
48 48 1
48 52 0.879955
48 52 0.763952
48 48 0.817568
48 50 1
48 48 1
48 55 1
48 53 1
48 43 1
48 37 0.828876
48 52 0.877703
48 47 0.896452
48 49 1
48 49 1
48 49 0.823868
48 43 1
48 45 0.742899
48 40 0.950083
48 49 1
48 58 0.728751
48 48 0.754996
48 55 1
48 52 1
48 47 1
48 44 0.90578
48 41 1
48 53 0.803843
48 60 0.906221
48 47 1
48 42 0.873741
48 51 1
48 43 1
48 63 0.777516
48 50 1
48 53 0.817679
48 51 0.918462
48 54 1
48 51 1
48 51 0.830443
48 43 1
48 46 0.646421
48 42 1
48 48 1
48 57 1
48 57 0.756394
48 50 1
48 45 1
48 41 1
48 45 1
48 50 1
48 57 0.916448
48 48 1
48 52 0.815883
48 51 0.900384
48 43 1
48 47 0.849473
48 38 0.733634
48 45 1
48 42 1
48 44 1
48 47 1
48 48 1
48 53 0.842987
48 46 0.85243
48 51 0.902748
48 41 0.906778
48 49 1
48 43 0.842308
48 46 1
48 46 1
48 48 1
48 50 1
48 50 1
48 50 0.925695
48 50 1
48 52 1
48 48 0.815326
48 51 0.878881
48 39 1
48 50 0.820134
48 50 1
48 39 0.513991
48 62 1
48 52 0.951119
48 58 1
48 45 0.941138
48 52 1
48 47 0.910401
48 58 0.823865
48 62 0.976213
48 52 0.891647
48 41 0.696113
48 44 0.94258
48 54 1
48 50 1
48 61 0.537893
48 48 0.915279
48 43 1
48 46 1
48 63 0.798921
48 53 0.888093
48 50 0.953126
48 46 1
48 51 0.856509
48 51 0.890298
48 48 0.924649
48 41 0.907627
48 56 1
48 42 0.868151
48 53 1
48 50 0.946764
48 47 0.883727
48 59 0.935802
48 49 1
48 42 1
48 42 0.945863
48 52 0.849845
48 36 0.68937
48 46 0.658733
48 47 0.824458
48 40 0.674144
48 55 1
48 49 1
48 50 1
48 49 1
48 64 0.961028
48 45 0.865392
48 54 0.714454
48 40 1
48 43 0.959325
48 47 0.799848
48 45 1
48 55 0.869285
48 52 1
48 53 0.89549
48 51 0.629787
48 46 0.8289
48 50 0.959197
48 50 0.90852
48 37 0.933596
48 48 0.677829
48 41 1
48 35 0.831314
48 39 0.900781
48 36 0.44241
48 42 0.969599
48 50 0.904111
48 46 0.950637
48 45 0.492332
48 43 0.877565
48 39 0.929026
48 42 1
48 51 1
48 46 0.803969
48 56 1
48 46 1
48 49 0.782446
48 48 1
48 44 0.932843
48 52 1
48 47 0.794969
48 51 0.900535
48 51 1
48 46 0.83232
48 53 0.692455
48 52 1
48 51 1
48 48 0.718172
48 45 1
48 50 0.822341
48 46 1
48 58 0.88678
48 61 1
48 49 0.803715
48 54 1
48 50 1
48 46 1
48 57 0.771992
48 43 0.942833
48 41 0.929927
48 47 1
48 38 1
48 50 0.877966
48 47 1
48 45 0.928876
48 50 1
48 43 0.942049
48 50 0.767374
48 33 0.797259
48 53 0.728293
48 48 0.934384
48 50 1
48 54 1
48 50 1
48 48 1
48 50 1
48 43 0.970787
48 53 1
48 51 0.869024
48 49 1
48 41 0.943597
48 50 1
48 48 0.844811
48 43 0.890487
48 49 0.592164
48 53 1
48 49 0.732236
48 47 1
48 51 1
48 49 0.857243
48 55 1
48 45 0.993137
48 56 0.758568
48 45 1
48 40 1
48 55 0.720418
48 50 1
48 49 1
48 55 1
48 41 0.805609
48 52 1
48 52 1
48 45 0.965064
48 62 1
48 51 0.815832
48 58 1
48 46 1
48 51 0.977952
48 52 0.935156
48 49 1
48 47 0.566661
48 52 1
48 50 0.964722
48 45 1
48 52 0.778011
48 58 0.986555
48 45 0.8445
48 46 0.866656
48 43 1
48 41 0.880133
48 43 1
48 44 1
48 48 1
48 44 1
48 48 1
48 56 1
48 52 0.876058
48 50 0.902344
48 47 0.738472
48 48 1
48 51 1
48 45 0.792952
48 60 1
48 58 1
48 47 0.896514
48 45 0.75995
48 62 0.888111
48 54 1
48 50 0.778226
48 41 0.896809
48 45 1
48 50 1
48 36 0.782858
48 44 1
48 49 1
48 46 1
48 52 0.898981
48 51 0.712968
48 35 0.855355
48 47 1
48 44 1
48 48 0.954302
48 49 0.798083
48 54 1
48 55 0.990752
48 52 1
48 42 1
48 50 1
48 47 1
48 41 1
48 46 0.802879
48 48 0.742207
48 43 1
48 39 0.702313
48 53 1
48 50 0.888417
48 49 0.746357
48 59 0.821926
48 41 0.940477
48 44 1
48 43 1
48 44 0.811716
48 54 0.925576
48 48 0.939276
48 46 0.924445
48 56 1
48 50 0.774508
48 46 1
48 40 0.833441
48 44 1
48 40 1
48 47 1
48 55 0.669842
48 48 1
48 41 0.886078
48 53 0.749128
48 56 0.930487
48 46 1
48 39 0.756261
48 44 1
48 34 0.87481
48 55 1
48 50 0.766263
48 52 0.684356
48 50 0.888591
48 42 1
48 57 0.884891
48 46 0.738187
48 46 1
48 58 0.584413
48 42 0.601051
48 50 1
48 51 1
48 36 0.936795
48 47 1
48 49 1
48 53 1
48 38 1
48 48 1
48 47 1
48 56 1
48 39 1
48 48 1
48 41 0.827565
48 39 0.911398
48 56 0.928351
48 46 0.889738
48 44 1
48 47 0.673991
48 43 1
48 47 0.904422
48 53 1
48 47 1
48 60 1
48 44 1
48 44 1
48 50 0.909846
48 42 0.594828
48 44 1
48 55 0.811376
48 47 1
48 53 0.756364
48 43 1
48 56 1
48 38 0.679954
48 52 0.808873
48 52 0.932621
48 40 1
48 58 0.836584
48 44 0.765776
48 55 1
48 48 1
48 46 0.902674
48 48 0.964723
48 48 0.888174
48 40 1
48 48 0.988902
48 41 0.824014
48 54 0.955258
48 43 0.871416
48 43 0.800157
48 51 0.886871
48 56 0.635091
48 45 1
48 51 0.889136
48 47 0.923068
48 51 0.824549
48 53 0.92148
48 43 0.774329
48 53 0.90176
48 54 1
48 46 1
48 48 0.806188
48 54 0.984731
48 51 0.926836
48 50 0.792235
48 50 0.779983
48 49 0.61591
48 47 0.974165
48 55 0.869851
48 52 0.778254
48 51 1
48 40 1
48 58 1
48 50 0.6397
48 49 0.771411
48 48 0.982819
48 40 0.871886
48 51 0.872551
48 41 0.824544
48 43 0.961681
48 53 1
48 54 0.981024
48 52 0.725004
48 46 0.780996
48 40 1
48 50 0.72525
48 45 1
48 57 0.924862
48 47 1
48 42 1
48 43 1
48 39 0.604093
48 55 0.781724
48 53 0.659665
48 51 1
48 54 0.825663
48 56 0.75938
48 51 1
48 49 1
48 44 1
48 45 1
48 52 0.85944
48 50 0.87915
48 44 0.909962
48 50 0.758281
48 49 0.980637
48 46 0.76398
48 43 0.987545
48 41 0.744331
48 59 0.778352
48 48 0.958029
48 45 0.917634
48 44 1
48 49 1
48 47 0.889795
48 45 1
48 50 1
48 52 0.934398
48 59 1
48 36 1
48 46 0.827298
48 50 1
48 49 1
48 48 1
48 53 1
48 49 0.825642
48 53 0.943075
48 50 1
48 54 1
48 48 1
48 49 0.822623
48 41 0.797688
48 49 0.874178
48 43 0.709238
48 38 1
48 52 1
48 44 1
48 59 1
48 51 1
48 58 0.84694
48 48 1
48 50 0.81114
48 51 1
48 44 1
48 43 0.814988
48 40 1
48 49 1
48 49 0.907468
48 52 0.892523
48 49 1
48 51 1
48 46 0.955814
48 52 0.940578
48 45 0.64256
48 49 1
48 49 0.852647
48 44 1
48 58 1
48 54 0.91258
48 42 0.759698
48 51 0.834516
48 41 0.831046
48 38 1
48 52 1
48 49 1
48 40 1
48 46 1
48 54 1
48 59 1
48 46 0.978841
48 41 0.835177
48 47 1
48 41 0.794141
48 48 0.969231
48 43 0.979621
48 45 1
48 51 1
48 51 0.691748
48 62 1
48 51 1
48 35 1
48 44 1
48 46 0.914234
48 47 0.879658
48 50 0.79853
48 50 1
48 46 1
48 55 0.955403
48 42 1
48 48 1
48 39 0.758183
48 47 0.719832
48 56 1
48 47 0.903343
48 43 1
48 47 0.915089
48 44 0.816821
48 57 0.884986
48 45 1
48 45 0.938102
48 44 0.761665
48 49 0.924343
48 42 0.679398
48 59 1
48 36 0.805981
48 38 1
48 39 0.954516
48 60 0.932561
48 51 0.968233
48 42 0.948599
48 42 1
48 49 1
48 59 0.865794
48 41 1
48 47 1
48 47 0.954718
48 52 1
48 55 1
48 39 1
48 44 1
48 42 0.937079
48 46 1
48 52 1
48 51 0.934921
48 46 1
48 48 1
48 52 1
48 58 1
48 47 1
48 44 1
48 47 1
48 47 1
48 56 0.944672
48 57 1
48 50 0.659819
48 51 1
48 60 0.928643
48 50 1
48 46 0.876313
48 52 1
48 45 1
48 54 1
48 55 0.799943
48 42 0.743945
48 42 1
48 45 1
48 40 0.927213
48 49 0.890916
48 48 1
48 31 0.982054
48 49 1
48 52 1
48 52 1
48 50 0.755093
48 48 0.888962
48 50 1
48 56 0.956223
48 48 1
48 50 1
48 56 1
48 42 1
48 47 1
48 39 1
48 48 0.767027
48 51 1
48 49 1
48 49 0.904847
48 42 1
48 51 1
48 48 0.64352
48 66 1
48 46 0.834444
48 66 0.703255
48 43 0.90049
48 51 1
48 49 0.983938
48 44 1
48 40 1
48 39 1
48 46 1
48 48 1
48 47 0.863971
48 46 1
48 52 0.907407
48 46 0.931086
48 45 1
48 48 0.912165
48 52 1
48 36 0.872074
48 41 0.542184
48 45 1
48 42 1
48 43 1
48 55 0.650292
48 46 0.840772
48 54 0.825753
48 56 1
48 55 0.905043
48 42 0.961792
48 37 0.859933
48 53 1
48 42 1
48 50 1
48 44 1
48 49 0.549269
48 56 1
48 52 1
48 55 0.9029
48 47 0.867437
48 41 1
48 35 0.880687
48 51 1
48 41 0.776748
48 55 1
48 56 1
48 34 1
48 51 1
48 35 1
48 51 0.930945
48 50 1
48 39 1
48 40 0.859218
48 47 0.845811
48 47 1
48 49 0.87795
48 55 0.861258
48 54 1
48 48 1
48 34 0.873901
48 37 1
48 47 1
48 41 1
48 50 1
48 53 0.73406
48 55 1
48 38 1
48 46 1
48 50 0.732145
48 44 1
48 48 1
48 39 0.761365
48 47 1
48 65 1
48 54 1
48 52 0.988812
48 56 1
48 40 1
48 40 0.663269
48 50 1
48 56 1
48 33 1
48 49 0.900113
48 61 1
48 52 1
48 48 1
48 53 1
48 46 0.95114
48 56 0.720756
48 40 1
48 51 1
48 45 0.807392
48 40 1
48 45 0.778007
48 60 1
48 46 1
48 58 1
48 58 1
48 46 1
48 54 1
48 41 1
48 47 1
48 51 0.831955
48 37 1
48 52 1
48 49 1
48 55 0.876424
48 44 0.837364
48 40 1
48 47 0.862466
48 45 1
48 42 0.968794
48 35 1
48 47 0.800449
48 55 1
48 41 0.798351
48 44 0.726927
48 68 1
48 45 0.90504
48 56 0.558477
48 49 0.942624
48 38 0.8184
48 40 1
48 40 1
48 37 1
48 47 1
48 51 1
48 45 0.892257
48 49 1
48 46 1
48 49 1
48 40 1
48 56 0.942209
48 45 1
48 54 0.794114
48 53 0.929626
48 47 0.947019
48 46 0.918717
48 45 1
48 45 0.935605
48 39 1
48 45 0.869925
48 50 0.806386
48 62 1
48 47 0.78874
48 52 0.850141
48 51 1
48 37 1
48 38 0.808245
48 70 1
48 51 0.71872
48 52 0.563607
48 48 0.770902
48 60 1
48 49 0.857982
48 52 0.639815
48 44 1
48 49 0.849452
48 54 1
48 58 0.820612
48 37 0.548185
48 54 1
48 51 0.996014
48 44 0.897001
48 53 1
48 49 0.631988
48 46 0.659755
48 55 1
48 50 1
48 46 0.803527
48 55 0.58327
48 51 1
48 49 0.932842
48 46 0.626327
48 40 1
48 52 1
48 40 0.786757
48 47 1
48 45 1
48 56 0.772201
48 46 0.653537
48 44 0.881104
48 42 1
48 46 1
48 53 1
48 51 1
48 54 0.912745
48 44 1
48 54 0.76465
48 43 1
48 55 1
48 45 0.77824
48 61 1
48 43 0.833044
48 49 0.795773
48 54 1
48 45 0.892371
48 46 1
48 53 1
48 41 0.902142
48 46 0.943936
48 35 0.882352
48 38 1
48 58 0.856359
48 51 0.834378
48 43 0.647915
48 44 1
48 53 1
48 60 0.974454
48 52 0.791752
48 58 0.783392
48 50 0.914003
48 47 0.918519
48 49 1
48 52 0.661687
48 36 0.63067
48 52 1
48 48 1
48 58 0.895311
48 49 1
48 49 1
48 35 0.910458
48 55 1
48 52 1
48 49 0.938819
48 54 1
48 49 0.879412
48 46 0.948321
48 51 1
48 44 0.841476
48 56 0.904582
48 54 0.838442
48 45 0.949487
48 45 0.673001
48 39 0.956848
48 45 0.93
48 45 1
48 43 1
48 49 0.957266
48 45 1
48 54 0.726018
48 55 0.878766
48 43 0.750162
48 44 0.872384
48 42 0.958889
48 41 0.80574
48 54 1
48 45 0.667455
48 36 0.929353
48 47 0.975687
48 55 0.931009
48 51 0.872571
48 46 1
48 45 0.791982
48 52 0.91949
48 53 0.924763
48 47 1
48 48 1
48 40 0.842956
48 48 1
48 44 1
48 45 0.924612
48 38 0.908731
48 60 1
48 49 0.937695
48 50 0.935971
48 45 1
48 52 0.7745
48 61 0.754979
48 53 0.972535
48 47 1
48 42 1
48 50 0.914169
48 47 1
48 62 1
48 55 1
48 59 0.812781
48 46 1
48 42 0.976116
48 47 0.776396
48 45 0.913758
48 48 0.957495
48 44 1
48 44 1
48 48 1
48 47 0.660576
48 47 1
48 50 1
48 46 0.629691
48 56 1
48 45 0.913976
48 49 1
48 52 1
48 52 1
48 40 0.753557
48 52 1
48 46 0.789299
48 45 1
48 52 1
48 63 0.823013
48 40 1
48 48 1
48 46 0.676754
48 48 1
48 42 1
48 48 0.759681
48 45 1
48 53 1
48 52 1
48 44 1
48 39 0.976218
48 42 0.809416
48 51 1
48 54 1
48 52 0.874864
48 52 1
48 54 0.920123
48 53 1
48 58 0.956817
48 44 1
48 60 1
48 58 1
48 60 1
48 51 0.885555
48 45 1
48 43 1
48 52 0.913842
48 57 0.921967
48 43 0.978007
48 52 0.885092
48 49 1
48 49 1
48 59 0.86275
48 51 1
48 56 1
48 49 1
48 44 1
48 40 0.925367
48 40 0.904273
48 45 1
48 54 1
48 65 0.755073
48 55 1
48 49 0.975081
48 58 1
48 39 1
48 40 1
48 47 0.950152
48 42 1
48 51 1
48 51 0.800784
48 37 1
48 48 0.879945
48 47 0.955901
48 50 1
48 52 1
48 48 0.984768
48 51 0.960018
48 45 0.978639
48 41 1
48 63 0.927035
48 53 0.636646
48 55 1
48 56 0.872106
48 45 0.772146
48 49 1
48 50 0.877147
48 40 0.954749
48 46 1
48 43 1
48 44 0.947448
48 53 1
48 49 1
48 51 1
48 49 1
48 51 0.782753
48 48 0.870827
48 48 1
48 45 0.811995
48 51 1
48 48 1
48 60 1
48 55 0.724256
48 50 1
48 53 0.840823
48 61 0.938389
48 49 1
48 49 0.882103
48 54 0.867757
48 32 0.756473
48 50 0.570979
48 58 1
48 50 0.961862
48 52 1
48 46 1
48 45 0.86834
48 50 0.828221
48 46 1
48 49 1
48 51 1
48 58 1
48 45 1
48 42 1
48 56 1
48 51 1
48 44 1
48 51 1
48 41 1
48 45 0.938004
48 40 1
48 43 1
48 45 1
48 47 0.902319
48 55 0.911845
48 39 0.930195
48 44 1
48 45 1
48 51 1
48 54 1
48 37 0.969998
48 44 0.469456
48 47 1
48 48 0.824535
48 53 0.80969
48 59 1
48 52 1
48 44 0.944934
48 60 0.934136
48 55 1
48 53 1
48 63 0.858714
48 55 0.932277
48 51 0.900656
48 46 0.775639
48 47 0.962969
48 47 1
48 49 1
48 49 0.814656
48 57 1
48 50 1
48 46 0.881563
48 49 1
48 50 1
48 45 1
48 42 0.827504
48 47 0.892133
48 50 1
48 35 1
48 46 0.900051
48 51 0.957837
48 39 1
48 57 0.855431
48 47 1
48 51 1
48 52 0.866884
48 53 0.758053
48 37 1
48 45 0.835008
48 47 0.655619
48 49 0.906635
48 42 1
48 51 1
48 54 0.764356
48 53 0.653283
48 48 1
48 64 1
48 39 1
48 52 1
48 55 1
48 46 0.875297
48 43 1
48 47 1
48 55 0.823525
48 47 1
48 41 0.752345
48 51 1
48 50 0.56607
48 56 1
48 49 0.887791
48 50 0.801014
48 54 1
48 48 1
48 46 0.661317
48 48 1
48 51 0.758236
48 44 1
48 49 0.672718
48 56 1
48 48 0.72736
48 60 0.915894
48 61 1
48 41 0.860617
48 43 0.760964
48 41 0.945855
48 54 1
48 63 0.717947
48 46 1
48 51 0.713622
48 45 0.798106
48 44 1
48 35 1
48 51 0.816455
48 45 1
48 45 1
48 54 0.77803
48 52 1
48 55 1
48 51 1
48 44 0.553305
48 49 0.702642
48 53 0.745432
48 57 1
48 51 1
48 48 1
48 47 0.563758
48 46 1
48 45 1
48 49 0.950943
48 51 1
48 54 1
48 42 0.949011
48 55 1
48 52 1
48 45 0.804315
48 53 0.787764
48 37 1
48 40 0.76366
48 61 0.881432
48 44 0.956623
48 49 0.889858
48 45 1
48 55 0.940578
48 50 0.866034
48 54 0.855726
48 53 1
48 64 1
48 43 1
48 47 1
48 43 0.711356
48 49 0.974531
48 50 0.803146
48 54 1
48 49 1
48 47 1
48 35 1
48 43 1
48 49 0.969723
48 47 0.939704
48 35 1
48 47 0.896034
48 42 0.834655
48 49 1
48 62 1
48 45 1
48 46 1
48 43 1
48 47 1
48 38 0.910308
48 55 1
48 60 0.919703
48 49 1
48 45 1
48 51 1
48 53 0.792313
48 45 1
48 46 0.852223
48 54 0.928132
48 51 1
48 55 0.558825
48 50 0.644998
48 35 1
48 37 1
48 50 1
48 47 1
48 50 0.887427
48 57 1
48 45 0.843423
48 49 0.880481
48 39 0.871936
48 52 1
48 47 1
48 47 1
48 52 0.93205
48 45 0.932631
48 51 0.980767
48 53 1
48 50 1
48 41 1
48 45 1
48 45 1
48 58 0.765493
48 50 0.956972
48 42 1
48 50 0.954745
48 49 1
48 46 1
48 52 0.950035
48 59 1
48 46 1
48 46 1
48 46 1
48 45 1
48 54 0.809675
48 49 0.810224
48 46 0.89401
48 64 1
48 54 1
48 49 0.908029
48 52 0.891689
48 58 1
48 49 0.892281
48 44 0.773615
48 34 1
48 49 1
48 54 1
48 46 0.761408
48 44 1
48 54 1
48 59 1
48 53 1
48 51 1
48 44 0.87365
48 50 0.766192
48 63 0.9728
48 39 1
48 60 1
48 42 1
48 51 1
48 43 1
48 46 0.970839
48 55 1
48 55 1
48 44 1
48 44 0.803125
48 43 1
48 49 1
48 52 0.882228
48 38 1
48 47 1
48 53 1
48 38 1
48 47 1
48 48 0.876007
48 55 1
48 48 0.924868
48 48 1
48 48 0.744663
48 60 1
48 43 0.810611
48 49 0.818237
48 61 1
48 45 0.916359
48 53 0.768703
48 49 1
48 49 1
48 51 0.93907
48 53 0.950952
48 50 1
48 56 0.72014
48 41 0.70285
48 45 0.977395
48 39 1
48 52 1
48 60 1
48 43 1
48 48 1
48 51 0.693569
48 46 0.95023
48 42 1
48 52 0.935821
48 39 0.951525
48 48 1
48 38 0.762194
48 44 1
48 54 1
48 53 0.7536
48 47 1
48 44 0.936729
48 40 0.872141
48 48 1
48 39 1
48 51 1
48 47 1
48 53 1
48 50 1
48 40 1
48 54 0.917465
48 52 0.882361
48 51 0.78707
48 48 0.726766
48 46 0.93252
48 56 1
48 50 0.755905
48 47 1
48 55 1
48 40 1
48 46 1
48 54 0.920502
48 50 1
48 57 0.979933
48 57 0.890679
48 44 0.814211
48 51 1
48 40 0.92291
48 34 0.846705
48 48 1
48 53 1
48 57 1
48 34 1
48 45 1
48 54 0.779211
48 55 1
48 49 0.926007
48 39 1
48 44 1
48 43 0.791639
48 50 0.817144
48 48 0.803715
48 45 0.93223
48 38 0.948149
48 51 1
48 41 1
48 52 0.90835
48 45 0.8858
48 50 1
48 42 1
48 43 0.922862
48 57 0.97987
48 64 1
48 41 0.803602
48 53 0.690888
48 52 1
48 53 1
48 36 1
48 48 1
48 46 0.925027
48 37 1
48 47 0.852567
48 48 0.988675
48 40 0.85758
48 51 1
48 58 0.648277
48 43 0.82522
48 54 1
48 56 0.673295
48 43 1
48 54 1
48 51 1
48 47 1
48 51 1
48 49 0.863856
48 46 0.726932
48 48 1
48 50 1
48 55 1
48 46 1
48 52 1
48 48 1
48 46 1
48 51 0.726569
48 46 0.898031
48 40 1
48 48 1
48 60 0.881126
48 47 0.616829
48 48 1
48 44 1
48 47 0.605649
48 48 0.846387
48 52 1
48 64 1
48 51 0.884979
48 61 1
48 41 0.940957
48 61 0.895826
48 47 0.781712
48 47 0.890151
48 50 0.50584
48 60 0.723309
48 56 1
48 46 0.713051
48 47 0.922537
48 40 0.88914
48 49 0.913893
48 53 1
48 41 0.815774
48 50 1
48 51 0.923587
48 45 0.811604
48 48 0.819864
48 51 0.686623
48 48 1
48 44 0.895479
48 51 1
48 48 1
48 51 0.992871
48 59 0.735909
48 45 1
48 54 0.949968
48 53 0.864918
48 54 1
48 57 0.799835
48 53 0.82381
48 45 1
48 48 0.884558
48 54 1
48 43 0.930635
48 46 1
48 53 1
48 41 0.948787
48 49 0.929722
48 52 1
48 45 1
48 46 0.949094
48 45 1
48 58 1
48 48 1
48 52 0.681661
48 40 0.873772
48 39 0.678392
48 41 1
48 59 0.809536
48 50 1
48 40 0.849982
48 35 1
48 36 0.867442
48 43 1
48 61 1
48 46 1
48 40 1
48 48 1
48 50 1
48 52 1
48 50 0.978135
48 50 0.868073
48 41 1
48 34 1
48 44 1
48 35 0.925097
48 49 1
48 51 0.832202
48 46 1
48 41 0.91348
48 48 0.778151
48 42 1
48 43 0.81344
48 44 1
48 43 1
48 45 1
48 40 1
48 49 0.700259
48 48 0.814368
48 50 0.928383
48 51 1
48 43 1
48 45 1
48 57 1
48 49 1
48 42 0.634275
48 45 1
48 47 1
48 43 1
48 43 0.838411
48 45 1
48 50 1
48 56 0.846171
48 53 0.990753
48 41 1
48 41 0.925021
48 49 0.900383
48 60 1
48 51 0.965543
48 43 1
48 53 1
48 49 1
48 49 1
48 61 0.659383
48 50 1
48 46 0.887397
48 42 0.594959
48 56 0.784565
48 54 1
48 49 0.857246
48 37 1
48 50 1
48 49 1
48 59 1
48 41 0.933745
48 50 0.727034
48 52 0.738049
48 54 0.860197
48 50 1
48 50 0.917644
48 58 1
48 50 1
48 54 1
48 42 0.907903
48 53 0.895618
48 38 0.878059
48 50 1
48 37 1
48 56 1
48 43 1
48 39 0.927063
48 37 1
48 38 1
48 52 0.918609
48 51 0.770727
48 57 1
48 55 1
48 44 0.922496
48 43 0.908294
48 38 1
48 46 0.832463
48 44 1
48 55 1
48 47 1
48 43 0.9721
48 54 0.821273
48 54 0.892979
48 47 0.980982
48 44 0.953573
48 57 1
48 48 0.877231
48 43 1
48 47 1
48 60 0.800149
48 47 1
48 41 0.850132
48 53 1
48 39 1
48 48 0.827676
48 61 1
48 38 1
48 57 0.883949
48 59 1
48 57 1
48 40 1
48 44 0.947089
48 52 1
48 41 1
48 47 0.741603
48 43 1
48 59 0.954265
48 49 1
48 51 1
48 46 0.622039
48 45 1
48 49 1
48 52 0.859692
48 54 0.960427
48 53 0.92351
48 48 1
48 51 1
48 47 1
48 51 0.985936
48 43 0.862319
48 60 0.867944
48 51 1
48 51 0.884838
48 54 1
48 39 0.818779
48 57 0.885376
48 41 0.759836
48 54 0.920753
48 53 0.657496
48 50 1
48 39 0.972817
48 50 0.759704
48 50 0.793585
48 59 0.612805
48 46 0.944926
48 57 1
48 52 0.949634
48 55 1
48 56 0.894692
48 43 0.937258
48 53 0.831462
48 50 0.66929
48 49 1
48 51 0.96233
48 55 0.673084
48 44 0.777745
48 43 0.968417
48 50 1
48 47 0.921372
48 32 0.894322
48 45 0.842685
48 46 0.928033
48 56 1
48 39 1
48 37 1
48 44 0.78234
48 44 0.711471
48 41 0.687433
48 41 0.693824
48 50 1
48 51 0.850577
48 41 1
48 44 1
48 53 0.623302
48 36 0.734187
48 52 0.913428
48 58 1
48 42 0.907395
48 50 0.828871
48 59 1
48 47 1
48 43 0.866611
48 56 0.916412
48 43 1
48 40 1
48 50 1
48 51 0.935159
48 49 1
48 55 0.776701
48 57 1
48 49 0.820897
48 39 0.74626
48 53 0.92413
48 54 0.700292
48 59 0.589046
48 49 1
48 56 1
48 34 1
48 60 1
48 40 1
48 40 1
48 43 1
48 47 1
48 45 1
48 56 1
48 52 1
48 51 0.932288
48 42 0.940582
48 51 0.944389
48 52 0.912897
48 49 0.834096
48 46 1
48 54 0.86369
48 41 1
48 46 0.957503
48 53 0.900559
48 41 0.761856
48 50 0.786537
48 46 1
48 44 0.79062
48 51 0.782655
48 59 0.846025
48 47 1
48 45 0.79561
48 52 0.789229
48 54 1
48 43 1
48 45 0.828139
48 42 0.947636
48 59 1
48 60 1
48 50 0.728613
48 52 0.974093
48 37 1
48 45 1
48 50 0.858688
48 49 1
48 41 0.786129
48 50 1
48 46 0.854889
48 57 0.736113
48 52 1
48 55 1
48 36 0.851899
48 37 1
48 45 0.768267
48 52 0.952246
48 46 0.949906
48 51 1
48 39 1
48 49 1
48 52 0.698359
48 44 0.756758
48 47 0.843794
48 41 0.583512
48 44 1
48 58 1
48 50 1
48 32 0.798472
48 56 1
48 43 0.824959
48 52 1
48 47 1
48 46 1
48 64 1
48 35 0.855412
48 51 1
48 55 1
48 35 1
48 45 1
48 51 0.7949
48 55 1
48 58 0.763305
48 47 1
48 40 0.835666
48 49 1
48 46 1
48 57 0.834114
48 45 1
48 44 1
48 51 1
48 44 1
48 45 1
48 49 0.922866
48 43 0.450303
48 45 0.757299
48 45 0.952787
48 47 0.825476
48 51 0.910896
48 43 0.898739
48 53 1
48 52 0.991462
48 44 0.894847
48 53 1
48 37 1
48 48 0.616431
48 45 1
48 42 1
48 52 1
48 37 0.948878
48 55 0.917613
48 41 1
48 47 1
48 50 1
48 50 1
48 49 0.83071
48 40 0.722055
48 44 0.884296
48 52 1
48 47 0.714107
48 39 0.629821
48 52 0.629759
48 48 1
48 50 1
48 46 0.837534
48 50 0.957818
48 46 1
48 51 0.913341
48 38 1
48 45 0.934433
48 37 1
48 40 0.835105
48 55 0.644337
48 54 0.892848
48 60 0.949582
48 45 1
48 62 1
48 49 0.919726
48 50 1
48 51 1
48 43 0.788939
48 52 0.835128
48 51 0.913591
48 50 1
48 48 0.84674
48 57 0.826311
48 41 0.474848
48 50 1
48 50 1
48 43 0.6977
48 45 0.944047
48 38 1
48 57 1
48 47 1
48 50 1
48 54 0.905513
48 51 0.834085
48 53 0.989604
48 55 0.729226
48 48 1
48 55 1
48 43 1
48 41 0.888772
48 51 0.823321
48 46 0.951274
48 43 1
48 46 0.803443
48 38 0.86472
48 53 0.829796
48 50 0.631322
48 50 1
48 50 0.867768
48 48 1
48 49 0.679052
48 54 1
48 57 0.945193
48 42 1
48 46 0.828375
48 62 0.964955
48 45 1
48 37 0.949018
48 44 1
48 48 1
48 48 0.883915
48 59 1
48 47 1
48 47 1
48 45 0.917708
48 42 0.830187
48 53 1
48 51 1
48 45 0.877483
48 51 1
48 45 1
48 50 0.955002
48 48 0.657184
48 54 0.906468
48 38 0.767675
48 55 0.988885
48 50 0.920427
48 42 0.889691
48 40 0.892349
48 41 0.924097
48 58 0.816295
48 43 1
48 46 0.726289
48 52 1
48 43 0.649066
48 54 0.754365
48 50 1
48 41 1
48 60 1
48 49 1
48 65 1
48 46 1
48 44 0.927358
48 47 1
48 45 0.909047
48 51 1
48 43 1
48 55 0.860745
48 48 1
48 59 0.947564
48 45 1
48 51 0.833719
48 54 0.922097
48 48 1
48 45 1
48 47 0.866685
48 48 1
48 42 1
48 40 0.639126
48 54 0.917498
48 47 1
48 47 0.846256
48 39 0.885852
48 50 0.874889
48 52 1
48 45 0.940067
48 46 1
48 42 0.986199
48 53 1
48 49 1
48 42 0.872331
48 51 1
48 55 1
48 53 1
48 49 1
48 47 1
48 42 1
48 55 0.698725
48 55 1
48 41 0.953283
48 46 1
48 45 1
48 46 0.623661
48 49 1
48 51 0.930807
48 62 0.843416
48 53 0.701077
48 49 1
48 49 0.699165
48 53 0.926574
48 47 1
48 40 1
48 43 0.892593
48 45 0.791646
48 45 0.613236
48 44 1
48 46 0.546143
48 31 0.963247
48 55 1
48 53 1
48 43 1
48 49 0.803989
48 47 0.940538
48 51 1
48 47 1
48 54 0.763201
48 48 1
48 41 1
48 56 0.771684
48 50 0.747926
48 39 1
48 40 0.858153
48 54 1
48 48 0.82617
48 59 1
48 54 1
48 45 1
48 51 1
48 54 0.887485
48 45 1
48 51 1
48 43 1
48 50 0.806874
48 62 1
48 45 1
48 50 1
48 48 1
48 49 1
48 44 0.574844
48 37 0.800399
48 55 0.77012
48 44 1
48 50 0.879725
48 54 0.893378
48 50 0.637175
48 48 0.742198
48 54 1
48 51 1
48 49 0.879844
48 42 0.950427
48 59 0.812266
48 45 0.924987
48 57 1
48 50 0.912221
48 41 1
48 54 1
48 61 1
48 64 0.876122
48 51 0.846679
48 43 1
48 44 0.667262
48 45 1
48 53 1
48 49 1
48 42 1
48 42 0.817768
48 56 0.925628
48 45 0.794222
48 43 0.82713
48 40 0.758975
48 61 1
48 43 0.940014
48 48 1
48 46 1
48 52 1
48 53 0.901083
48 46 1
48 51 1
48 57 0.855147
48 44 0.987794
48 44 1
48 47 0.755349
48 43 0.951222
48 50 0.866607
48 48 0.935939
48 51 1
48 46 1
48 43 0.648912
48 45 1
48 53 1
48 46 1
48 48 0.743635
48 44 0.587295
48 52 1
48 60 0.843563
48 49 1
48 49 1
48 52 1
48 58 1
48 45 1
48 43 1
48 53 0.525402
48 58 0.705118
48 55 0.971135
48 44 1
48 50 0.76023
48 43 0.912813
48 47 0.940971
48 60 1
48 50 0.798356
48 42 0.967917
48 49 0.881527
48 57 0.859107
48 40 1
48 57 1
48 41 0.902127
48 47 0.81747
48 40 0.924057
48 48 0.849698
48 50 1
48 43 0.806339
48 54 0.871156
48 48 1
48 53 0.629082
48 46 0.869646
48 33 0.680912
48 56 1
48 58 1
48 35 1
48 62 0.875345
48 48 1
48 36 1
48 45 1
48 49 0.902393
48 51 1
48 42 0.984627
48 43 1
48 47 0.799119
48 56 1
48 45 1
48 50 1
48 52 0.793529
48 45 0.656515
48 42 0.881698
48 39 0.765189
48 50 0.819856
48 56 0.85266
48 36 0.607065
48 44 0.878619
48 44 0.973168
48 45 1
48 47 0.914027
48 36 0.91025
48 37 0.912118
48 52 0.946417
48 53 0.912065
48 40 1
48 47 0.904306
48 47 1
48 47 0.712932
48 54 0.976041
48 51 0.900465
48 44 1
48 43 1
48 53 0.844076
48 52 1
48 46 0.812149
48 51 1
48 53 0.684315
48 53 1
48 62 1
48 45 0.863988
48 48 0.813831
48 41 0.828279
48 41 0.558624
48 50 1
48 50 1
48 43 0.76487
48 48 0.926313
48 53 1
48 48 1
48 53 0.792766
48 56 0.950325
48 45 0.738391
48 56 1
48 59 1
48 48 0.801998
48 55 1
48 45 0.762706
48 49 0.942316
48 54 0.920983
48 31 1
48 40 1
48 34 0.790585
48 55 1
48 53 0.974058
48 55 1
48 57 0.935279
48 48 1
48 39 0.940128
48 47 1
48 56 1
48 53 1
48 51 1
48 43 0.769554
48 44 0.92053
48 56 1
48 47 0.670821
48 40 0.895586
48 41 1
48 41 0.903694
48 43 1
48 48 1
48 53 0.718613
48 43 1
48 51 1
48 64 1
48 50 0.753167
48 48 0.941616
48 43 1
48 50 1
48 48 1
48 48 0.718147
48 48 1
48 49 1
48 45 0.693178
48 43 0.711941
48 47 1
48 46 1
48 47 1
48 45 1
48 52 0.649477
48 42 1
48 43 0.837618
48 40 1
48 59 0.898945
48 37 1
48 56 1
48 47 0.955649
48 36 1
48 44 0.5549
48 48 1
48 52 0.770145
48 53 0.869419
48 50 0.844105
48 48 0.890596
48 50 1
48 43 0.852197
48 56 0.720191
48 49 1
48 55 1
48 55 0.937699
48 44 0.856959
48 38 1
48 46 1
48 50 1
48 51 1
48 52 1
48 55 1
48 52 0.827935
48 44 1
48 51 1
48 49 0.819276
48 42 0.647865
48 49 1
48 56 1
48 51 1
48 49 0.64914
48 45 0.925323
48 36 1
48 57 0.932753
48 45 0.916462
48 42 0.924479
48 43 1
48 56 1
48 52 0.903377
48 46 0.823359
48 40 1
48 47 1
48 44 1
48 41 0.693177
48 46 0.691453
48 44 0.914076
48 60 0.81684
48 56 0.882909
48 43 1
48 45 0.838351
48 54 0.93833
48 54 0.737599
48 55 1
48 53 0.731161
48 44 0.529176
48 51 0.775238
48 38 1
48 48 1
48 57 0.929928
48 40 0.548559
48 39 1
48 46 0.45039
48 41 0.97527
48 49 1
48 40 0.89746
48 49 1
48 50 1
48 62 1
48 48 1
48 45 0.761092
48 56 1
48 47 0.901502
48 50 0.935055
48 56 1
48 37 0.784817
48 32 0.672309
48 54 0.928397
48 50 0.877258
48 47 1
48 55 1
48 33 1
48 49 1
48 54 0.697296
48 41 0.902092
48 43 1
48 42 0.980501
48 47 1
48 44 1
48 42 1
48 49 1
48 51 1
48 48 1
48 46 0.793869
48 33 1
48 57 0.947341
48 52 1
48 46 1
48 44 1
48 52 0.834276
48 40 0.769032
48 59 1
48 47 0.762478
48 46 0.926962
48 66 0.960016
48 48 1
48 56 1
48 45 1
48 47 1
48 45 1
48 60 1
48 53 0.691403
48 49 1
48 36 1
48 46 1
48 67 1
48 47 0.730262
48 43 1
48 45 0.830201
48 52 1
48 43 1
48 37 1
48 56 1
48 61 1
48 54 0.794739
48 45 0.918302
48 42 0.939146
48 49 1
48 56 0.930601
48 46 1
48 54 1
48 42 0.776237
48 40 0.868121
48 51 0.779937
48 56 1
48 44 1
48 47 1
48 53 1
48 61 0.590377
48 39 0.827644
48 51 0.785869
48 40 1
48 47 1
48 49 0.909189
48 54 0.816773
48 43 1
48 43 1
48 64 1
48 47 0.945381
48 35 1
48 43 1
48 48 1
48 46 1
48 47 0.669282
48 43 1
48 49 1
48 57 0.900954
48 47 1
48 39 1
48 49 0.793392
48 59 1
48 45 0.59206
48 53 0.891059
48 53 1
48 49 1
48 50 0.584721
48 52 0.923499
48 48 0.82428
48 47 1
48 56 0.764802
48 45 1
48 37 1
48 56 0.86892
48 64 1
48 46 0.909598
48 47 1
48 42 1
48 54 1
48 47 0.913569
48 43 1
48 48 0.925621
48 51 1
48 49 1
48 47 0.817288
48 56 0.973479
48 51 0.914206
48 63 1
48 50 0.522464
48 56 1
48 46 0.686754
48 48 0.842029
48 53 0.561697
48 45 1
48 52 1
48 48 0.981191
48 51 0.86698
48 48 0.959703
48 59 1
48 52 1
48 41 1
48 42 0.795596
48 47 1
48 45 0.768836
48 44 0.879499
48 55 1
48 48 0.714671
48 48 1
48 41 1
48 47 0.740804
48 46 1
48 46 0.702513
48 41 0.925182
48 46 1
48 53 1
48 50 0.670203
48 48 0.800716
48 49 0.415785
48 45 1
48 47 1
48 46 0.802466
48 50 1
48 48 0.842036
48 53 0.561199
48 49 1
48 51 0.832417
48 45 0.716384
48 45 0.671201
48 55 1
48 54 0.598764
48 62 1
48 37 0.726954
48 43 1
48 55 1
48 44 0.869236
48 63 0.802301
48 37 1
48 56 1
48 55 1
48 51 1
48 51 0.879031
48 47 0.690176
48 45 1
48 54 1
48 56 0.929935
48 50 1
48 42 1
48 56 0.820308
48 49 0.851041
48 46 1
48 44 1
48 52 0.786561
48 44 0.876289
48 41 0.846516
48 44 0.832991
48 38 0.942704
48 52 1
48 37 0.95548
48 57 1
48 45 1
48 45 0.736886
48 41 1
48 47 0.891076
48 35 1
48 50 0.671155
48 45 1
48 46 0.825735
48 46 0.855383
48 55 1
48 57 0.986913
48 51 1
48 38 0.760739
48 48 0.600117
48 58 0.96907
48 50 0.978435
48 49 1
48 56 0.810717
48 49 1
48 59 0.794858
48 62 0.587682
48 56 0.669742
48 36 0.789833
48 42 0.869255
48 50 0.836569
48 42 0.872554
48 53 1
48 55 0.845566
48 54 1
48 51 1
48 33 0.710571
48 52 1
48 49 0.918549
48 46 0.721169
48 39 1
48 49 1
48 54 0.73369
48 59 0.895014
48 48 0.767447
48 45 0.854225
48 40 1
48 47 0.848931
48 43 0.779699
48 45 0.924567
48 49 0.898627
48 25 0.905513
48 44 1
48 55 0.806788
48 36 0.83337
48 53 1
48 53 0.926992
48 52 0.801768
48 38 1
48 46 0.943725
48 54 0.718009
48 56 0.776921
48 47 1
48 48 0.659529
48 66 1
48 35 1
48 49 0.980534
48 50 0.986245
48 51 1
48 60 0.838938
48 45 1
48 50 1
48 43 1
48 63 0.669327
48 46 0.952437
48 60 0.858283
48 55 1
48 45 0.745461
48 56 0.832135
48 44 1
48 56 0.822863
48 58 0.861348
48 54 1
48 48 0.914952
48 45 0.834448
48 54 1
48 43 1
48 43 1
48 56 1
48 46 0.9407
48 52 0.926536
48 51 0.702381
48 47 0.939275
48 52 1
48 58 0.862461
48 40 0.716483
48 46 0.560588
48 49 0.926437
48 39 0.905325
48 47 1
48 57 1
48 41 1
48 50 1
48 36 1
48 60 1
48 55 1
48 43 0.755488
48 55 0.879704
48 44 1
48 59 0.663286
48 49 1
48 50 0.993055
48 53 0.682619
48 45 0.713907
48 45 1
48 59 0.765222
48 48 1
48 45 0.728305
48 50 1
48 54 1
48 57 0.830812
48 48 0.880984
48 64 1
48 51 1
48 54 0.844775
48 40 0.819453
48 49 1
48 46 0.854029
48 53 1
48 54 1
48 50 0.854199
48 53 1
48 44 0.98043
48 44 0.694073
48 52 0.908593
48 52 1
48 53 1
48 48 0.560651
48 55 0.903948
48 51 1
48 42 0.88017
48 46 0.805942
48 53 0.925968
48 48 1
48 56 1
48 48 1
48 47 0.838805
48 55 1
48 44 1
48 37 1
48 51 1
48 41 0.794491
48 51 1
48 45 0.842437
48 43 1
48 57 1
48 56 1
48 49 0.670736
48 45 0.97521
48 52 1
48 48 0.799493
48 46 1
48 42 1
48 45 0.735698
48 45 1
48 48 1
48 53 1
48 51 1
48 52 1
48 45 0.852178
48 53 0.841705
48 44 0.767337
48 38 1
48 48 1
48 52 1
48 55 1
48 51 1
48 50 1
48 48 0.73183
48 51 0.937839
48 52 0.901894
48 44 0.994459
48 44 1
48 48 1
48 46 0.695239
48 44 0.934169
48 42 1
48 42 0.888901
48 43 0.765249
48 47 1
48 48 1
48 46 0.936837
48 52 0.851649
48 48 0.647581
48 34 1
48 55 1
48 51 0.877745
48 50 1
48 44 1
48 45 0.818759
48 52 0.911977
48 52 1
48 55 0.914134
48 48 0.772917
48 45 1
48 51 1
48 41 1
48 56 1
48 54 1
48 53 1
48 47 0.818854
48 54 0.693083
48 41 0.926498
48 50 1
48 37 0.867049
48 47 0.799765
48 50 1
48 51 1
48 43 1
48 59 0.847817
48 49 1
48 43 0.852673
48 39 1
48 50 0.818006
48 44 1
48 54 1
48 51 0.961651
48 39 0.929073
48 54 0.908245
48 54 0.673731
48 45 0.935809
48 36 1
48 46 1
48 42 1
48 48 1
48 40 1
48 45 0.921262
48 50 1
48 44 1
48 51 0.768922
48 44 1
48 41 0.859316
48 49 1
48 40 1
48 48 1
48 42 0.852596
48 49 0.910192
48 40 1
48 45 0.946236
48 46 1
48 46 0.929784
48 55 0.894561
48 53 1
48 48 1
48 55 0.62998
48 48 1
48 49 0.74902
48 43 1
48 43 1
48 47 1
48 50 1
48 54 0.712039
48 46 0.986362
48 55 0.971959
48 47 1
48 37 0.93156
48 51 0.956726
48 55 0.741709
48 50 0.886322
48 54 0.933044
48 45 1
48 48 1
48 49 0.88399
48 45 1
48 44 1
48 58 0.914681
48 52 0.701081
48 55 1
48 52 0.818942
48 50 1
48 51 1
48 56 0.596026
48 57 0.847454
48 56 1
48 39 1
48 55 0.864257
48 42 0.779285
48 50 0.901641
48 45 0.861874
48 50 1
48 50 0.782909
48 56 1
48 50 0.815115
48 37 1
48 50 1
48 52 1
48 42 1
48 51 1
48 55 0.536781
48 51 0.780795
48 42 0.814262
48 52 0.884405
48 47 0.865477
48 54 1
48 49 0.797056
48 52 1
48 54 0.9272
48 57 1
48 46 0.667021
48 41 1
48 63 1
48 48 1
48 34 0.874192
48 50 1
48 48 1
48 56 0.786364
48 53 0.824106
48 39 0.837159
48 46 0.752312
48 50 1
48 56 0.83219
48 49 0.80648
48 49 1
48 49 0.941053
48 37 1
48 59 1
48 56 0.894246
48 50 0.939629
48 38 0.937437
48 52 1
48 56 1
48 59 0.93319
48 45 0.898442
48 47 0.8485
48 46 1
48 49 1
48 54 1
48 42 1
48 50 0.80958
48 47 0.731961
48 46 0.757641
48 45 0.946447
48 63 0.806457
48 48 0.763103
48 43 0.793258
48 43 1
48 46 0.76128
48 44 1
48 47 1
48 46 1
48 45 1
48 44 0.858945
48 36 1
48 41 1
48 55 1
48 57 1
48 40 1
48 58 0.764466
48 47 1
48 50 1
48 55 0.860024
48 43 0.915108
48 46 0.959811
48 49 0.708452
48 61 1
48 44 0.855245
48 45 0.870674
48 56 0.770059
48 56 1
48 45 1
48 61 0.950059
48 45 1
48 43 0.782331
48 58 0.937855
48 60 1
48 46 1
48 44 1
48 49 0.75263
48 52 0.731832
48 38 0.580057
48 47 0.879441
48 46 0.976873
48 54 0.923315
48 46 0.750566
48 49 0.855717
48 43 1
48 53 1
48 54 0.698299
48 53 0.955531
48 42 1
48 56 0.660314
48 54 0.808481
48 59 1
48 47 0.880995
48 53 1
48 54 0.862668
48 52 1
48 48 0.834262
48 34 0.922378
48 55 1
48 45 1
48 54 1
48 54 0.800446
48 49 0.591403
48 43 1
48 55 1
48 56 0.778122
48 45 0.839434
48 43 0.670146
48 44 0.894674
48 49 0.895627
48 51 0.925497
48 54 1
48 49 0.906556
48 60 0.671186
48 67 0.890452
48 42 0.954932
48 61 1
48 50 0.89059
48 51 0.801055
48 39 1
48 45 1
48 46 1
48 45 1
48 47 0.655889
48 58 1
48 45 0.82235
48 43 0.997837
48 46 1
48 52 1
48 47 0.933189
48 56 1
48 60 1
48 51 1
48 53 0.694673
48 42 1
48 54 1
48 53 1
48 49 0.83844
48 52 1
48 49 0.802168
48 57 1
48 50 0.827191
48 50 0.973178
48 54 0.928966
48 48 1
48 39 0.883739
48 47 0.918884
48 47 0.897464
48 42 1
48 40 0.73859
48 48 0.830694
48 51 0.775859
48 44 0.943716
48 53 1
48 39 1
48 49 1
48 46 1
48 43 1
48 44 1
48 62 1
48 61 0.978519
48 36 1
48 55 1
48 53 0.775001
48 54 1
48 47 0.722764
48 39 1
48 49 1
48 45 1
48 43 1
48 53 1
48 45 1
48 50 0.906063
48 50 0.94342
48 55 0.766401
48 52 1
48 55 1
48 59 0.759171
48 52 0.920775
48 44 1
48 33 1
48 46 1
48 44 0.70354
48 44 1
48 45 1
48 45 0.806359
48 45 1
48 57 0.652009
48 52 1
48 50 1
48 57 0.826253
48 53 1
48 50 0.588492
48 50 0.770403
48 42 0.670575
48 48 1
48 51 0.780957
48 53 0.893155
48 53 1
48 44 0.680871
48 59 0.841437
48 36 1
48 50 1
48 51 1
48 54 1
48 48 1
48 54 0.986313
48 54 0.922569
48 49 0.732796
48 45 1
48 52 0.924644
48 44 0.794022
48 31 0.753876
48 44 0.9579
48 51 0.843725
48 42 1
48 57 0.668793
48 49 1
48 46 0.852704
48 54 0.904541
48 41 0.842966
48 45 1
48 53 0.971849
48 47 1
48 53 0.88334
48 49 0.944469
48 58 0.887876
48 48 0.902366
48 54 0.762065
48 43 0.882712
48 60 1
48 36 1
48 42 0.803716
48 43 0.962131
48 57 1
48 56 1
48 50 0.75446
48 50 0.676276
48 51 1
48 47 0.986748
48 47 0.909356
48 47 1
48 59 1
48 50 0.9683
48 37 0.806574
48 54 1
48 48 1
48 40 0.840882
48 50 1
48 35 0.963423
48 46 1
48 35 1
48 52 1
48 53 1
48 38 0.615123
48 31 0.822848
48 39 0.594098
48 41 0.865962
48 41 1
48 59 1
48 62 0.667142
48 59 1
48 38 1
48 42 1
48 61 0.97937
48 44 0.904558
48 52 1
48 56 1
48 55 0.800884
48 50 1
48 59 1
48 50 1
48 62 0.85696
48 39 1
48 50 1
48 49 1
48 48 0.738102
48 50 0.799846
48 45 1
48 58 1
48 55 0.823301
48 43 1
48 45 0.96444
48 39 0.985431
48 50 0.94301
48 45 0.663162
48 54 1
48 59 1
48 56 0.919247
48 49 0.597136
48 41 0.992349
48 54 1
48 55 1
48 42 1
48 47 0.894419
48 55 0.793597
48 54 0.937469
48 49 1
48 55 1
48 42 1
48 48 0.803033
48 49 1
48 43 1
48 47 0.816099
48 56 1
48 49 0.826337
48 49 1
48 57 0.856447
48 56 1
48 49 1
48 47 0.863261
48 42 1
48 54 1
48 47 0.732013
48 44 1
48 51 0.902828
48 48 0.934137
48 58 1
48 55 0.868434
48 51 1
48 59 1
48 54 1
48 48 0.838044
48 60 1
48 47 0.782437
48 51 0.960484
48 42 1
48 49 0.75082
48 56 0.95944
48 39 0.847994
48 40 0.663584
48 44 0.884898
48 57 0.921417
48 51 0.847574
48 55 0.831068
48 45 0.882044
48 40 0.937948
48 45 0.94204
48 41 1
48 49 1
48 52 1
48 52 1
48 35 1
48 53 1
48 48 0.583508
48 50 0.917853
48 52 1
48 48 1
48 70 1
48 39 1
48 52 1
48 46 0.691879
48 49 1
48 61 1
48 46 1
48 51 1
48 49 1
48 37 1
48 48 0.829993
48 47 0.847966
48 48 1
48 50 1
48 49 0.660634
48 41 0.826168
48 48 1
48 45 1
48 48 0.688543
48 48 0.913616
48 51 0.798726
48 51 1
48 51 0.914368
48 48 0.944907
48 53 0.903651
48 51 1
48 44 1
48 52 0.780761
48 54 1
48 52 1
48 54 0.705422
48 50 0.754062
48 43 1
48 46 0.966443
48 52 1
48 41 0.972927
48 48 1
48 57 1
48 55 0.853595
48 60 1
48 45 0.922118
48 45 0.841748
48 34 1
48 47 0.904921
48 45 1
48 50 1
48 54 0.856867
48 49 0.749402
48 53 1
48 46 0.735916
48 42 0.635048
48 51 1
48 51 1
48 39 1
48 45 1
48 53 1
48 47 0.917492
48 50 0.933494
48 51 0.765957
48 47 0.919951
48 54 1
48 53 1
48 46 1
48 54 1
48 52 0.813211
48 45 1
48 43 0.886654
48 47 0.805318
48 42 1
48 47 1
48 35 0.655163
48 44 1
48 52 1
48 44 1
48 50 1
48 39 1
48 46 1
48 52 0.656308
48 52 0.799172
48 50 0.788261
48 49 0.923627
48 50 0.97433
48 64 1
48 45 0.704295
48 46 1
48 56 1
48 52 1
48 59 1
48 42 1
48 49 0.822254
48 45 0.877489
48 49 0.790317
48 45 1
48 51 1
48 53 0.757954
48 57 1
48 48 1
48 54 0.898934
48 53 0.597413
48 64 1
48 42 1
48 42 0.876854
48 45 0.906421
48 52 1
48 45 1
48 55 1
48 42 1
48 38 1
48 50 1
48 53 0.892031
48 55 0.555926
48 46 0.990945
48 50 1
48 52 1
48 42 1
48 49 1
48 52 1
48 40 0.529328
48 43 0.703175
48 45 1
48 49 1
48 50 0.662514
48 54 0.865556
48 43 1
48 48 0.779781
48 41 0.858656
48 48 1
48 56 1
48 44 0.835902
48 38 0.901961
48 50 1
48 59 1
48 46 1
48 55 0.821846
48 41 1
48 51 0.869937
48 53 0.853652
48 40 0.969205
48 43 0.848692
48 56 1
48 49 1
48 39 1
48 37 0.929504
48 51 1
48 51 1
48 53 0.923792
48 46 1
48 44 0.944404
48 53 0.64307
48 44 0.794473
48 38 0.977786
48 47 1
48 45 1
48 42 0.878004
48 47 0.968149
48 57 0.890912
48 54 0.943997
48 43 0.816497
48 54 1
48 53 1
48 48 1
48 55 1
48 52 0.961288
48 50 0.944233
48 42 0.965142
48 47 1
48 44 0.942867
48 60 1
48 46 1
48 47 1
48 50 1
48 52 1
48 47 0.954192
48 42 1
48 49 1
48 45 1
48 48 1
48 51 1
48 53 0.703911
48 60 0.761277
48 36 0.870932
48 46 1
48 53 0.958002
48 38 1
48 46 1
48 54 1
48 47 1
48 36 0.818661
48 50 1
48 49 1
48 46 0.73907
48 57 1
48 48 1
48 45 1
48 42 1
48 51 1
48 49 1
48 44 1
48 48 0.693991
48 50 0.788864
48 31 1
48 57 1
48 49 1
48 51 1
48 54 1
48 44 1
48 48 1
48 44 1
48 53 0.953416
48 44 0.917203
48 48 1
48 52 0.640637
48 47 1
48 58 1
48 45 1
48 43 1
48 49 1
48 67 1
48 46 0.852658
48 43 1
48 37 1
48 39 1
48 39 0.886253
48 49 1
48 48 0.882685
48 36 1
48 48 1
48 45 1
48 47 0.754033
48 48 0.82674
48 40 0.971282
48 60 1
48 49 1
48 40 1
48 50 0.81048
48 51 0.902991
48 42 1
48 53 0.908414
48 49 1
48 43 1
48 44 1
48 42 1
48 45 0.860048
48 54 0.920064
48 38 1
48 55 0.62374
48 49 0.818538
48 56 1
48 53 0.88396
48 55 0.785585
48 52 0.949
48 37 1
48 37 1
48 50 1
48 44 0.941042
48 57 0.842181
48 45 0.714848
48 47 0.910417
48 52 1
48 55 0.79047
48 54 0.587871
48 60 1
48 43 1
48 42 0.849726
48 51 0.715839
48 39 0.90176
48 46 0.902194
48 46 0.904596
48 52 0.707676
48 52 0.855153
48 43 1
48 53 1
48 49 1
48 40 1
48 48 0.574903
48 50 0.69183
48 51 1
48 58 1
48 45 1
48 47 1
48 58 1
48 53 0.803386
48 43 0.706676
48 52 1
48 38 1
48 42 0.932177
48 46 0.824399
48 49 0.89345
48 47 0.874072
48 52 0.689864
48 47 0.829525
48 44 1
48 58 1
48 51 0.745389
48 48 0.671126
48 47 1
48 37 0.933105
48 55 0.799753
48 44 0.832635
48 55 1
48 51 1
48 47 1
48 39 1
48 48 1
48 45 0.734631
48 60 1
48 42 1
48 51 0.9159
48 50 0.767453
48 55 0.722339
48 54 1
48 50 1
48 50 0.91641
48 48 0.913963
48 42 0.848269
48 56 0.927558
48 53 1
48 43 0.967207
48 58 0.847365
48 43 1
48 39 0.895669
48 39 1
48 50 1
48 46 1
48 49 1
48 48 1
48 48 1
48 44 1
48 47 1
48 43 0.939351
48 41 0.670423
48 53 0.963679
48 42 1
48 39 1
48 35 1
48 52 0.809742
48 44 1
48 56 1
48 45 0.821577
48 47 0.776034
48 58 0.696432
48 36 0.839302
48 42 1
48 55 0.839474
48 45 1
48 40 1
48 39 1
48 45 1
48 38 0.709938
48 42 1
48 44 1
48 38 1
48 55 0.947031
48 40 0.881314
48 59 1
48 50 1
48 46 1
48 44 1
48 46 1
48 40 1
48 52 0.880794
48 42 0.875171
48 46 0.68088
48 50 1
48 48 1
48 49 1
48 58 0.948902
48 60 0.901238
48 59 0.880994
48 44 0.671445
48 45 0.896513
48 52 0.841514
48 45 1
48 54 0.899135
48 47 0.860675
48 43 1
48 52 0.932039
48 55 0.909526
48 40 0.701285
48 53 0.785932
48 47 0.92048
48 55 1
48 57 1
48 52 1
48 50 1
48 48 1
48 48 0.598229
48 47 1
48 49 1
48 45 1
48 39 0.782118
48 45 1
48 48 0.979893
48 51 1
48 53 1
48 49 1
48 44 1
48 49 0.839374
48 49 1
48 44 1
48 38 0.808945
48 47 1
48 45 1
48 53 1
48 64 0.689112
48 56 0.819325
48 49 1
48 58 0.910259
48 46 0.913397
48 42 1
48 57 0.952923
48 45 1
48 44 1
48 50 0.84973
48 48 1
48 52 0.962766
48 52 1
48 41 0.843699
48 44 1
48 50 0.893967
48 40 0.831688
48 40 0.797314
48 50 1
48 49 0.750146
48 38 1
48 47 1
48 52 0.894693
48 42 0.761242
48 45 0.778204
48 50 1
48 48 1
48 42 0.940392
48 43 0.803904
48 39 0.974231
48 48 1
48 57 1
48 41 1
48 45 1
48 48 1
48 48 1
48 47 0.619407
48 41 0.925669
48 58 0.855268
48 55 1
48 55 1
48 46 0.623108
48 47 0.971604
48 42 1
48 41 1
48 41 1
48 52 1
48 53 0.897969
48 39 1
48 47 1
48 47 0.751382
48 47 1
48 45 0.922961
48 48 1
48 44 1
48 47 0.717488
48 45 0.875224
48 60 1
48 44 1
48 49 0.918218
48 42 0.944214
48 41 1
48 47 0.813221
48 51 1
48 44 0.864412
48 39 0.730274
48 47 0.554475
48 53 0.959496
48 45 1
48 44 0.777854
48 46 1
48 52 1
48 48 1
48 43 0.805645
48 50 0.813314
48 45 0.832718
48 50 0.833265
48 47 0.747859
48 39 0.778629
48 53 1
48 47 0.725757
48 56 1
48 50 0.633372
48 54 1
48 50 0.767137
48 44 1
48 53 1
48 48 0.806272
48 38 1
48 55 0.891518
48 42 0.960918
48 47 0.808483
48 45 1
48 49 1
48 48 0.923835
48 51 0.74887
48 41 1
48 44 1
48 51 1
48 49 1
48 55 1
48 48 1
48 40 0.814661
48 49 0.734517
48 43 1
48 56 0.809187
48 48 1
48 51 0.803043
48 48 1
48 40 1
48 56 0.671492
48 62 0.871542
48 48 0.707457
48 48 1
48 49 1
48 53 0.843022
48 58 1
48 43 1
48 47 0.803905
48 56 0.672624
48 53 1
48 38 0.953737
48 63 1
48 48 1
48 54 1
48 43 0.889646
48 42 1
48 44 1
48 50 1
48 48 1
48 51 1
48 50 0.814193
48 60 0.814851
48 52 0.752256
48 46 1
48 47 1
48 42 0.645077
48 57 0.927568
48 53 0.945039
48 40 0.61645
48 30 1
48 55 1
48 51 1
48 51 0.77991
48 46 0.783228
48 55 0.991766
48 52 1
48 52 1
48 51 1
48 48 0.934098
48 48 0.853579
48 52 1
48 55 1
48 55 0.932737
48 50 0.920172
48 43 1
48 41 1
48 53 1
48 42 0.932195
48 51 0.909085
48 43 0.843517
48 54 0.638888
48 43 0.688274
48 46 0.745869
48 52 0.915065
48 60 1
48 40 1
48 49 0.877038
48 49 1
48 51 1
48 56 1
48 46 1
48 37 1
48 49 0.85755
48 56 0.891779
48 43 1
48 53 1
48 39 1
48 53 1
48 49 1
48 45 1
48 49 0.797059
48 49 1
48 54 0.797572
48 43 0.8301
48 58 1
48 58 0.817368
48 53 1
48 56 0.9252
48 42 0.849631
48 50 1
48 47 1
48 56 1
48 51 1
48 48 0.945492
48 39 0.707085
48 50 1
48 50 1
48 46 0.915826
48 56 1
48 42 1
48 50 1
48 49 0.979287
48 41 1
48 53 1
48 46 0.765329
48 53 1
48 48 1
48 44 0.736448
48 53 1
48 46 1
48 58 1
48 63 1
48 54 0.859695
48 49 0.706454
48 62 0.946896
48 40 1
48 54 1
48 62 1
48 47 1
48 49 0.865348
48 48 1
48 51 0.990362
48 49 0.931131
48 47 1
48 41 1
48 48 0.933365
48 50 1
48 49 1
48 49 1
48 46 0.852003
48 58 0.738904
48 54 0.809647
48 53 1
48 53 0.974064
48 52 0.789786
48 42 1
48 47 1
48 43 1
48 42 1
48 41 0.956546
48 50 0.928392
48 51 0.624592
48 38 1
48 50 1
48 48 0.756186
48 59 0.850223
48 43 1
48 53 0.796301
48 56 0.840718
48 47 1
48 34 1
48 49 0.623435
48 47 1
48 43 0.711553
48 45 1
48 54 1
48 44 0.86076
48 46 0.856753
48 49 0.796042
48 39 0.754103
48 54 0.927199
48 49 0.894544
48 55 0.864701
48 45 0.804977
48 48 0.821034
48 59 0.861267
48 42 1
48 44 1
48 47 0.911132
48 30 0.856397
48 61 1
48 45 0.970437
48 44 1
48 46 0.916334
48 45 1
48 47 0.759987
48 44 0.887125
48 51 1
48 45 0.573976
48 47 1
48 47 0.978466
48 38 0.712673
48 52 0.840879
48 60 1
48 45 1
48 55 0.674061
48 52 1
48 51 1
48 50 1
48 53 1
48 52 0.975599
48 48 0.669358
48 55 0.778857
48 48 1
48 58 0.886478
48 58 0.961155
48 48 0.961494
48 53 1
48 44 1
48 43 1
48 42 0.706465
48 49 1
48 56 1
48 59 0.862782
48 48 0.797412
48 57 0.964552
48 53 1
48 54 1
48 46 1
48 57 1
48 55 1
48 39 1
48 51 0.803468
48 52 0.732732
48 46 1
48 59 1
48 49 1
48 51 0.709583
48 36 1
48 53 1
48 43 0.886163
48 42 1
48 51 0.95517
48 44 1
48 47 1
48 52 1
48 44 1
48 46 0.967487
48 51 1
48 60 0.880806
48 44 0.578799
48 45 1
48 37 1
48 46 0.732807
48 46 1
48 52 1
48 52 1
48 52 0.8558
48 47 1
48 55 1
48 55 0.680192
48 47 1
48 49 0.860317
48 50 1
48 48 0.885768
48 47 1
48 49 1
48 42 0.880477
48 60 1
48 45 1
48 42 0.965763
48 46 1
48 45 0.838914
48 58 1
48 42 0.88467
48 46 1
48 43 0.924948
48 47 0.764798
48 44 1
48 53 0.932377
48 55 1
48 53 1
48 44 0.702615
48 50 0.838252
48 45 0.809377
48 41 0.777301
48 45 1
48 52 1
48 53 1
48 57 0.675267
48 55 1
48 53 0.84699
48 47 0.948051
48 43 0.907829
48 48 1
48 44 0.874258
48 43 0.703441
48 51 1
48 47 1
48 41 1
48 44 1
48 47 0.798078
48 49 0.735698
48 50 0.728099
48 50 0.826939
48 58 0.699163
48 51 1
48 57 1
48 51 1
48 44 0.99119
48 41 1
48 43 0.747734
48 46 1
48 36 0.856366
48 43 0.935885
48 46 1
48 60 0.82716
48 53 1
48 51 1
48 44 0.792858
48 43 1
48 50 1
48 49 0.923347
48 49 0.852193
48 49 0.677033
48 47 1
48 43 0.882894
48 46 1
48 47 0.978824
48 46 1
48 56 0.938942
48 59 0.936399
48 45 1
48 54 0.908291
48 46 0.847767
48 55 1
48 44 1
48 59 1
48 52 1
48 58 1
48 51 0.928623
48 43 0.90273
48 60 0.948819
48 57 0.991847
48 44 0.716806
48 52 0.833363
48 47 0.715374
48 51 0.596414
48 49 0.90922
48 57 0.760548
48 56 0.65628
48 46 1
48 38 1
48 48 0.789831
48 49 1
48 57 1
48 45 0.836018
48 44 0.876972
48 50 1
48 51 0.853968
48 44 1
48 48 0.949489
48 55 1
48 49 0.917383
48 54 0.815378
48 46 0.699637
48 46 0.834629
48 56 1
48 39 0.996287
48 48 1
48 42 0.858692
48 42 0.900682
48 56 1
48 47 1
48 46 1
48 54 1
48 42 1
48 50 1
48 45 0.92852
48 45 0.556963
48 42 1
48 45 0.749868
48 51 0.928863
48 46 0.921356
48 47 1
48 37 0.954969
48 54 1
48 53 1
48 45 0.761509
48 53 1
48 40 0.92392
48 49 0.835907
48 46 0.829349
48 56 1
48 55 1
48 49 0.878196
48 45 1
48 50 0.678416
48 51 0.747361
48 46 1
48 51 0.892505
48 48 1
48 43 1
48 44 0.860088
48 48 0.853925
48 52 0.887661
48 46 1
48 43 0.822682
48 46 0.899265
48 36 1
48 38 0.861877
48 41 0.746846
48 48 0.892192
48 49 0.922065
48 54 1
48 38 0.864554
48 54 0.875171
48 53 1
48 37 0.734018
48 49 1
48 53 0.961142
48 48 0.882377
48 37 0.732839
48 57 1
48 41 1
48 46 0.881387
48 48 0.777093
48 49 0.799952
48 51 0.893123
48 42 0.775004
48 41 1
48 54 0.770922
48 45 0.876901
48 46 0.980082
48 42 1
48 55 0.918677
48 39 1
48 43 0.501633
48 50 1
48 50 1
48 54 0.829167
48 43 1
48 44 1
48 52 1
48 50 1
48 52 0.971841
48 44 1
48 47 0.701926
48 44 1
48 46 1
48 53 1
48 45 1
48 42 1
48 52 0.70219
48 42 0.96139
48 56 0.938068
48 46 0.909614
48 50 1
48 55 0.869625
48 56 1
48 48 0.922388
48 54 0.884978
48 41 1
48 45 1
48 45 1
48 51 0.921257
48 50 0.738488
48 41 0.89401
48 33 0.765866
48 43 0.698523
48 50 0.913057
48 42 1
48 52 0.475887
48 44 1
48 42 1
48 55 1
48 47 1
48 50 0.97918
48 53 0.86097
48 35 0.913534
48 62 1
48 44 0.791894
48 50 0.762203
48 45 0.908217
48 45 0.890847
48 48 0.668568
48 49 0.891151
48 58 0.901379
48 53 1
48 50 0.874042
48 41 1
48 38 0.81493
48 55 1
48 42 1
48 33 1
48 41 0.809213
48 45 0.82796
48 45 1
48 49 1
48 48 0.918676
48 50 0.888656
48 50 1
48 46 1
48 55 1
48 48 0.781692
48 46 0.588699
48 40 1
48 55 1
48 41 1
48 58 0.948295
48 58 0.872512
48 52 0.781364
48 42 0.870246
48 59 1
48 54 0.905038
48 45 0.880377
48 51 0.698383
48 46 1
48 52 1
48 46 0.845948
48 46 1
48 53 1
48 55 1
48 56 1
48 60 0.839974
48 46 0.638585
48 52 1
48 53 1
48 47 1
48 49 1
48 42 1
48 57 0.907282
48 50 0.952836
48 46 0.845764
48 39 0.813785
48 48 0.865616
48 60 1
48 50 1
48 42 1
48 51 0.824612
48 52 0.82791
48 39 1
48 51 1
48 55 1
48 54 1
48 50 0.955969
48 50 1
48 41 1
48 54 1
48 62 0.922928
48 38 0.768327
48 44 0.943369
48 50 1
48 55 1
48 50 1
48 41 1
48 47 1
48 45 1
48 41 1
48 61 1
48 44 0.830765
48 49 1
48 55 1
48 45 0.940287
48 45 0.890203
48 50 0.91719
48 60 0.759163
48 43 1
48 53 0.909544
48 49 1
48 44 0.644455
48 49 0.707701
48 41 0.805384
48 56 1
48 40 1
48 46 1
48 54 0.791737
48 49 1
48 47 1
48 50 1
48 51 0.913359
48 46 0.686069
48 53 1
48 41 1
48 43 1
48 40 0.817652
48 50 1
48 47 1
48 46 1
48 49 1
48 61 1
48 50 1
48 53 1
48 50 0.863586
48 40 0.883931
48 46 0.849963
48 41 0.937462
48 55 1
48 54 0.833779
48 56 0.879847
48 50 0.867771
48 52 0.782033
48 43 1
48 43 0.912121
48 48 0.824934
48 51 1
48 45 1
48 52 1
48 62 0.949196
48 38 0.81787
48 54 1
48 53 0.876033
48 45 0.925026
48 60 1
48 53 0.762712
48 48 1
48 50 0.860605
48 49 1
48 59 1
48 55 0.899838
48 53 1
48 38 0.872591
48 55 1
48 48 0.82049
48 38 1
48 49 1
48 41 1
48 49 1
48 44 0.741692
48 50 0.891975
48 47 0.881288
48 48 0.790111
48 53 1
48 48 1
48 46 1
48 53 1
48 56 1
48 50 0.672043
48 43 1
48 47 0.901555
48 49 1
48 55 0.845678
48 55 1
48 43 0.863016
48 43 0.649097
48 47 1
48 49 1
48 57 0.906938
48 53 0.825156
48 45 1
48 46 1
48 57 0.760923
48 40 1
48 59 1
48 42 1
48 46 0.761142
48 57 1
48 45 1
48 47 0.934197
48 45 1
48 53 1
48 37 0.866458
48 43 1
48 47 1
48 44 1
48 51 0.884203
48 50 0.946253
48 42 1
48 49 0.771514
48 53 1
48 36 1
48 53 1
48 44 0.965979
48 52 0.918332
48 42 1
48 40 1
48 41 1
48 47 1
48 45 0.874509
48 47 1
48 55 1
48 53 1
48 41 1
48 50 0.618947
48 52 0.818686
48 50 0.949322
48 58 0.787752
48 51 0.831607
48 56 0.780133
48 53 0.754319
48 46 1
48 49 0.897501
48 45 0.646641
48 63 1
48 46 1
48 50 0.839413
48 52 1
48 40 0.817439
48 44 0.716517
48 42 1
48 55 0.87354
48 54 1
48 52 1
48 55 0.75449
48 54 0.85129
48 39 1
48 40 1
48 51 1
48 43 1
48 46 0.86885
48 57 0.863945
48 44 1
48 40 0.762391
48 54 1
48 56 0.798249
48 50 0.758971
48 48 1
48 44 1
48 42 0.783488
48 45 1
48 47 1
48 44 0.854284
48 50 1
48 59 0.903076
48 48 0.753454
48 45 0.77469
48 46 0.855352
48 54 1
48 43 0.813345
48 48 1
48 51 0.807043
48 43 0.9408
48 52 1
48 56 1
48 55 0.860817
48 57 1
48 47 1
48 43 1
48 41 1
48 46 0.609992
48 56 0.845693
48 52 1
48 49 0.945166
48 54 1
48 56 0.54271
48 55 0.897371
48 49 1
48 51 1
48 45 0.878098
48 55 1
48 60 1
48 48 0.729689
48 51 1
48 35 1
48 57 0.810166
48 37 1
48 49 0.902777
48 47 1
48 47 0.882562
48 54 1
48 48 1
48 46 0.882411
48 46 0.580108
48 55 0.748377
48 48 0.895462
48 50 1
48 48 1
48 50 1
48 37 1
48 38 1
48 48 0.944058
48 53 0.963904
48 43 1
48 57 1
48 45 0.978461
48 56 1
48 39 0.90422
48 53 1
48 45 0.825835
48 46 0.850441
48 47 0.908729
48 46 1
48 44 1
48 57 1
48 48 1
48 41 0.77174
48 48 0.861619
48 53 0.725369
48 50 0.691404
48 54 0.750099
48 58 1
48 46 1
48 49 0.954693
48 41 0.94238
48 41 0.794033
48 50 0.943059
48 50 0.958785
48 45 0.772443
48 41 0.733817
48 43 1
48 43 1
48 44 0.811801
48 52 0.903312
48 51 0.895293
48 53 1
48 46 0.742938
48 49 1
48 46 0.876419
48 41 0.961428
48 46 0.842016
48 45 1
48 46 1
48 51 0.950952
48 58 1
48 41 1
48 55 1
48 51 1
48 66 1
48 42 0.73558
48 53 1
48 48 0.898061
48 57 0.890062
48 49 0.855274
48 49 1
48 46 1
48 55 1
48 50 0.691758
48 44 0.695307
48 49 1
48 51 0.932653
48 55 0.79223
48 43 1
48 49 1
48 41 1
48 50 1
48 39 1
48 53 1
48 49 1
48 54 0.774978
48 51 0.830508
48 41 0.976096
48 63 1
48 53 1
48 48 0.993063
48 51 1
48 51 1
48 47 1
48 35 0.826621
48 55 0.677937
48 43 1
48 37 1
48 49 0.910815
48 43 1
48 57 0.947727
48 41 1
48 54 0.975928
48 42 1
48 52 1
48 46 0.826381
48 53 1
48 46 1
48 50 0.873346
48 47 0.782458
48 40 1
48 46 0.89151
48 55 1
48 46 1
48 63 1
48 44 0.706226
48 53 1
48 51 0.88914
48 63 1
48 40 0.629567
48 39 1
48 55 0.975022
48 58 1
48 38 0.722033
48 57 1
48 51 0.608987
48 55 1
48 54 1
48 55 1
48 52 0.857149
48 48 0.696698
48 45 0.939756
48 48 0.878483
48 43 1
48 55 0.91963
48 39 1
48 45 0.881903
48 52 0.937826
48 56 0.951287
48 54 0.888094
48 46 1
48 50 0.709648
48 49 1
48 50 1
48 45 0.855311
48 55 0.803635
48 39 1
48 52 0.892249
48 48 0.663808
48 40 1
48 51 0.828177
48 45 0.970633
48 51 1
48 40 1
48 52 0.978744
48 44 0.84315
48 43 0.788603
48 34 1
48 47 0.980609
48 36 0.771573
48 44 0.924044
48 38 0.709549
48 50 0.946087
48 55 0.810538
48 50 1
48 47 1
48 33 1
48 40 1
48 52 0.862554
48 53 1
48 46 1
48 33 1
48 51 1
48 57 1
48 50 1
48 60 1
48 58 1
48 33 0.717485
48 42 0.64871
48 46 0.748111
48 38 1
48 56 0.949768
48 56 0.881606
48 53 0.836287
48 44 0.647749
48 48 0.841793
48 46 1
48 47 1
48 46 1
48 39 1
48 48 1
48 45 0.876168
48 49 0.873764
48 63 1
48 56 1
48 39 0.907393
48 58 0.627386
48 41 0.886371
48 49 0.703072
48 50 1
48 43 0.593124
48 46 1
48 41 1
48 58 0.93943
48 52 1
48 54 0.796645
48 43 0.699747
48 48 1
48 57 0.979854
48 46 0.950389
48 53 0.748159
48 50 0.816043
48 46 0.537456
48 47 1
48 45 0.981179
48 41 0.713028
48 61 0.859245
48 42 1
48 45 0.881273
48 47 1
48 61 1
48 48 0.810274
48 47 0.722305
48 41 0.625965
48 50 1
48 48 0.935146
48 55 0.816534
48 53 0.698854
48 55 0.825684
48 44 1
48 37 1
48 47 1
48 56 0.92199
48 51 1
48 35 1
48 47 1
48 36 0.76583
48 55 0.746229
48 50 0.575297
48 36 0.814226
48 45 0.909843
48 45 0.783886
48 47 1
48 52 0.726347
48 37 1
48 51 0.75045
48 36 1
48 49 1
48 55 1
48 41 1
48 48 1
48 45 1
48 52 1
48 42 0.83141
48 54 0.700322
48 45 0.886182
48 49 1
48 38 0.935416
48 41 0.819059
48 40 1
48 59 0.965439
48 46 1
48 58 1
48 51 0.864281
48 58 1
48 46 1
48 60 0.721543
48 40 1
48 59 1
48 60 1
48 53 1
48 47 0.781455
48 39 0.810872
48 58 1
48 47 0.655803
48 49 0.875718
48 58 0.69892
48 44 1
48 34 0.90333
48 58 1
48 52 0.752101
48 40 0.991853
48 47 0.87903
48 39 1
48 54 1
48 40 0.973107
48 45 0.918418
48 60 1
48 43 1
48 55 0.797801
48 55 0.660564
48 51 0.89365
48 42 0.916585
