5000 100000
40 43 1
40 39 1
40 40 1
40 33 1
40 40 0.931982
40 43 1
40 43 1
40 48 1
40 43 1
40 40 1
40 38 1
40 37 1
40 38 1
40 37 1
40 38 1
40 27 1
40 52 1
40 50 1
40 40 1
40 45 1
40 50 0.887151
40 38 1
40 37 1
40 45 0.696054
40 44 1
40 46 1
40 39 1
40 43 1
40 41 1
40 45 1
40 31 1
40 48 1
40 37 1
40 37 1
40 39 1
40 48 1
40 40 1
40 44 1
40 48 1
40 35 1
40 42 0.714497
40 42 1
40 44 1
40 38 1
40 38 1
40 48 1
40 51 1
40 36 1
40 37 1
40 49 1
40 40 1
40 42 1
40 39 1
40 49 1
40 29 1
40 46 1
40 39 1
40 43 1
40 40 1
40 42 1
40 41 1
40 43 1
40 39 1
40 41 1
40 38 1
40 40 1
40 42 1
40 35 1
40 40 1
40 42 1
40 46 1
40 37 1
40 38 1
40 37 1
40 40 1
40 36 1
40 43 1
40 41 1
40 36 1
40 40 1
40 29 1
40 40 1
40 40 1
40 35 0.880747
40 38 1
40 43 1
40 41 1
40 41 1
40 40 1
40 41 1
40 47 1
40 32 1
40 37 1
40 42 1
40 56 1
40 42 1
40 36 0.769896
40 36 1
40 40 1
40 43 1
40 43 1
40 36 1
40 39 1
40 45 1
40 41 1
40 33 1
40 33 1
40 36 0.936453
40 40 1
40 41 1
40 39 1
40 37 1
40 42 1
40 40 1
40 32 1
40 39 0.96401
40 47 1
40 47 1
40 32 1
40 38 0.756411
40 40 1
40 36 1
40 39 1
40 38 0.832135
40 41 1
40 37 1
40 38 1
40 41 1
40 40 1
40 35 1
40 37 1
40 42 1
40 40 0.798481
40 38 1
40 42 1
40 39 1
40 42 1
40 43 1
40 41 1
40 44 1
40 47 1
40 33 1
40 44 1
40 34 1
40 43 1
40 38 1
40 38 1
40 46 1
40 40 1
40 37 1
40 36 1
40 29 0.740665
40 29 1
40 46 1
40 43 1
40 47 1
40 40 1
40 44 1
40 40 1
40 48 1
40 40 1
40 45 1
40 34 1
40 34 1
40 35 1
40 42 1
40 47 0.962365
40 40 1
40 45 1
40 39 0.770765
40 44 1
40 35 1
40 42 1
40 40 1
40 39 1
40 37 1
40 41 1
40 37 1
40 46 1
40 36 0.545376
40 38 1
40 36 1
40 45 1
40 38 0.844555
40 46 1
40 46 1
40 44 1
40 46 1
40 39 1
40 43 1
40 34 1
40 42 1
40 31 0.744408
40 39 1
40 49 1
40 47 1
40 37 0.814191
40 47 1
40 40 1
40 51 1
40 28 1
40 37 1
40 46 1
40 39 1
40 33 1
40 43 1
40 40 1
40 40 1
40 34 1
40 46 1
40 40 0.750966
40 40 1
40 48 1
40 46 1
40 34 1
40 46 1
40 34 1
40 40 1
40 41 1
40 38 1
40 43 1
40 36 1
40 36 1
40 46 1
40 44 1
40 48 1
40 41 1
40 45 1
40 35 1
40 53 0.778546
40 42 1
40 43 1
40 39 1
40 46 1
40 44 1
40 44 1
40 44 1
40 43 1
40 41 1
40 37 1
40 46 1
40 40 1
40 48 1
40 40 1
40 41 1
40 41 1
40 43 1
40 45 1
40 41 0.782505
40 38 1
40 32 1
40 38 1
40 46 1
40 43 1
40 37 1
40 44 0.914637
40 32 1
40 50 1
40 43 1
40 37 1
40 40 1
40 41 1
40 42 1
40 42 1
40 38 1
40 37 1
40 44 1
40 30 1
40 40 1
40 44 1
40 50 1
40 40 1
40 39 1
40 44 1
40 44 1
40 40 1
40 34 1
40 36 0.837948
40 38 1
40 33 1
40 39 1
40 44 1
40 33 1
40 32 1
40 43 1
40 38 1
40 43 1
40 34 1
40 48 1
40 41 1
40 49 1
40 40 1
40 35 1
40 44 1
40 38 1
40 40 1
40 44 1
40 41 1
40 43 1
40 35 1
40 40 1
40 42 1
40 35 1
40 41 1
40 42 1
40 40 1
40 38 1
40 40 1
40 44 1
40 45 1
40 43 1
40 43 1
40 41 1
40 40 1
40 40 1
40 35 1
40 50 1
40 42 1
40 38 1
40 41 1
40 33 1
40 32 1
40 45 1
40 41 1
40 44 1
40 42 1
40 49 1
40 44 1
40 44 1
40 50 1
40 46 1
40 42 1
40 36 1
40 44 1
40 37 1
40 37 1
40 37 1
40 49 1
40 30 1
40 47 1
40 32 1
40 41 1
40 47 1
40 50 1
40 40 1
40 35 1
40 43 1
40 40 1
40 47 1
40 38 1
40 41 0.676286
40 43 1
40 37 1
40 43 1
40 38 1
40 42 1
40 44 1
40 41 1
40 37 1
40 46 1
40 48 1
40 42 1
40 50 1
40 39 1
40 47 1
40 41 1
40 44 1
40 43 1
40 38 0.79274
40 41 1
40 37 1
40 40 1
40 40 1
40 42 1
40 39 1
40 37 1
40 37 1
40 40 1
40 44 1
40 49 1
40 34 1
40 38 1
40 43 1
40 44 1
40 40 1
40 36 1
40 36 1
40 38 1
40 45 1
40 33 1
40 39 1
40 49 1
40 38 1
40 49 1
40 34 1
40 37 1
40 41 1
40 42 1
40 46 1
40 46 1
40 45 1
40 31 1
40 40 1
40 36 1
40 44 1
40 47 1
40 41 1
40 43 1
40 39 1
40 45 1
40 40 1
40 39 1
40 40 1
40 44 1
40 38 1
40 41 1
40 44 1
40 38 1
40 47 1
40 37 1
40 37 1
40 40 1
40 45 1
40 40 1
40 33 1
40 40 1
40 39 1
40 30 1
40 37 1
40 26 1
40 37 1
40 45 1
40 36 1
40 42 1
40 39 1
40 39 1
40 43 1
40 31 1
40 31 1
40 47 1
40 40 1
40 51 1
40 37 0.925698
40 38 1
40 42 1
40 37 1
40 43 1
40 37 1
40 36 1
40 42 1
40 36 1
40 45 1
40 40 0.49649
40 41 1
40 46 1
40 50 1
40 41 1
40 38 1
40 38 1
40 49 1
40 38 1
40 41 1
40 40 1
40 44 1
40 44 0.668874
40 40 1
40 42 1
40 40 1
40 46 1
40 44 1
40 36 1
40 31 1
40 43 1
40 39 1
40 41 1
40 41 1
40 41 1
40 36 1
40 37 1
40 33 0.941217
40 41 1
40 49 1
40 40 1
40 46 1
40 44 1
40 39 1
40 37 1
40 35 1
40 44 1
40 50 1
40 39 1
40 35 1
40 42 0.823362
40 36 1
40 53 0.94588
40 41 1
40 45 1
40 42 1
40 45 1
40 42 1
40 43 1
40 36 1
40 38 1
40 35 1
40 40 1
40 47 1
40 47 1
40 42 1
40 37 1
40 34 1
40 38 1
40 42 1
40 47 1
40 40 1
40 44 1
40 43 1
40 36 1
40 39 1
40 32 1
40 38 1
40 35 0.89575
40 36 1
40 39 1
40 40 1
40 44 0.881093
40 38 1
40 43 0.800252
40 34 1
40 41 1
40 36 1
40 39 1
40 38 1
40 40 1
40 41 1
40 42 1
40 42 0.802983
40 42 1
40 44 1
40 40 1
40 43 1
40 33 1
40 41 1
40 42 1
40 33 1
40 52 1
40 43 1
40 48 0.598619
40 38 1
40 44 1
40 40 1
40 49 1
40 52 1
40 44 1
40 34 1
40 37 1
40 45 1
40 41 1
40 51 1
40 40 1
40 36 1
40 39 1
40 53 1
40 44 1
40 42 1
40 38 0.771765
40 43 1
40 43 1
40 40 1
40 35 1
40 47 1
40 35 1
40 44 1
40 42 1
40 39 1
40 49 1
40 41 1
40 35 1
40 35 1
40 44 1
40 30 1
40 39 1
40 39 1
40 34 1
40 46 1
40 41 1
40 42 1
40 41 1
40 53 1
40 37 1
40 45 1
40 33 1
40 36 1
40 40 1
40 37 1
40 46 1
40 44 1
40 44 1
40 42 1
40 39 1
40 42 0.846109
40 42 1
40 31 1
40 40 1
40 34 1
40 29 1
40 32 1
40 30 1
40 35 0.552706
40 42 1
40 38 0.553903
40 38 1
40 36 1
40 33 1
40 35 1
40 43 1
40 38 1
40 46 1
40 39 1
40 41 1
40 40 1
40 37 1
40 44 1
40 39 1
40 43 0.731757
40 43 1
40 39 0.771122
40 44 1
40 43 1
40 43 1
40 40 0.829446
40 38 0.781253
40 42 1
40 38 1
40 48 1
40 51 1
40 41 1
40 45 1
40 42 1
40 38 1
40 47 1
40 36 1
40 34 1
40 39 1
40 32 1
40 42 1
40 39 1
40 38 1
40 41 1
40 36 1
40 42 1
40 28 1
40 44 1
40 40 1
40 42 1
40 45 1
40 42 0.937508
40 40 1
40 42 1
40 36 1
40 44 1
40 42 1
40 41 0.806365
40 34 1
40 42 1
40 40 1
40 36 1
40 41 1
40 44 1
40 41 1
40 40 1
40 43 1
40 41 1
40 46 1
40 38 1
40 47 1
40 38 1
40 33 1
40 46 1
40 42 1
40 41 1
40 46 1
40 34 1
40 43 1
40 44 1
40 38 1
40 51 1
40 43 1
40 48 1
40 39 1
40 43 1
40 44 1
40 41 1
40 40 1
40 43 1
40 42 1
40 37 1
40 43 1
40 48 1
40 37 1
40 39 1
40 36 1
40 34 1
40 36 1
40 37 1
40 40 1
40 37 0.957634
40 40 1
40 47 1
40 43 1
40 42 1
40 39 1
40 40 1
40 43 1
40 38 1
40 50 1
40 49 1
40 40 0.705375
40 37 1
40 51 1
40 45 1
40 41 1
40 35 1
40 38 1
40 42 1
40 30 1
40 36 0.872617
40 41 1
40 39 1
40 43 1
40 43 1
40 29 1
40 40 1
40 37 1
40 40 1
40 41 1
40 45 1
40 46 1
40 44 1
40 35 1
40 42 1
40 40 0.716956
40 35 1
40 38 1
40 40 1
40 36 1
40 33 1
40 44 1
40 42 1
40 41 1
40 49 1
40 35 1
40 37 1
40 36 1
40 37 1
40 45 1
40 40 1
40 38 1
40 47 1
40 42 1
40 39 1
40 34 1
40 37 1
40 34 1
40 39 1
40 46 1
40 40 1
40 35 0.935793
40 44 1
40 47 1
40 39 1
40 32 1
40 36 1
40 28 1
40 46 1
40 41 1
40 43 1
40 42 1
40 35 1
40 47 1
40 38 1
40 39 1
40 48 1
40 35 1
40 42 1
40 43 1
40 30 1
40 40 1
40 41 1
40 44 1
40 32 1
40 40 1
40 39 1
40 47 1
40 33 0.92723
40 40 1
40 34 1
40 33 1
40 46 1
40 39 1
40 37 1
40 39 1
40 36 1
40 39 1
40 44 1
40 39 1
40 50 1
40 36 1
40 37 0.898147
40 41 1
40 35 0.659963
40 36 1
40 46 0.821709
40 39 1
40 44 1
40 36 1
40 47 1
40 32 1
40 44 1
40 44 1
40 34 1
40 49 1
40 37 1
40 46 1
40 40 1
40 39 0.886574
40 40 1
40 40 1
40 33 1
40 40 1
40 34 1
40 45 1
40 36 1
40 36 1
40 43 0.761914
40 47 1
40 37 1
40 43 1
40 39 1
40 42 1
40 44 1
40 36 1
40 44 1
40 45 1
40 38 1
40 40 1
40 45 1
40 43 1
40 41 1
40 42 0.712499
40 41 1
40 39 1
40 46 1
40 43 1
40 43 1
40 33 0.865768
40 49 1
40 42 1
40 41 1
40 40 1
40 33 1
40 42 1
40 34 1
40 36 1
40 44 1
40 45 1
40 43 1
40 39 1
40 33 1
40 42 1
40 38 1
40 48 1
40 39 1
40 35 1
40 36 1
40 33 1
40 46 1
40 44 1
40 43 1
40 45 1
40 47 1
40 42 1
40 41 1
40 37 1
40 38 1
40 44 1
40 42 0.78611
40 37 1
40 41 1
40 41 1
40 38 1
40 36 1
40 34 1
40 50 1
40 40 1
40 37 1
40 37 1
40 41 1
40 39 1
40 37 1
40 42 1
40 43 1
40 49 1
40 30 1
40 38 1
40 42 0.922368
40 41 1
40 40 1
40 44 1
40 41 1
40 44 1
40 42 1
40 45 1
40 40 1
40 41 1
40 34 1
40 41 1
40 36 1
40 32 1
40 43 1
40 37 1
40 49 1
40 42 1
40 48 1
40 40 1
40 42 1
40 43 1
40 37 1
40 36 1
40 33 0.868304
40 41 1
40 41 1
40 43 1
40 41 1
40 42 1
40 38 1
40 44 1
40 37 1
40 41 1
40 41 1
40 37 1
40 49 1
40 45 1
40 35 1
40 43 1
40 34 1
40 32 0.941892
40 44 1
40 41 1
40 33 1
40 38 1
40 45 1
40 49 0.795651
40 38 1
40 34 1
40 39 1
40 34 1
40 40 1
40 36 1
40 37 1
40 43 1
40 43 1
40 52 1
40 42 1
40 30 1
40 37 1
40 38 1
40 39 1
40 42 1
40 41 1
40 38 1
40 46 1
40 35 1
40 40 1
40 33 1
40 39 1
40 46 1
40 39 1
40 36 1
40 39 1
40 37 1
40 48 1
40 38 1
40 37 1
40 36 1
40 41 1
40 35 1
40 49 1
40 30 1
40 31 1
40 32 1
40 50 1
40 43 1
40 35 1
40 35 1
40 41 1
40 49 1
40 34 1
40 40 1
40 39 1
40 44 1
40 46 1
40 33 1
40 37 1
40 35 1
40 38 1
40 43 1
40 42 1
40 38 1
40 40 1
40 43 0.903006
40 48 1
40 39 1
40 37 1
40 39 1
40 39 1
40 46 1
40 48 1
40 42 1
40 42 1
40 50 1
40 42 1
40 39 1
40 44 0.789178
40 38 1
40 45 1
40 46 1
40 35 1
40 35 1
40 38 1
40 34 1
40 41 1
40 40 1
40 26 1
40 41 1
40 43 0.949351
40 43 1
40 42 0.891231
40 40 1
40 41 1
40 47 1
40 40 1
40 41 1
40 46 1
40 35 1
40 39 1
40 33 1
40 40 1
40 43 1
40 41 1
40 41 1
40 35 1
40 43 1
40 40 1
40 55 1
40 39 1
40 55 1
40 36 1
40 43 1
40 41 1
40 37 1
40 34 1
40 33 1
40 38 1
40 40 1
40 39 1
40 38 1
40 43 1
40 39 1
40 38 1
40 40 1
40 43 1
40 30 1
40 34 1
40 38 1
40 35 1
40 36 1
40 46 1
40 39 0.885886
40 45 1
40 47 1
40 46 1
40 35 1
40 31 1
40 45 1
40 35 1
40 42 1
40 37 1
40 41 1
40 47 1
40 44 1
40 46 1
40 39 1
40 34 1
40 30 1
40 43 1
40 34 1
40 46 1
40 47 1
40 28 0.832767
40 42 1
40 29 1
40 43 1
40 42 1
40 33 1
40 33 1
40 39 1
40 39 1
40 41 1
40 46 1
40 45 1
40 40 1
40 29 1
40 31 1
40 39 1
40 34 1
40 42 0.875146
40 44 1
40 46 1
40 32 1
40 39 1
40 42 1
40 37 1
40 40 1
40 33 1
40 39 1
40 54 1
40 45 1
40 44 1
40 47 1
40 34 1
40 34 1
40 42 1
40 46 1
40 27 1
40 41 1
40 51 1
40 44 1
40 40 1
40 44 1
40 38 1
40 47 0.843679
40 34 0.921738
40 43 1
40 37 1
40 33 1
40 37 1
40 50 1
40 38 1
40 48 1
40 48 1
40 38 1
40 45 1
40 34 1
40 40 1
40 43 1
40 31 1
40 43 1
40 41 1
40 46 1
40 37 1
40 33 1
40 39 1
40 38 0.916502
40 35 1
40 30 1
40 39 1
40 46 1
40 35 1
40 36 1
40 57 1
40 38 1
40 47 1
40 41 1
40 32 1
40 33 1
40 34 1
40 31 1
40 40 1
40 43 1
40 38 1
40 41 1
40 39 1
40 41 1
40 33 1
40 46 1
40 37 1
40 45 1
40 44 1
40 39 1
40 38 1
40 38 1
40 37 1
40 33 1
40 38 0.854907
40 42 1
40 52 1
40 39 1
40 44 1
40 43 1
40 31 1
40 32 1
40 58 1
40 42 1
40 43 1
40 40 1
40 50 1
40 41 1
40 44 1
40 37 1
40 41 1
40 45 1
40 49 1
40 31 1
40 45 1
40 43 1
40 37 1
40 44 1
40 41 1
40 39 1
40 46 1
40 41 1
40 38 1
40 46 1
40 43 1
40 41 1
40 38 1
40 34 1
40 43 1
40 33 0.925143
40 39 1
40 37 1
40 46 1
40 39 1
40 37 1
40 35 1
40 39 1
40 44 1
40 43 1
40 45 1
40 37 1
40 45 1
40 36 1
40 46 1
40 38 1
40 51 1
40 36 1
40 41 1
40 45 1
40 38 1
40 39 1
40 44 1
40 34 1
40 38 1
40 29 1
40 32 1
40 48 1
40 43 1
40 36 1
40 37 1
40 44 1
40 50 1
40 43 1
40 48 1
40 42 1
40 40 1
40 41 1
40 43 1
40 30 1
40 43 1
40 40 1
40 48 1
40 41 1
40 41 1
40 29 1
40 46 0.918588
40 44 1
40 41 1
40 45 1
40 41 1
40 38 1
40 43 1
40 37 1
40 47 1
40 45 1
40 38 1
40 38 1
40 33 1
40 38 1
40 38 1
40 36 0.916018
40 41 1
40 38 1
40 45 1
40 46 1
40 36 1
40 37 1
40 35 1
40 35 0.939176
40 45 1
40 37 1
40 30 1
40 39 1
40 46 1
40 43 1
40 39 1
40 38 1
40 43 1
40 44 1
40 39 1
40 40 0.446754
40 34 1
40 40 1
40 37 1
40 38 1
40 32 1
40 50 1
40 41 0.590782
40 41 1
40 38 1
40 44 1
40 51 0.765055
40 44 1
40 40 1
40 35 0.748221
40 42 1
40 39 1
40 52 1
40 46 1
40 49 1
40 38 1
40 35 1
40 40 1
40 37 1
40 40 1
40 37 1
40 37 1
40 40 1
40 39 1
40 39 1
40 42 1
40 39 1
40 47 1
40 38 1
40 41 1
40 43 1
40 43 1
40 33 1
40 44 1
40 38 1
40 38 1
40 44 1
40 52 1
40 33 1
40 40 1
40 38 1
40 40 1
40 35 1
40 40 1
40 38 1
40 44 1
40 43 1
40 36 1
40 32 1
40 35 1
40 43 1
40 45 1
40 43 1
40 44 1
40 45 1
40 44 1
40 48 1
40 36 1
40 50 1
40 49 1
40 50 1
40 42 1
40 38 1
40 36 1
40 44 1
40 48 1
40 36 1
40 43 1
40 41 1
40 41 1
40 49 1
40 42 1
40 47 0.949524
40 41 1
40 37 1
40 33 1
40 33 1
40 38 1
40 45 1
40 54 1
40 46 1
40 41 1
40 48 0.9505
40 33 1
40 34 1
40 39 0.973108
40 35 1
40 43 1
40 43 1
40 31 1
40 40 1
40 39 1
40 42 1
40 44 1
40 40 1
40 43 1
40 38 1
40 34 1
40 53 1
40 44 1
40 46 1
40 47 1
40 38 1
40 41 1
40 42 1
40 34 1
40 38 1
40 36 1
40 37 1
40 44 1
40 41 1
40 43 1
40 41 1
40 42 1
40 40 1
40 40 1
40 37 1
40 43 1
40 40 1
40 50 1
40 46 1
40 41 1
40 44 1
40 51 0.879298
40 41 1
40 41 1
40 45 1
40 27 1
40 42 1
40 48 1
40 41 1
40 44 1
40 39 1
40 37 1
40 41 1
40 39 1
40 41 1
40 42 0.955488
40 48 1
40 37 1
40 35 1
40 47 0.760901
40 43 1
40 37 1
40 43 1
40 34 1
40 37 1
40 34 1
40 36 1
40 37 1
40 40 1
40 46 1
40 33 1
40 37 1
40 37 1
40 43 1
40 45 1
40 31 1
40 37 1
40 40 1
40 40 1
40 44 1
40 49 1
40 44 1
40 37 1
40 50 1
40 46 1
40 44 1
40 53 1
40 46 1
40 42 1
40 39 1
40 39 1
40 39 1
40 41 1
40 41 1
40 48 1
40 42 1
40 39 1
40 41 1
40 41 1
40 37 1
40 35 1
40 39 1
40 42 1
40 29 1
40 38 1
40 42 1
40 33 1
40 47 1
40 39 1
40 42 1
40 43 1
40 44 1
40 31 1
40 38 1
40 39 1
40 41 1
40 35 1
40 43 1
40 45 1
40 44 1
40 40 1
40 53 1
40 33 1
40 44 1
40 46 0.818398
40 39 1
40 36 1
40 39 1
40 46 1
40 39 1
40 34 1
40 42 1
40 42 1
40 47 1
40 41 1
40 41 1
40 45 1
40 40 1
40 39 1
40 40 1
40 42 1
40 37 1
40 41 1
40 47 1
40 40 1
40 50 1
40 51 1
40 34 1
40 36 0.907078
40 34 1
40 45 0.768449
40 53 1
40 39 1
40 42 1
40 38 1
40 37 1
40 30 1
40 42 1
40 38 1
40 37 1
40 45 1
40 44 1
40 46 1
40 43 1
40 37 1
40 41 1
40 44 1
40 48 1
40 42 0.841032
40 40 1
40 39 1
40 39 1
40 38 1
40 41 1
40 42 0.97187
40 45 1
40 35 1
40 46 0.646688
40 43 1
40 38 1
40 45 0.780311
40 31 1
40 33 1
40 51 1
40 37 1
40 41 1
40 38 1
40 46 1
40 42 1
40 45 1
40 44 1
40 54 1
40 36 1
40 39 1
40 36 1
40 41 0.789691
40 42 1
40 45 1
40 41 1
40 40 0.781776
40 29 1
40 36 1
40 41 1
40 39 1
40 29 1
40 40 1
40 35 1
40 41 1
40 52 0.963257
40 37 1
40 38 1
40 36 1
40 39 0.827598
40 32 1
40 46 1
40 50 1
40 41 1
40 38 1
40 42 1
40 44 1
40 38 1
40 38 1
40 45 1
40 43 1
40 46 1
40 42 1
40 29 1
40 31 1
40 42 1
40 39 1
40 42 1
40 47 1
40 38 1
40 41 1
40 33 1
40 43 1
40 39 1
40 39 0.956111
40 43 1
40 37 1
40 43 1
40 45 1
40 41 1
40 34 1
40 38 1
40 38 1
40 48 1
40 42 1
40 35 1
40 41 1
40 41 1
40 39 1
40 44 1
40 49 1
40 39 1
40 38 1
40 38 1
40 38 1
40 45 1
40 41 1
40 38 1
40 53 1
40 45 1
40 41 1
40 43 1
40 48 1
40 41 1
40 36 0.724606
40 29 1
40 41 1
40 45 1
40 38 1
40 37 1
40 45 1
40 50 1
40 44 1
40 43 1
40 37 0.9025
40 42 1
40 52 1
40 32 1
40 50 1
40 35 1
40 43 1
40 36 1
40 39 1
40 46 1
40 46 1
40 37 1
40 37 1
40 36 1
40 41 1
40 43 1
40 32 1
40 40 1
40 45 1
40 32 1
40 40 1
40 40 1
40 46 1
40 40 1
40 40 0.767356
40 40 1
40 50 1
40 36 1
40 41 1
40 51 1
40 37 1
40 44 1
40 41 1
40 41 1
40 43 1
40 44 1
40 42 1
40 47 1
40 34 1
40 38 1
40 33 1
40 43 1
40 50 1
40 36 1
40 40 1
40 43 1
40 39 0.84798
40 35 1
40 43 1
40 33 1
40 40 1
40 32 1
40 37 1
40 45 1
40 44 1
40 39 1
40 37 1
40 34 1
40 40 1
40 32 1
40 42 1
40 39 1
40 45 1
40 42 1
40 33 1
40 45 1
40 44 1
40 42 1
40 40 1
40 38 1
40 47 1
40 42 1
40 39 1
40 46 1
40 34 1
40 38 1
40 45 1
40 42 1
40 48 1
40 47 1
40 37 1
40 42 1
40 34 1
40 28 1
40 40 1
40 44 1
40 48 1
40 28 1
40 37 1
40 45 1
40 46 1
40 41 1
40 32 1
40 37 1
40 36 1
40 41 1
40 40 1
40 38 1
40 32 1
40 43 1
40 34 1
40 43 1
40 38 1
40 42 1
40 35 0.628988
40 36 1
40 47 1
40 54 1
40 35 1
40 44 1
40 43 1
40 45 1
40 30 1
40 40 0.935003
40 38 1
40 31 1
40 39 1
40 40 1
40 34 1
40 43 1
40 49 1
40 36 1
40 45 1
40 47 0.860097
40 36 1
40 45 1
40 42 1
40 39 1
40 42 1
40 41 1
40 39 1
40 40 1
40 42 1
40 46 1
40 39 1
40 43 1
40 40 1
40 38 1
40 43 1
40 38 0.942034
40 33 1
40 40 1
40 50 1
40 39 1
40 40 1
40 36 1
40 39 1
40 40 0.813621
40 43 1
40 53 1
40 43 1
40 51 1
40 35 1
40 51 1
40 39 1
40 39 1
40 42 1
40 50 1
40 47 1
40 38 1
40 40 1
40 34 1
40 41 1
40 44 1
40 34 1
40 42 1
40 43 1
40 37 1
40 40 1
40 42 1
40 40 1
40 37 1
40 43 1
40 40 1
40 43 1
40 50 1
40 38 1
40 45 1
40 44 1
40 45 1
40 48 1
40 44 1
40 38 1
40 40 1
40 45 1
40 36 1
40 39 1
40 45 1
40 34 1
40 41 1
40 43 1
40 38 1
40 39 1
40 38 1
40 48 1
40 40 1
40 44 1
40 33 1
40 33 1
40 34 1
40 49 1
40 42 1
40 34 1
40 29 1
40 30 1
40 36 1
40 51 1
40 38 1
40 33 1
40 40 1
40 42 1
40 43 1
40 42 1
40 42 1
40 35 1
40 29 1
40 37 1
40 30 1
40 41 1
40 42 1
40 39 1
40 34 1
40 40 1
40 35 1
40 36 1
40 37 1
40 36 1
40 37 1
40 34 1
40 41 1
40 40 0.865794
40 42 1
40 43 0.948883
40 36 1
40 37 1
40 48 1
40 41 1
40 35 1
40 38 1
40 39 1
40 36 1
40 36 1
40 38 1
40 42 1
40 47 1
40 44 1
40 35 1
40 35 1
40 41 1
40 50 0.864159
40 42 1
40 36 1
40 44 1
40 41 1
40 41 1
40 51 1
40 42 0.795343
40 39 1
40 35 1
40 47 1
40 45 1
40 41 1
40 31 1
40 42 0.857185
40 41 1
40 49 1
40 34 1
40 42 0.907902
40 43 1
40 45 1
40 41 1
40 41 1
40 48 1
40 42 1
40 45 1
40 35 1
40 44 1
40 31 1
40 42 1
40 31 1
40 47 1
40 36 1
40 32 1
40 31 1
40 32 1
40 44 1
40 43 1
40 48 1
40 46 1
40 37 1
40 36 1
40 32 1
40 39 1
40 37 1
40 46 1
40 40 1
40 36 1
40 45 1
40 45 1
40 40 1
40 37 1
40 47 1
40 40 1
40 36 1
40 39 1
40 50 1
40 39 1
40 34 1
40 45 1
40 32 1
40 40 1
40 51 1
40 32 1
40 48 1
40 49 1
40 47 1
40 34 1
40 36 1
40 44 1
40 34 1
40 40 1
40 36 1
40 49 1
40 41 1
40 42 1
40 38 1
40 38 1
40 41 1
40 44 1
40 45 1
40 44 1
40 40 1
40 42 1
40 39 1
40 43 1
40 36 1
40 50 1
40 42 1
40 43 1
40 45 1
40 32 1
40 48 1
40 34 1
40 45 1
40 44 1
40 42 1
40 32 1
40 41 1
40 42 1
40 49 1
40 38 1
40 48 1
40 43 1
40 46 1
40 46 1
40 36 1
40 44 1
40 42 1
40 41 1
40 42 1
40 46 1
40 37 1
40 36 1
40 42 1
40 39 1
40 27 1
40 38 1
40 38 1
40 47 1
40 33 1
40 31 1
40 37 1
40 37 1
40 34 1
40 34 1
40 42 1
40 43 1
40 34 1
40 37 1
40 44 1
40 30 1
40 44 1
40 48 1
40 35 1
40 42 1
40 49 1
40 40 1
40 36 1
40 47 1
40 36 1
40 33 1
40 41 1
40 43 1
40 41 1
40 46 1
40 48 1
40 41 1
40 32 1
40 45 1
40 45 1
40 50 1
40 41 0.973586
40 47 1
40 28 1
40 50 1
40 33 1
40 34 1
40 36 1
40 39 1
40 38 1
40 47 1
40 43 1
40 42 1
40 35 1
40 43 1
40 43 1
40 41 1
40 38 1
40 45 1
40 34 1
40 38 1
40 44 1
40 34 1
40 42 1
40 39 1
40 37 1
40 43 1
40 49 1
40 40 1
40 38 1
40 43 1
40 45 1
40 36 1
40 38 1
40 35 1
40 49 1
40 50 1
40 41 1
40 44 1
40 31 1
40 37 1
40 41 1
40 41 1
40 34 1
40 42 1
40 38 1
40 47 1
40 43 1
40 46 1
40 30 1
40 31 1
40 37 1
40 44 1
40 38 1
40 43 1
40 33 1
40 41 1
40 43 1
40 37 1
40 39 1
40 35 1
40 36 1
40 49 1
40 42 1
40 27 1
40 46 1
40 36 0.855366
40 43 1
40 40 1
40 38 1
40 54 1
40 29 1
40 42 0.927465
40 46 1
40 29 1
40 37 0.916902
40 43 1
40 46 1
40 48 1
40 39 1
40 33 1
40 41 1
40 39 1
40 48 1
40 37 1
40 37 1
40 42 1
40 37 1
40 38 1
40 41 1
40 36 1
40 38 0.827101
40 38 1
40 40 1
40 42 1
40 36 1
40 44 0.838964
40 44 1
40 37 1
40 44 1
40 31 0.975619
40 40 1
40 38 1
40 35 1
40 43 1
40 31 1
40 46 1
40 34 1
40 40 1
40 42 1
40 42 1
40 41 1
40 34 1
40 37 1
40 44 1
40 39 1
40 33 1
40 43 1
40 40 1
40 42 1
40 39 1
40 42 1
40 38 1
40 43 1
40 32 1
40 38 1
40 31 1
40 33 1
40 46 1
40 45 1
40 50 1
40 37 1
40 52 1
40 41 1
40 42 1
40 43 1
40 36 1
40 44 1
40 42 1
40 42 1
40 40 1
40 47 1
40 34 1
40 42 1
40 42 1
40 36 1
40 38 1
40 32 1
40 48 1
40 39 1
40 42 1
40 45 1
40 43 1
40 44 1
40 46 1
40 40 1
40 46 1
40 36 1
40 34 1
40 43 1
40 39 1
40 36 1
40 39 1
40 32 1
40 44 1
40 42 1
40 42 1
40 42 1
40 40 1
40 41 1
40 45 1
40 47 1
40 35 1
40 39 1
40 52 1
40 37 1
40 31 1
40 36 0.845037
40 40 1
40 40 1
40 49 1
40 39 1
40 39 1
40 38 1
40 35 1
40 44 1
40 42 1
40 37 1
40 42 1
40 38 1
40 42 0.863528
40 40 1
40 45 0.767499
40 31 1
40 46 1
40 42 1
40 35 1
40 33 1
40 34 1
40 48 1
40 36 1
40 38 1
40 43 1
40 36 1
40 45 1
40 42 1
40 34 1
40 50 1
40 41 1
40 55 1
40 38 1
40 37 1
40 39 0.807368
40 38 1
40 43 1
40 36 1
40 46 1
40 40 1
40 49 1
40 38 1
40 43 1
40 45 1
40 40 1
40 38 1
40 39 1
40 40 1
40 35 1
40 34 1
40 45 1
40 39 0.885934
40 39 1
40 33 1
40 42 1
40 43 1
40 37 1
40 39 1
40 35 1
40 44 1
40 41 1
40 35 0.83018
40 42 1
40 46 1
40 44 1
40 41 0.884387
40 39 1
40 35 1
40 46 1
40 46 1
40 34 1
40 38 1
40 38 1
40 38 1
40 41 1
40 43 1
40 52 1
40 44 1
40 41 1
40 41 1
40 45 1
40 39 1
40 34 1
40 36 1
40 38 1
40 37 1
40 37 1
40 39 1
40 26 1
40 46 1
40 44 1
40 36 1
40 41 1
40 39 1
40 43 1
40 40 1
40 45 1
40 40 1
40 34 1
40 47 1
40 41 1
40 33 1
40 33 1
40 45 1
40 40 1
40 49 1
40 45 1
40 38 1
40 43 1
40 45 1
40 38 1
40 42 1
40 36 1
40 42 1
40 51 1
40 37 1
40 42 1
40 40 1
40 41 1
40 37 1
40 31 1
40 46 1
40 37 1
40 42 1
40 45 1
40 41 1
40 40 1
40 45 1
40 43 1
40 41 1
40 35 1
40 49 1
40 37 1
40 48 1
40 42 1
40 34 1
40 45 1
40 51 1
40 53 1
40 42 1
40 36 1
40 36 1
40 37 1
40 44 1
40 41 1
40 35 1
40 35 1
40 47 1
40 38 1
40 36 1
40 34 1
40 51 1
40 36 0.852035
40 40 1
40 39 1
40 43 1
40 44 1
40 38 1
40 43 1
40 48 1
40 37 1
40 37 0.872096
40 39 1
40 36 1
40 42 1
40 40 1
40 43 1
40 38 1
40 36 1
40 38 1
40 44 1
40 38 1
40 40 1
40 37 1
40 43 1
40 50 1
40 41 1
40 41 1
40 44 1
40 48 1
40 38 1
40 36 1
40 44 1
40 49 1
40 46 1
40 37 1
40 41 1
40 36 1
40 40 0.664174
40 50 1
40 42 1
40 35 1
40 41 1
40 48 1
40 33 1
40 47 1
40 34 1
40 40 1
40 33 1
40 40 1
40 42 1
40 36 1
40 45 1
40 40 1
40 44 1
40 38 1
40 28 1
40 47 1
40 49 1
40 30 1
40 51 1
40 40 1
40 30 1
40 37 1
40 41 1
40 42 1
40 35 0.89533
40 36 1
40 39 0.791815
40 47 1
40 38 1
40 42 1
40 44 1
40 37 1
40 35 1
40 32 1
40 42 1
40 47 1
40 30 1
40 36 1
40 36 1
40 37 1
40 40 1
40 30 1
40 31 1
40 44 1
40 44 1
40 34 1
40 39 1
40 39 1
40 39 1
40 45 1
40 43 1
40 37 0.880162
40 36 1
40 45 1
40 43 1
40 38 1
40 43 1
40 44 1
40 44 1
40 52 1
40 38 1
40 40 1
40 34 1
40 34 1
40 42 1
40 42 1
40 36 1
40 40 1
40 45 1
40 40 1
40 44 1
40 47 1
40 38 1
40 46 1
40 49 1
40 40 1
40 46 1
40 38 1
40 41 1
40 45 1
40 26 1
40 34 1
40 29 1
40 46 0.746756
40 44 1
40 46 1
40 48 1
40 40 1
40 33 1
40 39 1
40 47 1
40 44 1
40 43 1
40 36 1
40 36 1
40 47 1
40 39 1
40 34 1
40 34 1
40 34 1
40 36 1
40 40 1
40 45 1
40 36 1
40 43 1
40 54 0.966725
40 42 1
40 40 1
40 36 1
40 42 1
40 40 1
40 40 0.746006
40 40 1
40 41 1
40 37 1
40 36 1
40 39 1
40 38 1
40 40 1
40 38 1
40 44 0.925916
40 35 1
40 36 0.72715
40 33 1
40 50 1
40 31 1
40 47 1
40 39 1
40 30 1
40 37 1
40 40 1
40 43 1
40 45 1
40 42 1
40 40 1
40 42 1
40 36 1
40 47 1
40 41 1
40 46 0.893484
40 46 1
40 37 1
40 32 1
40 38 1
40 42 1
40 43 1
40 43 1
40 46 1
40 44 1
40 37 1
40 43 1
40 41 1
40 35 1
40 41 1
40 47 1
40 43 1
40 41 1
40 38 0.814091
40 30 1
40 48 1
40 37 1
40 35 1
40 36 0.938246
40 47 1
40 43 1
40 38 1
40 33 1
40 39 1
40 37 1
40 34 1
40 38 1
40 36 1
40 50 1
40 46 1
40 36 1
40 37 1
40 45 1
40 45 1
40 46 1
40 44 1
40 37 1
40 43 1
40 32 1
40 40 1
40 48 1
40 33 1
40 33 1
40 39 1
40 34 1
40 41 1
40 33 1
40 41 1
40 42 1
40 52 1
40 40 1
40 37 1
40 47 1
40 40 1
40 42 1
40 47 1
40 31 1
40 27 1
40 45 1
40 42 1
40 39 1
40 46 1
40 28 1
40 41 1
40 45 1
40 34 1
40 36 1
40 35 1
40 39 1
40 37 1
40 35 1
40 41 1
40 43 1
40 40 1
40 38 1
40 28 1
40 48 1
40 44 1
40 39 0.782582
40 37 1
40 44 1
40 33 1
40 49 1
40 39 1
40 38 1
40 55 1
40 40 1
40 46 1
40 37 1
40 40 1
40 37 1
40 50 1
40 44 1
40 41 1
40 30 1
40 38 1
40 56 1
40 40 1
40 36 1
40 38 1
40 44 1
40 36 1
40 31 1
40 46 1
40 51 1
40 45 1
40 38 1
40 35 1
40 41 1
40 47 1
40 39 1
40 45 1
40 35 1
40 34 1
40 42 1
40 47 1
40 37 0.808155
40 39 1
40 45 1
40 51 1
40 32 1
40 43 1
40 33 1
40 39 1
40 41 1
40 45 1
40 36 1
40 36 1
40 53 1
40 39 1
40 29 1
40 36 1
40 40 1
40 38 1
40 39 1
40 36 1
40 41 1
40 48 1
40 39 1
40 33 1
40 41 1
40 50 1
40 38 1
40 44 1
40 45 1
40 41 1
40 41 1
40 44 1
40 40 1
40 39 1
40 47 1
40 37 1
40 31 1
40 47 1
40 54 1
40 39 1
40 39 1
40 35 1
40 45 1
40 39 1
40 36 1
40 40 1
40 43 1
40 41 1
40 40 0.973799
40 47 1
40 42 1
40 53 1
40 42 1
40 46 1
40 38 1
40 40 1
40 44 1
40 38 1
40 44 1
40 40 1
40 42 1
40 40 1
40 50 0.963151
40 43 1
40 34 1
40 35 1
40 39 1
40 38 1
40 37 1
40 46 1
40 40 1
40 40 1
40 34 1
40 39 1
40 39 1
40 38 1
40 34 1
40 38 1
40 44 1
40 42 1
40 40 1
40 41 1
40 38 1
40 39 1
40 38 1
40 41 1
40 40 1
40 44 1
40 41 1
40 43 1
40 37 1
40 38 0.923469
40 46 1
40 45 1
40 52 1
40 31 1
40 36 1
40 46 1
40 36 0.889562
40 53 1
40 31 1
40 47 0.916412
40 46 1
40 43 1
40 43 1
40 39 1
40 38 1
40 45 1
40 47 1
40 42 1
40 35 0.98871
40 46 1
40 41 1
40 38 0.931873
40 37 1
40 43 1
40 37 1
40 34 1
40 37 1
40 32 1
40 43 1
40 31 1
40 48 1
40 38 1
40 38 1
40 34 1
40 40 1
40 30 1
40 42 1
40 37 1
40 38 1
40 38 0.770764
40 46 1
40 48 1
40 43 1
40 32 1
40 40 1
40 49 1
40 41 1
40 41 1
40 47 1
40 41 1
40 49 1
40 52 1
40 47 1
40 30 1
40 35 1
40 42 1
40 35 1
40 45 1
40 46 1
40 45 1
40 42 1
40 28 1
40 43 1
40 41 1
40 39 1
40 32 0.981738
40 41 1
40 45 1
40 49 1
40 40 1
40 37 0.97068
40 34 1
40 40 1
40 36 1
40 38 1
40 41 1
40 21 1
40 37 1
40 46 1
40 30 1
40 45 1
40 44 1
40 44 0.959995
40 32 1
40 38 1
40 45 1
40 47 1
40 40 1
40 40 1
40 55 1
40 29 1
40 41 1
40 42 1
40 43 1
40 50 1
40 38 1
40 42 1
40 36 0.788395
40 53 1
40 38 1
40 50 1
40 46 1
40 38 1
40 47 1
40 37 1
40 47 1
40 48 1
40 45 1
40 40 1
40 38 1
40 45 1
40 36 1
40 36 1
40 47 1
40 38 1
40 43 1
40 42 1
40 39 1
40 43 1
40 48 1
40 33 1
40 38 0.768078
40 41 0.960807
40 33 1
40 40 1
40 48 1
40 34 1
40 42 1
40 30 1
40 50 1
40 46 1
40 36 1
40 46 1
40 36 1
40 49 0.936203
40 41 1
40 42 1
40 44 1
40 38 1
40 38 1
40 49 1
40 40 1
40 37 1
40 42 1
40 45 1
40 47 1
40 40 1
40 53 1
40 43 1
40 45 1
40 33 1
40 41 1
40 38 1
40 44 1
40 45 1
40 42 1
40 44 1
40 37 1
40 37 1
40 44 1
40 43 1
40 45 1
40 40 1
40 46 1
40 43 1
40 35 1
40 39 1
40 44 0.695136
40 40 1
40 46 1
40 40 1
40 39 0.713678
40 46 1
40 37 1
40 31 1
40 43 1
40 34 1
40 43 1
40 38 1
40 36 1
40 47 0.609789
40 47 1
40 41 1
40 38 1
40 43 1
40 40 1
40 39 1
40 35 1
40 38 1
40 38 1
40 40 1
40 44 1
40 42 1
40 44 1
40 38 1
40 44 1
40 36 1
40 32 1
40 40 1
40 44 1
40 46 1
40 43 1
40 42 0.90619
40 40 1
40 42 0.804401
40 44 1
40 36 1
40 37 1
40 40 1
40 38 1
40 37 1
40 35 0.887159
40 35 1
40 36 1
40 39 1
40 40 1
40 38 0.800708
40 43 1
40 40 1
40 29 1
40 46 1
40 43 1
40 42 1
40 37 1
40 38 1
40 43 1
40 43 1
40 46 1
40 40 1
40 38 1
40 43 1
40 34 1
40 47 1
40 45 1
40 44 1
40 39 1
40 45 1
40 34 1
40 42 1
40 31 1
40 39 1
40 41 0.890117
40 42 1
40 36 1
40 49 1
40 41 1
40 36 1
40 33 1
40 42 1
40 36 1
40 45 1
40 43 1
40 32 1
40 45 1
40 45 1
40 37 1
40 30 1
40 38 1
40 35 1
40 40 1
40 33 1
40 37 1
40 41 1
40 37 1
40 43 0.948967
40 36 1
40 34 1
40 41 1
40 33 1
40 40 1
40 35 1
40 41 1
40 34 1
40 37 1
40 38 1
40 39 1
40 46 1
40 44 1
40 40 1
40 46 1
40 40 1
40 41 1
40 36 1
40 36 1
40 39 1
40 42 1
40 45 1
40 38 1
40 46 1
40 39 1
40 31 1
40 43 1
40 46 1
40 42 1
40 45 1
40 38 1
40 40 1
40 41 1
40 38 1
40 37 1
40 48 1
40 44 1
40 46 1
40 44 1
40 41 1
40 43 1
40 47 1
40 48 1
40 47 1
40 33 1
40 46 1
40 35 1
40 42 1
40 38 1
40 41 1
40 42 1
40 46 1
40 42 1
40 31 1
40 42 1
40 43 1
40 35 1
40 43 1
40 46 1
40 43 1
40 35 1
40 43 1
40 39 1
40 45 1
40 41 1
40 43 0.670318
40 45 1
40 48 1
40 38 1
40 35 1
40 52 1
40 40 1
40 29 1
40 42 1
40 40 1
40 46 1
40 45 1
40 32 1
40 38 1
40 42 1
40 47 1
40 41 1
40 41 1
40 41 0.924393
40 31 1
40 49 1
40 47 1
40 42 1
40 32 1
40 43 1
40 46 1
40 49 1
40 38 1
40 39 1
40 39 1
40 41 1
40 45 1
40 35 1
40 42 1
40 39 1
40 38 1
40 38 1
40 52 1
40 40 1
40 36 1
40 36 1
40 39 1
40 36 1
40 40 1
40 38 1
40 37 1
40 36 1
40 30 1
40 34 1
40 46 1
40 47 1
40 34 1
40 48 1
40 39 1
40 42 1
40 46 1
40 36 1
40 39 1
40 41 1
40 51 1
40 37 1
40 38 1
40 47 1
40 47 1
40 38 0.868223
40 51 1
40 38 1
40 36 1
40 49 1
40 50 1
40 38 1
40 37 1
40 41 1
40 44 1
40 32 0.593983
40 39 0.751747
40 39 1
40 45 1
40 39 1
40 41 1
40 36 1
40 45 0.811757
40 45 1
40 44 1
40 35 1
40 46 1
40 45 1
40 49 1
40 39 1
40 45 1
40 45 1
40 43 1
40 40 1
40 29 1
40 46 0.792284
40 38 1
40 45 1
40 45 1
40 41 1
40 36 1
40 46 1
40 47 1
40 38 1
40 36 1
40 37 1
40 41 1
40 43 1
40 45 0.860524
40 41 1
40 50 1
40 56 1
40 35 1
40 51 1
40 42 1
40 42 1
40 33 1
40 37 1
40 38 1
40 37 1
40 39 0.876535
40 48 1
40 37 1
40 36 1
40 39 1
40 44 1
40 39 1
40 47 1
40 50 1
40 42 1
40 44 1
40 35 1
40 45 1
40 45 0.89464
40 41 1
40 44 1
40 41 1
40 48 0.84064
40 42 1
40 42 1
40 45 1
40 40 1
40 33 1
40 39 1
40 39 1
40 35 1
40 33 1
40 40 1
40 42 1
40 37 1
40 44 1
40 32 1
40 41 1
40 38 1
40 36 1
40 37 1
40 52 1
40 51 1
40 30 1
40 46 0.897811
40 44 1
40 45 1
40 40 1
40 33 1
40 41 1
40 38 1
40 36 0.772451
40 44 1
40 38 1
40 42 1
40 42 1
40 46 1
40 43 1
40 46 1
40 49 1
40 43 1
40 37 1
40 28 1
40 39 1
40 37 1
40 36 1
40 37 1
40 38 1
40 38 1
40 47 1
40 43 1
40 42 1
40 48 1
40 44 1
40 42 1
40 42 1
40 35 1
40 40 1
40 43 1
40 45 1
40 45 1
40 37 1
40 49 1
40 30 1
40 42 1
40 42 0.876645
40 45 1
40 40 1
40 45 1
40 45 1
40 41 1
40 38 1
40 43 1
40 37 1
40 26 1
40 37 1
40 43 1
40 35 1
40 48 1
40 41 1
40 39 1
40 45 1
40 34 1
40 37 1
40 44 1
40 40 1
40 45 1
40 41 1
40 49 1
40 40 0.9734
40 45 1
40 36 1
40 50 1
40 30 1
40 35 1
40 36 1
40 48 1
40 47 1
40 42 1
40 42 1
40 43 1
40 39 1
40 39 1
40 39 1
40 49 1
40 42 1
40 31 1
40 45 1
40 40 1
40 34 1
40 42 1
40 29 1
40 39 1
40 29 1
40 44 1
40 44 1
40 32 1
40 26 1
40 33 1
40 34 1
40 34 1
40 50 1
40 52 1
40 49 1
40 32 1
40 35 1
40 51 1
40 37 1
40 44 1
40 47 1
40 46 1
40 42 1
40 49 1
40 41 1
40 52 1
40 32 1
40 42 1
40 41 1
40 40 1
40 42 0.847633
40 37 1
40 49 1
40 46 1
40 36 1
40 38 1
40 33 1
40 41 1
40 38 1
40 45 1
40 49 1
40 47 1
40 41 1
40 34 1
40 45 1
40 46 1
40 35 1
40 39 1
40 46 1
40 45 1
40 41 1
40 46 1
40 35 1
40 40 1
40 41 1
40 36 1
40 39 1
40 46 1
40 41 1
40 41 1
40 48 1
40 47 1
40 41 1
40 39 1
40 35 1
40 45 1
40 39 1
40 37 1
40 42 1
40 40 0.952593
40 48 1
40 46 1
40 43 1
40 49 1
40 45 1
40 40 1
40 50 1
40 39 1
40 43 1
40 35 1
40 41 1
40 47 1
40 32 1
40 33 1
40 37 1
40 47 1
40 43 1
40 46 1
40 37 1
40 34 1
40 38 1
40 35 1
40 41 1
40 43 0.839408
40 44 1
40 29 1
40 45 0.624657
40 40 1
40 42 1
40 43 1
40 40 1
40 58 1
40 33 1
40 43 1
40 38 1
40 41 1
40 51 1
40 39 1
40 42 1
40 41 1
40 31 1
40 40 1
40 39 1
40 40 1
40 42 1
40 41 1
40 35 0.885638
40 40 1
40 37 1
40 40 0.665964
40 40 1
40 42 0.548722
40 42 1
40 43 1
40 40 1
40 45 1
40 43 1
40 37 0.801728
40 44 1
40 45 1
40 43 1
40 45 1
40 42 1
40 36 1
40 39 1
40 43 1
40 34 1
40 40 1
40 48 1
40 46 1
40 50 1
40 37 1
40 38 1
40 28 1
40 40 1
40 38 1
40 41 1
40 45 1
40 41 1
40 44 1
40 39 1
40 35 1
40 43 1
40 43 1
40 33 1
40 38 1
40 44 1
40 40 1
40 41 1
40 43 1
40 39 1
40 45 1
40 45 1
40 38 1
40 45 1
40 43 1
40 38 1
40 36 1
40 39 1
40 35 1
40 39 1
40 29 0.924359
40 36 1
40 43 1
40 37 1
40 41 1
40 33 1
40 38 1
40 43 1
40 43 1
40 42 1
40 41 1
40 42 1
40 53 1
40 38 1
40 39 1
40 46 1
40 44 1
40 49 1
40 35 1
40 41 1
40 38 1
40 41 1
40 38 1
40 42 1
40 44 1
40 48 1
40 40 1
40 45 1
40 44 1
40 54 1
40 35 1
40 35 1
40 38 1
40 44 1
40 37 1
40 46 1
40 35 1
40 32 1
40 42 1
40 44 1
40 46 1
40 38 1
40 42 1
40 44 1
40 35 1
40 41 1
40 43 1
40 34 1
40 36 1
40 37 1
40 41 1
40 42 1
40 45 1
40 36 1
40 40 1
40 35 1
40 40 1
40 47 1
40 36 1
40 31 1
40 42 1
40 49 1
40 38 1
40 46 1
40 35 1
40 42 1
40 44 1
40 34 1
40 36 1
40 47 1
40 41 1
40 33 1
40 31 1
40 42 1
40 42 1
40 44 1
40 39 1
40 37 0.912067
40 45 1
40 37 1
40 32 1
40 39 1
40 37 1
40 35 1
40 39 1
40 48 1
40 45 1
40 36 1
40 45 1
40 44 1
40 40 1
40 46 1
40 43 1
40 42 1
40 35 1
40 39 1
40 37 1
40 50 1
40 39 1
40 39 1
40 42 1
40 43 1
40 39 1
40 35 1
40 41 1
40 37 1
40 40 1
40 43 1
40 44 1
40 50 1
40 30 1
40 38 1
40 44 1
40 32 1
40 38 1
40 45 1
40 39 1
40 30 1
40 42 1
40 41 1
40 38 1
40 48 0.767233
40 40 1
40 38 1
40 35 1
40 42 1
40 41 1
40 36 1
40 40 1
40 42 1
40 26 1
40 48 1
40 41 1
40 43 1
40 45 1
40 37 1
40 40 1
40 37 1
40 44 1
40 36 1
40 40 1
40 44 1
40 39 1
40 49 0.668306
40 37 1
40 36 1
40 41 1
40 56 1
40 38 1
40 36 1
40 31 1
40 32 1
40 32 1
40 41 1
40 40 1
40 30 1
40 40 1
40 38 1
40 39 1
40 40 1
40 34 1
40 50 1
40 41 1
40 33 1
40 42 1
40 42 1
40 35 1
40 44 1
40 41 1
40 36 1
40 37 1
40 35 1
40 38 1
40 45 1
40 32 1
40 46 1
40 41 1
40 46 1
40 44 1
40 46 1
40 43 1
40 31 1
40 31 1
40 42 1
40 36 1
40 47 1
40 38 1
40 39 1
40 43 1
40 46 1
40 45 1
40 50 1
40 36 1
40 35 1
40 43 1
40 33 1
40 39 1
40 39 1
40 43 1
40 43 1
40 36 0.821932
40 45 0.780686
40 41 1
40 34 1
40 40 1
40 41 1
40 42 1
40 49 0.814701
40 38 1
40 40 1
40 48 1
40 44 1
40 36 1
40 43 1
40 32 1
40 35 1
40 39 1
40 41 1
40 39 1
40 44 1
40 40 1
40 37 1
40 48 1
40 43 1
40 40 1
40 39 1
40 31 1
40 46 1
40 37 1
40 46 1
40 43 1
40 39 0.949539
40 33 1
40 40 1
40 38 0.823773
40 50 1
40 35 0.781008
40 42 1
40 41 1
40 46 1
40 45 0.826213
40 42 1
40 42 0.807031
40 40 1
40 35 1
40 47 1
40 44 1
40 36 1
40 49 1
40 36 1
40 33 1
40 33 1
40 42 1
40 38 1
40 41 1
40 40 1
40 40 1
40 36 1
40 40 1
40 36 1
40 34 1
40 44 1
40 35 1
40 33 1
40 29 1
40 44 1
40 37 1
40 47 1
40 37 1
40 39 1
40 48 1
40 30 1
40 35 1
40 46 0.764199
40 38 1
40 33 1
40 33 1
40 37 1
40 31 1
40 35 1
40 37 1
40 32 1
40 46 1
40 33 1
40 49 1
40 42 1
40 38 1
40 37 1
40 38 1
40 34 1
40 43 1
40 35 1
40 39 1
40 42 1
40 40 1
40 41 1
40 48 1
40 50 1
40 49 1
40 37 1
40 37 1
40 43 1
40 37 1
40 45 1
40 39 1
40 36 1
40 43 1
40 46 0.844516
40 34 1
40 44 1
40 39 1
40 46 1
40 48 0.793411
40 43 1
40 41 1
40 40 1
40 40 1
40 39 1
40 41 1
40 38 1
40 32 1
40 38 1
40 40 1
40 43 1
40 44 1
40 41 1
40 37 1
40 41 1
40 41 1
40 36 0.900774
40 32 1
40 40 1
40 37 1
40 44 1
40 54 1
40 46 1
40 41 1
40 49 1
40 38 1
40 35 1
40 47 1
40 38 1
40 37 1
40 42 1
40 40 1
40 43 1
40 44 1
40 34 1
40 37 1
40 42 1
40 34 1
40 34 1
40 42 0.838023
40 41 1
40 32 1
40 40 1
40 43 1
40 35 1
40 37 1
40 42 1
40 40 1
40 35 1
40 36 1
40 33 1
40 40 1
40 48 1
40 34 1
40 38 1
40 40 1
40 40 1
40 39 1
40 34 1
40 48 1
40 46 1
40 46 1
40 38 1
40 39 1
40 35 1
40 34 1
40 34 1
40 44 1
40 44 1
40 33 1
40 39 1
40 39 1
40 39 1
40 38 1
40 40 1
40 37 1
40 39 1
40 38 1
40 50 1
40 37 1
40 41 1
40 35 1
40 34 1
40 40 1
40 42 1
40 36 1
40 32 1
40 39 1
40 45 1
40 38 1
40 37 1
40 39 1
40 43 1
40 40 1
40 36 1
40 42 0.828328
40 38 1
40 42 1
40 39 1
40 33 1
40 45 1
40 39 1
40 47 1
40 42 1
40 45 1
40 42 1
40 36 1
40 44 1
40 40 1
40 32 1
40 46 1
40 35 1
40 39 1
40 37 1
40 41 1
40 40 1
40 43 0.881533
40 34 1
40 37 1
40 43 1
40 41 1
40 46 1
40 40 1
40 34 1
40 41 1
40 36 1
40 47 1
40 40 1
40 42 1
40 40 1
40 33 1
40 47 1
40 52 1
40 40 1
40 40 1
40 41 1
40 44 1
40 48 1
40 36 1
40 39 1
40 47 1
40 44 1
40 32 1
40 53 1
40 40 1
40 45 1
40 36 0.919166
40 35 1
40 37 1
40 42 1
40 40 1
40 43 1
40 42 1
40 50 1
40 44 1
40 38 1
40 40 1
40 35 1
40 48 1
40 44 1
40 33 1
40 25 1
40 46 1
40 42 1
40 43 1
40 38 1
40 46 1
40 43 1
40 43 1
40 42 1
40 40 1
40 40 1
40 43 1
40 46 1
40 46 1
40 42 1
40 36 1
40 34 1
40 44 1
40 35 1
40 43 1
40 36 1
40 45 1
40 36 1
40 38 1
40 43 1
40 50 1
40 33 1
40 41 1
40 41 1
40 43 1
40 47 1
40 38 1
40 31 1
40 41 1
40 47 1
40 36 1
40 44 1
40 33 1
40 44 1
40 41 1
40 37 1
40 41 1
40 41 1
40 45 1
40 36 1
40 49 1
40 48 1
40 44 1
40 46 1
40 35 1
40 42 1
40 39 0.807264
40 47 1
40 43 1
40 40 1
40 32 1
40 42 1
40 42 1
40 39 1
40 47 1
40 35 1
40 42 1
40 41 1
40 34 0.879955
40 44 1
40 39 1
40 44 1
40 40 1
40 37 1
40 44 1
40 38 1
40 48 1
40 53 1
40 45 1
40 41 1
40 52 1
40 33 1
40 45 1
40 52 1
40 39 1
40 41 1
40 40 1
40 43 1
40 41 1
40 39 1
40 34 1
40 40 0.763952
40 42 1
40 41 1
40 41 1
40 39 1
40 48 1
40 45 1
40 44 1
40 44 1
40 43 1
40 35 1
40 39 1
40 36 1
40 35 1
40 34 1
40 42 1
40 43 1
40 32 1
40 42 1
40 40 1
40 50 1
40 36 1
40 44 1
40 47 1
40 40 1
40 29 1
40 41 1
40 40 1
40 36 1
40 38 1
40 45 1
40 37 1
40 39 1
40 41 1
40 33 1
40 45 1
40 41 1
40 46 1
40 37 1
40 40 1
40 49 1
40 35 1
40 37 1
40 40 1
40 25 1
40 51 1
40 37 1
40 37 1
40 39 1
40 38 1
40 39 0.817568
40 36 1
40 42 1
40 37 1
40 39 1
40 39 1
40 32 1
40 44 1
40 50 1
40 37 1
40 46 1
40 43 1
40 43 1
40 42 1
40 44 1
40 43 1
40 40 1
40 46 1
40 40 1
40 48 1
40 48 1
40 40 1
40 44 1
40 37 1
40 36 1
40 35 1
40 41 1
40 47 1
40 50 1
40 40 1
40 48 1
40 44 1
40 45 1
40 38 1
40 47 1
40 46 1
40 32 1
40 43 1
40 44 1
40 38 1
40 50 1
40 41 1
40 43 1
40 30 1
40 44 1
40 36 1
40 35 1
40 42 1
40 37 1
40 40 1
40 44 1
40 37 1
40 39 1
40 43 1
40 50 1
40 37 1
40 37 1
40 31 1
40 38 1
40 38 1
40 43 1
40 43 1
40 43 1
40 40 1
40 46 0.828876
40 46 1
40 39 1
40 41 1
40 42 1
40 40 1
40 39 1
40 41 1
40 35 1
40 50 1
40 37 1
40 35 1
40 38 1
40 38 1
40 48 1
40 35 1
40 39 1
40 36 1
40 39 1
40 37 1
40 44 1
40 46 1
40 45 1
40 37 1
40 42 1
40 38 1
40 34 1
40 38 1
40 44 1
40 44 0.877703
40 48 1
40 46 1
40 44 1
40 39 1
40 36 1
40 40 1
40 37 1
40 36 1
40 43 1
40 39 1
40 34 1
40 36 1
40 39 1
40 41 1
40 42 1
40 41 1
40 49 1
40 43 1
40 47 1
40 42 1
40 37 0.896452
40 34 1
40 36 1
40 39 1
40 30 1
40 36 1
40 38 1
40 50 1
40 44 0.823868
40 42 1
40 37 1
40 36 1
40 42 1
40 41 1
40 41 1
40 41 1
40 39 1
40 36 1
40 38 1
40 39 1
40 38 1
40 47 1
40 49 1
40 38 1
40 45 1
40 39 1
40 46 1
40 37 1
40 49 1
40 44 1
40 48 1
40 43 1
40 36 1
40 50 1
40 48 0.742899
40 36 1
40 43 1
40 39 1
40 42 1
40 41 1
40 47 1
40 47 1
40 38 1
40 32 1
40 40 1
40 41 1
40 47 1
40 37 1
40 36 1
40 42 0.950083
40 42 1
40 36 1
40 40 1
40 46 1
40 41 1
40 45 0.728751
40 38 1
40 38 1
40 47 0.754996
40 33 1
40 40 1
40 35 1
40 35 1
40 47 0.90578
40 39 1
40 39 1
40 45 1
40 35 1
40 42 1
40 37 1
40 38 1
40 35 1
40 38 1
40 42 1
40 38 1
40 39 1
40 31 1
40 45 1
40 44 1
40 37 1
40 44 0.803843
40 34 1
40 41 1
40 38 1
40 47 1
40 46 1
40 41 1
40 38 0.906221
40 41 1
40 43 1
40 39 1
40 43 1
40 40 1
40 36 1
40 37 1
40 40 1
40 43 1
40 38 1
40 36 1
40 39 1
40 30 1
40 31 1
40 35 1
40 40 1
40 41 1
40 45 1
40 32 1
40 45 1
40 44 1
40 31 1
40 41 1
40 44 1
40 40 1
40 31 1
40 48 1
40 34 1
40 39 1
40 40 1
40 41 1
40 43 1
40 35 1
40 34 1
40 45 1
40 38 1
40 38 1
40 35 0.873741
40 46 1
40 32 1
40 36 1
40 42 0.777516
40 42 1
40 45 1
40 36 1
40 37 1
40 43 1
40 42 1
40 44 1
40 37 1
40 39 1
40 37 1
40 38 1
40 44 1
40 37 0.817679
40 35 1
40 43 1
40 35 1
40 47 1
40 38 1
40 42 1
40 46 1
40 47 1
40 40 1
40 45 1
40 34 1
40 38 1
40 38 1
40 43 1
40 41 1
40 35 1
40 28 1
40 36 0.918462
40 42 1
40 35 1
40 44 1
40 37 1
40 35 0.830443
40 46 1
40 39 1
40 42 1
40 45 1
40 29 1
40 51 1
40 37 1
40 42 1
40 38 1
40 38 1
40 40 1
40 41 1
40 48 1
40 44 0.646421
40 42 1
40 35 1
40 32 1
40 46 1
40 35 1
40 28 1
40 34 1
40 37 1
40 38 0.756394
40 41 1
40 40 1
40 42 1
40 42 1
40 38 1
40 46 1
40 40 1
40 39 1
40 33 1
40 46 0.916448
40 34 1
40 48 1
40 48 1
40 43 1
40 35 1
40 49 1
40 45 1
40 37 1
40 42 1
40 39 1
40 43 1
40 38 1
40 38 1
40 44 1
40 46 1
40 47 1
40 50 1
40 39 1
40 44 1
40 44 1
40 39 1
40 41 0.815883
40 35 1
40 48 1
40 42 1
40 38 1
40 33 1
40 40 1
40 50 1
40 42 1
40 35 1
40 42 1
40 43 1
40 32 1
40 43 1
40 46 1
40 45 1
40 42 1
40 41 1
40 34 1
40 45 1
40 52 1
40 32 1
40 37 1
40 41 1
40 46 1
40 42 1
40 34 1
40 39 1
40 38 1
40 34 1
40 51 1
40 37 0.900384
40 41 0.849473
40 46 1
40 37 1
40 37 1
40 42 1
40 50 1
40 36 1
40 44 1
40 41 1
40 37 1
40 41 1
40 35 1
40 47 1
40 33 1
40 38 1
40 45 1
40 41 1
40 39 1
40 42 1
40 43 1
40 38 1
40 45 1
40 34 1
40 36 1
40 33 1
40 42 1
40 40 1
40 38 1
40 41 1
40 51 1
40 41 1
40 44 1
40 42 1
40 33 1
40 39 1
40 34 1
40 46 1
40 45 1
40 47 1
40 41 1
40 44 1
40 36 1
40 36 1
40 40 1
40 43 1
40 37 1
40 43 1
40 52 1
40 32 1
40 45 1
40 44 1
40 38 1
40 50 1
40 45 1
40 40 1
40 42 1
40 41 1
40 49 1
40 46 1
40 44 1
40 32 1
40 46 1
40 40 1
40 32 1
40 41 1
40 34 1
40 41 1
40 37 1
40 42 1
40 39 1
40 40 1
40 44 1
40 40 1
40 39 1
40 44 1
40 47 1
40 41 1
40 36 1
40 39 1
40 41 1
40 46 1
40 46 1
40 36 1
40 36 1
40 39 1
40 41 1
40 47 1
40 45 1
40 37 1
40 39 1
40 48 1
40 34 0.733634
40 49 1
40 35 1
40 38 1
40 48 0.842987
40 38 0.85243
40 39 1
40 37 1
40 44 1
40 31 0.902748
40 36 0.906778
40 39 1
40 37 1
40 43 1
40 42 1
40 35 1
40 41 1
40 44 0.842308
40 30 1
40 45 1
40 36 1
40 44 1
40 35 1
40 33 1
40 35 0.925695
40 39 1
40 38 1
40 39 1
40 46 1
40 45 1
40 34 1
40 42 1
40 44 1
40 42 1
40 48 1
40 43 1
40 47 1
40 45 1
40 39 1
40 41 1
40 38 1
40 52 1
40 39 1
40 42 1
40 44 0.815326
40 33 1
40 36 1
40 35 1
40 46 1
40 45 0.878881
40 44 1
40 46 1
40 45 1
40 33 1
40 34 1
40 42 1
40 36 1
40 38 1
40 48 1
40 37 1
40 34 1
40 45 1
40 47 1
40 42 1
40 40 1
40 37 1
40 35 1
40 38 1
40 39 1
40 36 1
40 42 1
40 49 1
40 40 1
40 38 1
40 38 1
40 45 1
40 36 1
40 40 1
40 43 1
40 36 1
40 43 1
40 47 0.820134
40 46 1
40 48 1
40 39 1
40 36 0.513991
40 34 1
40 38 0.951119
40 47 1
40 43 1
40 41 1
40 45 1
40 47 0.941138
40 46 1
40 41 1
40 42 1
40 38 1
40 46 1
40 50 1
40 40 0.910401
40 43 1
40 29 1
40 47 0.823865
40 31 1
40 41 1
40 40 1
40 39 1
40 45 1
40 40 1
40 38 1
40 39 1
40 46 1
40 40 1
40 42 1
40 40 1
40 42 1
40 31 1
40 32 1
40 40 1
40 44 1
40 36 1
40 48 1
40 38 1
40 46 1
40 33 1
40 44 1
40 38 1
40 38 0.976213
40 39 1
40 38 1
40 37 1
40 47 1
40 40 1
40 34 1
40 40 1
40 44 1
40 42 1
40 45 1
40 49 1
40 38 1
40 41 1
40 35 1
40 34 1
40 42 1
40 41 1
40 37 1
40 34 1
40 36 1
40 36 1
40 37 1
40 44 1
40 43 1
40 44 1
40 38 1
40 41 1
40 39 0.891647
40 34 1
40 38 1
40 37 1
40 39 1
40 42 1
40 49 1
40 34 1
40 46 1
40 43 1
40 55 1
40 35 1
40 44 1
40 40 1
40 48 1
40 41 1
40 41 1
40 38 1
40 46 1
40 42 1
40 37 1
40 41 1
40 42 1
40 46 1
40 36 1
40 41 1
40 34 1
40 42 1
40 33 1
40 44 1
40 41 0.696113
40 45 1
40 42 1
40 35 1
40 53 1
40 44 1
40 40 1
40 42 1
40 42 1
40 39 1
40 29 1
40 46 1
40 36 1
40 31 1
40 41 1
40 36 1
40 47 1
40 34 1
40 45 1
40 35 1
40 43 1
40 39 1
40 44 1
40 39 1
40 42 1
40 39 1
40 33 1
40 39 1
40 46 1
40 38 1
40 53 1
40 37 1
40 44 1
40 42 1
40 52 1
40 33 1
40 32 1
40 46 1
40 48 1
40 32 1
40 48 1
40 42 1
40 46 1
40 45 1
40 46 1
40 43 1
40 40 1
40 38 1
40 40 1
40 36 1
40 46 1
40 32 1
40 38 1
40 43 1
40 47 1
40 45 1
40 39 1
40 42 1
40 41 1
40 42 1
40 38 1
40 46 1
40 33 1
40 43 1
40 40 1
40 33 1
40 42 1
40 37 1
40 42 1
40 34 1
40 44 1
40 37 1
40 36 1
40 28 1
40 39 1
40 30 1
40 37 1
40 31 1
40 41 1
40 46 1
40 41 0.94258
40 40 1
40 28 1
40 33 1
40 43 1
40 44 0.537893
40 38 1
40 28 1
40 43 1
40 47 1
40 42 1
40 50 1
40 49 1
40 28 1
40 35 1
40 39 1
40 31 1
40 46 1
40 47 1
40 44 1
40 37 1
40 40 1
40 39 1
40 39 1
40 38 1
40 33 1
40 40 1
40 37 1
40 41 1
40 52 0.915279
40 46 1
40 33 1
40 49 1
40 34 1
40 41 1
40 42 1
40 36 1
40 39 1
40 34 1
40 48 1
40 43 1
40 45 0.798921
40 36 1
40 40 1
40 48 1
40 39 0.888093
40 44 1
40 42 1
40 38 1
40 40 1
40 37 1
40 34 1
40 51 1
40 35 1
40 38 1
40 40 1
40 51 1
40 40 1
40 39 1
40 34 1
40 42 1
40 40 1
40 46 1
40 44 1
40 46 1
40 37 1
40 31 1
40 39 1
40 46 1
40 42 1
40 29 1
40 39 0.953126
40 30 1
40 46 1
40 42 1
40 30 1
40 37 1
40 38 1
40 39 1
40 43 1
40 31 1
40 42 1
40 30 1
40 41 1
40 46 1
40 34 1
40 40 1
40 38 1
40 43 1
40 35 1
40 45 1
40 38 1
40 41 1
40 32 1
40 35 1
40 34 1
40 49 1
40 39 1
40 48 1
40 43 1
40 48 1
40 38 1
40 50 1
40 33 1
40 49 1
40 50 1
40 44 1
40 39 1
40 33 1
40 48 1
40 39 0.856509
40 41 1
40 48 1
40 37 1
40 29 1
40 49 1
40 43 1
40 33 1
40 39 1
40 33 1
40 45 1
40 33 1
40 38 1
40 50 1
40 36 1
40 46 0.890298
40 46 1
40 42 1
40 35 1
