5000 100000
44 47 1
44 43 1
44 44 1
44 36 0.931982
44 44 1
44 47 0.887151
44 47 1
44 53 1
44 48 1
44 44 1
44 41 0.696054
44 41 1
44 41 0.714497
44 41 0.880747
44 42 0.769896
44 30 1
44 57 1
44 55 0.936453
44 44 1
44 49 1
44 55 1
44 42 1
44 41 1
44 49 1
44 48 1
44 50 1
44 42 1
44 47 0.96401
44 45 0.756411
44 50 0.832135
44 34 1
44 53 1
44 41 1
44 41 0.798481
44 43 1
44 53 1
44 44 0.740665
44 49 0.962365
44 53 1
44 39 1
44 46 0.770765
44 46 1
44 48 1
44 42 1
44 42 0.545376
44 53 0.844555
44 56 1
44 40 1
44 41 1
44 54 1
44 44 0.744408
44 46 1
44 43 0.814191
44 54 1
44 32 1
44 50 1
44 43 1
44 48 0.750966
44 44 1
44 46 1
44 45 1
44 48 1
44 43 0.778546
44 45 0.782505
44 42 1
44 43 0.914637
44 46 1
44 38 1
44 44 0.837948
44 46 1
44 51 1
44 40 1
44 42 1
44 40 1
44 44 1
44 40 1
44 47 1
44 45 0.676286
44 39 0.79274
44 44 1
44 32 1
44 44 1
44 44 1
44 39 1
44 42 1
44 47 1
44 45 0.925698
44 45 0.49649
44 44 1
44 45 1
44 52 1
44 35 1
44 41 1
44 46 1
44 62 1
44 46 1
44 39 0.668874
44 39 1
44 44 1
44 47 1
44 48 0.941217
44 40 1
44 43 0.823362
44 50 1
44 45 1
44 36 1
44 36 1
44 39 1
44 44 1
44 46 1
44 43 1
44 40 1
44 46 1
44 44 1
44 35 1
44 43 1
44 52 1
44 52 1
44 36 1
44 41 1
44 44 1
44 39 1
44 43 1
44 42 1
44 45 1
44 40 1
44 42 0.94588
44 45 1
44 44 0.89575
44 38 1
44 41 1
44 46 1
44 44 1
44 42 1
44 46 1
44 43 1
44 47 0.881093
44 47 1
44 45 1
44 49 0.800252
44 52 1
44 36 1
44 48 0.802983
44 37 1
44 47 1
44 41 1
44 41 1
44 50 0.598619
44 44 1
44 41 0.771765
44 39 0.846109
44 32 1
44 31 1
44 50 0.552706
44 47 1
44 52 0.553903
44 44 0.731757
44 48 0.771122
44 43 0.829446
44 53 1
44 44 1
44 49 1
44 38 1
44 37 1
44 39 1
44 46 1
44 52 1
44 44 0.781253
44 50 0.937508
44 43 1
44 48 1
44 39 0.806365
44 46 1
44 44 1
44 43 1
44 41 1
44 46 0.957634
44 40 0.705375
44 50 1
44 39 1
44 42 0.872617
44 39 1
44 49 1
44 42 1
44 51 0.716956
44 51 1
44 48 1
44 50 1
44 43 1
44 47 1
44 38 1
44 46 1
44 34 1
44 42 1
44 53 1
44 51 1
44 40 1
44 51 0.935793
44 44 1
44 56 1
44 31 1
44 40 1
44 51 1
44 43 1
44 36 0.92723
44 47 1
44 44 1
44 44 1
44 38 0.898147
44 50 1
44 44 1
44 44 1
44 53 1
44 50 1
44 37 1
44 50 0.659963
44 37 1
44 43 1
44 45 1
44 42 1
44 47 1
44 39 0.821709
44 40 1
44 51 0.886574
44 48 1
44 53 0.761914
44 45 1
44 49 0.712499
44 38 1
44 59 1
44 46 1
44 47 0.865768
44 42 1
44 51 0.78611
44 48 0.922368
44 49 1
44 49 1
44 47 1
44 45 0.868304
44 41 1
44 51 1
44 44 1
44 52 1
44 44 1
44 45 1
44 45 1
44 47 0.941892
44 49 1
44 45 0.795651
44 41 0.903006
44 36 1
44 42 0.789178
44 51 1
44 47 1
44 41 1
44 49 1
44 35 1
44 55 0.949351
44 47 0.891231
44 41 0.885886
44 44 1
44 45 0.832767
44 46 1
44 46 0.875146
44 41 1
44 41 0.843679
44 48 0.921738
44 33 1
44 44 1
44 48 1
44 55 1
44 44 0.916502
44 43 1
44 49 1
44 49 1
44 44 1
44 37 0.854907
44 39 1
44 42 0.925143
44 36 1
44 43 1
44 49 0.918588
44 37 1
44 35 1
44 47 1
44 42 0.916018
44 47 1
44 38 1
44 53 1
44 45 1
44 53 1
44 44 1
44 38 1
44 49 0.939176
44 42 1
44 44 1
44 49 0.446754
44 45 1
44 47 1
44 39 1
44 44 1
44 46 1
44 38 1
44 45 1
44 46 1
44 44 1
44 42 1
44 44 1
44 49 0.590782
44 50 1
44 48 1
44 47 1
44 46 1
44 43 0.765055
44 44 1
44 39 1
44 55 0.748221
44 46 1
44 42 1
44 45 1
44 36 1
44 35 1
44 49 1
44 45 1
44 48 1
44 47 1
44 54 1
44 48 1
44 48 1
44 55 1
44 50 1
44 46 1
44 40 1
44 48 0.949524
44 40 1
44 41 1
44 41 1
44 54 1
44 33 1
44 52 1
44 35 1
44 45 1
44 51 1
44 55 1
44 44 1
44 39 1
44 47 1
44 44 1
44 52 1
44 42 1
44 45 1
44 48 1
44 41 1
44 48 1
44 41 1
44 46 1
44 48 0.9505
44 45 1
44 41 1
44 51 1
44 53 1
44 46 1
44 55 1
44 42 1
44 51 0.973108
44 45 1
44 48 0.879298
44 47 1
44 42 1
44 45 0.955488
44 41 0.760901
44 43 1
44 44 1
44 46 0.818398
44 43 1
44 40 1
44 41 1
44 44 1
44 49 0.907078
44 54 1
44 37 1
44 42 1
44 47 0.768449
44 49 1
44 44 1
44 40 1
44 39 1
44 42 1
44 49 1
44 36 0.841032
44 42 1
44 54 0.97187
44 41 0.646688
44 54 1
44 37 0.780311
44 40 1
44 45 1
44 46 1
44 51 1
44 51 1
44 49 1
44 34 1
44 43 1
44 40 0.789691
44 48 0.781776
44 52 1
44 45 1
44 47 1
44 43 1
44 49 1
44 44 1
44 43 1
44 44 1
44 49 1
44 42 0.963257
44 45 0.827598
44 48 1
44 42 1
44 52 1
44 41 1
44 40 1
44 44 1
44 49 1
44 44 0.956111
44 37 0.724606
44 44 1
44 43 1
44 33 1
44 41 0.9025
44 29 1
44 40 1
44 49 1
44 40 1
44 46 1
44 43 1
44 42 1
44 47 1
44 34 1
44 34 1
44 51 1
44 43 1
44 56 1
44 40 1
44 42 1
44 46 1
44 41 1
44 47 1
44 40 1
44 39 1
44 47 1
44 39 1
44 49 1
44 44 0.767356
44 45 0.84798
44 51 0.628988
44 55 0.935003
44 45 1
44 42 0.860097
44 41 1
44 54 1
44 42 0.942034
44 46 1
44 44 1
44 48 1
44 48 1
44 44 1
44 46 1
44 44 1
44 50 1
44 48 1
44 39 0.813621
44 34 1
44 48 1
44 43 1
44 45 1
44 45 1
44 45 1
44 40 1
44 41 0.865794
44 36 1
44 45 1
44 54 0.948883
44 44 1
44 51 1
44 48 0.864159
44 43 1
44 40 1
44 38 1
44 49 1
44 55 1
44 43 1
44 39 0.795343
44 47 1
44 40 1
44 58 1
44 45 1
44 49 0.857185
44 47 0.907902
44 50 1
44 46 1
44 47 1
44 39 1
44 42 1
44 39 1
44 44 0.973586
44 52 0.855366
44 52 1
44 46 1
44 41 1
44 38 1
44 42 0.927465
44 46 0.916902
44 52 1
44 44 0.827101
44 48 1
44 47 1
44 39 1
44 43 1
44 35 0.838964
44 42 1
44 39 1
44 40 1
44 43 1
44 44 1
44 48 1
44 42 1
44 47 1
44 37 0.975619
44 45 1
44 39 1
44 43 1
44 42 1
44 44 1
44 45 0.845037
44 46 1
44 46 1
44 46 1
44 48 1
44 44 1
44 47 0.863528
44 36 1
44 46 1
44 46 1
44 36 1
44 57 0.767499
44 47 1
44 53 1
44 41 1
44 48 1
44 43 1
44 54 1
44 57 1
44 48 1
44 37 0.807368
44 40 1
44 49 0.885934
44 46 1
44 56 0.83018
44 44 0.884387
44 39 1
44 42 1
44 58 1
44 49 1
44 46 1
44 42 1
44 47 1
44 47 1
44 44 1
44 38 1
44 52 0.852035
44 39 1
44 49 0.872096
44 46 1
44 43 1
44 54 0.664174
44 45 1
44 39 1
44 38 1
44 48 1
44 33 1
44 42 1
44 43 0.89533
44 37 0.791815
44 51 1
44 45 1
44 46 1
44 45 1
44 58 0.880162
44 41 0.746756
44 50 0.966725
44 37 0.746006
44 39 1
44 43 1
44 41 0.925916
44 50 1
44 48 1
44 49 1
44 47 1
44 43 1
44 46 1
44 46 1
44 34 0.72715
44 44 1
44 37 1
44 32 1
44 35 0.893484
44 33 1
44 38 0.814091
44 46 1
44 42 1
44 42 1
44 40 1
44 36 0.938246
44 39 1
44 47 1
44 42 1
44 51 1
44 43 1
44 45 1
44 44 1
44 40 1
44 48 1
44 43 1
44 47 1
44 47 1
44 43 1
44 48 1
44 47 1
44 47 1
44 44 1
44 41 0.782582
44 46 1
44 42 1
44 53 1
44 56 0.808155
44 45 1
44 50 1
44 46 0.973799
44 42 1
44 52 0.963151
44 39 1
44 37 0.923469
44 43 1
44 35 0.889562
44 46 1
44 43 1
44 41 1
44 46 1
44 40 1
44 46 1
44 30 1
44 49 1
44 44 1
44 46 1
44 50 1
44 46 0.916412
44 44 1
44 46 1
44 39 1
44 49 1
44 46 0.98871
44 45 1
44 37 1
44 46 1
44 44 1
44 39 1
44 45 1
44 48 1
44 45 0.931873
44 43 0.770764
44 47 0.981738
44 45 1
44 50 1
44 41 1
44 51 1
44 41 1
44 36 1
44 50 1
44 46 1
44 45 1
44 50 0.97068
44 37 0.959995
44 47 0.788395
44 48 1
44 41 1
44 56 1
44 47 1
44 53 1
44 42 1
44 47 1
44 48 1
44 45 1
44 44 1
44 48 0.768078
44 46 0.960807
44 41 1
44 48 1
44 53 1
44 41 1
44 43 1
44 40 1
44 38 0.936203
44 40 1
44 40 0.695136
44 44 1
44 40 1
44 44 1
44 52 1
44 47 1
44 46 1
44 43 1
44 44 1
44 47 1
44 42 1
44 55 0.713678
44 54 1
44 43 1
44 41 0.609789
44 56 1
44 50 1
44 45 0.90619
44 38 0.804401
44 42 0.887159
44 46 1
44 33 1
44 40 1
44 45 1
44 43 1
44 47 0.800708
44 47 1
44 32 1
44 43 1
44 41 1
44 44 0.890117
44 45 1
44 50 1
44 50 1
44 48 1
44 38 0.948967
44 46 1
44 44 1
44 38 1
44 42 1
44 44 1
44 40 1
44 36 1
44 49 0.670318
44 46 0.924393
44 45 1
44 54 1
44 38 1
44 40 1
44 39 0.868223
44 41 1
44 50 1
44 44 1
44 42 1
44 52 1
44 46 1
44 42 1
44 37 1
44 41 1
44 37 1
44 43 1
44 50 1
44 44 1
44 38 1
44 48 0.593983
44 51 1
44 42 0.751747
44 36 1
44 40 1
44 31 0.811757
44 51 1
44 45 1
44 47 1
44 46 1
44 38 1
44 52 1
44 42 1
44 42 1
44 53 1
44 39 0.792284
44 46 0.860524
44 47 0.876535
44 33 1
44 43 0.89464
44 45 1
44 49 1
44 35 1
44 44 1
44 43 0.84064
44 51 1
44 36 1
44 44 0.897811
44 37 1
44 36 1
44 51 0.772451
44 42 1
44 41 1
44 43 1
44 39 1
44 43 1
44 48 1
44 43 1
44 55 1
44 40 1
44 40 0.876645
44 46 1
44 38 1
44 40 0.9734
44 51 1
44 43 1
44 48 1
44 39 1
44 52 0.847633
44 35 1
44 48 1
44 48 1
44 37 1
44 54 1
44 40 1
44 50 1
44 44 0.952593
44 43 1
44 44 1
44 44 1
44 37 0.839408
44 44 1
44 37 1
44 49 1
44 40 1
44 39 1
44 47 1
44 52 0.624657
44 41 0.885638
44 47 1
44 43 0.665964
44 47 1
44 48 1
44 39 1
44 48 1
44 50 1
44 42 1
44 44 1
44 50 1
44 47 1
44 46 1
44 46 1
44 45 1
44 43 1
44 51 1
44 48 0.548722
44 47 1
44 37 1
44 54 1
44 46 1
44 45 1
44 44 1
44 37 1
44 47 1
44 38 1
44 40 1
44 48 1
44 50 0.801728
44 47 0.924359
44 43 1
44 37 1
44 46 1
44 42 1
44 52 1
44 43 1
44 38 1
44 40 1
44 36 0.912067
44 51 1
44 49 1
44 47 1
44 49 0.767233
44 52 1
44 47 0.668306
44 45 1
44 40 1
44 41 0.821932
44 48 0.780686
44 46 1
44 40 1
44 46 1
44 45 1
44 42 1
44 40 1
44 37 1
44 54 1
44 44 0.814701
44 41 1
44 40 1
44 45 1
44 43 1
44 41 1
44 46 1
44 48 1
44 54 1
44 33 0.949539
44 42 1
44 46 1
44 45 1
44 44 1
44 49 1
44 45 1
44 49 1
44 46 1
44 50 1
44 44 1
44 45 0.823773
44 38 1
44 45 1
44 40 1
44 35 1
44 48 1
44 40 1
44 54 1
44 47 1
44 53 1
44 44 1
44 46 0.781008
44 47 1
44 41 1
44 39 1
44 37 1
44 45 0.826213
44 45 1
44 47 0.807031
44 45 1
44 47 0.764199
44 42 1
44 48 1
44 41 1
44 45 1
44 45 0.844516
44 41 1
44 53 1
44 50 1
44 39 1
44 47 1
44 37 1
44 35 1
44 48 1
44 45 1
44 36 1
44 42 0.793411
44 50 1
44 54 1
44 42 1
44 38 0.900774
44 43 0.838023
44 38 1
44 44 1
44 40 0.828328
44 41 1
44 47 1
44 47 1
44 57 0.881533
44 46 0.919166
44 33 1
44 40 1
44 42 1
44 43 1
44 46 1
44 45 1
44 42 1
44 51 1
44 39 0.807264
44 44 1
44 36 1
44 43 1
44 51 1
44 43 1
44 40 1
44 43 1
44 41 0.879955
44 52 1
44 41 1
44 41 0.763952
44 40 1
44 45 1
44 39 1
44 54 1
44 33 1
44 34 1
44 35 1
44 55 1
44 47 1
44 39 1
44 38 1
44 45 1
44 54 1
44 37 0.817568
44 44 1
44 43 1
44 48 1
44 50 1
44 36 1
44 41 1
44 38 0.828876
44 42 1
44 48 1
44 46 0.877703
44 42 1
44 44 1
44 48 0.896452
44 53 1
44 43 1
44 40 1
44 43 1
44 43 1
44 51 1
44 52 1
44 46 1
44 46 1
44 55 0.823868
44 46 1
44 43 1
44 48 1
44 41 1
44 49 1
44 51 1
44 39 1
44 39 0.742899
44 41 1
44 37 1
44 45 1
44 44 1
44 28 1
44 45 1
44 48 1
44 47 1
44 46 1
44 44 1
44 45 1
44 52 1
44 44 1
44 45 1
44 51 1
44 39 0.950083
44 43 1
44 36 0.728751
44 44 1
44 47 1
44 45 1
44 45 1
44 38 1
44 47 1
44 44 0.754996
44 60 1
44 42 1
44 60 1
44 39 1
44 47 1
44 45 0.90578
44 40 1
44 37 1
44 36 1
44 42 1
44 44 1
44 43 1
44 42 1
44 48 0.803843
44 43 1
44 42 1
44 44 1
44 48 1
44 33 1
44 38 1
44 42 1
44 39 1
44 39 1
44 50 1
44 43 1
44 49 1
44 52 1
44 50 1
44 38 1
44 34 1
44 49 1
44 39 0.906221
44 46 0.873741
44 40 1
44 45 1
44 52 1
44 48 1
44 51 1
44 43 1
44 38 1
44 33 0.777516
44 47 1
44 37 0.817679
44 51 1
44 51 1
44 31 0.918462
44 47 1
44 32 1
44 47 1
44 46 1
44 36 1
44 37 1
44 43 1
44 43 1
44 45 1
44 50 0.830443
44 50 1
44 44 0.646421
44 32 1
44 34 0.756394
44 43 1
44 38 0.916448
44 46 1
44 48 1
44 50 1
44 35 0.815883
44 42 1
44 46 1
44 41 1
44 44 0.900384
44 36 0.849473
44 43 1
44 60 1
44 49 1
44 48 1
44 52 1
44 37 1
44 37 0.733634
44 46 1
44 51 0.842987
44 30 0.85243
44 45 1
44 56 0.902748
44 48 1
44 44 1
44 49 1
44 42 0.906778
44 51 1
44 37 1
44 47 1
44 41 1
44 37 1
44 41 0.842308
44 55 1
44 42 1
44 53 1
44 53 1
44 42 0.925695
44 49 1
44 37 1
44 44 0.815326
44 47 1
44 34 0.878881
44 47 0.820134
44 45 0.513991
44 50 1
44 41 1
44 37 1
44 43 1
44 42 1
44 39 1
44 32 1
44 43 1
44 50 1
44 38 1
44 40 1
44 62 0.951119
44 41 1
44 51 1
44 45 0.941138
44 35 1
44 36 0.910401
44 37 1
44 34 1
44 43 1
44 47 1
44 42 1
44 45 1
44 42 1
44 45 1
44 36 1
44 51 1
44 41 1
44 50 1
44 48 1
44 43 1
44 42 1
44 42 1
44 41 1
44 36 1
44 42 1
44 46 1
44 57 1
44 43 1
44 48 1
44 47 1
44 34 1
44 35 1
44 64 0.823865
44 47 1
44 47 1
44 44 1
44 55 1
44 45 1
44 48 1
44 41 0.976213
44 45 1
44 49 1
44 53 0.891647
44 34 1
44 50 1
44 47 1
44 40 1
44 48 1
44 45 1
44 42 1
44 50 1
44 45 1
44 42 0.696113
44 50 1
44 47 1
44 45 1
44 42 1
44 37 1
44 48 0.94258
44 37 0.537893
44 43 0.915279
44 41 1
44 51 1
44 43 1
44 40 1
44 39 1
44 42 1
44 48 1
44 47 1
44 50 1
44 40 1
44 50 1
44 39 1
44 50 1
44 41 1
44 56 0.798921
44 40 1
44 45 0.888093
44 49 1
44 41 1
44 42 1
44 48 1
44 38 1
44 42 0.953126
44 32 1
44 35 1
44 53 1
44 47 1
44 40 0.856509
44 40 1
44 48 1
44 55 1
44 48 1
44 53 1
44 46 1
44 44 1
44 45 1
44 47 1
44 33 1
44 48 1
44 44 1
44 53 1
44 45 1
44 45 1
44 32 1
44 51 1
44 48 1
44 45 1
44 50 1
44 45 1
44 42 1
44 47 1
44 41 1
44 52 1
44 50 1
44 42 0.890298
44 42 1
44 36 1
44 41 1
44 41 1
44 39 1
44 45 1
44 42 1
44 50 1
44 51 1
44 39 1
44 41 1
44 38 1
44 38 1
44 49 1
44 41 0.924649
44 33 1
44 43 0.907627
44 50 1
44 47 1
44 42 1
44 42 1
44 48 1
44 49 1
44 43 1
44 44 1
44 37 1
44 44 0.868151
44 40 1
44 41 1
44 35 1
44 55 1
44 45 1
44 46 0.946764
44 42 0.883727
44 48 1
44 56 0.935802
44 48 1
44 43 1
44 38 1
44 46 0.945863
44 43 1
44 57 1
44 51 1
44 54 1
44 42 1
44 38 1
44 43 1
44 41 1
44 44 1
44 41 1
44 41 1
44 44 0.849845
44 43 1
44 43 1
44 46 0.68937
44 43 1
44 51 0.658733
44 41 1
44 45 0.824458
44 48 1
44 48 1
44 37 1
44 48 1
44 42 0.674144
44 42 1
44 48 1
44 57 1
44 36 1
44 44 1
44 42 1
44 44 0.961028
44 39 0.865392
44 44 1
44 41 1
44 49 1
44 47 1
44 40 1
44 36 1
44 38 1
44 47 1
44 49 1
44 47 1
44 48 1
44 50 1
44 49 1
44 53 1
44 40 1
44 55 1
44 53 1
44 55 1
44 47 1
44 42 1
44 39 0.714454
44 48 0.959325
44 53 1
44 39 1
44 47 1
44 45 1
44 45 1
44 54 0.799848
44 47 1
44 52 1
44 45 1
44 40 0.869285
44 37 1
44 37 1
44 41 1
44 50 1
44 60 1
44 50 1
44 45 1
44 53 1
44 36 1
44 37 1
44 43 1
44 39 1
44 47 1
44 47 1
44 34 1
44 44 1
44 43 1
44 46 1
44 48 1
44 44 0.89549
44 47 1
44 42 0.629787
44 37 1
44 58 1
44 48 1
44 50 1
44 51 1
44 42 0.8289
44 45 1
44 46 1
44 37 1
44 42 1
44 39 1
44 40 1
44 49 1
44 45 1
44 47 1
44 45 1
44 47 1
44 44 0.959197
44 44 1
44 41 1
44 47 0.90852
44 44 1
44 55 1
44 50 1
44 45 1
44 49 0.933596
44 56 1
44 45 1
44 45 0.677829
44 50 0.831314
44 30 1
44 46 0.900781
44 53 1
44 45 1
44 48 1
44 42 1
44 41 1
44 45 1
44 43 0.44241
44 45 1
44 46 1
44 53 0.969599
44 41 0.904111
44 39 1
44 52 0.950637
44 47 0.492332
44 40 1
44 47 1
44 37 1
44 41 1
44 37 1
44 39 1
44 41 1
44 43 1
44 50 1
44 36 1
44 41 1
44 41 1
44 47 1
44 49 1
44 34 1
44 41 1
44 44 1
44 44 1
44 49 1
44 54 1
44 48 0.877565
44 41 1
44 55 1
44 50 1
44 49 1
44 58 0.929026
44 51 1
44 47 1
44 42 1
44 43 1
44 43 1
44 45 1
44 45 1
44 53 1
44 46 1
44 42 1
44 45 1
44 45 1
44 41 1
44 39 1
44 43 1
44 46 1
44 32 1
44 42 1
44 46 1
44 36 1
44 52 1
44 43 0.803969
44 47 0.782446
44 47 1
44 49 0.932843
44 34 1
44 41 0.794969
44 43 1
44 45 1
44 38 1
44 47 1
44 49 1
44 49 1
44 44 1
44 59 1
44 36 1
44 48 1
44 50 1
44 42 0.900535
44 40 1
44 43 1
44 50 1
44 43 1
44 38 1
44 47 1
44 46 1
44 52 1
44 45 1
44 46 1
44 50 1
44 44 0.83232
44 42 1
44 44 1
44 47 1
44 41 1
44 45 1
44 51 1
44 44 0.692455
44 55 0.718172
44 56 1
44 38 1
44 39 1
44 38 0.822341
44 50 1
44 58 1
44 42 1
44 46 1
44 41 1
44 40 0.88678
44 33 1
44 47 1
44 42 1
44 41 1
44 50 0.803715
44 48 1
44 50 1
44 47 1
44 40 1
44 45 1
44 49 0.771992
44 53 1
44 46 0.942833
44 44 1
44 43 1
44 43 1
44 41 1
44 45 1
44 47 1
44 50 1
44 39 1
44 50 1
44 48 1
44 41 1
44 49 1
44 34 1
44 37 1
44 56 1
44 41 0.929927
44 45 0.877966
44 41 1
44 51 1
44 46 1
44 50 1
44 49 0.928876
44 59 1
44 39 1
44 43 0.942049
44 40 1
44 45 1
44 46 0.767374
44 49 0.797259
44 45 1
44 43 1
44 32 1
44 39 1
44 45 1
44 43 1
44 32 1
44 43 1
44 38 1
44 45 1
44 57 1
44 41 1
44 42 1
44 39 1
44 43 0.728293
44 35 1
44 50 1
44 55 1
44 45 1
44 41 1
44 46 1
44 48 1
44 41 0.934384
44 42 1
44 50 1
44 47 0.970787
44 50 1
44 46 1
44 32 1
44 34 1
44 46 1
44 43 1
44 46 0.869024
44 52 1
44 42 0.943597
44 45 1
44 36 1
44 48 1
44 43 1
44 43 1
44 47 1
44 41 1
44 47 1
44 49 1
44 45 1
44 37 1
44 42 1
44 42 1
44 53 1
44 46 1
44 39 0.844811
44 46 0.890487
44 45 1
44 42 0.592164
44 48 1
44 54 1
44 43 1
44 42 0.732236
44 42 1
44 41 0.857243
44 49 1
44 45 1
44 42 1
44 59 0.993137
44 49 0.758568
44 45 1
44 47 1
44 53 1
44 45 1
44 40 1
44 31 1
44 45 1
44 50 1
44 42 1
44 41 1
44 50 1
44 54 1
44 49 1
44 47 0.720418
44 40 1
44 46 1
44 58 1
44 36 1
44 55 0.805609
44 38 1
44 47 0.965064
44 40 1
44 42 1
44 51 1
44 51 0.815832
44 41 0.977952
44 41 0.935156
44 40 1
44 45 1
44 48 0.566661
44 35 1
44 43 1
44 49 0.964722
44 35 1
44 44 1
44 44 1
44 50 0.778011
44 44 1
44 44 1
44 44 1
44 55 1
44 39 0.986555
44 45 1
44 56 1
44 41 0.8445
44 48 1
44 45 1
44 45 1
44 47 1
44 49 1
44 46 1
44 51 1
44 37 1
44 42 1
44 36 1
44 47 1
44 55 1
44 40 1
44 44 1
44 47 1
44 42 0.866656
44 39 1
44 48 1
44 36 0.880133
44 44 0.876058
44 35 1
44 41 1
44 49 1
44 49 1
44 43 1
44 41 0.902344
44 37 1
44 44 0.738472
44 36 1
44 46 0.792952
44 43 1
44 49 1
44 46 0.896514
44 36 1
44 49 0.75995
44 48 1
44 46 1
44 44 0.888111
44 42 1
44 52 0.778226
44 46 1
44 43 0.896809
44 51 1
44 37 1
44 42 1
44 49 1
44 46 1
44 53 1
44 52 0.782858
44 40 1
44 47 0.898981
44 37 1
44 31 1
44 44 1
44 48 1
44 52 1
44 31 1
44 41 0.712968
44 49 1
44 51 0.855355
44 45 0.954302
44 35 0.798083
44 41 1
44 40 0.990752
44 46 1
44 44 1
44 42 0.802879
44 35 1
44 47 0.742207
44 37 1
44 48 1
44 42 1
44 46 1
44 39 1
44 40 1
44 52 1
44 59 1
44 38 1
44 48 0.702313
44 47 1
44 49 1
44 33 1
44 44 1
44 42 1
44 34 1
44 43 0.888417
44 44 1
44 37 1
44 47 1
44 53 1
44 39 0.746357
44 49 1
44 51 1
44 40 0.821926
44 50 0.940477
44 46 1
44 43 1
44 46 1
44 45 0.811716
44 43 1
44 44 1
44 46 1
44 50 1
44 43 1
44 48 1
44 44 1
44 42 1
44 47 1
44 42 0.925576
44 37 1
44 44 1
44 55 1
44 43 1
44 44 1
44 40 1
44 43 0.939276
44 44 1
44 48 1
44 58 1
44 47 1
44 56 0.924445
44 38 1
44 56 1
44 43 1
44 43 1
44 46 1
44 55 1
44 52 1
44 42 0.774508
44 43 1
44 37 1
44 45 1
44 48 1
44 37 1
44 46 0.833441
44 47 1
44 41 0.669842
44 44 1
44 46 1
44 44 0.886078
44 40 1
44 47 0.749128
44 44 1
44 47 1
44 54 1
44 42 1
44 49 0.930487
44 48 0.756261
44 49 1
44 52 1
44 49 1
44 41 1
44 44 1
44 49 1
44 39 0.87481
44 42 0.766263
44 49 1
44 37 1
44 45 1
44 47 0.684356
44 41 1
44 42 1
44 41 1
44 53 0.888591
44 44 0.884891
44 48 1
44 37 1
44 36 1
44 38 1
44 54 1
44 46 0.738187
44 37 1
44 32 1
44 33 1
44 40 1
44 56 1
44 42 1
44 37 1
44 44 0.584413
44 46 1
44 48 1
44 46 1
44 46 1
44 38 1
44 32 1
44 41 0.601051
44 33 1
44 45 0.936795
44 46 1
44 42 1
44 38 0.827565
44 44 1
44 38 0.911398
44 40 1
44 40 1
44 40 1
44 41 1
44 37 1
44 45 0.928351
44 44 1
44 46 1
44 47 1
44 39 0.889738
44 41 1
44 52 0.673991
44 45 1
44 39 1
44 42 1
44 43 1
44 39 1
44 39 1
44 41 1
44 46 1
44 51 1
44 48 1
44 38 1
44 38 1
44 45 1
44 55 0.904422
44 46 1
44 40 1
44 48 0.909846
44 45 1
44 45 1
44 56 1
44 46 1
44 43 1
44 39 1
44 51 1
44 49 1
44 45 1
44 34 1
44 46 0.594828
44 45 1
44 54 1
44 38 1
44 46 0.811376
44 47 0.756364
44 49 1
44 45 0.679954
44 46 0.808873
44 53 1
44 46 0.932621
44 49 1
44 39 1
44 49 0.836584
44 34 1
44 46 1
44 34 1
44 51 1
44 39 0.765776
44 35 1
44 34 0.902674
44 35 1
44 48 0.964723
44 47 0.888174
44 53 1
44 50 1
44 40 1
44 39 1
44 35 1
44 43 1
44 41 1
44 50 0.988902
44 43 0.824014
44 39 1
44 50 1
44 50 0.955258
44 44 1
44 41 1
44 52 1
44 44 1
44 39 1
44 43 1
44 55 0.871416
44 43 1
44 37 0.800157
44 49 0.886871
44 36 0.635091
44 44 1
44 56 0.889136
44 35 1
44 52 1
44 54 1
44 52 0.923068
44 37 1
44 40 0.824549
44 48 0.92148
44 37 1
44 43 1
44 39 1
44 54 0.774329
44 45 1
44 46 1
44 42 0.90176
44 42 1
44 45 0.806188
44 48 0.984731
44 50 0.926836
44 48 1
44 44 1
44 46 1
44 43 1
44 47 1
44 39 1
44 55 1
44 47 1
44 47 1
44 49 1
44 36 1
44 52 1
44 37 1
44 49 0.792235
44 48 0.779983
44 46 0.61591
44 36 1
44 45 1
44 46 1
44 54 1
44 42 1
44 52 1
44 48 1
44 50 1
44 51 1
44 39 1
44 48 1
44 46 1
44 45 1
44 47 1
44 50 1
44 40 1
44 39 1
44 46 1
44 43 1
44 30 1
44 41 1
44 42 0.974165
44 51 1
44 36 1
44 34 1
44 40 1
44 40 1
44 37 0.869851
44 38 1
44 46 0.778254
44 47 1
44 37 0.6397
44 41 1
44 48 1
44 33 1
44 48 1
44 53 1
44 39 1
44 46 1
44 54 1
44 44 0.771411
44 40 1
44 52 1
44 39 1
44 37 0.982819
44 46 0.871886
44 47 1
44 45 0.872551
44 50 1
44 53 1
44 45 1
44 35 1
44 49 1
44 49 1
44 54 1
44 45 0.824544
44 51 1
44 31 1
44 55 1
44 36 1
44 37 0.961681
44 39 1
44 43 1
44 41 1
44 52 1
44 48 1
44 46 0.981024
44 39 1
44 47 0.725004
44 47 1
44 45 0.780996
44 42 1
44 50 1
44 37 1
44 42 1
44 48 1
44 38 0.72525
44 46 1
44 43 1
44 40 0.924862
44 47 1
44 54 1
44 44 1
44 41 0.604093
44 47 0.781724
44 49 1
44 40 1
44 41 1
44 39 1
44 54 0.659665
44 55 1
44 46 1
44 48 1
44 34 1
44 41 1
44 46 0.825663
44 45 1
44 38 1
44 46 1
44 42 1
44 52 1
44 48 1
44 50 0.75938
44 33 1
44 34 1
44 41 1
44 48 0.85944
44 42 1
44 47 1
44 36 0.87915
44 45 1
44 47 1
44 40 0.909962
44 43 0.758281
44 38 1
44 40 1
44 53 1
44 46 0.980637
44 29 1
44 51 1
44 39 1
44 48 0.76398
44 44 0.987545
44 42 1
44 59 0.744331
44 32 1
44 46 0.778352
44 51 1
44 32 1
44 41 1
44 47 1
44 50 1
44 53 1
44 43 1
44 37 1
44 45 0.958029
44 42 1
44 53 1
44 41 1
44 40 1
44 46 1
44 41 1
44 41 0.917634
44 45 0.889795
44 40 1
44 42 0.934398
44 42 1
44 44 1
44 46 1
44 40 1
44 48 0.827298
44 48 0.825642
44 41 0.943075
44 49 0.822623
44 34 1
44 44 1
44 42 1
44 39 1
44 47 1
44 34 1
44 51 1
44 37 1
44 43 1
44 46 0.797688
44 46 1
44 45 1
44 37 1
44 41 1
44 48 1
44 43 1
44 36 1
44 47 0.874178
44 44 0.709238
44 46 1
44 43 0.84694
44 46 1
44 42 1
44 47 1
44 35 0.81114
44 41 1
44 34 1
44 37 1
44 50 0.814988
44 49 1
44 55 1
44 41 1
44 57 1
44 45 1
44 46 0.907468
44 47 0.892523
44 40 0.955814
44 48 1
44 47 1
44 46 1
44 44 1
44 52 1
44 38 0.940578
44 46 1
44 46 1
44 39 1
44 42 1
44 35 0.64256
44 53 0.852647
44 43 0.91258
44 46 1
44 50 1
44 47 0.759698
44 48 0.834516
44 50 1
44 44 1
44 51 0.831046
44 39 0.978841
44 38 1
44 47 1
44 42 1
44 39 1
44 42 0.835177
44 35 1
44 49 1
44 46 1
44 46 1
44 46 1
44 44 1
44 45 1
44 50 1
44 52 1
44 39 1
44 43 0.794141
44 57 1
44 41 0.969231
44 34 1
44 40 1
44 44 0.979621
44 44 0.691748
44 54 1
44 43 1
44 43 1
44 41 1
44 39 0.914234
44 48 1
44 46 0.879658
44 41 1
44 47 1
44 41 1
44 46 1
44 44 0.79853
44 49 0.955403
44 35 1
44 50 0.758183
44 46 1
44 39 1
44 36 1
44 38 1
44 53 1
44 40 0.719832
44 42 1
44 47 1
44 39 1
44 49 1
44 46 1
44 38 1
44 55 1
44 45 1
44 60 1
44 42 1
44 40 1
44 43 1
44 42 1
44 47 1
44 39 1
44 51 1
44 44 0.903343
44 54 1
44 42 1
44 47 0.915089
44 49 1
44 44 0.816821
44 42 1
44 43 1
44 44 1
44 38 0.884986
44 37 1
44 49 1
44 43 1
44 43 1
44 36 1
44 46 0.938102
44 48 1
44 41 1
44 42 1
44 39 1
44 49 1
44 45 1
44 38 1
44 47 1
44 51 0.761665
44 49 0.924343
44 45 1
44 43 0.679398
44 39 1
44 50 1
44 50 1
44 37 1
44 42 1
44 42 1
44 42 1
44 45 0.805981
44 47 1
44 57 1
44 49 1
44 45 1
44 45 1
44 49 1
44 43 1
44 37 0.954516
44 40 1
44 41 1
44 41 1
44 40 1
44 42 0.932561
44 29 0.968233
44 50 1
44 49 1
44 40 0.948599
44 45 1
44 43 1
44 47 1
44 43 1
44 49 1
44 44 1
44 38 1
44 51 0.865794
44 46 1
44 36 1
44 36 1
44 49 1
44 44 0.954718
44 54 1
44 50 1
44 41 0.937079
44 47 1
44 50 1
44 42 1
44 47 1
44 39 1
44 46 1
44 56 1
44 41 1
44 46 1
44 44 1
44 45 1
44 40 1
44 34 1
44 50 0.934921
44 41 1
44 46 1
44 50 1
44 45 0.944672
44 44 1
44 49 1
44 47 0.659819
44 45 1
44 39 1
44 54 0.928643
44 41 1
44 53 0.876313
44 46 1
44 38 1
44 49 0.799943
44 56 1
44 58 1
44 46 0.743945
44 39 1
44 40 1
44 41 1
44 49 1
44 45 0.927213
44 39 1
44 39 1
44 52 0.890916
44 41 1
44 40 0.982054
44 37 1
44 56 1
44 40 1
44 44 1
44 43 0.755093
44 48 1
44 48 1
44 42 1
44 47 0.888962
44 53 0.956223
44 40 1
44 40 1
44 43 1
44 40 1
44 46 1
44 44 1
44 47 1
44 42 1
44 39 1
44 41 1
44 49 1
44 42 1
44 44 1
44 41 1
44 48 0.767027
44 55 1
44 45 1
44 45 1
44 48 1
44 53 1
44 42 1
44 40 0.904847
44 48 0.64352
44 54 0.834444
44 50 1
44 41 1
44 46 1
44 39 0.703255
44 43 1
44 55 0.90049
44 46 1
44 38 1
44 45 1
44 52 1
44 36 1
44 52 1
44 38 0.983938
44 43 1
44 37 1
44 44 1
44 46 1
44 40 1
44 50 0.863971
44 44 1
44 48 1
44 42 1
44 30 1
44 52 1
44 53 0.907407
44 32 1
44 57 1
44 44 1
44 33 1
44 41 1
44 45 1
44 46 0.931086
44 38 1
44 40 1
44 43 1
44 52 1
44 42 1
44 46 0.912165
44 48 1
44 41 1
44 39 1
44 35 0.872074
44 46 1
44 51 1
44 33 1
44 40 1
44 40 1
44 41 1
44 44 0.542184
44 33 1
44 34 0.650292
44 48 1
44 48 1
44 37 1
44 43 1
44 43 1
44 43 0.840772
44 49 1
44 47 1
44 40 1
44 39 1
44 49 1
44 47 0.825753
44 42 1
44 47 1
44 48 0.905043
44 48 1
44 57 1
44 42 0.961792
44 44 0.859933
44 37 0.549269
44 38 1
44 46 1
44 46 1
44 40 1
44 44 1
44 49 0.9029
44 44 0.867437
44 48 1
44 51 1
44 42 1
44 51 1
44 54 1
44 44 1
44 50 1
44 41 0.880687
44 45 0.776748
44 49 1
44 28 1
44 37 1
44 31 1
44 50 0.930945
44 48 1
44 50 1
44 52 1
44 44 1
44 36 0.859218
44 43 0.845811
44 51 1
44 49 1
44 47 1
44 40 1
44 40 1
44 51 0.87795
44 43 1
44 37 1
44 37 1
44 37 0.861258
44 39 1
44 44 1
44 49 1
44 40 1
44 47 1
44 59 1
44 46 1
44 44 1
44 39 1
44 46 1
44 44 0.873901
44 44 1
44 44 0.73406
44 45 1
44 41 1
44 40 1
44 43 1
44 42 1
44 43 1
44 41 1
44 48 0.732145
44 38 1
44 39 1
44 36 1
44 55 1
44 34 1
44 52 1
44 43 1
44 33 1
44 41 0.761365
44 44 1
44 48 1
44 49 1
44 46 0.988812
44 44 1
44 46 0.663269
44 39 1
44 51 1
44 45 1
44 51 0.900113
44 50 1
44 41 1
44 35 0.95114
44 42 0.720756
44 46 1
44 47 1
44 48 1
44 50 0.807392
44 48 1
44 40 1
44 47 1
44 45 1
44 39 0.778007
44 45 1
44 52 1
44 47 1
44 45 1
44 42 1
44 33 1
44 53 1
44 41 1
44 39 1
44 39 1
44 52 1
44 48 1
44 42 1
44 36 1
44 43 1
44 40 1
44 38 0.831955
44 42 1
44 40 1
44 55 1
44 51 0.876424
44 39 1
44 41 1
44 50 0.837364
44 49 1
44 51 1
44 48 1
44 41 1
44 47 1
44 35 1
44 44 0.862466
44 52 1
44 37 1
44 36 1
44 42 1
44 38 1
44 45 1
44 36 1
44 45 0.968794
44 46 1
44 57 1
44 44 1
44 41 1
44 51 1
44 43 1
44 46 1
44 52 1
44 34 1
44 30 0.800449
44 50 1
44 46 1
44 43 0.798351
44 50 1
44 30 1
44 45 1
44 49 1
44 38 1
44 40 1
44 39 1
44 43 1
44 40 1
44 39 1
44 45 1
44 47 0.726927
44 44 0.90504
44 42 0.558477
44 31 1
44 52 1
44 48 1
44 42 1
44 41 1
44 48 1
44 36 1
44 54 0.942624
44 43 0.8184
44 42 0.892257
44 61 1
44 44 1
44 51 1
44 41 0.942209
44 43 1
44 41 1
44 55 1
44 49 1
44 45 0.794114
44 33 1
44 42 1
44 61 0.929626
44 44 1
44 40 1
44 41 1
44 48 1
44 40 1
44 34 1
44 51 0.947019
44 56 1
44 49 1
44 42 1
44 39 1
44 45 1
44 52 0.918717
44 42 0.935605
44 50 1
44 39 1
44 37 1
44 47 1
44 52 1
44 40 1
44 43 1
44 49 1
44 56 1
44 36 1
44 47 1
44 37 1
44 43 1
44 45 1
44 49 1
44 40 1
44 40 1
44 58 1
44 43 1
44 32 1
44 40 0.869925
44 44 1
44 42 0.806386
44 43 0.78874
44 40 1
44 45 1
44 53 1
44 43 1
44 36 1
44 45 1
44 55 1
44 42 1
44 48 1
44 49 1
44 45 1
44 45 0.850141
44 48 0.808245
44 44 0.71872
44 43 1
44 52 1
44 41 1
44 34 1
44 52 1
44 59 1
44 42 0.563607
44 43 1
44 38 1
44 50 1
44 43 0.770902
44 40 1
44 44 1
44 47 0.857982
44 45 0.639815
44 43 1
44 52 0.849452
44 46 1
44 58 1
44 46 1
44 51 1
44 42 0.820612
44 44 1
44 48 1
44 41 1
44 48 1
44 44 1
44 47 1
44 44 1
44 54 1
44 47 1
44 38 1
44 39 1
44 43 1
44 42 1
44 41 1
44 50 0.548185
44 44 1
44 44 0.996014
44 38 0.897001
44 43 1
44 42 1
44 42 0.631988
44 38 1
44 42 1
44 48 1
44 46 1
44 44 1
44 45 0.659755
44 41 1
44 43 1
44 42 0.803527
44 46 1
44 44 0.58327
44 48 1
44 45 0.932842
44 47 1
44 41 1
44 42 1
44 51 1
44 49 0.626327
44 57 1
44 34 1
44 39 1
44 50 1
44 40 1
44 58 1
44 34 1
44 52 1
44 51 1
44 47 1
44 47 1
44 43 1
44 42 1
44 49 1
44 51 1
44 46 1
44 39 1
44 51 0.786757
44 45 0.772201
44 42 0.653537
44 41 1
44 47 1
44 40 1
44 38 1
44 41 1
44 35 1
44 48 1
44 34 1
44 52 1
44 41 0.881104
44 42 1
44 38 0.912745
44 43 1
44 33 0.76465
44 46 0.77824
44 41 1
44 42 1
44 42 1
44 51 1
44 53 1
44 47 1
44 35 0.833044
44 44 0.795773
44 53 1
44 46 1
44 45 1
44 51 1
44 45 1
44 54 1
44 57 1
44 52 1
44 33 1
44 38 1
44 46 1
44 38 1
44 49 0.892371
44 50 0.902142
44 50 1
44 46 1
44 31 1
44 47 1
44 45 1
44 42 1
44 35 1
44 45 0.943936
44 49 1
44 54 1
44 44 0.882352
44 41 1
44 37 1
44 43 1
44 40 1
44 41 1
44 45 1
44 23 1
44 40 0.856359
44 50 1
44 33 1
44 49 1
44 49 1
44 48 1
44 35 1
44 42 1
44 50 1
44 51 1
44 44 1
44 44 1
44 60 1
44 32 1
44 45 1
44 46 1
44 47 1
44 55 1
44 41 1
44 46 1
44 39 1
44 58 0.834378
44 42 1
44 55 1
44 50 0.647915
44 41 1
44 51 0.974454
44 41 1
44 52 1
44 53 1
44 49 1
44 44 1
44 41 1
44 50 1
44 40 1
44 40 1
44 51 1
44 42 1
44 47 1
44 47 0.791752
44 43 0.783392
44 47 1
44 53 1
44 36 1
44 42 0.914003
44 45 1
44 36 1
44 44 1
44 53 1
44 38 1
44 46 1
44 33 1
44 55 1
44 51 1
44 39 1
44 51 1
44 40 1
44 54 1
44 45 0.918519
44 46 1
44 49 1
44 41 1
44 41 1
44 54 1
44 44 0.661687
44 41 1
44 46 1
44 49 1
44 52 1
44 44 1
44 58 1
44 47 1
44 50 0.63067
44 36 1
44 45 1
44 42 1
44 49 1
44 50 1
44 46 1
44 49 0.895311
44 41 0.910458
44 40 0.938819
44 48 1
44 48 1
44 49 1
44 44 1
44 50 1
44 47 1
44 38 0.879412
44 43 1
44 49 1
44 44 1
44 51 1
44 44 1
44 43 1
44 51 1
44 41 0.948321
44 34 0.841476
44 47 1
44 37 1
44 47 1
44 42 1
44 39 1
44 52 1
44 51 1
44 45 1
44 41 1
44 47 1
44 44 1
44 42 0.904582
44 38 1
44 41 0.838442
44 41 0.949487
44 44 0.673001
44 49 1
44 47 0.956848
44 48 1
44 41 1
44 49 1
44 40 0.93
44 35 1
44 44 1
44 48 1
44 50 1
44 47 0.957266
44 46 1
44 44 1
44 46 0.726018
44 48 1
44 40 0.878766
44 41 1
44 44 1
44 42 1
44 41 1
44 38 1
44 39 1
44 40 1
44 43 1
44 44 1
44 42 1
44 48 1
44 44 1
44 31 0.750162
44 50 1
44 47 1
44 46 1
44 40 1
44 42 1
44 48 1
44 48 1
44 51 1
44 44 1
44 42 0.872384
44 47 1
44 37 1
44 51 1
44 50 0.958889
44 49 0.80574
44 43 1
44 50 1
44 37 1
44 46 1
44 34 1
44 43 1
44 46 0.667455
44 46 1
44 39 1
44 54 1
44 45 1
44 40 1
44 36 1
44 46 1
44 40 1
44 50 0.929353
44 47 1
44 36 1
44 49 1
44 49 1
44 41 0.975687
44 33 0.931009
44 42 0.872571
44 38 1
44 44 0.791982
44 36 1
44 41 0.91949
44 46 0.924763
44 41 1
44 47 0.842956
44 40 1
44 37 0.924612
44 45 1
44 36 1
44 44 1
44 38 1
44 45 1
44 37 1
44 41 1
44 42 1
44 43 1
44 51 1
44 49 1
44 44 1
44 50 0.908731
44 44 0.937695
44 45 1
44 39 1
44 40 1
44 43 1
44 46 1
44 49 1
44 42 0.935971
44 51 1
44 43 1
44 34 1
44 47 0.7745
44 50 0.754979
44 46 1
44 49 1
44 41 1
44 44 1
44 45 1
44 41 1
44 40 1
44 53 1
44 48 1
44 51 1
44 48 1
44 45 0.972535
44 47 0.914169
44 52 1
44 52 0.812781
44 52 0.976116
44 36 1
44 51 1
44 39 1
44 46 0.776396
44 42 0.913758
44 46 1
44 46 1
44 51 0.957495
44 46 1
44 34 1
44 46 1
44 47 1
44 38 1
44 47 0.660576
44 50 0.629691
44 47 1
44 38 1
44 48 1
44 43 1
44 50 1
44 45 1
44 48 0.913976
44 49 1
44 52 0.753557
44 42 1
44 38 1
44 58 1
44 44 1
44 31 0.789299
44 46 1
44 44 1
44 51 0.823013
44 49 0.676754
44 36 1
44 42 0.759681
44 46 1
44 52 0.976218
44 45 0.809416
44 45 1
44 45 1
44 34 1
44 54 0.874864
44 51 1
44 46 1
44 35 1
44 47 1
44 51 1
44 54 1
44 41 0.920123
44 43 1
44 43 1
44 45 1
44 49 0.956817
44 39 1
44 46 0.885555
44 43 0.913842
44 42 1
44 42 1
44 58 1
44 44 1
44 40 1
44 40 0.921967
44 43 0.978007
44 40 0.885092
44 43 1
44 42 1
44 41 0.86275
44 40 0.925367
44 33 1
44 38 1
44 51 1
44 52 1
44 37 1
44 53 1
44 43 0.904273
44 46 0.755073
44 50 1
44 40 1
44 43 1
44 45 1
44 56 1
44 40 0.975081
44 41 1
44 52 0.950152
44 52 1
44 41 1
44 56 0.800784
44 42 0.879945
44 40 1
44 54 1
44 55 1
44 42 0.955901
44 41 1
44 45 1
44 48 0.984768
44 35 1
44 43 1
44 43 1
44 49 1
44 42 1
44 45 1
44 40 1
44 49 1
44 49 1
44 49 1
44 39 1
44 51 0.960018
44 49 1
44 54 0.978639
44 43 1
44 49 1
44 49 1
44 47 0.927035
44 44 1
44 32 1
44 50 1
44 41 1
44 50 1
44 49 1
44 45 1
44 40 1
44 50 1
44 51 1
44 42 1
44 40 1
44 40 1
44 45 1
44 47 1
44 50 0.636646
44 45 1
44 55 1
44 61 1
44 39 1
44 56 0.872106
44 46 1
44 46 1
44 36 1
44 41 1
44 42 1
44 41 1
44 43 0.772146
44 53 1
44 41 1
44 40 1
44 42 1
44 48 0.877147
44 43 1
44 51 1
44 55 1
44 46 1
44 49 1
44 38 0.954749
44 49 0.947448
44 49 1
44 45 1
44 48 1
44 45 1
44 53 1
44 46 1
44 46 1
44 50 1
44 44 1
44 36 0.782753
44 43 1
44 43 1
44 39 1
44 37 1
44 44 1
44 47 0.870827
44 40 1
44 49 1
44 35 1
44 45 1
44 42 0.811995
44 40 1
44 41 1
44 57 0.724256
44 56 0.840823
44 33 1
44 50 1
44 49 1
44 50 1
44 43 1
44 36 1
44 45 1
44 42 1
44 40 1
44 48 1
44 42 1
44 46 1
44 46 1
44 51 1
44 48 1
44 50 1
44 54 0.938389
44 47 1
44 40 1
44 30 1
44 43 1
44 41 1
44 40 1
44 41 1
44 41 1
44 41 1
44 52 0.882103
44 47 1
44 46 1
44 53 1
44 48 0.867757
44 46 1
44 46 1
44 39 0.756473
44 44 1
44 47 1
44 49 1
44 49 1
44 40 1
44 54 0.570979
44 33 1
44 46 1
44 46 1
44 50 0.961862
44 44 1
44 50 1
44 50 1
44 45 1
44 41 1
44 48 1
44 40 1
44 28 0.86834
44 41 0.828221
44 47 1
44 39 1
44 52 1
44 45 1
44 43 1
44 50 1
44 37 0.938004
44 41 1
44 48 0.902319
44 44 1
44 49 0.911845
44 45 1
44 53 1
44 44 1
44 49 1
44 40 1
44 55 1
44 33 0.930195
44 39 1
44 39 1
44 52 1
44 51 1
44 46 1
44 46 0.969998
44 47 1
44 43 1
44 43 1
44 43 1
44 54 1
44 46 1
44 34 1
44 50 1
44 44 1
44 37 1
44 46 1
44 32 1
44 43 1
44 32 0.469456
44 48 1
44 49 1
44 35 1
44 28 1
44 36 1
44 38 1
44 38 1
44 55 1
44 57 0.824535
44 54 1
44 35 1
44 38 1
44 56 1
44 41 0.80969
44 48 1
44 52 1
44 50 1
44 46 1
44 54 1
44 46 1
44 57 1
44 36 1
44 46 1
44 45 1
44 44 1
44 46 1
44 41 1
44 53 1
44 50 1
44 39 1
44 41 1
44 36 1
44 45 1
44 41 1
44 50 1
44 54 1
44 52 1
44 45 1
44 37 1
44 49 1
44 51 1
44 39 1
44 43 1
44 50 1
44 50 1
44 45 1
44 50 1
44 39 0.944934
44 44 1
44 45 1
44 40 1
44 43 1
44 51 1
44 45 1
44 45 0.934136
44 53 1
44 52 1
44 45 1
44 43 1
44 39 1
44 50 1
44 43 0.858714
44 40 1
44 47 1
44 44 1
44 53 1
44 51 0.932277
44 47 1
44 54 1
44 50 1
44 44 1
44 55 1
44 43 1
44 47 0.900656
44 39 1
44 45 1
44 51 0.775639
44 36 0.962969
44 36 0.814656
44 41 1
44 52 1
44 47 1
44 50 1
44 41 1
44 37 1
44 42 1
44 38 1
44 45 1
44 48 0.881563
44 48 1
44 32 1
44 49 1
44 44 1
44 46 0.827504
44 48 0.892133
44 44 1
44 64 1
44 36 1
44 48 1
44 42 1
44 45 1
44 56 1
44 42 1
44 46 1
44 45 1
44 34 1
44 44 0.900051
44 43 1
44 44 1
44 46 0.957837
44 45 0.855431
44 38 0.866884
44 44 0.758053
44 41 1
44 44 1
44 44 1
44 47 1
44 47 1
44 47 1
44 44 1
44 49 1
44 47 1
44 41 1
44 48 1
44 50 1
44 48 1
44 50 1
44 46 1
44 39 1
44 42 1
44 48 1
44 38 0.835008
44 44 0.655619
44 52 1
44 50 1
44 55 1
44 41 1
44 41 1
44 31 1
44 43 1
44 42 1
44 46 1
44 50 1
44 45 1
44 49 1
44 43 0.906635
44 39 1
44 47 0.764356
44 47 1
44 36 1
44 41 0.653283
44 48 1
44 43 1
44 45 1
44 47 1
44 43 1
44 49 1
44 49 1
44 42 1
44 50 1
44 47 1
44 42 1
44 39 1
44 43 1
44 39 0.875297
44 43 1
44 32 1
44 40 1
44 47 1
44 40 1
44 45 1
44 36 0.823525
44 42 0.752345
44 48 1
44 48 1
44 46 0.56607
44 45 1
44 46 1
44 58 1
44 42 0.887791
44 42 1
44 51 1
44 48 1
44 54 1
44 38 1
44 45 1
44 42 1
44 45 1
44 41 1
44 47 1
44 48 1
44 53 1
44 44 1
44 49 1
44 48 1
44 59 1
44 39 1
44 39 1
44 42 1
44 48 1
44 41 1
44 50 0.801014
44 38 1
44 35 1
44 46 1
44 49 1
44 51 1
44 42 1
44 46 1
44 48 0.661317
44 39 1
44 45 1
44 48 1
44 37 1
44 39 0.758236
44 41 1
44 45 0.672718
44 46 1
44 50 0.72736
44 39 1
44 44 1
44 38 1
44 44 1
44 51 1
44 40 1
44 35 1
44 46 1
44 54 1
44 42 0.915894
44 51 0.860617
44 38 0.760964
44 47 1
44 49 0.945855
44 37 0.717947
44 39 0.713622
44 51 1
44 45 1
44 36 1
44 34 1
44 47 1
44 46 0.798106
44 48 1
44 42 1
44 41 1
44 49 0.816455
44 40 1
44 35 1
44 43 1
44 41 0.77803
44 38 1
44 43 0.553305
44 52 1
44 50 1
44 40 1
44 49 1
44 49 1
44 44 1
44 51 0.702642
44 48 1
44 46 1
44 38 1
44 43 1
44 40 1
44 55 0.745432
44 42 1
44 43 1
44 46 0.563758
44 48 0.950943
44 43 1
44 38 0.949011
44 45 0.804315
44 41 0.787764
44 44 1
44 47 1
44 49 1
44 55 1
44 33 1
44 42 1
44 48 1
44 35 1
44 42 1
44 49 1
44 43 1
44 33 1
44 46 0.76366
44 45 0.881432
44 42 0.956623
44 52 0.889858
44 44 1
44 41 1
44 38 1
44 47 1
44 45 1
44 40 1
44 44 1
44 46 1
44 29 1
44 52 1
44 45 1
44 47 0.940578
44 50 1
44 41 1
44 44 1
44 40 1
44 48 1
44 40 1
44 44 1
44 48 1
44 43 0.866034
44 54 1
44 41 1
44 39 1
44 45 1
44 62 1
44 42 1
44 39 1
44 34 1
44 35 1
44 36 1
44 45 1
44 44 1
44 33 1
44 44 1
44 42 1
44 43 0.855726
44 44 1
44 37 1
44 55 0.711356
44 45 1
44 37 0.974531
44 46 0.803146
44 47 1
44 38 1
44 49 1
44 45 1
44 39 1
44 40 1
44 39 0.969723
44 42 1
44 49 1
44 35 1
44 50 1
44 45 1
44 51 1
44 49 1
44 50 1
44 48 1
44 34 0.939704
44 34 0.896034
44 46 1
44 40 1
44 52 1
44 42 1
44 43 1
44 48 0.834655
44 51 1
44 50 1
44 55 1
44 39 1
44 39 0.910308
44 47 1
44 36 1
44 42 1
44 42 1
44 48 1
44 47 1
44 40 1
44 49 1
44 45 1
44 37 1
44 44 1
44 46 1
44 47 1
44 54 1
44 41 0.919703
44 44 1
44 53 1
44 48 1
44 39 1
44 48 1
44 35 1
44 38 0.792313
44 42 1
44 45 1
44 43 1
44 48 1
44 44 1
44 41 1
44 53 1
44 47 1
44 44 1
44 43 1
44 34 0.852223
44 50 1
44 41 0.928132
44 50 0.558825
44 47 0.644998
44 43 1
44 36 1
44 44 1
44 42 1
44 55 0.887427
44 38 1
44 46 1
44 45 0.843423
44 51 1
44 50 1
44 46 1
44 46 1
44 44 1
44 38 1
44 52 0.880481
44 49 1
44 40 1
44 54 0.871936
44 39 1
44 36 1
44 36 1
44 46 0.93205
44 42 1
44 45 0.932631
44 44 1
44 44 1
44 40 1
44 43 1
44 40 1
44 38 1
44 49 1
44 38 0.980767
44 36 1
44 32 0.765493
44 48 1
44 40 0.956972
44 52 1
44 41 1
44 43 1
44 53 1
44 33 1
44 39 1
44 51 1
44 42 1
44 37 0.954745
44 36 1
44 41 1
44 35 0.950035
44 38 0.809675
44 41 1
44 35 0.810224
44 51 0.89401
44 37 1
44 54 1
44 46 1
44 42 1
44 41 1
44 42 1
44 37 1
44 48 1
44 39 1
44 43 1
44 46 1
44 44 1
44 45 1
44 53 0.908029
44 55 1
44 54 1
44 40 0.891689
44 41 1
44 47 1
44 41 1
44 50 1
44 43 0.892281
44 40 0.773615
44 47 1
44 50 1
44 37 1
44 49 1
44 43 1
44 50 1
44 53 1
44 47 1
44 45 0.761408
44 44 1
44 44 1
44 43 1
44 45 0.87365
44 42 1
44 36 1
44 41 1
44 44 1
44 47 1
44 49 0.766192
44 45 0.9728
44 41 1
44 45 1
44 45 1
44 40 1
44 35 1
44 43 1
44 41 1
44 49 1
44 59 0.970839
44 51 1
44 45 0.803125
44 53 0.882228
44 42 1
44 39 1
44 52 1
44 42 1
44 40 1
44 46 1
44 44 1
44 48 1
44 48 1
44 38 1
44 41 1
44 46 1
44 37 1
44 37 1
44 46 1
44 45 1
44 35 1
44 44 0.876007
44 47 1
44 39 1
44 41 1
44 46 1
44 44 1
44 39 1
44 40 0.924868
44 36 1
44 44 1
44 53 1
44 37 1
44 42 1
44 44 1
44 44 1
44 43 1
44 38 1
44 53 1
44 50 1
44 51 1
44 42 1
44 43 1
44 38 0.744663
44 37 1
44 37 1
44 48 1
44 48 1
44 36 1
44 43 0.810611
44 43 0.818237
44 43 0.916359
44 41 1
44 44 1
44 40 1
44 43 1
44 42 1
44 55 0.768703
44 40 1
44 45 0.93907
44 39 1
44 37 1
44 43 1
44 47 1
44 40 0.950952
44 35 0.72014
44 43 0.70285
44 49 1
44 42 1
44 40 1
44 42 1
44 48 1
44 44 1
44 40 1
44 46 1
44 41 0.977395
44 46 0.693569
44 43 1
44 36 1
44 49 1
44 43 1
44 52 1
44 46 1
44 50 1
44 46 0.95023
44 40 0.935821
44 48 1
44 44 1
44 35 1
44 51 1
44 38 1
44 43 1
44 41 1
44 45 1
44 44 1
44 47 1
44 37 0.951525
44 40 1
44 47 1
44 45 1
44 50 0.762194
44 44 1
44 37 1
44 45 1
44 39 1
44 51 1
44 44 1
44 47 1
44 44 1
44 37 1
44 51 1
44 57 1
44 44 1
44 44 1
44 45 1
44 49 1
44 53 1
44 39 1
44 43 1
44 52 1
44 49 1
44 35 1
44 58 1
44 44 1
44 50 1
44 39 0.7536
44 39 1
44 41 0.936729
44 46 1
44 44 1
44 47 1
44 46 0.872141
44 55 1
44 48 1
44 42 1
44 44 1
44 38 1
44 53 1
44 48 1
44 36 0.917465
44 27 1
44 50 1
44 46 1
44 47 1
44 42 1
44 51 1
44 48 1
44 47 1
44 47 1
44 44 0.882361
44 44 1
44 48 0.78707
44 51 1
44 50 1
44 46 1
44 39 1
44 37 1
44 48 1
44 39 1
44 47 0.726766
44 40 0.93252
44 50 1
44 40 0.755905
44 42 1
44 48 1
44 55 1
44 37 0.920502
44 45 1
44 45 1
44 47 1
44 52 1
44 42 1
44 34 1
44 45 1
44 51 0.979933
44 40 1
44 49 1
44 36 1
44 49 1
44 45 1
44 41 1
44 45 1
44 45 1
44 50 1
44 39 1
44 53 1
44 53 1
44 48 1
44 51 1
44 39 1
44 46 1
44 43 0.890679
44 52 1
44 47 0.814211
44 44 0.92291
44 35 1
44 46 0.846705
44 46 0.779211
44 42 1
44 52 1
44 39 1
44 46 0.926007
44 45 1
44 38 0.791639
44 48 1
44 43 1
44 48 1
44 44 1
44 41 1
44 49 0.817144
44 42 1
44 53 1
44 58 1
44 49 1
44 45 1
44 57 1
44 36 1
44 49 1
44 57 1
44 43 1
44 45 1
44 44 1
44 47 0.803715
44 45 1
44 43 1
44 38 1
44 44 1
44 46 1
44 45 0.93223
44 45 1
44 43 1
44 53 1
44 49 0.948149
44 48 1
44 49 1
44 48 1
44 38 1
44 43 0.90835
44 39 0.8858
44 39 1
44 38 1
44 46 1
44 47 1
44 35 1
44 46 1
44 44 1
44 54 1
44 39 1
44 49 0.922862
44 51 1
44 43 1
44 32 1
44 45 1
44 44 1
44 39 0.97987
44 41 1
44 49 1
44 40 1
44 42 1
44 45 1
44 36 1
44 49 1
44 45 1
44 50 1
44 41 1
44 44 0.803602
44 54 1
44 38 1
44 41 1
44 43 1
44 28 1
44 56 1
44 41 0.690888
44 40 1
44 43 1
44 41 1
44 43 1
44 40 1
44 46 1
44 41 1
44 43 0.925027
44 43 1
44 35 0.852567
44 48 1
44 55 1
44 41 1
44 50 1
44 47 1
44 47 1
44 46 1
44 48 1
44 47 1
44 44 1
44 51 1
44 44 1
44 53 1
44 53 1
44 44 1
44 48 0.988675
44 41 1
44 39 1
44 38 1
44 45 1
44 51 1
44 55 1
44 44 1
44 53 1
44 48 1
44 50 1
44 42 1
44 52 1
44 50 0.85758
44 36 0.648277
44 47 1
44 48 1
44 42 1
44 54 1
44 45 0.82522
44 47 1
44 33 0.673295
44 49 1
44 39 1
44 38 1
44 46 1
44 40 1
44 44 1
44 48 1
44 40 1
44 42 0.863856
44 47 1
44 55 1
44 40 1
44 41 1
44 34 1
44 42 1
44 42 0.726932
44 47 1
44 48 1
44 47 1
44 43 1
44 51 1
44 50 1
44 43 1
44 45 1
44 46 1
44 44 1
44 43 1
44 45 1
44 39 1
44 55 0.726569
44 41 1
44 39 1
44 42 1
44 41 1
44 53 1
44 38 1
44 42 0.898031
44 40 1
44 43 1
44 41 1
44 48 0.881126
44 50 1
44 49 1
44 40 1
44 46 1
44 41 1
44 37 1
44 42 1
44 48 0.616829
44 49 1
44 52 1
44 50 1
44 49 0.605649
44 43 1
44 39 1
44 44 1
44 41 0.846387
44 40 1
44 47 0.884979
44 43 0.940957
44 38 1
44 40 1
44 43 1
44 45 0.895826
44 46 1
44 46 0.781712
44 54 1
44 47 1
44 52 1
44 47 0.890151
44 41 0.50584
44 38 1
44 40 0.723309
44 43 1
44 33 1
44 39 1
44 42 1
44 55 0.713051
44 49 0.922537
44 46 1
44 40 1
44 40 1
44 46 0.88914
44 45 1
44 45 1
44 45 1
44 43 1
44 40 1
44 42 0.913893
44 43 1
44 42 1
44 52 1
44 54 0.815774
44 41 0.923587
44 49 1
44 43 0.811604
44 50 1
44 41 0.819864
44 54 1
44 48 0.686623
44 53 1
44 47 1
44 39 0.895479
44 55 0.992871
44 52 0.735909
44 40 1
44 47 0.949968
44 43 1
44 47 1
44 45 1
44 52 1
44 52 1
44 42 1
44 35 1
44 44 1
44 45 1
44 52 1
44 41 1
44 40 1
44 46 1
44 47 0.864918
44 40 1
44 44 1
44 51 0.799835
44 45 1
44 50 1
44 42 1
44 42 1
44 51 0.82381
44 36 1
44 44 1
44 38 1
44 38 0.884558
44 52 1
44 43 1
44 43 1
44 50 1
44 38 1
44 46 1
44 41 1
44 41 1
44 39 1
44 41 1
44 47 1
44 42 1
44 43 1
44 34 1
44 49 1
44 48 1
44 41 1
44 48 1
44 37 1
44 45 0.930635
44 42 1
44 51 0.948787
44 50 1
44 45 1
44 42 1
44 46 1
44 47 0.929722
44 43 1
44 47 1
44 44 1
44 39 1
44 40 1
44 44 0.949094
44 47 1
44 42 1
44 39 1
44 42 0.681661
44 33 1
44 35 0.873772
44 38 1
44 44 1
44 45 1
44 49 1
44 35 1
44 50 1
44 48 1
44 34 1
44 45 1
44 49 1
44 44 1
44 34 1
44 52 1
44 38 1
44 43 1
44 44 1
44 45 1
44 47 1
44 38 1
44 37 1
44 50 0.678392
44 42 1
44 42 1
44 39 0.809536
44 51 1
44 35 1
44 39 1
44 46 0.849982
44 46 1
44 49 1
44 40 1
44 40 1
44 48 1
44 46 0.867442
44 48 1
44 40 0.978135
44 43 1
44 40 1
44 42 1
44 48 1
44 41 0.868073
44 39 1
44 48 1
44 39 1
44 51 1
44 42 1
44 46 1
44 51 1
44 51 1
44 44 1
44 49 1
44 38 1
44 42 1
44 41 1
44 47 1
44 46 1
44 38 1
44 30 0.925097
44 39 1
44 46 1
44 38 1
44 48 1
44 41 1
44 39 1
44 50 1
44 43 0.832202
44 46 1
44 49 1
44 32 1
44 57 1
44 41 0.91348
44 46 1
44 41 0.778151
44 41 1
44 44 1
44 45 1
44 53 1
44 49 1
44 46 1
44 38 1
44 35 1
44 50 0.81344
44 38 1
44 31 1
44 37 0.700259
44 41 1
44 41 0.814368
44 45 1
44 44 1
44 46 1
44 46 1
44 42 1
44 50 1
44 44 1
44 42 1
44 36 1
44 50 1
44 38 1
44 53 0.928383
44 53 1
44 48 1
44 39 1
44 54 1
44 49 1
44 41 1
44 46 1
44 42 1
44 47 1
44 42 1
44 42 1
44 49 1
44 50 1
44 51 1
44 55 1
44 43 1
44 48 1
44 49 1
44 43 1
44 45 1
44 38 1
44 53 0.634275
44 46 1
44 42 1
44 36 1
44 44 1
44 55 1
44 46 1
44 39 1
44 47 1
44 47 1
44 35 1
44 47 0.838411
44 51 1
44 50 1
44 46 1
44 46 1
44 38 1
44 50 1
44 57 1
44 35 1
44 40 1
44 45 0.846171
44 51 1
44 46 1
44 38 1
44 43 0.990753
44 41 0.925021
44 38 1
44 56 1
44 41 1
44 45 1
44 50 1
44 41 1
44 41 1
44 46 1
44 55 1
44 40 1
44 49 1
44 45 1
44 40 1
44 45 1
44 38 1
44 51 0.900383
44 37 0.965543
44 42 0.659383
44 50 1
44 45 1
44 43 0.887397
44 46 0.594959
44 47 1
44 42 1
44 49 1
44 38 1
44 39 1
44 37 1
44 46 1
44 43 1
44 42 1
44 45 1
44 56 1
44 46 1
44 49 0.784565
44 46 1
44 37 1
44 43 1
44 38 1
44 51 1
44 50 1
44 52 1
44 46 1
44 48 1
44 39 0.857246
44 40 1
44 44 0.933745
44 47 1
44 41 1
44 48 1
44 57 1
44 35 1
44 49 0.727034
44 49 1
44 42 1
44 55 0.738049
44 49 1
44 44 1
44 46 1
44 45 1
44 54 0.860197
44 51 1
44 48 1
44 35 1
44 51 1
44 44 1
44 35 1
44 45 1
44 38 1
44 45 1
44 41 1
44 46 1
44 43 1
44 44 0.917644
44 49 1
44 44 1
44 42 0.907903
44 48 1
44 51 0.895618
44 46 1
44 40 1
44 43 1
44 45 1
44 50 1
44 50 1
44 39 1
44 39 1
44 43 1
44 45 1
44 52 1
44 49 1
44 41 1
44 43 1
44 52 0.878059
44 37 1
44 54 0.927063
44 39 1
44 42 1
44 52 1
44 41 0.918609
44 43 1
44 41 1
44 48 1
44 34 1
44 39 1
44 43 0.770727
44 40 1
44 47 0.922496
44 46 1
44 38 0.908294
44 45 1
44 48 1
44 33 1
44 49 1
44 40 1
44 48 0.832463
44 38 0.9721
44 36 0.821273
44 38 1
44 43 1
44 42 1
44 43 0.892979
44 51 1
44 49 1
44 37 1
44 46 0.980982
44 48 1
44 46 0.953573
44 53 1
44 47 0.877231
44 51 1
44 49 1
44 43 1
44 45 1
44 42 1
44 57 0.800149
44 42 0.850132
44 46 1
44 48 1
44 37 1
44 40 1
44 38 1
44 50 1
44 50 1
44 48 1
44 50 1
44 49 1
44 36 1
44 37 1
44 46 0.827676
44 39 0.883949
44 42 1
44 52 1
44 40 1
44 37 1
44 50 1
44 51 1
44 46 1
44 44 1
44 41 1
44 39 1
44 42 1
44 43 1
44 40 1
44 46 1
44 54 1
44 44 1
44 41 0.947089
44 42 1
44 50 1
44 39 1
44 44 1
44 47 1
44 39 1
44 47 1
44 51 1
44 50 1
44 53 1
44 43 1
44 40 0.741603
44 38 1
44 42 1
44 52 1
44 47 1
44 45 1
44 49 1
44 51 0.954265
44 51 1
44 45 0.622039
44 47 0.859692
44 41 1
44 51 1
44 55 1
44 44 0.960427
44 47 1
44 32 1
44 52 0.92351
44 34 0.985936
44 45 1
44 43 1
44 43 1
44 49 1
44 44 1
44 42 1
44 43 1
44 51 1
44 44 1
44 46 1
44 44 1
44 46 1
44 34 0.862319
44 35 1
44 44 1
44 49 1
44 39 1
44 52 1
44 42 1
44 51 1
44 36 1
44 48 1
44 42 1
44 42 0.867944
44 43 1
44 42 1
44 40 0.884838
44 52 1
44 44 1
44 38 1
44 44 1
44 49 1
44 46 1
44 49 1
44 53 1
44 42 1
44 45 1
44 38 0.818779
44 38 1
44 46 1
44 45 1
44 41 1
44 38 1
44 40 1
44 40 0.885376
44 41 1
44 48 0.759836
44 47 0.920753
44 49 1
44 42 1
44 45 1
44 42 0.657496
44 38 0.972817
44 42 1
44 41 1
44 42 1
44 47 1
44 54 1
44 38 0.759704
44 51 1
44 47 1
44 61 1
44 38 1
44 49 1
44 44 0.793585
44 52 1
44 45 1
44 45 0.612805
44 42 1
44 50 1
44 46 1
44 41 1
44 45 1
44 46 1
44 50 1
44 40 0.944926
44 45 1
44 37 1
44 46 0.949634
44 36 1
44 48 1
44 45 0.894692
44 49 1
44 46 1
44 38 0.937258
44 58 1
44 48 1
44 44 1
44 47 1
44 47 1
44 43 1
44 32 0.831462
44 50 1
44 40 1
44 34 0.66929
44 45 1
44 39 1
44 52 1
44 37 0.96233
44 50 0.673084
44 39 1
44 48 0.777745
44 42 0.968417
44 48 1
44 43 0.921372
44 46 0.894322
44 43 1
44 36 1
44 43 1
44 50 1
44 42 1
44 58 1
44 40 1
44 48 1
44 47 1
44 58 1
44 36 0.842685
44 36 1
44 50 1
44 53 1
44 35 1
44 53 1
44 46 0.928033
44 51 1
44 49 0.78234
44 50 1
44 47 1
44 44 1
44 42 1
44 44 0.711471
44 39 1
44 50 1
44 36 1
44 41 1
44 48 1
44 51 1
44 50 1
44 43 1
44 46 1
44 45 1
44 46 1
44 42 1
44 51 1
44 36 1
44 47 1
44 44 1
44 37 1
44 47 0.687433
44 41 1
44 46 1
44 37 1
44 48 0.693824
44 40 1
44 39 1
44 31 0.850577
44 43 1
44 33 1
44 41 1
44 35 1
44 45 1
44 51 1
44 45 1
44 43 1
44 31 1
44 36 1
44 47 0.623302
44 48 1
44 42 1
44 31 1
44 47 0.734187
44 52 1
44 46 1
44 55 0.913428
44 53 1
44 31 1
44 38 0.907395
44 43 0.828871
44 34 1
44 51 1
44 51 0.866611
44 48 1
44 40 1
44 44 0.916412
44 42 1
44 43 1
44 42 1
44 36 1
44 44 1
44 41 1
44 45 1
44 58 0.935159
44 51 1
44 36 0.776701
44 53 1
44 38 0.820897
44 45 1
44 46 1
44 40 1
44 43 1
44 37 1
44 53 1
44 48 1
44 49 1
44 39 1
44 44 1
44 52 1
44 42 1
44 49 1
44 46 1
44 42 1
44 43 1
44 41 1
44 38 1
44 56 0.74626
44 38 1
44 42 1
44 43 1
44 56 1
44 44 1
44 43 0.92413
44 38 1
44 46 1
44 44 1
44 51 0.700292
44 48 1
44 51 1
44 40 0.589046
44 34 0.932288
44 43 1
44 51 0.940582
44 47 1
44 32 1
44 43 1
44 33 0.944389
44 50 1
44 46 1
44 33 1
44 41 1
44 42 1
44 43 1
44 48 1
44 34 0.912897
44 47 1
44 33 1
44 45 1
44 51 1
44 38 0.834096
44 44 1
44 42 1
44 47 0.86369
44 39 1
44 49 1
44 42 1
44 45 1
44 35 1
44 38 1
44 37 1
44 54 1
44 42 1
44 53 1
44 47 0.957503
44 53 1
44 42 0.900559
44 55 1
44 36 1
44 54 1
44 55 0.761856
44 49 0.786537
44 43 1
44 36 1
44 53 1
44 43 1
44 45 1
44 53 1
44 40 1
44 31 1
44 53 0.79062
44 47 1
44 36 1
44 43 1
44 36 1
44 50 1
44 37 1
44 41 1
44 55 1
44 40 1
44 50 0.782655
44 50 1
44 47 1
44 39 1
