5000 100000
40 43 1
40 39 1
40 40 0.931982
40 33 1
40 40 1
40 43 1
40 43 1
40 48 1
40 43 0.887151
40 40 0.696054
40 38 0.714497
40 37 1
40 38 1
40 37 1
40 38 1
40 27 0.880747
40 52 0.769896
40 50 1
40 40 0.936453
40 45 1
40 50 0.96401
40 38 1
40 37 1
40 45 1
40 44 0.756411
40 46 1
40 39 1
40 43 1
40 41 0.832135
40 45 1
40 31 1
40 48 0.798481
40 37 1
40 37 1
40 39 0.740665
40 48 1
40 40 1
40 44 0.962365
40 48 0.770765
40 35 0.545376
40 42 0.844555
40 42 0.744408
40 44 0.814191
40 38 0.750966
40 38 0.778546
40 48 0.782505
40 51 0.914637
40 36 0.837948
40 37 0.676286
40 49 0.79274
40 40 1
40 42 0.925698
40 39 1
40 49 1
40 29 1
40 46 0.49649
40 39 1
40 43 1
40 40 1
40 42 0.668874
40 41 0.941217
40 43 1
40 39 0.823362
40 41 1
40 38 0.94588
40 40 1
40 42 1
40 35 0.89575
40 40 0.881093
40 42 1
40 46 0.800252
40 37 1
40 38 1
40 37 0.802983
40 40 0.598619
40 36 1
40 43 1
40 41 0.771765
40 36 1
40 40 0.846109
40 29 0.552706
40 40 1
40 40 1
40 35 0.553903
40 38 0.731757
40 43 0.771122
40 41 1
40 41 1
40 40 1
40 41 0.829446
40 47 0.781253
40 32 0.937508
40 37 1
40 42 1
40 56 0.806365
40 42 0.957634
40 36 0.705375
40 36 1
40 40 1
40 43 0.872617
40 43 0.716956
40 36 0.935793
40 39 0.92723
40 45 0.898147
40 41 0.659963
40 33 1
40 33 1
40 36 0.821709
40 40 1
40 41 0.886574
40 39 1
40 37 1
40 42 1
40 40 1
40 32 0.761914
40 39 1
40 47 1
40 47 1
40 32 1
40 38 1
40 40 1
40 36 1
40 39 1
40 38 1
40 41 1
40 37 1
40 38 0.712499
40 41 1
40 40 0.865768
40 35 1
40 37 1
40 42 1
40 40 1
40 38 0.78611
40 42 0.922368
40 39 1
40 42 0.868304
40 43 1
40 41 1
40 44 0.941892
40 47 0.795651
40 33 1
40 44 1
40 34 1
40 43 0.903006
40 38 1
40 38 1
40 46 0.789178
40 40 1
40 37 1
40 36 0.949351
40 29 1
40 29 1
40 46 0.891231
40 43 0.885886
40 47 1
40 40 1
40 44 1
40 40 1
40 48 0.832767
40 40 0.875146
40 45 0.843679
40 34 1
40 34 1
40 35 0.921738
40 42 1
40 47 0.916502
40 40 1
40 45 0.854907
40 39 0.925143
40 44 0.918588
40 35 0.916018
40 42 1
40 40 0.939176
40 39 0.446754
40 37 1
40 41 0.590782
40 37 1
40 46 0.765055
40 36 1
40 38 1
40 36 0.748221
40 45 1
40 38 1
40 46 0.949524
40 46 0.9505
40 44 0.973108
40 46 0.879298
40 39 0.955488
40 43 0.760901
40 34 0.818398
40 42 1
40 31 1
40 39 1
40 49 0.907078
40 47 1
40 37 0.768449
40 47 1
40 40 1
40 51 1
40 28 1
40 37 0.841032
40 46 0.97187
40 39 1
40 33 0.646688
40 43 1
40 40 1
40 40 0.780311
40 34 0.789691
40 46 1
40 40 0.781776
40 40 1
40 48 1
40 46 1
40 34 0.963257
40 46 0.827598
40 34 0.956111
40 40 0.724606
40 41 1
40 38 0.9025
40 43 0.767356
40 36 1
40 36 1
40 46 1
40 44 0.84798
40 48 1
40 41 1
40 45 0.628988
40 35 0.935003
40 53 0.860097
40 42 0.942034
40 43 1
40 39 0.813621
40 46 1
40 44 1
40 44 0.865794
40 44 0.948883
40 43 0.864159
40 41 0.795343
40 37 1
40 46 0.857185
40 40 1
40 48 1
40 40 0.907902
40 41 0.973586
40 41 0.855366
40 43 1
40 45 0.927465
40 41 1
40 38 1
40 32 0.916902
40 38 1
40 46 1
40 43 1
40 37 1
40 44 1
40 32 1
40 50 1
40 43 1
40 37 1
40 40 1
40 41 1
40 42 1
40 42 0.827101
40 38 0.838964
40 37 0.975619
40 44 1
40 30 0.845037
40 40 1
40 44 0.863528
40 50 0.767499
40 40 1
40 39 1
40 44 0.807368
40 44 0.885934
40 40 0.83018
40 34 0.884387
40 36 0.852035
40 38 1
40 33 1
40 39 1
40 44 1
40 33 1
40 32 1
40 43 0.872096
40 38 1
40 43 1
40 34 0.664174
40 48 0.89533
40 41 0.791815
40 49 0.880162
40 40 0.746756
40 35 0.966725
40 44 0.746006
40 38 0.925916
40 40 1
40 44 0.72715
40 41 1
40 43 0.893484
40 35 0.814091
40 40 1
40 42 1
40 35 0.938246
40 41 1
40 42 0.782582
40 40 1
40 38 1
40 40 1
40 44 0.808155
40 45 1
40 43 0.973799
40 43 1
40 41 1
40 40 0.963151
40 40 0.923469
40 35 0.889562
40 50 0.916412
40 42 1
40 38 1
40 41 0.98871
40 33 0.931873
40 32 1
40 45 1
40 41 1
40 44 0.770764
40 42 0.981738
40 49 1
40 44 0.97068
40 44 1
40 50 0.959995
40 46 1
40 42 1
40 36 0.788395
40 44 1
40 37 1
40 37 1
40 37 1
40 49 1
40 30 0.768078
40 47 0.960807
40 32 1
40 41 0.936203
40 47 1
40 50 0.695136
40 40 1
40 35 0.713678
40 43 0.609789
40 40 0.90619
40 47 1
40 38 0.804401
40 41 1
40 43 1
40 37 1
40 43 1
40 38 1
40 42 1
40 44 0.887159
40 41 0.800708
40 37 0.890117
40 46 0.948967
40 48 1
40 42 1
40 50 0.670318
40 39 1
40 47 1
40 41 0.924393
40 44 0.868223
40 43 0.593983
40 38 0.751747
40 41 1
40 37 0.811757
40 40 1
40 40 0.792284
40 42 1
40 39 1
40 37 0.860524
40 37 0.876535
40 40 1
40 44 1
40 49 1
40 34 0.89464
40 38 1
40 43 1
40 44 0.84064
40 40 0.897811
40 36 1
40 36 1
40 38 1
40 45 1
40 33 1
40 39 1
40 49 0.772451
40 38 1
40 49 0.876645
40 34 0.9734
40 37 0.847633
40 41 0.952593
40 42 0.839408
40 46 0.624657
40 46 0.885638
40 45 1
40 31 1
40 40 1
40 36 0.665964
40 44 1
40 47 0.548722
40 41 0.801728
40 43 1
40 39 0.924359
40 45 0.912067
40 40 1
40 39 1
40 40 0.767233
40 44 0.668306
40 38 1
40 41 0.821932
40 44 1
40 38 1
40 47 0.780686
40 37 1
40 37 0.814701
40 40 1
40 45 1
40 40 1
40 33 1
40 40 0.949539
40 39 0.823773
40 30 1
40 37 1
40 26 0.781008
40 37 0.826213
40 45 1
40 36 0.807031
40 42 1
40 39 1
40 39 1
40 43 0.764199
40 31 1
40 31 1
40 47 1
40 40 1
40 51 1
40 37 1
40 38 1
40 42 1
40 37 1
40 43 0.844516
40 37 0.793411
40 36 0.900774
40 42 1
40 36 1
40 45 1
40 40 0.838023
40 41 1
40 46 1
40 50 1
40 41 0.828328
40 38 0.881533
40 38 1
40 49 1
40 38 0.919166
40 41 0.807264
40 40 0.879955
40 44 1
40 44 0.763952
40 40 0.817568
40 42 1
40 40 0.828876
40 46 1
40 44 0.877703
40 36 1
40 31 1
40 43 0.896452
40 39 1
40 41 1
40 41 0.823868
40 41 0.742899
40 36 1
40 37 0.950083
40 33 1
40 41 1
40 49 0.728751
40 40 1
40 46 0.754996
40 44 0.90578
40 39 0.803843
40 37 1
40 35 1
40 44 1
40 50 0.906221
40 39 0.873741
40 35 0.777516
40 42 0.817679
40 36 0.918462
40 53 1
40 41 1
40 45 1
40 42 0.830443
40 45 0.646421
40 42 1
40 43 0.756394
40 36 0.916448
40 38 1
40 35 1
40 40 1
40 47 0.815883
40 47 1
40 42 1
40 37 1
40 34 0.900384
40 38 0.849473
40 42 1
40 47 0.733634
40 40 1
40 44 0.842987
40 43 0.85243
40 36 0.902748
40 39 1
40 32 0.906778
40 38 1
40 35 0.842308
40 36 0.925695
40 39 0.815326
40 40 1
40 44 1
40 38 0.878881
40 43 1
40 34 1
40 41 0.820134
40 36 0.513991
40 39 1
40 38 1
40 40 1
40 41 1
40 42 1
40 42 0.951119
40 42 1
40 44 0.941138
40 40 0.910401
40 43 1
40 33 1
40 41 1
40 42 1
40 33 0.823865
40 52 0.976213
40 43 1
40 48 0.891647
40 38 1
40 44 0.696113
40 40 0.94258
40 49 1
40 52 0.537893
40 44 0.915279
40 34 0.798921
40 37 0.888093
40 45 1
40 41 1
40 51 0.953126
40 40 0.856509
40 36 0.890298
40 39 0.924649
40 53 0.907627
40 44 0.868151
40 42 1
40 38 0.946764
40 43 0.883727
40 43 1
40 40 0.935802
40 35 1
40 47 0.945863
40 35 1
40 44 0.849845
40 42 1
40 39 0.68937
40 49 0.658733
40 41 0.824458
40 35 1
40 35 1
40 44 1
40 30 0.674144
40 39 1
40 39 0.961028
40 34 1
40 46 1
40 41 1
40 42 0.865392
40 41 0.714454
40 53 1
40 37 1
40 45 1
40 33 0.959325
40 36 0.799848
40 40 0.869285
40 37 0.89549
40 46 0.629787
40 44 1
40 44 0.8289
40 42 1
40 39 1
40 42 1
40 42 1
40 31 1
40 40 0.959197
40 34 0.90852
40 29 1
40 32 0.933596
40 30 0.677829
40 35 1
40 42 0.831314
40 38 0.900781
40 38 0.44241
40 36 1
40 33 1
40 35 1
40 43 1
40 38 1
40 46 1
40 39 0.969599
40 41 0.904111
40 40 0.950637
40 37 1
40 44 0.492332
40 39 1
40 43 0.877565
40 43 1
40 39 0.929026
40 44 0.803969
40 43 0.782446
40 43 1
40 40 1
40 38 1
40 42 0.932843
40 38 1
40 48 0.794969
40 51 0.900535
40 41 1
40 45 1
40 42 0.83232
40 38 1
40 47 0.692455
40 36 0.718172
40 34 0.822341
40 39 0.88678
40 32 1
40 42 0.803715
40 39 1
40 38 0.771992
40 41 0.942833
40 36 0.929927
40 42 1
40 28 0.877966
40 44 1
40 40 0.928876
40 42 1
40 45 0.942049
40 42 1
40 40 1
40 42 1
40 36 0.767374
40 44 1
40 42 1
40 41 0.797259
40 34 0.728293
40 42 0.934384
40 40 1
40 36 0.970787
40 41 0.869024
40 44 1
40 41 1
40 40 0.943597
40 43 0.844811
40 41 1
40 46 1
40 38 1
40 47 0.890487
40 38 1
40 33 0.592164
40 46 1
40 42 0.732236
40 41 1
40 46 1
40 34 0.857243
40 43 0.993137
40 44 1
40 38 1
40 51 1
40 43 1
40 48 1
40 39 0.758568
40 43 1
40 44 1
40 41 0.720418
40 40 1
40 43 0.805609
40 42 0.965064
40 37 0.815832
40 43 0.977952
40 48 1
40 37 0.935156
40 39 0.566661
40 36 0.964722
40 34 1
40 36 1
40 37 1
40 40 1
40 37 0.778011
40 40 0.986555
40 47 1
40 43 0.8445
40 42 1
40 39 0.866656
40 40 1
40 43 0.880133
40 38 0.876058
40 50 0.902344
40 49 0.738472
40 40 0.792952
40 37 0.896514
40 51 0.75995
40 45 1
40 41 1
40 35 0.888111
40 38 1
40 42 0.778226
40 30 0.896809
40 36 0.782858
40 41 0.898981
40 39 1
40 43 1
40 43 1
40 29 0.712968
40 40 1
40 37 1
40 40 0.855355
40 41 0.954302
40 45 1
40 46 0.798083
40 44 1
40 35 1
40 42 1
40 40 1
40 35 0.990752
40 38 1
40 40 0.802879
40 36 0.742207
40 33 0.702313
40 44 1
40 42 1
40 41 1
40 49 1
40 35 1
40 37 1
40 36 0.888417
40 37 0.746357
40 45 0.821926
40 40 1
40 38 0.940477
40 47 1
40 42 1
40 39 0.811716
40 34 1
40 37 1
40 34 1
40 39 0.925576
40 46 1
40 40 1
40 35 1
40 44 0.939276
40 47 1
40 39 1
40 32 0.924445
40 36 1
40 28 0.774508
40 46 1
40 41 1
40 43 1
40 42 0.833441
40 35 1
40 47 0.669842
40 38 1
40 39 0.886078
40 48 0.749128
40 35 0.930487
40 42 0.756261
40 43 0.87481
40 30 0.766263
40 40 1
40 41 1
40 44 0.684356
40 32 1
40 40 0.888591
40 39 0.884891
40 47 1
40 33 1
40 40 0.738187
40 34 0.584413
40 33 1
40 46 1
40 39 1
40 37 0.601051
40 39 0.936795
40 36 1
40 39 0.827565
40 44 1
40 39 0.911398
40 50 0.928351
40 36 1
40 37 1
40 41 1
40 35 0.889738
40 36 1
40 46 0.673991
40 39 0.904422
40 44 0.909846
40 36 0.594828
40 47 0.811376
40 32 0.756364
40 44 0.679954
40 44 0.808873
40 34 0.932621
40 49 1
40 37 1
40 46 1
40 40 0.836584
40 39 0.765776
40 40 1
40 40 0.902674
40 33 1
40 40 1
40 34 0.964723
40 45 0.888174
40 36 1
40 36 1
40 43 1
40 47 0.988902
40 37 0.824014
40 43 1
40 39 0.955258
40 42 0.871416
40 44 1
40 36 0.800157
40 44 1
40 45 0.886871
40 38 1
40 40 1
40 45 0.635091
40 43 0.889136
40 41 1
40 42 0.923068
40 41 0.824549
40 39 0.92148
40 46 0.774329
40 43 1
40 43 1
40 33 0.90176
40 49 1
40 42 1
40 41 0.806188
40 40 0.984731
40 33 0.926836
40 42 0.792235
40 34 1
40 36 0.779983
40 44 1
40 45 0.61591
40 43 1
40 39 1
40 33 0.974165
40 42 1
40 38 1
40 48 1
40 39 0.869851
40 35 1
40 36 0.778254
40 33 1
40 46 0.6397
40 44 1
40 43 0.771411
40 45 0.982819
40 47 0.871886
40 42 0.872551
40 41 1
40 37 1
40 38 0.824544
40 44 0.961681
40 42 1
40 37 0.981024
40 41 1
40 41 1
40 38 0.725004
40 36 1
40 34 0.780996
40 50 0.72525
40 40 0.924862
40 37 0.604093
40 37 1
40 41 1
40 39 1
40 37 1
40 42 0.781724
40 43 0.659665
40 49 0.825663
40 30 1
40 38 0.75938
40 42 0.85944
40 41 1
40 40 1
40 44 0.87915
40 41 1
40 44 1
40 42 1
40 45 1
40 40 0.909962
40 41 0.758281
40 34 0.980637
40 41 0.76398
40 36 1
40 32 0.987545
40 43 0.744331
40 37 1
40 49 1
40 42 1
40 48 0.778352
40 40 0.958029
40 42 1
40 43 1
40 37 1
40 36 1
40 33 0.917634
40 41 0.889795
40 41 1
40 43 1
40 41 1
40 42 0.934398
40 38 0.827298
40 44 0.825642
40 37 1
40 41 1
40 41 0.943075
40 37 0.822623
40 49 1
40 45 1
40 35 0.797688
40 43 0.874178
40 34 0.709238
40 32 1
40 44 1
40 41 1
40 33 0.84694
40 38 1
40 45 1
40 49 1
40 38 1
40 34 1
40 39 1
40 34 0.81114
40 40 1
40 36 0.814988
40 37 1
40 43 0.907468
40 43 0.892523
40 52 1
40 42 0.955814
40 30 0.940578
40 37 0.64256
40 38 1
40 39 1
40 42 0.852647
40 41 0.91258
40 38 0.759698
40 46 1
40 35 0.834516
40 40 0.831046
40 33 1
40 39 1
40 46 1
40 39 1
40 36 1
40 39 1
40 37 1
40 48 1
40 38 1
40 37 1
40 36 1
40 41 1
40 35 1
40 49 1
40 30 0.978841
40 31 0.835177
40 32 0.794141
40 50 0.969231
40 43 0.979621
40 35 1
40 35 1
40 41 0.691748
40 49 1
40 34 0.914234
40 40 1
40 39 1
40 44 0.879658
40 46 1
40 33 0.79853
40 37 0.955403
40 35 0.758183
40 38 0.719832
40 43 0.903343
40 42 0.915089
40 38 0.816821
40 40 1
40 43 0.884986
40 48 0.938102
40 39 0.761665
40 37 0.924343
40 39 0.679398
40 39 1
40 46 1
40 48 0.805981
40 42 0.954516
40 42 0.932561
40 50 0.968233
40 42 0.948599
40 39 0.865794
40 44 0.954718
40 38 1
40 45 0.937079
40 46 1
40 35 0.934921
40 35 1
40 38 0.944672
40 34 1
40 41 0.659819
40 40 0.928643
40 26 1
40 41 0.876313
40 43 1
40 43 0.799943
40 42 0.743945
40 40 0.927213
40 41 0.890916
40 47 0.982054
40 40 1
40 41 0.755093
40 46 0.888962
40 35 0.956223
40 39 0.767027
40 33 0.904847
40 40 1
40 43 1
40 41 1
40 41 0.64352
40 35 0.834444
40 43 1
40 40 0.703255
40 55 0.90049
40 39 1
40 55 0.983938
40 36 0.863971
40 43 0.907407
40 41 0.931086
40 37 0.912165
40 34 1
40 33 0.872074
40 38 1
40 40 0.542184
40 39 0.650292
40 38 1
40 43 0.840772
40 39 1
40 38 0.825753
40 40 1
40 43 0.905043
40 30 0.961792
40 34 1
40 38 1
40 35 1
40 36 0.859933
40 46 0.549269
40 39 1
40 45 0.9029
40 47 1
40 46 0.867437
40 35 1
40 31 0.880687
40 45 0.776748
40 35 1
40 42 0.930945
40 37 0.859218
40 41 0.845811
40 47 1
40 44 0.87795
40 46 0.861258
40 39 1
40 34 1
40 30 1
40 43 0.873901
40 34 0.73406
40 46 0.732145
40 47 0.761365
40 28 1
40 42 0.988812
40 29 1
40 43 0.663269
40 42 0.900113
40 33 1
40 33 1
40 39 1
40 39 1
40 41 0.95114
40 46 0.720756
40 45 1
40 40 0.807392
40 29 1
40 31 0.778007
40 39 0.831955
40 34 0.876424
40 42 1
40 44 1
40 46 0.837364
40 32 0.862466
40 39 0.968794
40 42 0.800449
40 37 0.798351
40 40 0.726927
40 33 0.90504
40 39 1
40 54 0.558477
40 45 0.942624
40 44 0.8184
40 47 0.892257
40 34 0.942209
40 34 0.794114
40 42 0.929626
40 46 1
40 27 0.947019
40 41 0.918717
40 51 0.935605
40 44 0.869925
40 40 0.806386
40 44 0.78874
40 38 0.850141
40 47 1
40 34 1
40 43 1
40 37 0.808245
40 33 0.71872
40 37 1
40 50 0.563607
40 38 0.770902
40 48 1
40 48 1
40 38 0.857982
40 45 0.639815
40 34 1
40 40 0.849452
40 43 1
40 31 1
40 43 1
40 41 0.820612
40 46 0.548185
40 37 0.996014
40 33 1
40 39 0.897001
40 38 0.631988
40 35 0.659755
40 30 1
40 39 0.803527
40 46 1
40 35 0.58327
40 36 1
40 57 1
40 38 1
40 47 0.932842
40 41 1
40 32 1
40 33 0.626327
40 34 1
40 31 0.786757
40 40 0.772201
40 43 0.653537
40 38 0.881104
40 41 0.912745
40 39 1
40 41 1
40 33 0.76465
40 46 0.77824
40 37 1
40 45 0.833044
40 44 1
40 39 1
40 38 0.795773
40 38 1
40 37 1
40 33 1
40 38 0.892371
40 42 0.902142
40 52 0.943936
40 39 1
40 44 1
40 43 1
40 31 1
40 32 0.882352
40 58 1
40 42 0.856359
40 43 0.834378
40 40 1
40 50 1
40 41 0.647915
40 44 1
40 37 0.974454
40 41 0.791752
40 45 1
40 49 1
40 31 0.783392
40 45 1
40 43 0.914003
40 37 0.918519
40 44 0.661687
40 41 0.63067
40 39 1
40 46 0.895311
40 41 1
40 38 1
40 46 0.910458
40 43 1
40 41 0.938819
40 38 1
40 34 1
40 43 0.879412
40 33 0.948321
40 39 1
40 37 1
40 46 1
40 39 1
40 37 1
40 35 0.841476
40 39 0.904582
40 44 1
40 43 1
40 45 1
40 37 0.838442
40 45 1
40 36 1
40 46 0.949487
40 38 1
40 51 0.673001
40 36 0.956848
40 41 1
40 45 1
40 38 1
40 39 1
40 44 0.93
40 34 0.957266
40 38 0.726018
40 29 1
40 32 1
40 48 1
40 43 0.878766
40 36 1
40 37 0.750162
40 44 1
40 50 1
40 43 1
40 48 0.872384
40 42 1
40 40 1
40 41 1
40 43 1
40 30 1
40 43 1
40 40 1
40 48 0.958889
40 41 1
40 41 0.80574
40 29 0.667455
40 46 0.929353
40 44 1
40 41 0.975687
40 45 1
40 41 1
40 38 1
40 43 0.931009
40 37 1
40 47 0.872571
40 45 1
40 38 0.791982
40 38 1
40 33 1
40 38 0.91949
40 38 0.924763
40 36 0.842956
40 41 1
40 38 1
40 45 0.924612
40 46 0.908731
40 36 0.937695
40 37 0.935971
40 35 1
40 35 0.7745
40 45 1
40 37 1
40 30 0.754979
40 39 0.972535
40 46 0.914169
40 43 1
40 39 0.812781
40 38 0.976116
40 43 0.776396
40 44 1
40 39 1
40 40 0.913758
40 34 0.957495
40 40 1
40 37 0.660576
40 38 0.629691
40 32 1
40 50 1
40 41 1
40 41 1
40 38 1
40 44 1
40 51 0.913976
40 44 1
40 40 1
40 35 1
40 42 0.753557
40 39 0.789299
40 52 1
40 46 0.823013
40 49 0.676754
40 38 1
40 35 0.759681
40 40 0.976218
40 37 0.809416
40 40 1
40 37 0.874864
40 37 1
40 40 0.920123
40 39 0.956817
40 39 1
40 42 1
40 39 1
40 47 1
40 38 0.885555
40 41 0.913842
40 43 1
40 43 1
40 33 0.921967
40 44 1
40 38 1
40 38 1
40 44 1
40 52 1
40 33 0.978007
40 40 0.885092
40 38 0.86275
40 40 1
40 35 0.925367
40 40 0.904273
40 38 0.755073
40 44 0.975081
40 43 1
40 36 1
40 32 0.950152
40 35 1
40 43 0.800784
40 45 1
40 43 0.879945
40 44 1
40 45 0.955901
40 44 0.984768
40 48 0.960018
40 36 0.978639
40 50 0.927035
40 49 1
40 50 1
40 42 0.636646
40 38 1
40 36 0.872106
40 44 1
40 48 0.772146
40 36 1
40 43 1
40 41 1
40 41 0.877147
40 49 1
40 42 0.954749
40 47 0.947448
40 41 1
40 37 1
40 33 1
40 33 1
40 38 1
40 45 1
40 54 0.782753
40 46 1
40 41 0.870827
40 48 1
40 33 0.811995
40 34 0.724256
40 39 0.840823
40 35 0.938389
40 43 1
40 43 1
40 31 1
40 40 1
40 39 0.882103
40 42 0.867757
40 44 0.756473
40 40 1
40 43 1
40 38 0.570979
40 34 1
40 53 1
40 44 1
40 46 1
40 47 0.961862
40 38 1
40 41 1
40 42 1
40 34 1
40 38 1
40 36 0.86834
40 37 0.828221
40 44 1
40 41 1
40 43 1
40 41 1
40 42 1
40 40 1
40 40 0.938004
40 37 0.902319
40 43 0.911845
40 40 1
40 50 1
40 46 1
40 41 1
40 44 1
40 51 0.930195
40 41 0.969998
40 41 0.469456
40 45 1
40 27 1
40 42 0.824535
40 48 1
40 41 1
40 44 1
40 39 1
40 37 1
40 41 1
40 39 1
40 41 0.80969
40 42 1
40 48 1
40 37 1
40 35 0.944934
40 47 1
40 43 0.934136
40 37 1
40 43 1
40 34 0.858714
40 37 1
40 34 1
40 36 1
40 37 1
40 40 1
40 46 0.932277
40 33 1
40 37 0.900656
40 37 1
40 43 1
40 45 1
40 31 0.775639
40 37 1
40 40 1
40 40 1
40 44 0.962969
40 49 0.814656
40 44 0.881563
40 37 0.827504
40 50 0.892133
40 46 0.900051
40 44 1
40 53 1
40 46 0.957837
40 42 1
40 39 0.855431
40 39 0.866884
40 39 1
40 41 0.758053
40 41 0.835008
40 48 0.655619
40 42 1
40 39 0.906635
40 41 1
40 41 0.764356
40 37 0.653283
40 35 1
40 39 1
40 42 0.875297
40 29 0.823525
40 38 1
40 42 0.752345
40 33 0.56607
40 47 0.887791
40 39 0.801014
40 42 1
40 43 0.661317
40 44 0.758236
40 31 0.672718
40 38 1
40 39 0.72736
40 41 0.915894
40 35 1
40 43 1
40 45 0.860617
40 44 1
40 40 1
40 53 0.760964
40 33 0.945855
40 44 0.717947
40 46 0.713622
40 39 0.798106
40 36 1
40 39 1
40 46 1
40 39 1
40 34 0.816455
40 42 0.77803
40 42 0.553305
40 47 0.702642
40 41 0.745432
40 41 1
40 45 0.563758
40 40 0.950943
40 39 1
40 40 0.949011
40 42 1
40 37 0.804315
40 41 1
40 47 1
40 40 1
40 50 0.787764
40 51 1
40 34 1
40 36 1
40 34 0.76366
40 45 0.881432
40 53 1
40 39 0.956623
40 42 1
40 38 1
40 37 0.889858
40 30 1
40 42 0.940578
40 38 1
40 37 0.866034
40 45 1
40 44 0.855726
40 46 1
40 43 1
40 37 1
40 41 1
40 44 0.711356
40 48 1
40 42 1
40 40 0.974531
40 39 1
40 39 1
40 38 1
40 41 0.803146
40 42 0.969723
40 45 1
40 35 0.939704
40 46 0.896034
40 43 0.834655
40 38 0.910308
40 45 0.919703
40 31 1
40 33 0.792313
40 51 1
40 37 0.852223
40 41 1
40 38 0.928132
40 46 1
40 42 0.558825
40 45 0.644998
40 44 0.887427
40 54 0.843423
40 36 0.880481
40 39 0.871936
40 36 1
40 41 0.93205
40 42 0.932631
40 45 0.980767
40 41 1
40 40 1
40 29 0.765493
40 36 0.956972
40 41 1
40 39 1
40 29 0.954745
40 40 1
40 35 1
40 41 0.950035
40 52 0.809675
40 37 1
40 38 1
40 36 0.810224
40 39 0.89401
40 32 0.908029
40 46 0.891689
40 50 1
40 41 0.892281
40 38 0.773615
40 42 0.761408
40 44 1
40 38 1
40 38 1
40 45 1
40 43 1
40 46 0.87365
40 42 0.766192
40 29 0.9728
40 31 1
40 42 0.970839
40 39 1
40 42 0.803125
40 47 1
40 38 1
40 41 1
40 33 1
40 43 0.882228
40 39 0.876007
40 39 1
40 43 1
40 37 1
40 43 0.924868
40 45 1
40 41 1
40 34 1
40 38 1
40 38 1
40 48 0.744663
40 42 1
40 35 1
40 41 0.810611
40 41 1
40 39 0.818237
40 44 1
40 49 1
40 39 0.916359
40 38 1
40 38 1
40 38 0.768703
40 45 1
40 41 0.93907
40 38 1
40 53 1
40 45 0.950952
40 41 0.72014
40 43 0.70285
40 48 1
40 41 1
40 36 0.977395
40 29 1
40 41 1
40 45 1
40 38 1
40 37 1
40 45 1
40 50 1
40 44 0.693569
40 43 1
40 37 0.95023
40 42 1
40 52 0.935821
40 32 1
40 50 1
40 35 1
40 43 1
40 36 0.951525
40 39 1
40 46 1
40 46 1
40 37 0.762194
40 37 0.7536
40 36 0.936729
40 41 1
40 43 1
40 32 1
40 40 0.872141
40 45 0.917465
40 32 0.882361
40 40 0.78707
40 40 1
40 46 0.726766
40 40 0.93252
40 40 0.755905
40 40 0.920502
40 50 0.979933
40 36 0.890679
40 41 1
40 51 0.814211
40 37 0.92291
40 44 0.846705
40 41 1
40 41 1
40 43 0.779211
40 44 0.926007
40 42 0.791639
40 47 0.817144
40 34 1
40 38 0.803715
40 33 0.93223
40 43 0.948149
40 50 1
40 36 1
40 40 1
40 43 0.90835
40 39 0.8858
40 35 1
40 43 0.922862
40 33 1
40 40 1
40 32 0.97987
40 37 0.803602
40 45 0.690888
40 44 0.925027
40 39 1
40 37 0.852567
40 34 1
40 40 0.988675
40 32 1
40 42 1
40 39 0.85758
40 45 0.648277
40 42 0.82522
40 33 0.673295
40 45 1
40 44 0.863856
40 42 0.726932
40 40 1
40 38 1
40 47 1
40 42 1
40 39 0.726569
40 46 0.898031
40 34 0.881126
40 38 1
40 45 1
40 42 1
40 48 1
40 47 1
40 37 0.616829
40 42 1
40 34 1
40 28 0.605649
40 40 0.846387
40 44 1
40 48 1
40 28 1
40 37 1
40 45 0.884979
40 46 0.940957
40 41 1
40 32 1
40 37 0.895826
40 36 0.781712
40 41 0.890151
40 40 0.50584
40 38 0.723309
40 32 1
40 43 0.713051
40 34 0.922537
40 43 1
40 38 1
40 42 0.88914
40 35 0.913893
40 36 0.815774
40 47 1
40 54 1
40 35 1
40 44 1
40 43 0.923587
40 45 1
40 30 0.811604
40 40 0.819864
40 38 0.686623
40 31 1
40 39 1
40 40 0.895479
40 34 0.992871
40 43 0.735909
40 49 1
40 36 0.949968
40 45 0.864918
40 47 0.799835
40 36 0.82381
40 45 0.884558
40 42 1
40 39 0.930635
40 42 1
40 41 1
40 39 1
40 40 0.948787
40 42 0.929722
40 46 0.949094
40 39 1
40 43 1
40 40 1
40 38 0.681661
40 43 1
40 38 1
40 33 0.873772
40 40 1
40 50 1
40 39 0.678392
40 40 0.809536
40 36 1
40 39 1
40 40 0.849982
40 43 0.867442
40 53 0.978135
40 43 0.868073
40 51 0.925097
40 35 0.832202
40 51 1
40 39 1
40 39 1
40 42 1
40 50 1
40 47 1
40 38 1
40 40 1
40 34 1
40 41 1
40 44 1
40 34 0.91348
40 42 0.778151
40 43 0.81344
40 37 1
40 40 0.700259
40 42 0.814368
40 40 1
40 37 1
40 43 0.928383
40 40 1
40 43 1
40 50 0.634275
40 38 0.838411
40 45 0.846171
40 44 1
40 45 0.990753
40 48 0.925021
40 44 1
40 38 1
40 40 0.900383
40 45 1
40 36 0.965543
40 39 1
40 45 1
40 34 1
40 41 0.659383
40 43 1
40 38 1
40 39 1
40 38 1
40 48 1
40 40 1
40 44 1
40 33 0.887397
40 33 0.594959
40 34 1
40 49 0.784565
40 42 1
40 34 1
40 29 0.857246
40 30 1
40 36 0.933745
40 51 1
40 38 1
40 33 1
40 40 1
40 42 0.727034
40 43 0.738049
40 42 0.860197
40 42 0.917644
40 35 1
40 29 0.907903
40 37 0.895618
40 30 0.878059
40 41 0.927063
40 42 1
40 39 0.918609
40 34 1
40 40 1
40 35 1
40 36 1
40 37 1
40 36 1
40 37 0.770727
40 34 1
40 41 0.922496
40 40 1
40 42 1
40 43 1
40 36 1
40 37 0.908294
40 48 1
40 41 0.832463
40 35 1
40 38 0.9721
40 39 0.821273
40 36 1
40 36 1
40 38 0.892979
40 42 0.980982
40 47 0.953573
40 44 1
40 35 1
40 35 0.877231
40 41 0.800149
40 50 1
40 42 1
40 36 1
40 44 0.850132
40 41 0.827676
40 41 1
40 51 1
40 42 0.883949
40 39 1
40 35 1
40 47 1
40 45 1
40 41 1
40 31 1
40 42 0.947089
40 41 0.741603
40 49 1
40 34 1
40 42 1
40 43 0.954265
40 45 1
40 41 1
40 41 0.622039
40 48 1
40 42 1
40 45 0.859692
40 35 1
40 44 0.960427
40 31 1
40 42 1
40 31 0.92351
40 47 1
40 36 1
40 32 1
40 31 1
40 32 1
40 44 0.985936
40 43 0.862319
40 48 1
40 46 0.867944
40 37 1
40 36 1
40 32 0.884838
40 39 1
40 37 0.818779
40 46 0.885376
40 40 0.759836
40 36 0.920753
40 45 1
40 45 1
40 40 0.657496
40 37 0.972817
40 47 0.759704
40 40 1
40 36 1
40 39 1
40 50 1
40 39 1
40 34 1
40 45 1
40 32 1
40 40 1
40 51 1
40 32 1
40 48 0.793585
40 49 1
40 47 1
40 34 1
40 36 1
40 44 0.612805
40 34 0.944926
40 40 1
40 36 1
40 49 1
40 41 0.949634
40 42 1
40 38 1
40 38 1
40 41 1
40 44 1
40 45 0.894692
40 44 1
40 40 0.937258
40 42 1
40 39 1
40 43 1
40 36 1
40 50 1
40 42 0.831462
40 43 0.66929
40 45 0.96233
40 32 0.673084
40 48 1
40 34 1
40 45 1
40 44 1
40 42 0.777745
40 32 0.968417
40 41 0.921372
40 42 0.894322
40 49 0.842685
40 38 1
40 48 1
40 43 1
40 46 1
40 46 0.928033
40 36 1
40 44 1
40 42 0.78234
40 41 0.711471
40 42 1
40 46 0.687433
40 37 0.693824
40 36 0.850577
40 42 0.623302
40 39 1
40 27 0.734187
40 38 0.913428
40 38 0.907395
40 47 0.828871
40 33 1
40 31 1
40 37 1
40 37 0.866611
40 34 0.916412
40 34 1
40 42 0.935159
40 43 1
40 34 1
40 37 1
40 44 0.776701
40 30 1
40 44 1
40 48 1
40 35 0.820897
40 42 1
40 49 1
40 40 1
40 36 0.74626
40 47 1
40 36 0.92413
40 33 0.700292
40 41 1
40 43 0.589046
40 41 1
40 46 0.932288
40 48 1
40 41 1
40 32 1
40 45 0.940582
40 45 1
40 50 1
40 41 0.944389
40 47 1
40 28 0.912897
40 50 0.834096
40 33 1
40 34 0.86369
40 36 0.957503
40 39 1
40 38 0.900559
40 47 0.761856
40 43 1
40 42 0.786537
40 35 0.79062
40 43 1
40 43 1
40 41 0.782655
40 38 0.846025
40 45 1
40 34 1
40 38 0.79561
40 44 1
40 34 1
40 42 1
40 39 1
40 37 1
40 43 0.789229
40 49 0.828139
40 40 1
40 38 1
40 43 1
40 45 1
40 36 1
40 38 1
40 35 1
40 49 1
40 50 0.947636
40 41 0.728613
40 44 0.974093
40 31 0.858688
40 37 0.786129
40 41 0.854889
40 41 1
40 34 1
40 42 1
40 38 0.736113
40 47 1
40 43 1
40 46 1
40 30 0.851899
40 31 0.768267
40 37 1
40 44 1
40 38 1
40 43 1
40 33 1
40 41 1
40 43 0.952246
40 37 1
40 39 0.949906
40 35 0.698359
40 36 1
40 49 1
40 42 1
40 27 1
40 46 1
40 36 1
40 43 0.756758
40 40 0.843794
40 38 1
40 54 1
40 29 0.583512
40 42 0.798472
40 46 1
40 29 0.824959
40 37 1
40 43 1
40 46 0.855412
40 48 1
40 39 1
40 33 1
40 41 0.7949
40 39 0.763305
40 48 1
40 37 1
40 37 0.835666
40 42 1
40 37 0.834114
40 38 1
40 41 1
40 36 1
40 38 1
40 38 1
40 40 0.922866
40 42 1
40 36 0.450303
40 44 0.757299
40 44 0.952787
40 37 1
40 44 0.825476
40 31 0.910896
40 40 0.898739
40 38 1
40 35 0.991462
40 43 1
40 31 1
40 46 0.894847
40 34 0.616431
40 40 0.948878
40 42 0.917613
40 42 1
40 41 0.83071
40 34 1
40 37 1
40 44 1
40 39 0.722055
40 33 1
40 43 1
40 40 1
40 42 0.884296
40 39 1
40 42 1
40 38 0.714107
40 43 0.629821
40 32 0.629759
40 38 1
40 31 1
40 33 1
40 46 0.837534
40 45 1
40 50 0.957818
40 37 0.913341
40 52 1
40 41 0.934433
40 42 0.835105
40 43 1
40 36 0.644337
40 44 0.892848
40 42 1
40 42 1
40 40 1
40 47 1
40 34 0.949582
40 42 0.919726
40 42 1
40 36 1
40 38 0.788939
40 32 1
40 48 1
40 39 0.835128
40 42 0.913591
40 45 0.84674
40 43 1
40 44 0.826311
40 46 0.474848
40 40 0.6977
40 46 0.944047
40 36 1
40 34 0.905513
40 43 0.834085
40 39 1
40 36 1
40 39 0.989604
40 32 0.729226
40 44 0.888772
40 42 1
40 42 1
40 42 1
40 40 0.823321
40 41 1
40 45 0.951274
40 47 0.803443
40 35 0.86472
40 39 1
40 52 0.829796
40 37 1
40 31 1
40 36 0.631322
40 40 1
40 40 0.867768
40 49 1
40 39 1
40 39 1
40 38 1
40 35 0.679052
40 44 1
40 42 1
40 37 1
40 42 1
40 38 1
40 42 1
40 40 1
40 45 1
40 31 0.945193
40 46 0.828375
40 42 0.964955
40 35 1
40 33 1
40 34 1
40 48 0.949018
40 36 1
40 38 1
40 43 0.883915
40 36 1
40 45 1
40 42 1
40 34 0.917708
40 50 1
40 41 1
40 55 1
40 38 0.830187
40 37 0.877483
40 39 0.955002
40 38 0.657184
40 43 1
40 36 1
40 46 1
40 40 1
40 49 0.906468
40 38 0.767675
40 43 0.988885
40 45 1
40 40 0.920427
40 38 1
40 39 0.889691
40 40 0.892349
40 35 0.924097
40 34 0.816295
40 45 0.726289
40 39 1
40 39 1
40 33 0.649066
40 42 0.754365
40 43 0.927358
40 37 0.909047
40 39 0.860745
40 35 1
40 44 0.947564
40 41 0.833719
40 35 1
40 42 1
40 46 1
40 44 1
40 41 1
40 39 0.922097
40 35 1
40 46 1
40 46 0.866685
40 34 1
40 38 1
40 38 0.639126
40 38 1
40 41 1
40 43 0.917498
40 52 0.846256
40 44 1
40 41 1
40 41 0.885852
40 45 1
40 39 1
40 34 0.874889
40 36 1
40 38 1
40 37 1
40 37 1
40 39 1
40 26 1
40 46 1
40 44 0.940067
40 36 0.986199
40 41 0.872331
40 39 1
40 43 0.698725
40 40 0.953283
40 45 0.623661
40 40 1
40 34 1
40 47 0.930807
40 41 1
40 33 1
40 33 0.843416
40 45 1
40 40 1
40 49 1
40 45 0.701077
40 38 1
40 43 1
40 45 1
40 38 0.699165
40 42 0.926574
40 36 1
40 42 0.892593
40 51 1
40 37 0.791646
40 42 1
40 40 0.613236
40 41 0.546143
40 37 0.963247
40 31 1
40 46 0.803989
40 37 1
40 42 1
40 45 0.940538
40 41 0.763201
40 40 1
40 45 1
40 43 1
40 41 1
40 35 0.771684
40 49 1
40 37 1
40 48 1
40 42 0.747926
40 34 0.858153
40 45 1
40 51 0.82617
40 53 1
40 42 1
40 36 1
40 36 1
40 37 0.887485
40 44 1
40 41 0.806874
40 35 0.574844
40 35 1
40 47 1
40 38 1
40 36 1
40 34 1
40 51 0.800399
40 36 0.77012
40 40 1
40 39 0.879725
40 43 0.893378
40 44 0.637175
40 38 0.742198
40 43 0.879844
40 48 0.950427
40 37 0.812266
40 37 0.924987
40 39 1
40 36 0.912221
40 42 0.876122
40 40 1
40 43 1
40 38 0.846679
40 36 0.667262
40 38 1
40 44 0.817768
40 38 1
40 40 0.925628
40 37 1
40 43 1
40 50 1
40 41 1
40 41 1
40 44 0.794222
40 48 0.82713
40 38 1
40 36 0.758975
40 44 0.940014
40 49 1
40 46 0.901083
40 37 0.855147
40 41 1
40 36 0.987794
40 40 1
40 50 0.755349
40 42 1
40 35 1
40 41 1
40 48 1
40 33 1
40 47 0.951222
40 34 1
40 40 1
40 33 1
40 40 0.866607
40 42 0.935939
40 36 1
40 45 0.648912
40 40 1
40 44 0.743635
40 38 1
40 28 1
40 47 1
40 49 0.587295
40 30 0.843563
40 51 1
40 40 1
40 30 1
40 37 1
40 41 1
40 42 1
40 35 0.525402
40 36 0.705118
40 39 1
40 47 0.971135
40 38 1
40 42 1
40 44 1
40 37 0.76023
40 35 1
40 32 1
40 42 0.912813
40 47 1
40 30 1
40 36 1
40 36 0.940971
40 37 0.798356
40 40 0.967917
40 30 1
40 31 1
40 44 0.881527
40 44 1
40 34 1
40 39 0.859107
40 39 0.902127
40 39 0.81747
40 45 0.924057
40 43 1
40 37 0.849698
40 36 1
40 45 1
40 43 1
40 38 0.806339
40 43 1
40 44 1
40 44 1
40 52 1
40 38 0.871156
40 40 0.629082
40 34 0.869646
40 34 0.680912
40 42 0.875345
40 42 0.902393
40 36 1
40 40 0.984627
40 45 0.799119
40 40 1
40 44 0.793529
40 47 1
40 38 0.656515
40 46 0.881698
40 49 1
40 40 0.765189
40 46 0.819856
40 38 1
40 41 0.85266
40 45 0.607065
40 26 0.878619
40 34 1
40 29 1
40 46 1
40 44 0.973168
40 46 1
40 48 1
40 40 1
40 33 1
40 39 1
40 47 1
40 44 0.914027
40 43 0.91025
40 36 1
40 36 1
40 47 1
40 39 1
40 34 0.912118
40 34 1
40 34 0.946417
40 36 0.912065
40 40 1
40 45 1
40 36 1
40 43 0.904306
40 54 0.712932
40 42 0.976041
40 40 0.900465
40 36 0.844076
40 42 1
40 40 0.812149
40 40 1
40 40 1
40 41 0.684315
40 37 1
40 36 0.863988
40 39 1
40 38 1
40 40 1
40 38 0.813831
40 44 1
40 35 0.828279
40 36 1
40 33 1
40 50 0.558624
40 31 1
40 47 1
40 39 1
40 30 0.76487
40 37 0.926313
40 40 0.792766
40 43 1
40 45 0.950325
40 42 1
40 40 0.738391
40 42 0.801998
40 36 1
40 47 0.762706
40 41 1
40 46 0.942316
40 46 1
40 37 0.920983
40 32 1
40 38 1
40 42 1
40 43 1
40 43 0.790585
40 46 0.974058
40 44 0.935279
40 37 1
40 43 1
40 41 1
40 35 1
40 41 1
40 47 1
40 43 1
40 41 1
40 38 0.940128
40 30 1
40 48 1
40 37 1
40 35 1
40 36 1
40 47 0.769554
40 43 0.92053
40 38 1
40 33 1
40 39 0.670821
40 37 0.895586
40 34 0.903694
40 38 0.718613
40 36 0.753167
40 50 0.941616
40 46 0.718147
40 36 0.693178
40 37 0.711941
40 45 0.649477
40 45 1
40 46 1
40 44 0.837618
40 37 0.898945
40 43 1
40 32 1
40 40 1
40 48 0.955649
40 33 1
40 33 1
40 39 0.5549
40 34 0.770145
40 41 1
40 33 0.869419
40 41 1
40 42 0.844105
40 52 0.890596
40 40 1
40 37 1
40 47 1
40 40 0.852197
40 42 1
40 47 0.720191
40 31 0.937699
40 27 0.856959
40 45 1
40 42 1
40 39 0.827935
40 46 0.819276
40 28 1
40 41 0.647865
40 45 0.64914
40 34 0.925323
40 36 1
40 35 1
40 39 1
40 37 1
40 35 0.932753
40 41 0.916462
40 43 1
40 40 0.924479
40 38 0.903377
40 28 0.823359
40 48 0.693177
40 44 1
40 39 0.691453
40 37 0.914076
40 44 0.81684
40 33 1
40 49 1
40 39 1
40 38 1
40 55 1
40 40 1
40 46 0.882909
40 37 1
40 40 0.838351
40 37 1
40 50 0.93833
40 44 1
40 41 0.737599
40 30 0.731161
40 38 1
40 56 1
40 40 1
40 36 1
40 38 1
40 44 0.529176
40 36 0.775238
40 31 1
40 46 0.929928
40 51 1
40 45 1
40 38 0.548559
40 35 0.45039
40 41 0.97527
40 47 1
40 39 0.89746
40 45 1
40 35 0.761092
40 34 0.901502
40 42 1
40 47 0.935055
40 37 1
40 39 1
40 45 0.784817
40 51 0.672309
40 32 0.928397
40 43 1
40 33 0.877258
40 39 1
40 41 0.697296
40 45 0.902092
40 36 0.980501
40 36 1
40 53 0.793869
40 39 0.947341
40 29 0.834276
40 36 1
40 40 0.769032
40 38 0.762478
40 39 0.926962
40 36 1
40 41 1
40 48 0.960016
40 39 1
40 33 1
40 41 0.691403
40 50 1
40 38 0.730262
40 44 0.830201
40 45 0.794739
40 41 1
40 41 1
40 44 0.918302
40 40 1
40 39 0.939146
40 47 1
40 37 1
40 31 1
40 47 0.930601
40 54 1
40 39 0.776237
40 39 1
40 35 0.868121
40 45 1
40 39 1
40 36 0.779937
40 40 1
40 43 1
40 41 1
40 40 1
40 47 0.590377
40 42 1
40 53 0.827644
40 42 1
40 46 0.785869
40 38 0.909189
40 40 1
40 44 1
40 38 1
40 44 1
40 40 1
40 42 1
40 40 1
40 50 0.816773
40 43 0.945381
40 34 0.669282
40 35 0.900954
40 39 1
40 38 1
40 37 1
40 46 0.793392
40 40 0.59206
40 40 0.891059
40 34 0.584721
40 39 1
40 39 1
40 38 0.923499
40 34 1
40 38 1
40 44 0.82428
40 42 0.764802
40 40 1
40 41 1
40 38 1
40 39 0.86892
40 38 0.909598
40 41 1
40 40 1
40 44 0.913569
40 41 0.925621
40 43 1
40 37 0.817288
40 38 1
40 46 0.973479
40 45 0.914206
40 52 1
40 31 1
40 36 1
40 46 1
40 36 1
40 53 0.522464
40 31 1
40 47 1
40 46 0.686754
40 43 1
40 43 0.842029
40 39 1
40 38 1
40 45 0.561697
40 47 0.981191
40 42 1
40 35 1
40 46 0.86698
40 41 1
40 38 0.959703
40 37 1
40 43 1
40 37 0.795596
40 34 0.768836
40 37 0.879499
40 32 1
40 43 1
40 31 0.714671
40 48 0.740804
40 38 1
40 38 0.702513
40 34 0.925182
40 40 0.670203
40 30 0.800716
40 42 1
40 37 0.415785
40 38 0.802466
40 38 1
40 46 1
40 48 0.842036
40 43 0.561199
40 32 1
40 40 0.832417
40 49 0.716384
40 41 1
40 41 1
40 47 1
40 41 0.671201
40 49 1
40 52 0.598764
40 47 0.726954
40 30 0.869236
40 35 1
40 42 1
40 35 0.802301
40 45 0.879031
40 46 1
40 45 1
40 42 1
40 28 0.690176
40 43 0.929935
40 41 0.820308
40 39 1
40 32 0.851041
40 41 0.786561
40 45 0.876289
40 49 0.846516
40 40 1
40 37 0.832991
40 34 1
40 40 1
40 36 0.942704
40 38 1
40 41 0.95548
40 21 0.736886
40 37 0.891076
40 46 1
40 30 0.671155
40 45 1
40 44 0.825735
40 44 0.855383
40 32 0.986913
40 38 0.760739
40 45 1
40 47 0.600117
40 40 0.96907
40 40 0.978435
40 55 0.810717
40 29 0.794858
40 41 0.587682
40 42 0.669742
40 43 1
40 50 0.789833
40 38 1
40 42 1
40 36 1
40 53 0.869255
40 38 0.836569
40 50 0.872554
40 46 1
40 38 1
40 47 1
40 37 0.845566
40 47 1
40 48 0.710571
40 45 0.918549
40 40 0.721169
40 38 1
40 45 0.73369
40 36 1
40 36 1
40 47 0.895014
40 38 0.767447
40 43 0.854225
40 42 1
40 39 0.848931
40 43 1
40 48 1
40 33 1
40 38 1
40 41 0.779699
40 33 0.924567
40 40 1
40 48 1
40 34 1
40 42 0.898627
40 30 1
40 50 1
40 46 1
40 36 0.905513
40 46 0.806788
40 36 0.83337
40 49 1
40 41 0.926992
40 42 1
40 44 0.801768
40 38 0.943725
40 38 1
40 49 0.718009
40 40 1
40 37 0.776921
40 42 0.659529
40 45 1
40 47 0.980534
40 40 0.986245
40 53 0.838938
40 43 0.669327
40 45 0.952437
40 33 1
40 41 1
40 38 0.858283
40 44 0.745461
40 45 0.832135
40 42 0.822863
40 44 0.861348
40 37 1
40 37 0.914952
40 44 0.834448
40 43 1
40 45 0.9407
40 40 0.926536
40 46 1
40 43 1
40 35 0.702381
40 39 0.939275
40 44 0.862461
40 40 1
40 46 1
40 40 0.716483
40 39 0.560588
40 46 0.926437
40 37 0.905325
40 31 0.755488
40 43 1
40 34 1
40 43 1
40 38 1
40 36 0.879704
40 47 0.663286
40 47 0.993055
40 41 0.682619
40 38 1
40 43 0.713907
40 40 1
40 39 1
40 35 0.765222
40 38 1
40 38 1
40 40 1
40 44 1
40 42 1
40 44 0.728305
40 38 1
40 44 1
40 36 0.830812
40 32 0.880984
40 40 1
40 44 1
40 46 0.844775
40 43 0.819453
40 42 1
40 40 0.854029
40 42 1
40 44 1
40 36 1
40 37 0.854199
40 40 0.98043
40 38 0.694073
40 37 0.908593
40 35 1
40 35 1
40 36 1
40 39 0.560651
40 40 0.903948
40 38 0.88017
40 43 1
40 40 0.805942
40 29 0.925968
40 46 1
40 43 0.838805
40 42 1
40 37 1
40 38 0.794491
40 43 0.842437
40 43 1
40 46 0.670736
40 40 0.97521
40 38 1
40 43 1
40 34 1
40 47 0.799493
40 45 1
40 44 1
40 39 0.735698
40 45 0.852178
40 34 1
40 42 1
40 31 1
40 39 0.841705
40 41 0.767337
40 42 1
40 36 0.73183
40 49 1
40 41 1
40 36 0.937839
40 33 0.901894
40 42 0.994459
40 36 0.695239
40 45 1
40 43 1
40 32 1
40 45 0.934169
40 45 0.888901
40 37 1
40 30 0.765249
40 38 1
40 35 1
40 40 0.936837
40 33 1
40 37 1
40 41 1
40 37 0.851649
40 43 0.647581
40 36 0.877745
40 34 0.818759
40 41 0.911977
40 33 1
40 40 1
40 35 1
40 41 0.914134
40 34 1
40 37 0.772917
40 38 1
40 39 0.818854
40 46 0.693083
40 44 0.926498
40 40 1
40 46 1
40 40 1
40 41 0.867049
40 36 0.799765
40 36 1
40 39 1
40 42 1
40 45 0.847817
40 38 0.852673
40 46 0.818006
40 39 0.961651
40 31 1
40 43 0.929073
40 46 0.908245
40 42 0.673731
40 45 1
40 38 1
40 40 0.935809
40 41 0.921262
40 38 1
40 37 0.768922
40 48 1
40 44 1
40 46 1
40 44 0.859316
40 41 1
40 43 1
40 47 1
40 48 0.852596
40 47 0.910192
40 33 1
40 46 0.946236
40 35 1
40 42 1
40 38 0.929784
40 41 0.894561
40 42 1
40 46 0.62998
40 42 0.74902
40 31 0.712039
40 42 1
40 43 1
40 35 1
40 43 0.986362
40 46 0.971959
40 43 0.93156
40 35 0.956726
40 43 1
40 39 1
40 45 0.741709
40 41 0.886322
40 43 0.933044
40 45 1
40 48 0.88399
40 38 0.914681
40 35 0.701081
40 52 0.818942
40 40 0.596026
40 29 0.847454
40 42 0.864257
40 40 1
40 46 1
40 45 1
40 32 1
40 38 0.779285
40 42 1
40 47 1
40 41 0.901641
40 41 1
40 41 1
40 31 0.861874
40 49 0.782909
40 47 1
40 42 0.815115
40 32 1
40 43 0.536781
40 46 1
40 49 0.780795
40 38 0.814262
40 39 1
40 39 1
40 41 1
40 45 1
40 35 1
40 42 0.884405
40 39 1
40 38 0.865477
40 38 0.797056
40 52 0.9272
40 40 1
40 36 1
40 36 1
40 39 0.667021
40 36 0.874192
40 40 0.786364
40 38 0.824106
40 37 0.837159
40 36 1
40 30 1
40 34 1
40 46 0.752312
40 47 1
40 34 1
40 48 0.83219
40 39 0.80648
40 42 0.941053
40 46 1
40 36 1
40 39 1
40 41 1
40 51 0.894246
40 37 1
40 38 0.939629
40 47 1
40 47 1
40 38 1
40 51 1
40 38 1
40 36 1
40 49 1
40 50 1
40 38 1
40 37 1
40 41 0.937437
40 44 0.93319
40 32 1
40 39 0.898442
40 39 0.8485
40 45 0.80958
40 39 0.731961
40 41 0.757641
40 36 0.946447
40 45 0.806457
40 45 0.763103
40 44 0.793258
40 35 1
40 46 1
40 45 0.76128
40 49 0.858945
40 39 0.764466
40 45 0.860024
40 45 1
40 43 1
40 40 0.915108
40 29 1
40 46 0.959811
40 38 1
40 45 1
40 45 0.708452
40 41 1
40 36 1
40 46 1
40 47 1
40 38 1
40 36 0.855245
40 37 1
40 41 1
40 43 0.870674
40 45 1
40 41 0.770059
40 50 0.950059
40 56 0.782331
40 35 0.937855
40 51 0.75263
40 42 1
40 42 0.731832
40 33 0.580057
40 37 1
40 38 1
40 37 1
40 39 0.879441
40 48 1
40 37 0.976873
40 36 0.923315
40 39 0.750566
40 44 0.855717
40 39 0.698299
40 47 1
40 50 0.955531
40 42 0.660314
40 44 1
40 35 0.808481
40 45 1
40 45 0.880995
40 41 0.862668
40 44 0.834262
40 41 1
40 48 0.922378
40 42 0.800446
40 42 1
40 45 1
40 40 0.591403
40 33 1
40 39 1
40 39 1
40 35 0.778122
40 33 0.839434
40 40 1
40 42 0.670146
40 37 0.894674
40 44 1
40 32 0.895627
40 41 1
40 38 1
40 36 1
40 37 1
40 52 1
40 51 0.925497
40 30 1
40 46 1
40 44 0.906556
40 45 1
40 40 0.671186
40 33 0.890452
40 41 1
40 38 0.954932
40 36 0.89059
40 44 0.801055
40 38 0.655889
40 42 0.82235
40 42 0.997837
40 46 0.933189
40 43 1
40 46 0.694673
40 49 0.83844
40 43 1
40 37 0.802168
40 28 0.827191
40 39 0.973178
40 37 0.928966
40 36 0.883739
40 37 0.918884
40 38 1
40 38 0.897464
40 47 0.73859
40 43 0.830694
40 42 1
40 48 1
40 44 0.775859
40 42 0.943716
40 42 0.978519
40 35 0.775001
40 40 1
40 43 0.722764
40 45 0.906063
40 45 1
40 37 0.94342
40 49 1
40 30 0.766401
40 42 0.759171
40 42 0.920775
40 45 1
40 40 1
40 45 0.70354
40 45 1
40 41 1
40 38 0.806359
40 43 1
40 37 0.652009
40 26 0.826253
40 37 1
40 43 0.588492
40 35 0.770403
40 48 0.670575
40 41 0.780957
40 39 1
40 45 1
40 34 1
40 37 0.893155
40 44 1
40 40 0.680871
40 45 1
40 41 0.841437
40 49 1
40 40 1
40 45 1
40 36 0.986313
40 50 0.922569
40 30 0.732796
40 35 1
40 36 1
40 48 0.924644
40 47 1
40 42 1
40 42 1
40 43 0.794022
40 39 1
40 39 0.753876
40 39 1
40 49 0.9579
40 42 0.843725
40 31 0.668793
40 45 0.852704
40 40 0.904541
40 34 1
40 42 0.842966
40 29 0.971849
40 39 0.88334
40 29 1
40 44 1
40 44 1
40 32 0.944469
40 26 0.887876
40 33 0.902366
40 34 0.762065
40 34 0.882712
40 50 0.803716
40 52 0.962131
40 49 1
40 32 0.75446
40 35 0.676276
40 51 1
40 37 0.986748
40 44 0.909356
40 47 0.9683
40 46 0.806574
40 42 1
40 49 1
40 41 0.840882
40 52 1
40 32 0.963423
40 42 0.615123
40 41 0.822848
40 40 1
40 42 1
40 37 1
40 49 0.594098
40 46 0.865962
40 36 1
40 38 0.667142
40 33 0.97937
40 41 1
40 38 0.904558
40 45 1
40 49 1
40 47 0.800884
40 41 1
40 34 0.85696
40 45 0.738102
40 46 1
40 35 1
40 39 0.799846
40 46 0.823301
40 45 0.96444
40 41 0.985431
40 46 1
40 35 1
40 40 1
40 41 1
40 36 1
40 39 0.94301
40 46 1
40 41 0.663162
40 41 1
40 48 1
40 47 0.919247
40 41 0.597136
40 39 0.992349
40 35 0.894419
40 45 0.793597
40 39 1
40 37 0.937469
40 42 0.803033
40 40 1
40 48 0.816099
40 46 1
40 43 0.826337
40 49 1
40 45 1
40 40 1
40 50 0.856447
40 39 1
40 43 1
40 35 1
40 41 1
40 47 0.863261
40 32 0.732013
40 33 1
40 37 0.902828
40 47 1
40 43 0.934137
40 46 0.868434
40 37 1
40 34 0.838044
40 38 0.782437
40 35 1
40 41 0.960484
40 43 1
40 44 0.75082
40 29 0.95944
40 45 1
40 40 0.847994
40 42 0.663584
40 43 0.884898
40 40 1
40 58 0.921417
40 33 0.847574
40 43 1
40 38 1
40 41 0.831068
40 51 0.882044
40 39 0.937948
40 42 0.94204
40 41 1
40 31 1
40 40 1
40 39 0.583508
40 40 1
40 42 0.917853
40 41 0.691879
40 35 1
40 40 1
40 37 0.829993
40 40 1
40 40 1
40 42 1
40 42 1
40 43 0.847966
40 40 1
40 45 1
40 43 0.660634
40 37 0.826168
40 44 0.688543
40 45 0.913616
40 43 0.798726
40 45 1
40 42 1
40 36 1
40 39 0.914368
40 43 1
40 34 1
40 40 1
40 48 1
40 46 1
40 50 0.944907
40 37 0.903651
40 38 1
40 28 1
40 40 1
40 38 0.780761
40 41 1
40 45 0.705422
40 41 1
40 44 0.754062
40 39 1
40 35 0.966443
40 43 1
40 43 0.972927
40 33 1
40 38 0.853595
40 44 1
40 40 0.922118
40 41 1
40 43 0.841748
40 39 0.904921
40 45 0.856867
40 45 0.749402
40 38 0.735916
40 45 1
40 43 0.635048
40 38 1
40 36 0.917492
40 39 0.933494
40 35 0.765957
40 39 1
40 29 0.919951
40 36 1
40 43 1
40 37 0.813211
40 41 1
40 33 0.886654
40 38 1
40 43 1
40 43 1
40 42 0.805318
40 41 1
40 42 0.655163
40 53 0.656308
40 38 0.799172
40 39 1
40 46 1
40 44 1
40 49 0.788261
40 35 1
40 41 0.923627
40 38 1
40 41 1
40 38 0.97433
40 42 1
40 44 0.704295
40 48 1
40 40 0.822254
40 45 1
40 44 0.877489
40 54 0.790317
40 35 0.757954
40 35 1
40 38 0.898934
40 44 1
40 37 0.597413
40 46 0.876854
40 35 0.906421
40 32 0.892031
40 42 1
40 44 0.555926
40 46 0.990945
40 38 0.529328
40 42 1
40 44 1
40 35 1
40 41 1
40 43 0.703175
40 34 0.662514
40 36 0.865556
40 37 0.779781
40 41 0.858656
40 42 1
40 45 0.835902
40 36 0.901961
40 40 1
40 35 1
40 40 1
40 47 1
40 36 1
40 31 0.821846
40 42 1
40 49 1
40 38 0.869937
40 46 1
40 35 0.853652
40 42 0.969205
40 44 0.848692
40 34 0.929504
40 36 1
40 47 0.923792
40 41 0.944404
40 33 0.64307
40 31 0.794473
40 42 0.977786
40 42 1
40 44 1
40 39 0.878004
40 37 1
40 45 1
40 37 0.968149
40 32 0.890912
40 39 1
40 37 1
40 35 0.943997
40 39 0.816497
40 48 0.961288
40 45 0.944233
40 36 0.965142
40 45 1
40 44 0.942867
40 40 0.954192
40 46 1
40 43 1
40 42 0.703911
40 35 1
40 39 0.761277
40 37 1
40 50 1
40 39 1
40 39 1
40 42 1
40 43 1
40 39 0.870932
40 35 1
40 41 1
40 37 1
40 40 0.958002
40 43 1
40 44 1
40 50 0.818661
40 30 0.73907
40 38 1
40 44 1
40 32 0.693991
40 38 1
40 45 1
40 39 0.788864
40 30 0.953416
40 42 0.917203
40 41 0.640637
40 38 0.852658
40 48 1
40 40 1
40 38 1
40 35 0.886253
40 42 0.882685
40 41 0.754033
40 36 0.82674
40 40 0.971282
40 42 1
40 26 0.81048
40 48 1
40 41 1
40 43 0.902991
40 45 0.908414
40 37 1
40 40 0.860048
40 37 0.920064
40 44 1
40 36 1
40 40 1
40 44 1
40 39 1
40 49 1
40 37 1
40 36 0.62374
40 41 0.818538
40 56 1
40 38 0.88396
40 36 0.785585
40 31 1
40 32 1
40 32 0.949
40 41 0.941042
40 40 0.842181
40 30 1
40 40 0.714848
40 38 1
40 39 0.910417
40 40 0.79047
40 34 1
40 50 0.587871
40 41 1
40 33 0.849726
40 42 1
40 42 1
40 35 0.715839
40 44 0.90176
40 41 0.902194
40 36 1
40 37 1
40 35 0.904596
40 38 1
40 45 1
40 32 0.707676
40 46 1
40 41 1
40 46 0.855153
40 44 1
40 46 1
40 43 1
40 31 0.574903
40 31 0.69183
40 42 1
40 36 1
40 47 0.803386
40 38 0.706676
40 39 1
40 43 1
40 46 1
40 45 1
40 50 1
40 36 1
40 35 1
40 43 1
40 33 0.932177
40 39 0.824399
40 39 0.89345
40 43 1
40 43 1
40 36 0.874072
40 45 1
40 41 0.689864
40 34 0.829525
40 40 0.745389
40 41 0.671126
40 42 0.933105
40 49 1
40 38 1
40 40 0.799753
40 48 0.832635
40 44 0.734631
40 36 0.9159
40 43 0.767453
40 32 0.722339
40 35 0.91641
40 39 0.913963
40 41 1
40 39 0.848269
40 44 1
40 40 0.927558
40 37 1
40 48 0.967207
40 43 0.847365
40 40 0.895669
40 39 1
40 31 1
40 46 0.939351
40 37 0.670423
40 46 0.963679
40 43 1
40 39 1
40 33 1
40 40 0.809742
40 38 0.821577
40 50 1
40 35 1
40 42 0.776034
40 41 0.696432
40 46 1
40 45 1
40 42 0.839302
40 42 0.839474
40 40 1
40 35 1
40 47 1
40 44 0.709938
40 36 1
40 49 1
40 36 1
40 33 0.947031
40 33 1
40 42 0.881314
40 38 0.880794
40 41 1
40 40 1
40 40 1
40 36 0.875171
40 40 1
40 36 0.68088
40 34 0.948902
40 44 0.901238
40 35 1
40 33 0.880994
40 29 0.671445
40 44 0.896513
40 37 1
40 47 1
40 37 1
40 39 0.841514
40 48 1
40 30 1
40 35 1
40 46 1
40 38 0.899135
40 33 1
40 33 1
40 37 1
40 31 0.860675
40 35 0.932039
40 37 1
40 32 0.909526
40 46 0.701285
40 33 0.785932
40 49 0.92048
40 42 0.598229
40 38 0.782118
40 37 0.979893
40 38 0.839374
40 34 0.808945
40 43 0.689112
40 35 1
40 39 1
40 42 1
40 40 0.819325
40 41 0.910259
40 48 0.913397
40 50 1
40 49 1
40 37 1
40 37 1
40 43 0.952923
40 37 0.84973
40 45 0.962766
40 39 1
40 36 0.843699
40 43 0.893967
40 46 1
40 34 0.831688
40 44 0.797314
40 39 1
40 46 1
40 48 0.750146
40 43 1
40 41 1
40 40 1
40 40 0.894693
40 39 0.761242
40 41 0.778204
40 38 1
40 32 0.940392
40 38 1
40 40 1
40 43 1
40 44 0.803904
40 41 1
40 37 1
40 41 0.974231
40 41 0.619407
40 36 0.925669
40 32 1
40 40 1
40 37 0.855268
40 44 1
40 54 1
40 46 1
40 41 1
40 49 1
40 38 1
40 35 0.623108
40 47 1
40 38 1
40 37 0.971604
40 42 0.897969
40 40 1
40 43 1
40 44 1
40 34 0.751382
40 37 0.922961
40 42 0.717488
40 34 1
40 34 0.875224
40 42 1
40 41 1
40 32 1
40 40 0.918218
40 43 0.944214
40 35 1
40 37 0.813221
40 42 1
40 40 1
40 35 1
40 36 0.864412
40 33 0.730274
40 40 0.554475
40 48 1
40 34 0.959496
40 38 0.777854
40 40 0.805645
40 40 0.813314
40 39 0.832718
40 34 0.833265
40 48 1
40 46 1
40 46 1
40 38 0.747859
40 39 0.778629
40 35 1
40 34 1
40 34 1
40 44 1
40 44 1
40 33 0.725757
40 39 0.633372
40 39 1
40 39 1
40 38 0.767137
40 40 0.806272
40 37 0.891518
40 39 1
40 38 1
40 50 1
40 37 0.960918
40 41 1
40 35 0.808483
40 34 0.923835
40 40 0.74887
40 42 1
40 36 0.814661
40 32 0.734517
40 39 1
40 45 0.809187
40 38 1
40 37 1
40 39 0.803043
40 43 0.671492
40 40 0.871542
40 36 0.707457
40 42 0.843022
40 38 0.803905
40 42 1
40 39 1
40 33 0.672624
40 45 1
40 39 0.953737
40 47 0.889646
40 42 0.814193
40 45 1
40 42 0.814851
40 36 1
40 44 1
40 40 0.752256
40 32 1
40 46 1
40 35 1
40 39 0.645077
40 37 1
40 41 1
40 40 1
40 43 0.927568
40 34 1
40 37 0.945039
40 43 0.61645
40 41 0.77991
40 46 0.783228
40 40 0.991766
40 34 1
40 41 1
40 36 0.934098
40 47 1
40 40 0.853579
40 42 0.932737
40 40 0.920172
40 33 0.932195
40 47 1
40 52 0.909085
40 40 1
40 40 1
40 41 0.843517
40 44 0.638888
40 48 1
40 36 0.688274
40 39 1
40 47 0.745869
40 44 1
40 32 1
40 53 0.915065
40 40 1
40 45 0.877038
40 36 1
40 35 0.85755
40 37 0.891779
40 42 0.797059
40 40 1
40 43 1
40 42 1
40 50 1
40 44 1
40 38 0.797572
40 40 0.8301
40 35 1
40 48 0.817368
40 44 0.9252
40 33 1
40 25 1
40 46 1
40 42 1
40 43 1
40 38 0.849631
40 46 1
40 43 0.945492
40 43 0.707085
40 42 1
40 40 0.915826
40 40 0.979287
40 43 0.765329
40 46 0.736448
40 46 1
40 42 0.859695
40 36 0.706454
40 34 1
40 44 1
40 35 0.946896
40 43 1
40 36 0.865348
40 45 1
40 36 0.990362
40 38 1
40 43 0.931131
40 50 0.933365
40 33 0.852003
40 41 1
40 41 0.738904
40 43 0.809647
40 47 1
40 38 0.974064
40 31 0.789786
40 41 0.956546
40 47 1
40 36 0.928392
40 44 1
40 33 1
40 44 0.624592
40 41 0.756186
40 37 0.850223
40 41 1
40 41 1
40 45 1
40 36 0.796301
40 49 0.840718
40 48 0.623435
40 44 1
40 46 0.711553
40 35 1
40 42 0.86076
40 39 0.856753
40 47 1
40 43 0.796042
40 40 0.754103
40 32 1
40 42 0.927199
40 42 0.894544
40 39 0.864701
40 47 1
40 35 0.804977
40 42 1
40 41 1
40 34 0.821034
40 44 0.861267
40 39 1
40 44 0.911132
40 40 0.856397
40 37 0.970437
40 44 1
40 38 1
40 48 0.916334
40 53 0.759987
40 45 0.887125
40 41 0.573976
40 52 0.978466
40 33 1
40 45 1
40 52 0.712673
40 39 0.840879
40 41 1
40 40 1
40 43 1
40 41 0.674061
40 39 1
40 34 0.975599
40 40 1
40 42 1
40 41 0.669358
40 41 0.778857
40 39 1
40 48 0.886478
40 45 1
40 44 1
40 44 1
40 43 0.961155
40 35 0.961494
40 39 0.706465
40 36 1
40 35 0.862782
40 34 1
40 42 0.797412
40 43 0.964552
40 32 1
40 42 1
40 40 0.803468
40 50 1
40 36 1
40 44 0.732732
40 47 0.709583
40 40 0.886163
40 29 1
40 41 0.95517
40 40 0.967487
40 36 0.880806
40 38 0.578799
40 45 0.732807
40 37 0.8558
40 39 0.680192
40 41 0.860317
40 33 0.885768
40 45 1
40 41 1
40 46 1
40 37 0.880477
40 40 0.965763
40 49 1
40 35 1
40 37 0.838914
40 40 1
40 25 1
40 51 1
40 37 0.88467
40 37 0.924948
40 39 1
40 38 1
40 39 1
40 36 1
40 42 0.764798
40 37 1
40 39 0.932377
40 39 1
40 32 1
40 44 1
40 50 1
40 37 1
40 46 0.702615
40 43 1
40 43 1
40 42 0.838252
40 44 1
40 43 1
40 40 0.809377
40 46 1
40 40 0.777301
40 48 0.675267
40 48 0.84699
40 40 1
40 44 1
40 37 1
40 36 1
40 35 0.948051
40 41 0.907829
40 47 0.874258
40 50 1
40 40 0.703441
40 48 0.798078
40 44 1
40 45 0.735698
40 38 1
40 47 1
40 46 0.728099
40 32 1
40 43 1
40 44 0.826939
40 38 1
40 50 1
40 41 1
40 43 1
40 30 1
40 44 0.699163
40 36 0.99119
40 35 1
40 42 1
40 37 1
40 40 1
40 44 0.747734
40 37 1
40 39 0.856366
40 43 0.935885
40 50 0.82716
40 37 1
40 37 1
40 31 0.792858
40 38 0.923347
40 38 1
40 43 1
40 43 1
40 43 1
40 40 1
40 46 1
40 46 0.852193
40 39 0.677033
40 41 0.882894
40 42 1
40 40 1
40 39 1
40 41 1
40 35 0.978824
40 50 0.938942
40 37 1
40 35 1
40 38 1
40 38 0.936399
40 48 0.908291
40 35 1
40 39 0.847767
40 36 0.928623
40 39 1
40 37 0.90273
40 44 1
40 46 0.948819
40 45 0.991847
40 37 1
40 42 0.716806
40 38 0.833363
40 34 0.715374
40 38 1
40 44 0.596414
40 44 1
40 48 0.90922
40 46 1
40 44 1
40 39 1
40 36 1
40 40 0.760548
40 37 0.65628
40 36 1
40 43 1
40 39 0.789831
40 34 1
40 36 0.836018
40 39 1
40 41 1
40 42 1
40 41 0.876972
40 49 1
40 43 1
40 47 0.853968
40 42 1
40 37 1
40 34 1
40 36 1
40 39 0.949489
40 30 0.917383
40 36 0.815378
40 38 1
40 50 0.699637
40 44 0.834629
40 42 0.996287
40 37 1
40 36 0.858692
40 42 0.900682
40 41 0.92852
40 41 0.556963
40 41 1
40 39 0.749868
40 36 1
40 38 1
40 39 1
40 38 1
40 47 1
40 49 1
40 38 0.928863
40 45 0.921356
40 39 1
40 46 0.954969
40 37 1
40 49 1
40 44 1
40 48 1
40 43 1
40 36 1
40 50 0.761509
40 48 0.92392
40 36 1
40 43 0.835907
40 39 1
40 42 0.829349
40 41 0.878196
40 47 0.678416
40 47 0.747361
40 38 0.892505
40 32 1
40 40 1
40 41 0.860088
40 47 0.853925
40 37 0.887661
40 36 1
40 42 1
40 42 1
40 36 0.822682
40 40 1
40 46 1
40 41 0.899265
40 45 0.861877
40 38 1
40 38 1
40 47 1
40 33 0.746846
40 40 1
40 35 0.892192
40 35 0.922065
40 47 0.864554
40 39 1
40 39 0.875171
40 45 1
40 35 0.734018
40 42 1
40 37 0.961142
40 38 1
40 35 0.882377
40 38 1
40 42 0.732839
40 38 0.881387
40 39 0.777093
40 31 0.799952
40 45 1
40 44 0.893123
40 37 1
40 44 1
40 34 0.775004
40 41 0.770922
40 38 1
40 47 0.876901
40 46 1
40 41 1
40 38 1
40 41 1
40 43 1
40 39 1
40 43 0.980082
40 40 0.918677
40 36 1
40 37 0.501633
40 40 0.829167
40 43 0.971841
40 38 0.701926
40 36 1
40 39 1
40 30 0.70219
40 31 1
40 35 0.96139
40 40 1
40 41 0.938068
40 45 0.909614
40 32 1
40 45 0.869625
40 44 1
40 31 0.922388
40 41 1
40 44 0.884978
40 40 1
40 31 0.921257
40 48 1
40 34 1
40 39 1
40 40 1
40 41 1
40 43 1
40 35 1
40 34 1
40 45 1
40 38 0.738488
40 38 1
40 35 0.89401
40 46 0.765866
40 32 0.698523
40 36 0.913057
40 42 0.475887
40 42 1
40 45 0.97918
40 36 0.86097
40 37 1
40 43 1
40 42 1
40 44 0.913534
40 37 0.791894
40 39 1
40 37 0.762203
40 38 0.908217
40 44 0.890847
40 37 0.668568
40 35 0.891151
40 43 1
40 35 1
40 47 1
40 38 1
40 42 1
40 46 1
40 47 0.901379
40 40 1
40 45 0.874042
40 34 1
40 38 1
40 38 1
40 43 0.81493
40 41 0.809213
40 35 1
40 28 0.82796
40 36 1
40 42 0.918676
40 35 1
40 44 0.888656
40 37 1
40 35 1
40 46 0.781692
40 39 1
40 42 1
40 45 0.588699
40 29 0.948295
40 51 0.872512
40 37 1
40 42 1
40 38 1
40 38 0.781364
40 40 1
40 41 0.870246
40 48 1
40 44 0.905038
40 42 0.880377
40 35 0.698383
40 32 0.845948
40 46 1
40 35 1
40 28 0.839974
40 34 0.638585
40 37 0.907282
40 38 1
40 41 1
40 40 0.952836
40 42 1
40 42 0.845764
40 38 0.813785
40 46 1
40 40 0.865616
40 39 1
40 33 0.824612
40 46 1
40 34 1
40 48 1
40 48 0.82791
40 43 0.955969
40 35 0.922928
40 49 0.768327
40 45 1
40 37 0.943369
40 42 1
40 39 0.830765
40 43 1
40 38 1
40 38 0.940287
40 44 0.890203
40 46 1
40 47 1
40 50 1
40 39 0.91719
40 44 1
40 44 0.759163
40 39 1
40 41 1
40 35 0.909544
40 48 1
40 42 0.644455
40 38 0.707701
40 33 0.805384
40 40 0.791737
40 50 0.913359
40 42 1
40 35 0.686069
40 42 0.817652
40 43 1
40 32 0.863586
40 43 1
40 46 1
40 45 1
40 42 1
40 41 1
40 34 1
40 45 0.883931
40 52 1
40 32 0.849963
40 37 0.937462
40 41 1
40 46 1
40 42 0.833779
40 34 0.879847
40 39 1
40 38 0.867771
40 34 0.782033
40 51 1
40 37 0.912121
40 41 1
40 46 0.824934
40 37 1
40 37 0.949196
40 42 0.81787
40 50 0.876033
40 36 0.925026
40 44 1
40 41 1
40 37 0.762712
40 41 1
40 35 0.860605
40 47 0.899838
40 33 0.872591
40 38 0.82049
40 45 0.741692
40 41 0.891975
40 39 1
40 42 1
40 43 1
40 38 1
40 45 0.881288
40 34 1
40 36 0.790111
40 33 0.672043
40 42 0.901555
40 40 0.845678
40 38 1
40 41 0.863016
40 51 1
40 41 0.649097
40 44 1
40 42 0.906938
40 33 1
40 39 1
40 34 0.825156
40 46 0.760923
40 45 1
40 47 0.761142
40 41 0.934197
40 44 0.866458
40 36 0.884203
40 36 1
40 40 0.946253
40 43 1
40 37 1
40 43 1
40 52 0.771514
40 32 1
40 45 0.965979
40 44 1
40 38 1
40 50 0.918332
40 45 1
40 40 0.874509
40 42 0.618947
40 41 0.818686
40 49 0.949322
40 46 0.787752
40 44 0.831607
40 32 0.780133
40 46 1
40 40 1
40 32 0.754319
40 41 1
40 34 1
40 41 0.897501
40 37 0.646641
40 42 0.839413
40 39 0.817439
40 40 0.716517
40 44 0.87354
40 40 1
40 39 0.75449
40 44 1
40 47 0.85129
40 41 0.86885
40 36 0.863945
40 39 1
40 41 1
40 46 1
40 46 1
40 36 1
40 36 0.762391
40 39 0.798249
40 41 0.758971
40 47 0.783488
40 45 0.854284
40 37 1
40 39 1
40 48 1
40 34 0.903076
40 49 0.753454
40 35 0.77469
40 38 0.855352
40 48 1
40 38 0.813345
40 39 1
40 37 0.807043
40 44 0.9408
40 31 0.860817
40 36 1
40 39 0.609992
40 37 1
40 43 0.845693
40 42 1
40 35 0.945166
40 41 1
40 44 1
40 30 1
40 45 0.54271
40 36 1
40 44 1
40 35 0.897371
40 33 0.878098
40 35 0.729689
40 39 1
40 38 0.810166
40 39 1
40 46 1
40 45 0.902777
40 34 0.882562
40 42 0.882411
40 44 1
40 42 1
40 48 0.580108
40 43 0.748377
40 47 0.895462
40 45 1
40 39 0.944058
40 41 1
40 38 1
40 52 1
40 39 0.963904
40 42 0.978461
40 44 0.90422
40 33 1
40 36 1
40 35 0.825835
40 46 0.850441
40 45 0.908729
40 44 0.77174
40 46 1
40 45 1
40 33 1
40 34 0.861619
40 42 1
40 36 1
40 38 1
40 48 0.725369
40 37 0.691404
40 34 1
40 45 0.750099
40 47 1
40 42 1
40 40 1
40 37 1
40 35 1
40 38 1
40 39 0.954693
40 36 0.94238
40 42 0.794033
40 49 1
40 40 0.943059
40 38 0.958785
40 38 0.772443
40 45 1
40 36 1
40 40 0.733817
40 43 0.811801
40 36 1
40 43 1
40 47 1
40 46 0.903312
40 48 0.895293
40 39 0.742938
40 36 1
40 34 1
40 38 0.876419
40 47 0.961428
40 43 1
40 41 0.842016
40 45 0.950952
40 47 0.73558
40 46 1
40 41 1
40 42 1
40 38 0.898061
40 46 1
40 50 1
40 40 0.890062
40 43 0.855274
40 29 0.691758
40 47 1
40 31 1
40 41 1
40 40 0.695307
40 39 0.932653
40 45 1
40 40 0.79223
40 38 1
40 39 0.774978
40 46 0.830508
40 40 0.976096
40 42 0.993063
40 40 1
40 42 0.826621
40 31 1
40 32 1
40 40 1
40 44 1
40 36 0.677937
40 48 0.910815
40 38 1
40 46 0.947727
40 33 0.975928
40 44 0.826381
40 38 0.873346
40 38 0.782458
40 39 1
40 38 1
40 37 0.89151
40 47 0.706226
40 40 1
40 34 0.88914
40 40 1
40 44 0.629567
40 42 0.975022
40 45 0.722033
40 49 1
40 38 1
40 41 1
40 35 1
40 34 0.608987
40 42 1
40 41 1
40 37 0.857149
40 34 1
40 36 0.696698
40 36 0.939756
40 37 0.878483
40 44 1
40 43 1
40 44 0.91963
40 38 1
40 41 1
40 39 1
40 34 1
40 38 0.881903
40 37 1
40 39 1
40 42 1
40 49 0.937826
40 34 0.951287
40 46 1
40 43 0.888094
40 55 0.709648
40 35 1
40 44 0.855311
40 40 0.803635
40 48 0.892249
40 41 1
40 41 1
40 38 1
40 46 1
40 42 1
40 37 0.663808
40 41 1
40 42 1
40 46 1
40 36 0.828177
40 41 1
40 34 1
40 42 0.970633
40 33 1
40 44 1
40 41 0.978744
40 45 1
40 42 1
40 35 0.84315
40 53 0.788603
40 44 1
40 40 1
40 42 1
40 42 0.980609
40 39 0.771573
40 29 1
40 46 1
40 36 1
40 31 1
40 41 0.924044
40 36 1
40 47 0.709549
40 34 1
40 45 0.946087
40 35 0.810538
40 43 0.862554
40 39 1
40 44 0.717485
40 39 1
40 42 1
40 39 1
40 33 1
40 39 1
40 46 1
40 38 0.64871
40 53 1
40 37 0.748111
40 44 0.949768
40 42 1
40 52 1
40 33 0.881606
40 32 0.836287
40 46 1
40 48 1
40 32 0.647749
40 48 1
40 42 1
40 46 1
40 45 0.841793
40 46 1
40 43 1
40 40 0.876168
40 38 1
40 40 1
40 36 0.873764
40 46 0.907393
40 32 1
40 38 1
40 43 1
40 47 0.627386
40 45 0.886371
40 39 1
40 42 0.703072
40 41 0.593124
40 42 0.93943
40 38 1
40 46 1
40 33 0.796645
40 43 1
40 40 1
40 33 0.699747
40 42 1
40 37 1
40 42 1
40 34 0.979854
40 44 1
40 37 1
40 36 1
40 28 1
40 39 1
40 30 0.950389
40 37 0.748159
40 31 0.816043
40 41 1
40 46 1
40 41 1
40 40 1
40 28 0.537456
40 33 0.981179
40 43 0.713028
40 44 1
40 38 0.859245
40 28 0.881273
40 43 1
40 47 1
40 42 0.810274
40 50 1
40 49 1
40 28 1
40 35 1
40 39 0.722305
40 31 1
40 46 1
40 47 0.625965
40 44 0.935146
40 37 0.816534
40 40 1
40 39 0.698854
40 39 1
40 38 1
40 33 0.825684
40 40 1
40 37 1
40 41 0.92199
40 52 1
40 46 1
40 33 1
40 49 0.76583
40 34 0.746229
40 41 0.575297
40 42 1
40 36 1
40 39 1
40 34 0.814226
40 48 1
40 43 0.909843
40 45 0.783886
40 36 0.726347
40 40 1
40 48 1
40 39 0.75045
40 44 0.83141
40 42 1
40 38 0.700322
40 40 0.886182
40 37 0.935416
40 34 0.819059
40 51 0.965439
40 35 0.864281
40 38 1
40 40 1
40 51 0.721543
40 40 0.781455
40 39 1
40 34 0.810872
40 42 0.655803
40 40 0.875718
40 46 1
40 44 1
40 46 0.69892
40 37 0.90333
40 31 1
40 39 0.752101
40 46 1
40 42 0.991853
40 29 1
40 39 0.87903
40 30 0.973107
40 46 0.918418
40 42 1
40 30 0.797801
40 37 1
40 38 0.660564
40 39 1
40 43 1
40 31 1
40 42 0.89365
40 30 0.916585
40 41 1
40 46 0.870661
40 34 1
40 40 1
40 38 1
40 43 1
40 35 1
40 45 1
40 38 0.787408
40 41 1
40 32 1
40 35 1
40 34 0.895072
40 49 1
40 39 0.785325
40 48 1
40 43 0.964325
40 48 0.905792
40 38 0.721747
40 50 1
40 33 0.78185
40 49 0.589054
40 50 0.85408
40 44 0.966354
40 39 0.913231
40 33 1
40 48 1
40 39 0.94323
40 41 1
40 48 0.63174
40 37 1
40 29 0.787976
40 49 1
40 43 0.926619
40 33 0.819975
40 39 1
40 33 1
40 45 1
40 33 0.721859
40 38 0.8765
40 50 1
40 36 0.775209
40 46 0.796831
40 46 0.737557
40 42 1
40 35 0.70855
