1000 74540
621 621 1
993 993 0.001511
535 537 1
551 552 1
408 408 1
156 156 1
904 906 1
998 999 1
493 495 1
669 669 1
406 408 1
126 126 1
578 579 0.002591
805 807 0.001859
550 552 1
807 807 1
901 903 1
597 597 1
729 729 1
404 405 1
584 585 1
378 378 0.003968
819 819 1
955 957 1
832 834 1
233 234 1
823 825 1
922 924 1
601 603 1
267 267 1
148 150 0.01
531 531 1
579 579 1
802 804 0.001866
962 963 1
712 714 0.002101
400 402 1
466 468 1
949 951 1
614 615 1
579 579 1
992 993 1
432 432 0.003472
582 582 0.002577
673 675 0.002222
910 912 1
835 837 0.001792
207 207 1
419 420 1
228 228 1
182 183 0.008197
381 381 1
354 354 1
776 777 1
947 948 1
301 303 0.00495
17 18 1
127 129 1
511 513 0.002924
766 768 1
927 927 1
281 282 0.005319
320 321 1
592 594 1
561 561 1
600 600 1
776 777 0.001931
704 705 1
363 363 1
88 90 1
88 90 0.016667
930 930 1
440 441 1
896 897 1
581 582 1
509 510 1
965 966 1
680 681 1
31 33 1
410 411 1
706 708 1
809 810 1
916 918 0.001634
597 597 1
856 858 1
167 168 1
209 210 0.007143
170 171 0.008772
411 411 1
881 882 0.001701
417 417 0.003597
816 816 0.001838
536 537 1
623 624 1
259 261 1
945 945 1
136 138 1
419 420 1
319 321 0.004673
591 591 1
179 180 1
176 177 1
145 147 1
696 696 0.002155
910 912 1
206 207 1
477 477 1
99 99 0.015152
485 486 1
411 411 1
240 240 1
417 417 1
680 681 1
546 546 1
933 933 0.001608
292 294 1
850 852 1
504 504 1
165 165 0.009091
722 723 1
12 12 1
305 306 1
77 78 1
290 291 1
934 936 1
271 273 1
211 213 1
117 117 1
214 216 1
83 84 1
873 873 1
598 600 0.0025
943 945 1
681 681 1
552 552 1
210 210 1
283 285 0.005263
808 810 1
830 831 1
560 561 1
217 219 1
255 255 1
808 810 0.001852
570 570 1
455 456 0.003289
577 579 0.002591
696 696 1
618 618 1
31 33 1
361 363 1
591 591 1
773 774 0.001938
406 408 1
126 126 1
275 276 1
659 660 1
160 162 0.009259
712 714 0.002101
258 258 1
100 102 1
829 831 1
864 864 1
677 678 1
52 54 0.027778
671 672 1
908 909 1
590 591 0.002538
495 495 1
473 474 1
160 162 1
137 138 1
205 207 1
937 939 0.001597
325 327 1
934 936 1
887 888 1
158 159 1
725 726 1
909 909 1
743 744 1
730 732 0.002049
356 357 1
768 768 1
788 789 0.001901
88 90 1
952 954 0.001572
308 309 0.004854
659 660 1
974 975 1
210 210 1
735 735 0.002041
670 672 1
948 948 1
515 516 0.002907
923 924 1
112 114 1
563 564 1
735 735 1
481 483 1
639 639 1
551 552 1
516 516 1
215 216 1
729 729 1
205 207 1
579 579 1
202 204 1
646 648 1
909 909 1
118 120 1
316 318 1
516 516 1
88 90 1
120 120 1
550 552 1
373 375 1
450 450 1
960 960 1
862 864 1
322 324 1
656 657 1
333 333 1
274 276 1
251 252 1
667 669 1
578 579 1
307 309 1
780 780 1
939 939 1
107 108 1
627 627 0.002392
506 507 1
669 669 1
318 318 1
14 15 1
883 885 1
565 567 1
347 348 1
780 780 1
305 306 1
820 822 0.001825
884 885 1
5 6 1
855 855 1
642 642 1
837 837 1
131 132 0.011364
282 282 1
932 933 0.001608
972 972 0.001543
643 645 1
808 810 0.001852
775 777 1
97 99 0.015152
107 108 1
524 525 1
18 18 1
303 303 1
845 846 1
151 153 1
568 570 0.002632
617 618 0.002427
762 762 1
488 489 1
947 948 1
133 135 1
872 873 1
821 822 1
474 474 1
332 333 1
476 477 1
207 207 1
555 555 0.002703
55 57 1
736 738 1
594 594 0.002525
625 627 1
803 804 1
582 582 0.002577
193 195 0.007692
70 72 0.020833
326 327 0.004587
482 483 1
854 855 1
105 105 1
375 375 1
875 876 1
591 591 1
226 228 1
241 243 0.006173
545 546 1
658 660 1
776 777 1
576 576 1
368 369 1
41 42 0.035714
401 402 1
161 162 0.009259
964 966 1
998 999 0.001502
322 324 1
478 480 1
707 708 1
968 969 1
42 42 1
216 216 1
421 423 1
579 579 1
67 69 1
82 84 1
903 903 1
244 246 1
345 345 1
476 477 0.003145
491 492 1
426 426 1
168 168 0.008929
509 510 1
752 753 1
878 879 1
633 633 1
112 114 1
808 810 1
35 36 1
69 69 1
423 423 1
764 765 0.001961
430 432 0.003472
712 714 1
522 522 1
674 675 1
46 48 1
487 489 1
985 987 1
79 81 0.018519
68 69 1
618 618 1
397 399 1
517 519 1
804 804 1
170 171 1
243 243 1
574 576 1
466 468 1
587 588 1
632 633 1
294 294 0.005102
758 759 1
379 381 1
493 495 1
788 789 0.001901
176 177 1
248 249 1
44 45 1
217 219 1
851 852 1
950 951 1
920 921 1
526 528 1
565 567 0.002646
382 384 0.003906
825 825 1
522 522 1
389 390 1
880 882 0.001701
349 351 0.004274
186 186 0.008065
412 414 0.003623
561 561 1
496 498 0.003012
791 792 1
980 981 1
101 102 0.014706
132 132 1
835 837 0.001792
11 12 0.125
6 6 1
593 594 1
59 60 1
473 474 1
170 171 0.008772
462 462 1
205 207 1
549 549 0.002732
792 792 1
965 966 0.001553
411 411 1
187 189 1
715 717 1
490 492 0.003049
167 168 0.008929
984 984 0.001524
573 573 1
924 924 1
412 414 1
52 54 1
173 174 1
314 315 1
11 12 1
38 39 1
9 9 1
991 993 1
186 186 0.008065
491 492 0.003049
428 429 1
551 552 1
822 822 1
8 9 0.166667
120 120 1
559 561 1
498 498 0.003012
738 738 1
797 798 1
456 456 1
621 621 1
373 375 0.004
8 9 1
203 204 1
112 114 1
745 747 1
804 804 0.001866
125 126 1
429 429 1
974 975 1
788 789 0.001901
429 429 1
681 681 1
449 450 1
230 231 1
329 330 1
953 954 0.001572
156 156 0.009615
73 75 1
300 300 0.005
656 657 0.002283
737 738 1
279 279 1
442 444 0.003378
559 561 1
607 609 1
315 315 1
738 738 0.002033
780 780 1
979 981 1
748 750 1
979 981 1
763 765 1
304 306 1
648 648 1
167 168 1
407 408 1
767 768 1
121 123 1
962 963 1
33 33 1
559 561 1
587 588 1
818 819 1
871 873 1
966 966 1
691 693 1
321 321 1
654 654 1
493 495 1
873 873 1
150 150 1
368 369 1
671 672 1
174 174 1
391 393 1
623 624 1
721 723 0.002075
190 192 1
330 330 1
55 57 1
740 741 1
375 375 0.004
879 879 1
807 807 1
198 198 0.007576
848 849 1
415 417 0.003597
360 360 1
796 798 1
210 210 0.007143
711 711 0.00211
852 852 0.001761
451 453 1
450 450 0.003333
237 237 1
664 666 1
921 921 1
988 990 1
385 387 1
546 546 1
40 42 1
185 186 1
573 573 1
898 900 1
19 21 1
305 306 1
397 399 1
661 663 0.002262
135 135 1
345 345 1
720 720 1
141 141 1
35 36 0.041667
70 72 0.020833
548 549 1
89 90 0.016667
607 609 0.002463
696 696 1
165 165 1
123 123 1
176 177 1
992 993 1
302 303 1
237 237 1
674 675 1
553 555 1
733 735 1
10 12 0.125
380 381 1
866 867 1
35 36 1
203 204 1
231 231 1
593 594 1
401 402 1
967 969 0.001548
831 831 1
377 378 0.003968
436 438 1
232 234 1
176 177 1
613 615 1
874 876 1
869 870 1
633 633 1
130 132 1
570 570 1
210 210 1
708 708 1
136 138 1
831 831 1
313 315 1
51 51 1
873 873 1
949 951 1
852 852 1
988 990 1
568 570 1
170 171 1
703 705 1
238 240 0.00625
699 699 1
6 6 1
18 18 1
913 915 1
17 18 1
83 84 1
157 159 1
634 636 1
172 174 1
173 174 1
802 804 0.001866
356 357 0.004202
200 201 1
714 714 0.002101
703 705 0.002128
527 528 1
401 402 1
394 396 0.003788
160 162 1
548 549 1
193 195 0.007692
415 417 0.003597
1000 1002 1
630 630 1
959 960 1
862 864 1
289 291 1
874 876 0.001712
912 912 1
108 108 1
982 984 1
447 447 1
601 603 1
90 90 0.016667
432 432 0.003472
351 351 0.004274
42 42 0.035714
57 57 1
830 831 1
859 861 1
276 276 1
286 288 1
106 108 1
755 756 1
859 861 1
686 687 1
155 156 1
203 204 1
677 678 1
859 861 0.001742
13 15 1
982 984 1
921 921 1
516 516 1
914 915 1
655 657 1
281 282 1
432 432 1
780 780 0.001923
890 891 0.001684
959 960 1
724 726 0.002066
519 519 1
151 153 1
675 675 1
359 360 0.004167
75 75 1
23 24 1
858 858 0.001748
693 693 1
664 666 1
364 366 1
352 354 1
9 9 1
913 915 1
189 189 1
207 207 1
16 18 1
633 633 0.00237
127 129 1
109 111 0.013514
988 990 1
576 576 1
396 396 1
642 642 1
543 543 1
957 957 1
552 552 1
238 240 1
987 987 1
469 471 0.003185
894 894 1
287 288 0.005208
920 921 1
315 315 1
215 216 1
129 129 1
230 231 1
181 183 0.008197
98 99 1
531 531 0.002825
486 486 1
989 990 1
141 141 1
800 801 1
628 630 1
269 270 1
882 882 1
307 309 1
47 48 1
977 978 1
242 243 1
185 186 1
47 48 1
144 144 1
869 870 1
826 828 1
958 960 1
531 531 1
423 423 1
952 954 1
231 231 1
468 468 1
757 759 1
303 303 1
426 426 0.003521
744 744 0.002016
885 885 1
763 765 1
509 510 1
197 198 1
57 57 1
60 60 1
523 525 1
316 318 1
660 660 1
452 453 1
257 258 1
847 849 0.001767
346 348 1
575 576 1
667 669 0.002242
483 483 1
980 981 1
265 267 0.005618
507 507 1
743 744 1
74 75 1
451 453 0.003311
258 258 1
875 876 0.001712
318 318 1
879 879 1
637 639 1
546 546 0.002747
815 816 1
903 903 1
432 432 1
687 687 1
259 261 1
609 609 1
878 879 1
427 429 1
747 747 1
469 471 1
862 864 0.001736
677 678 1
594 594 1
108 108 1
455 456 1
496 498 1
230 231 1
835 837 1
181 183 1
968 969 1
237 237 1
677 678 1
632 633 1
700 702 1
617 618 0.002427
708 708 1
396 396 1
677 678 1
700 702 1
41 42 1
411 411 0.00365
653 654 0.002294
820 822 1
95 96 1
108 108 1
697 699 0.002146
63 63 1
835 837 0.001792
575 576 1
415 417 1
128 129 1
46 48 1
166 168 1
448 450 1
264 264 1
113 114 0.013158
766 768 1
926 927 1
373 375 0.004
343 345 1
907 909 1
911 912 0.001645
149 150 1
190 192 1
863 864 0.001736
656 657 0.002283
355 357 1
589 591 1
874 876 1
73 75 0.02
241 243 1
415 417 0.003597
251 252 1
903 903 0.001661
748 750 1
423 423 1
117 117 1
5 6 1
539 540 1
26 27 1
946 948 1
761 762 1
96 96 0.015625
255 255 0.005882
148 150 1
805 807 1
660 660 1
601 603 1
926 927 0.001618
683 684 1
534 534 1
427 429 1
175 177 0.008475
103 105 1
357 357 1
930 930 1
222 222 0.006757
73 75 0.02
321 321 1
607 609 0.002463
814 816 1
192 192 1
525 525 1
690 690 1
947 948 1
103 105 1
335 336 1
7 9 1
715 717 1
515 516 1
806 807 0.001859
148 150 1
302 303 1
386 387 1
163 165 1
856 858 1
494 495 1
21 21 0.071429
720 720 1
14 15 1
575 576 1
6 6 1
627 627 1
631 633 1
95 96 0.015625
858 858 0.001748
899 900 1
219 219 1
695 696 1
664 666 1
505 507 1
776 777 1
463 465 1
680 681 0.002203
608 609 1
472 474 1
557 558 0.002688
21 21 1
766 768 1
256 258 1
222 222 1
579 579 1
272 273 0.005495
603 603 1
51 51 0.029412
816 816 1
401 402 1
586 588 0.002551
486 486 1
446 447 1
339 339 1
814 816 0.001838
233 234 1
31 33 1
507 507 1
532 534 1
789 789 1
535 537 1
545 546 1
480 480 1
992 993 1
430 432 0.003472
261 261 1
994 996 1
29 30 1
667 669 1
195 195 1
227 228 1
536 537 1
393 393 1
623 624 1
728 729 1
519 519 1
925 927 1
65 66 1
534 534 1
625 627 1
925 927 1
298 300 1
155 156 1
634 636 1
634 636 1
653 654 1
123 123 1
541 543 1
662 663 0.002262
438 438 1
1000 1002 1
224 225 1
279 279 0.005376
382 384 1
489 489 1
755 756 1
258 258 1
612 612 1
547 549 1
776 777 1
816 816 1
76 78 0.019231
362 363 1
84 84 0.017857
603 603 1
756 756 1
561 561 1
228 228 1
849 849 1
26 27 0.055556
293 294 1
785 786 1
744 744 1
823 825 0.001818
405 405 1
884 885 1
552 552 1
934 936 1
372 372 1
466 468 1
764 765 1
60 60 1
253 255 1
24 24 1
664 666 1
506 507 0.002959
166 168 0.008929
903 903 1
787 789 1
534 534 1
373 375 1
385 387 1
518 519 1
485 486 1
877 879 1
809 810 1
980 981 0.001529
756 756 1
970 972 1
335 336 1
23 24 0.0625
961 963 1
168 168 1
425 426 0.003521
377 378 0.003968
862 864 1
127 129 1
723 723 0.002075
64 66 1
750 750 1
1 3 1
551 552 1
151 153 1
678 678 1
938 939 1
781 783 1
611 612 1
789 789 1
999 999 1
956 957 1
835 837 1
683 684 1
743 744 0.002016
758 759 0.001976
15 15 0.1
5 6 1
36 36 1
840 840 1
946 948 1
999 999 1
442 444 1
710 711 1
160 162 1
112 114 1
783 783 1
411 411 1
288 288 1
57 57 0.026316
153 153 1
615 615 1
786 786 0.001908
685 687 1
290 291 1
118 120 0.0125
961 963 1
50 51 0.029412
7 9 0.166667
335 336 1
265 267 1
95 96 1
196 198 1
914 915 1
785 786 0.001908
203 204 1
993 993 1
673 675 1
818 819 1
748 750 1
896 897 1
607 609 1
735 735 1
245 246 1
