500 7377
447 647 1
483 683 1
425 625 1
609 809 1
514 714 1
998 1198 1
34 234 1
304 504 1
495 695 0.145324
743 943 1
400 600 1
32 232 1
612 912 0.110746
535 735 1
336 636 1
809 1009 1
735 935 1
599 799 1
427 627 1
966 1266 1
954 1254 0.080542
780 1080 1
677 877 1
829 1029 1
370 570 1
203 403 1
457 657 1
20 220 1
523 723 1
677 877 1
590 790 0.127848
125 325 1
189 389 1
156 456 1
180 480 1
354 654 0.154434
946 1146 1
444 744 1
951 1151 1
976 1176 1
517 717 1
18 318 1
602 802 1
664 864 1
339 539 1
96 396 1
909 1109 1
817 1017 1
109 309 1
230 430 1
344 544 1
983 1183 1
164 364 1
618 918 1
269 469 1
895 1095 1
387 587 1
161 361 1
865 1065 1
912 1212 1
297 497 1
595 795 1
394 594 1
42 342 1
379 579 1
970 1170 1
690 990 1
66 366 1
261 461 1
26 226 1
522 822 1
180 480 1
2 202 1
890 1090 1
727 927 1
703 903 1
719 919 1
994 1194 1
17 217 1
244 444 1
764 964 1
899 1099 1
278 478 1
647 847 1
666 966 1
529 729 1
539 739 1
148 348 1
565 765 1
459 659 1
187 387 1
802 1002 1
986 1186 1
241 441 1
45 245 1
579 779 1
466 666 1
237 437 0.231121
89 289 1
705 905 1
341 541 1
58 258 0.391473
243 443 1
34 234 1
960 1260 1
520 720 1
839 1039 1
997 1197 1
135 335 1
333 533 1
730 930 1
515 715 1
850 1050 0.09619
204 504 1
79 279 1
446 646 1
628 828 1
626 826 1
367 567 0.178131
172 372 0.271505
782 982 1
595 795 1
47 247 1
804 1104 1
800 1000 1
753 953 1
757 957 1
687 887 1
888 1188 1
469 669 1
99 299 1
392 592 0.170608
689 889 1
651 851 1
810 1110 1
612 912 1
621 821 1
722 922 0.109544
736 936 1
594 894 1
979 1179 1
425 625 1
658 858 1
692 892 1
9 209 1
915 1115 1
298 498 1
132 432 1
97 297 1
291 491 1
793 993 1
207 407 1
800 1000 1
280 480 1
21 221 1
581 781 1
482 682 0.148094
130 330 1
228 528 1
78 378 1
207 407 1
274 474 1
455 655 0.154198
758 958 1
673 873 1
622 822 1
768 1068 1
657 857 1
371 571 1
346 546 1
763 963 1
111 311 1
27 227 1
895 1095 1
616 816 1
217 417 1
544 744 1
839 1039 0.097209
431 631 1
417 617 1
460 660 1
6 306 1
66 366 1
142 342 1
50 250 1
458 658 1
550 750 1
525 725 1
848 1048 1
444 744 1
409 609 1
952 1152 1
622 822 1
37 237 1
85 285 1
802 1002 1
549 749 1
657 857 1
11 211 1
33 233 1
513 713 1
630 930 1
121 321 1
435 635 1
895 1095 1
509 709 1
804 1104 1
144 444 1
159 359 1
440 640 1
310 510 1
750 1050 1
210 510 1
506 706 1
656 856 1
951 1151 1
44 244 1
290 490 1
56 256 1
212 412 1
530 730 1
423 623 1
252 552 1
157 357 0.282913
405 605 1
988 1188 1
181 381 1
478 678 1
989 1189 1
861 1061 1
501 701 1
324 624 1
79 279 1
1000 1200 0.084167
256 456 1
269 469 1
831 1031 1
757 957 1
710 910 1
299 499 1
142 342 0.295322
534 834 1
871 1071 1
945 1145 0.08821
588 888 1
543 743 1
373 573 1
516 816 1
806 1006 1
934 1134 0.089065
93 293 1
698 898 1
801 1001 1
595 795 1
253 453 1
742 942 1
468 768 1
713 913 1
495 695 0.145324
129 329 1
466 666 1
691 891 1
644 844 1
346 546 1
365 565 1
7 207 1
298 498 1
15 215 1
644 844 1
206 406 1
54 354 1
801 1001 1
685 885 1
433 633 1
610 810 1
84 384 1
531 731 1
165 365 1
608 808 1
235 435 1
400 600 1
712 912 1
228 528 1
968 1168 1
787 987 1
345 545 1
317 517 1
937 1137 1
564 864 1
395 595 1
883 1083 1
732 1032 1
10 210 1
562 762 1
186 486 1
979 1179 1
267 467 1
539 739 1
510 810 1
24 324 1
428 628 1
256 456 1
573 773 1
986 1186 1
300 600 1
762 1062 1
583 783 1
613 813 1
773 973 1
4 204 1
921 1121 1
966 1266 0.079779
187 387 1
766 966 1
717 917 1
588 888 0.113739
418 618 1
119 319 0.316614
586 786 1
240 540 1
267 467 1
90 390 1
834 1134 1
973 1173 1
183 383 1
777 977 1
62 262 1
856 1056 1
346 546 1
348 648 1
420 720 1
824 1024 1
617 817 1
619 819 1
785 985 1
110 310 1
796 996 0.101406
183 383 1
39 239 1
70 270 1
572 772 0.130829
381 581 1
112 312 1
516 816 1
173 373 1
586 786 1
976 1176 1
40 240 1
461 661 1
775 975 1
78 378 1
810 1110 1
762 1062 1
614 814 1
723 923 1
613 813 1
488 688 1
258 558 1
464 664 1
15 215 1
632 832 1
731 931 1
340 540 1
439 639 1
474 774 1
951 1151 1
604 804 1
446 646 1
35 235 1
282 582 1
185 385 1
118 318 1
447 647 1
62 262 1
37 237 0.42616
109 309 1
448 648 1
363 563 1
613 813 1
491 691 1
700 900 1
960 1260 1
983 1183 1
191 391 1
298 498 1
175 375 1
629 829 1
37 237 1
925 1125 1
588 888 0.113739
873 1073 1
66 366 1
815 1015 1
526 726 1
262 462 1
142 342 1
79 279 1
804 1104 1
981 1181 1
808 1008 1
331 531 1
521 721 1
404 604 1
981 1181 1
966 1266 1
249 449 1
800 1000 1
650 850 1
762 1062 1
577 777 1
780 1080 1
60 360 1
799 999 1
170 370 1
831 1031 1
423 623 1
850 1050 1
141 341 1
714 1014 1
195 395 1
694 894 1
567 767 1
295 495 1
664 864 1
630 930 1
327 527 1
667 867 1
243 443 1
592 792 1
491 691 1
875 1075 1
830 1030 0.098058
675 875 0.115429
950 1150 1
794 994 1
67 267 1
369 569 1
452 652 0.154908
337 537 1
305 505 1
325 525 1
772 972 1
142 342 1
717 917 1
246 546 1
421 621 1
965 1165 1
994 1194 1
994 1194 1
553 753 1
561 761 1
169 369 1
347 547 1
196 396 1
419 619 1
257 457 1
813 1013 1
300 600 1
889 1089 1
24 324 1
765 965 1
395 595 1
952 1152 1
607 807 1
715 915 1
984 1284 1
962 1162 1
169 369 1
824 1024 1
361 561 1
545 745 1
763 963 1
968 1168 1
836 1036 0.09749
585 785 1
606 906 1
449 649 1
73 273 1
881 1081 1
424 624 1
802 1002 1
657 857 1
674 874 1
806 1006 1
484 684 1
641 841 1
86 286 1
685 885 1
372 672 1
223 423 1
698 898 1
107 307 1
30 330 1
475 675 1
204 504 1
906 1206 1
107 307 1
991 1191 1
628 828 1
613 813 1
