5000 2183035
109 309 1
774 1074 1
143 343 1
67 267 1
473 673 1
216 516 1
385 585 1
851 1051 1
126 426 1
146 346 1
598 798 1
266 466 1
578 778 1
921 1121 1
406 606 1
547 747 1
717 917 1
241 441 1
322 522 1
393 593 1
793 993 0.101208
142 342 1
147 347 1
719 919 1
832 1032 1
902 1102 1
239 439 1
191 391 1
609 809 1
816 1116 1
644 844 1
591 791 1
179 379 1
486 786 0.127863
419 619 1
76 276 1
624 924 1
910 1110 1
254 454 1
955 1155 0.087013
147 347 1
709 909 1
441 641 1
330 630 1
698 898 1
162 462 1
788 988 1
364 564 1
852 1152 0.08724
817 1017 1
318 618 1
514 714 1
610 810 1
156 456 1
811 1011 1
817 1017 1
986 1186 1
147 347 1
335 535 1
258 558 1
159 359 1
685 885 1
865 1065 1
333 533 1
82 282 1
604 804 1
776 976 1
981 1181 1
540 840 1
253 453 1
632 832 1
710 910 1
592 792 1
317 517 1
974 1174 1
473 673 1
861 1061 0.094722
524 724 1
703 903 1
487 687 1
970 1170 0.085897
941 1141 0.088081
357 557 1
633 833 1
792 1092 1
644 844 1
817 1017 1
342 642 1
563 763 1
654 954 1
737 937 1
349 549 1
841 1041 1
884 1084 1
75 275 1
926 1126 1
168 468 1
847 1047 1
656 856 1
852 1152 1
748 948 1
541 741 1
546 846 1
389 589 1
46 246 1
634 834 1
125 325 1
216 516 1
661 861 1
8 208 1
369 569 1
997 1197 1
713 913 1
39 239 1
413 613 1
232 432 1
274 474 1
820 1020 1
805 1005 1
502 702 1
901 1101 1
6 306 1
813 1013 0.09921
830 1030 1
543 743 1
620 820 0.122561
460 660 1
913 1113 1
599 799 1
24 324 1
730 930 1
330 630 1
287 487 1
166 366 1
977 1177 1
807 1007 1
260 460 1
501 701 1
910 1110 1
389 589 1
641 841 1
468 768 1
945 1145 1
375 575 1
855 1055 1
758 958 1
816 1116 1
702 1002 1
520 720 1
230 430 1
520 720 0.139583
162 462 1
751 951 1
651 851 1
828 1128 1
623 823 1
689 889 1
908 1108 1
739 939 1
136 336 1
542 742 1
93 293 1
333 533 1
808 1008 1
824 1024 0.098145
576 876 1
702 1002 1
859 1059 1
897 1097 1
620 820 1
890 1090 1
985 1185 1
489 689 1
777 977 1
38 238 1
715 915 1
894 1194 1
25 225 1
189 389 1
100 300 1
34 234 1
105 305 1
672 972 1
776 976 1
296 496 1
325 525 1
612 912 1
319 519 1
775 975 1
246 546 1
536 736 1
387 587 1
157 357 1
439 639 0.157277
403 603 1
509 709 1
908 1108 0.090704
147 347 1
850 1050 1
859 1059 1
783 983 1
201 401 1
479 679 1
325 525 1
269 469 0.214286
544 744 1
698 898 1
787 987 1
261 461 1
538 738 0.136179
844 1044 1
160 360 1
80 280 1
44 244 0.411885
791 991 1
298 498 1
802 1002 1
276 576 1
631 831 1
102 402 1
465 665 1
730 930 1
419 619 1
344 544 0.184743
84 384 1
647 847 1
379 579 1
849 1049 1
100 300 1
560 760 0.132237
667 867 1
782 982 1
525 725 1
875 1075 1
991 1191 1
840 1140 1
142 342 1
504 804 1
557 757 1
422 622 1
140 340 1
936 1236 1
141 341 0.294721
395 595 1
19 219 1
553 753 1
443 643 1
878 1078 1
636 936 1
105 305 1
771 971 1
933 1133 1
63 263 0.382129
958 1158 1
260 460 1
592 792 1
139 339 1
651 851 1
318 618 1
988 1188 1
168 468 1
253 453 1
795 995 1
949 1149 1
644 844 0.119076
162 462 1
65 265 1
306 606 1
66 366 1
416 616 1
533 733 1
804 1104 1
155 355 0.283099
356 556 1
57 257 1
526 726 1
201 401 1
192 492 1
78 378 1
542 742 1
319 519 1
514 714 1
346 546 0.184066
698 898 1
26 226 1
979 1179 1
283 483 1
548 748 1
442 642 1
637 837 1
378 678 1
70 270 1
441 641 1
628 828 1
209 409 1
334 534 1
962 1162 1
214 414 1
884 1084 1
858 1158 1
347 547 0.183729
578 778 0.129177
507 707 1
277 477 1
603 803 1
948 1248 0.080529
70 270 0.372222
288 588 1
780 1080 1
343 543 0.185083
367 567 0.177249
769 969 1
553 753 1
89 289 1
651 851 1
519 719 1
960 1260 1
18 318 1
305 505 1
594 894 1
529 729 1
12 312 1
296 496 1
247 447 1
366 666 1
620 820 0.122561
429 629 1
666 966 1
560 760 1
343 543 1
490 690 1
403 603 1
919 1119 1
597 797 1
496 696 1
809 1009 0.099604
186 486 1
850 1050 1
909 1109 0.090622
265 465 0.216129
482 682 1
839 1039 1
870 1170 1
287 487 1
100 300 1
460 660 1
790 990 1
426 726 1
667 867 1
945 1145 1
660 960 1
724 924 1
545 745 1
240 540 0.186111
105 305 1
800 1000 1
742 942 1
77 277 1
583 783 1
786 1086 1
47 247 1
813 1013 1
58 258 0.389535
42 342 1
256 456 1
674 874 1
258 558 1
680 880 1
498 798 1
876 1176 1
263 463 1
57 257 1
245 445 1
201 401 1
499 699 1
944 1144 1
446 646 1
501 701 1
411 611 1
901 1101 1
962 1162 1
482 682 1
862 1062 1
369 569 1
753 953 1
233 433 1
836 1036 1
575 775 1
515 715 1
919 1119 0.089812
735 935 1
397 597 1
982 1182 1
673 873 0.11512
149 349 1
776 976 1
589 789 1
255 455 1
891 1091 1
419 619 0.162359
41 241 1
964 1164 1
939 1139 1
584 784 1
756 1056 1
491 691 0.145441
767 967 1
916 1116 1
41 241 1
483 683 1
411 611 1
559 759 1
189 389 1
492 792 1
462 762 1
105 305 1
88 288 1
360 660 1
305 505 0.19901
342 642 1
772 972 1
930 1230 1
125 325 0.309231
954 1254 1
28 228 1
481 681 1
457 657 1
350 550 1
286 486 1
493 693 1
554 754 1
16 216 0.465278
593 793 0.126734
41 241 1
513 713 1
542 742 1
671 871 1
623 823 1
720 1020 0.098529
995 1195 1
844 1044 1
390 690 1
436 636 0.158019
976 1176 1
516 816 1
711 911 1
476 676 1
252 552 1
440 640 1
659 859 1
991 1191 0.084383
700 900 1
65 265 1
686 886 1
26 226 1
3 203 1
147 347 1
967 1167 0.086118
480 780 1
418 618 1
603 803 1
373 573 1
703 903 1
929 1129 1
641 841 1
995 1195 1
369 569 1
67 267 1
279 479 1
796 996 1
959 1159 1
142 342 1
87 287 1
847 1047 1
120 420 1
200 400 1
31 231 0.435065
867 1067 0.094189
368 568 0.176937
219 419 1
840 1140 1
84 384 1
57 257 1
961 1161 1
235 435 0.231034
396 696 1
213 413 0.243341
831 1031 1
570 870 1
522 822 1
904 1104 1
686 886 0.113431
181 381 0.26378
46 246 1
178 378 1
285 485 1
625 825 1
370 570 1
651 851 1
128 328 0.306402
242 442 1
682 882 1
213 413 1
836 1036 0.097008
298 498 1
308 508 1
461 661 1
47 247 1
511 711 1
584 784 1
114 414 1
868 1068 1
864 1164 0.08634
129 329 1
44 244 1
533 733 0.137108
496 696 1
426 726 1
829 1029 1
983 1183 1
281 481 1
794 994 1
339 539 0.186456
137 337 1
970 1170 0.085897
376 576 1
723 923 1
300 600 1
498 798 0.12594
158 358 1
351 551 1
11 211 1
89 289 1
169 369 0.272358
713 913 1
452 652 1
533 733 1
167 367 1
125 325 1
438 738 1
338 538 1
975 1175 1
898 1098 1
985 1185 1
297 497 1
900 1200 0.08375
665 865 1
272 472 1
906 1206 1
786 1086 1
148 348 1
681 881 1
649 849 1
895 1095 1
584 784 1
699 899 1
908 1108 1
859 1059 1
491 691 1
254 454 1
842 1042 1
23 223 1
622 822 1
838 1038 1
77 277 0.362816
593 793 1
651 851 1
496 696 1
984 1284 1
766 966 1
703 903 1
515 715 1
42 342 1
14 214 1
353 553 1
224 424 1
705 905 0.11105
84 384 1
385 585 0.171795
450 750 1
215 415 1
827 1027 1
609 809 1
982 1182 1
896 1096 1
633 833 0.120648
535 735 1
948 1248 1
17 217 0.463134
935 1135 1
32 232 1
195 395 1
258 558 0.180108
862 1062 1
390 690 1
224 424 1
909 1109 1
547 747 1
83 283 1
391 591 1
628 828 1
331 531 1
595 795 1
568 768 1
502 702 1
127 327 1
837 1037 1
699 899 1
282 582 1
265 465 1
26 226 1
580 780 1
401 601 1
733 933 1
940 1140 1
615 815 1
504 804 1
784 984 1
520 720 1
4 204 1
259 459 1
788 988 1
444 744 1
683 883 1
307 507 1
553 753 1
905 1105 1
969 1169 1
424 624 1
933 1133 1
857 1057 1
705 905 1
360 660 1
453 653 1
281 481 1
916 1116 1
902 1102 1
513 713 0.140954
744 1044 1
49 249 1
594 894 1
539 739 1
534 834 1
148 348 1
863 1063 1
272 472 1
541 741 0.135628
307 507 1
799 999 1
149 349 1
195 395 1
411 611 1
753 953 1
834 1134 1
70 270 0.372222
671 871 1
364 564 1
106 306 1
766 966 0.104037
249 449 0.223831
440 640 1
9 209 1
693 893 1
303 503 1
523 723 1
604 804 1
842 1042 1
950 1150 1
466 666 1
668 868 1
713 913 1
18 318 1
899 1099 1
354 654 1
756 1056 1
620 820 1
17 217 1
644 844 1
21 221 1
449 649 1
591 791 1
758 958 1
592 792 1
42 342 1
507 707 1
938 1138 1
174 474 1
774 1074 1
148 348 1
768 1068 1
700 900 0.111667
128 328 1
317 517 1
149 349 1
640 840 0.119643
391 591 1
111 311 1
744 1044 0.096264
996 1296 1
608 808 1
938 1138 1
296 496 1
1000 1200 1
534 834 1
68 268 1
895 1095 1
676 876 1
459 659 1
967 1167 1
113 313 1
50 250 1
251 451 1
935 1135 0.088546
645 845 1
600 900 0.111667
319 519 1
113 313 1
834 1134 1
116 316 1
919 1119 1
997 1197 0.08396
459 659 1
13 213 1
223 423 0.237589
621 821 1
883 1083 1
272 472 1
314 514 1
523 723 1
601 801 1
449 649 0.154854
234 534 1
382 582 1
485 685 1
573 773 1
461 661 1
429 629 1
96 396 1
22 222 1
544 744 1
681 881 1
328 528 1
430 630 1
280 480 1
239 439 1
985 1185 1
426 726 1
948 1248 1
652 852 1
116 316 1
608 808 1
852 1152 1
566 766 1
299 499 1
297 497 1
332 532 1
521 721 1
722 922 1
975 1175 1
609 809 1
999 1199 1
920 1120 1
807 1007 0.099801
170 370 1
950 1150 1
259 459 1
360 660 0.152273
968 1168 1
518 718 1
151 351 1
378 678 1
614 814 1
488 688 1
775 975 1
120 420 0.239286
89 289 1
447 647 1
986 1186 1
957 1157 0.086863
144 444 1
210 510 1
535 735 1
10 210 1
252 552 1
984 1284 0.078271
568 768 1
646 846 1
97 297 1
626 826 1
370 570 1
668 868 0.115783
83 283 1
443 643 1
451 651 1
696 996 1
153 353 1
803 1003 1
523 723 0.139004
113 313 1
637 837 1
687 887 1
867 1067 1
912 1212 1
314 514 1
18 318 1
392 592 1
831 1031 0.097478
228 528 1
840 1140 1
800 1000 1
755 955 1
707 907 0.110805
373 573 1
459 659 1
58 258 1
63 263 1
377 577 1
411 611 1
901 1101 1
636 936 1
846 1146 1
84 384 1
967 1167 1
640 840 1
328 528 1
732 1032 0.097384
259 459 1
376 576 0.174479
995 1195 1
787 987 1
481 681 1
774 1074 1
793 993 1
124 324 1
721 921 1
413 613 1
529 729 0.13786
26 226 1
181 381 1
458 658 1
872 1072 1
403 603 1
179 379 1
317 517 1
395 595 1
648 948 1
689 889 1
789 989 1
498 798 1
618 918 1
687 887 1
87 287 1
767 967 0.10393
350 550 1
680 880 1
832 1032 1
804 1104 0.091033
601 801 1
336 636 1
813 1013 1
688 888 1
997 1197 1
750 1050 1
338 538 1
922 1122 1
466 666 1
323 523 1
383 583 1
780 1080 0.093056
277 477 1
457 657 1
828 1128 1
209 409 1
515 715 1
613 813 1
134 334 1
982 1182 1
238 438 1
589 789 1
703 903 1
724 924 1
215 415 1
122 322 1
473 673 1
684 984 0.102134
129 329 1
439 639 1
619 819 1
377 577 0.174177
508 708 1
255 455 0.220879
650 850 0.118235
393 593 1
319 519 1
450 750 1
609 809 1
204 504 1
549 749 1
480 780 1
377 577 1
475 675 1
489 689 1
892 1092 1
408 708 0.141949
441 641 1
65 265 1
658 858 1
270 570 1
45 245 1
693 893 1
904 1104 1
555 755 0.133113
910 1110 1
304 504 1
392 592 0.169764
10 210 1
797 997 1
302 502 1
484 684 1
337 537 1
838 1038 1
444 744 0.135081
720 1020 1
486 786 1
710 910 1
555 755 1
804 1104 1
523 723 1
118 318 1
981 1181 1
271 471 1
394 594 1
614 814 1
6 306 1
364 564 1
312 612 1
538 738 1
283 483 1
344 544 0.184743
214 414 1
80 280 1
22 222 1
201 401 1
315 515 0.195146
215 415 1
239 439 1
632 832 1
803 1003 1
722 922 1
436 636 1
7 207 1
634 834 1
466 666 0.150901
425 625 1
188 388 1
641 841 1
863 1063 1
456 756 1
268 468 0.214744
344 544 1
71 271 1
59 259 1
88 288 1
377 577 1
109 309 1
100 300 1
146 346 0.290462
435 635 1
91 291 1
291 491 1
40 240 1
180 480 1
623 823 1
87 287 1
704 904 1
757 957 0.105016
785 985 1
939 1139 0.088235
674 874 1
674 874 1
859 1059 1
763 963 1
817 1017 1
967 1167 1
87 287 1
420 720 1
577 777 1
835 1035 1
148 348 1
550 750 1
514 714 1
472 672 1
593 793 0.126734
541 741 1
131 331 1
560 760 1
608 808 1
51 251 1
23 223 1
409 609 1
940 1140 1
368 568 1
491 691 1
898 1098 1
747 947 0.106125
2 202 1
493 693 1
675 875 1
692 892 1
236 436 1
406 606 1
688 888 0.113176
784 984 1
67 267 1
505 705 1
710 910 1
501 701 0.143367
723 923 1
417 617 1
20 220 1
294 594 1
638 838 1
30 330 1
755 955 0.105236
28 228 1
45 245 1
928 1128 0.089096
734 934 1
400 600 1
788 988 1
322 522 0.192529
818 1018 1
949 1149 1
714 1014 1
8 208 1
951 1151 1
634 834 0.120504
430 630 1
856 1056 1
588 888 1
846 1146 1
370 570 1
989 1189 1
510 810 1
90 390 1
540 840 1
286 486 1
777 977 1
10 210 0.478571
288 588 1
787 987 1
125 325 1
491 691 1
494 694 1
280 480 1
658 858 1
606 906 1
345 545 1
7 207 1
364 564 1
595 795 1
254 454 1
747 947 1
975 1175 1
102 402 0.25
249 449 1
223 423 1
331 531 1
254 454 1
43 243 1
258 558 1
832 1032 1
416 616 1
454 654 1
93 293 1
395 595 1
543 743 1
142 342 1
50 250 1
903 1103 1
975 1175 1
161 361 1
287 487 1
820 1020 1
581 781 1
192 492 1
889 1089 1
212 412 1
320 520 1
59 259 1
945 1145 1
496 696 1
915 1115 1
872 1072 1
642 942 1
662 862 1
752 952 1
493 693 1
456 756 0.132937
254 454 1
813 1013 1
945 1145 1
625 825 1
800 1000 0.1005
562 762 1
494 694 1
999 1199 1
23 223 1
217 417 1
633 833 1
612 912 1
792 1092 1
925 1125 1
640 840 1
509 709 1
91 291 1
147 347 1
626 826 1
975 1175 1
896 1096 1
707 907 1
714 1014 1
212 412 1
235 435 1
750 1050 1
332 532 1
703 903 1
385 585 1
593 793 1
894 1194 1
699 899 1
296 496 1
257 457 0.219912
656 856 1
791 991 1
146 346 1
29 229 0.438865
388 588 1
196 396 1
722 922 1
63 263 1
758 958 1
645 845 1
228 528 1
874 1074 0.093575
588 888 1
717 917 1
121 321 1
637 837 1
310 510 0.197059
348 648 1
768 1068 1
709 909 1
847 1047 1
938 1138 1
886 1086 1
366 666 1
633 833 1
658 858 1
934 1134 1
739 939 1
181 381 1
808 1008 1
625 825 1
489 689 0.145864
120 420 1
251 451 0.222838
503 703 1
56 256 1
767 967 1
763 963 1
420 720 1
569 769 1
395 595 1
51 251 1
43 243 1
968 1168 1
61 261 1
607 807 1
38 238 1
283 483 1
427 627 1
831 1031 1
627 827 1
232 432 0.232639
712 912 1
42 342 1
247 447 1
194 394 1
48 348 1
155 355 1
519 719 1
461 661 0.152042
216 516 1
607 807 1
610 810 0.124074
805 1005 1
458 658 1
781 981 1
624 924 0.108766
851 1051 1
758 958 1
444 744 1
397 597 1
807 1007 1
386 586 1
127 327 1
110 310 1
326 526 1
155 355 1
812 1012 1
386 586 1
989 1189 1
505 705 1
576 876 1
153 353 1
827 1027 1
94 294 1
172 372 1
288 588 1
859 1059 1
231 431 0.233179
675 875 1
155 355 1
199 399 1
233 433 1
609 809 1
689 889 1
181 381 1
92 292 1
373 573 1
508 708 1
862 1062 1
771 971 1
151 351 1
357 557 1
617 817 1
394 594 1
762 1062 1
371 571 1
748 948 1
398 598 1
130 330 1
581 781 1
483 683 0.147145
536 736 1
511 711 1
11 211 1
718 918 1
954 1254 1
904 1104 1
856 1056 1
647 847 1
767 967 1
184 384 1
562 762 1
129 329 1
47 247 1
940 1140 1
400 600 1
938 1138 1
88 288 1
27 227 1
18 318 0.316038
833 1033 1
669 869 1
620 820 0.122561
413 613 1
184 384 1
555 755 1
714 1014 1
68 268 1
498 798 1
831 1031 1
155 355 1
911 1111 0.090459
381 581 1
880 1080 1
236 436 1
455 655 1
369 569 1
2 202 1
262 462 1
583 783 1
303 503 1
809 1009 1
228 528 1
788 988 1
883 1083 1
226 426 1
890 1090 1
366 666 1
850 1050 1
749 949 1
159 359 1
300 600 1
660 960 1
85 285 1
979 1179 1
923 1123 1
634 834 1
925 1125 1
697 897 1
296 496 1
536 736 1
868 1068 1
734 934 1
576 876 1
404 604 1
210 510 1
887 1087 1
263 463 1
388 588 1
528 828 1
391 591 0.170051
181 381 1
28 228 1
684 984 1
462 762 1
930 1230 1
757 957 1
538 738 1
362 562 1
555 755 1
287 487 1
723 923 1
921 1121 1
458 658 1
159 359 1
121 321 1
989 1189 1
65 265 1
553 753 1
248 448 1
774 1074 1
703 903 1
310 510 1
263 463 1
771 971 1
753 953 1
374 574 1
236 436 1
265 465 1
513 713 1
456 756 1
499 699 1
601 801 1
299 499 0.201403
852 1152 1
767 967 1
862 1062 1
874 1074 1
848 1048 1
775 975 1
596 796 1
743 943 1
551 751 1
538 738 1
82 282 0.356383
146 346 1
99 299 1
435 635 1
80 280 1
734 934 1
643 843 1
581 781 1
321 521 0.192898
873 1073 1
277 477 1
30 330 1
810 1110 1
217 417 1
965 1165 1
536 736 1
816 1116 0.090054
695 895 1
867 1067 1
803 1003 1
462 762 1
807 1007 1
57 257 1
620 820 1
732 1032 1
310 510 1
138 438 1
137 337 1
96 396 1
650 850 0.118235
732 1032 1
234 534 1
873 1073 1
133 333 1
846 1146 1
521 721 1
774 1074 1
346 546 1
474 774 1
530 730 1
898 1098 0.09153
790 990 1
572 772 1
643 843 1
11 211 1
527 727 1
56 256 1
693 893 1
998 1198 1
608 808 1
879 1079 0.093142
696 996 1
780 1080 1
483 683 1
18 318 1
626 826 1
848 1048 1
828 1128 1
461 661 1
585 785 1
470 670 1
876 1176 1
685 885 1
852 1152 1
693 893 1
68 268 1
930 1230 1
917 1117 1
838 1038 1
917 1117 1
669 869 1
761 961 1
386 586 1
566 766 1
890 1090 1
837 1037 1
262 462 1
125 325 0.309231
63 263 0.382129
355 555 1
322 522 1
700 900 1
427 627 1
699 899 1
165 365 1
413 613 1
855 1055 1
953 1153 1
235 435 1
814 1014 1
1000 1200 1
693 893 1
295 495 1
806 1006 1
298 498 1
110 310 0.324194
784 984 1
453 653 1
750 1050 1
310 510 1
583 783 1
927 1127 0.089175
364 564 1
704 904 1
31 231 1
617 817 1
745 945 1
924 1224 1
276 576 1
690 990 1
826 1026 1
850 1050 0.095714
596 796 0.126256
147 347 1
351 551 1
218 418 1
424 624 1
855 1055 1
808 1008 1
130 330 1
75 275 1
723 923 1
947 1147 1
127 327 1
721 921 1
774 1074 1
299 499 1
18 318 1
401 601 1
946 1146 1
370 570 1
564 864 1
203 403 1
97 297 1
687 887 1
889 1089 1
411 611 1
456 756 1
816 1116 1
17 217 1
931 1131 1
878 1078 1
761 961 1
66 366 1
908 1108 1
901 1101 1
235 435 1
439 639 1
413 613 1
816 1116 1
302 502 1
771 971 1
482 682 1
147 347 1
958 1158 0.086788
726 1026 1
518 718 1
206 406 1
105 305 1
966 1266 1
424 624 1
562 762 1
758 958 1
711 911 1
834 1134 0.088624
905 1105 1
39 239 1
179 379 1
300 600 1
617 817 1
87 287 1
978 1278 1
845 1045 1
634 834 1
517 717 1
595 795 1
522 822 1
59 259 1
159 359 1
952 1152 1
556 756 1
440 640 1
791 991 1
926 1126 1
414 714 1
974 1174 1
745 945 1
450 750 1
205 405 1
789 989 0.101618
42 342 1
276 576 1
950 1150 1
445 645 1
346 546 1
799 999 1
178 378 1
249 449 1
634 834 1
926 1126 1
812 1012 1
462 762 0.13189
22 222 1
769 969 1
777 977 1
860 1060 1
652 852 1
141 341 1
150 450 1
27 227 0.442731
363 563 1
527 727 1
166 366 1
359 559 1
524 724 1
89 289 1
33 233 1
813 1013 1
764 964 1
291 491 1
861 1061 1
251 451 1
376 576 1
411 611 1
665 865 1
843 1043 1
150 450 1
4 204 1
284 484 1
135 335 1
722 922 1
331 531 1
738 1038 1
870 1170 1
414 714 1
164 364 1
895 1095 1
317 517 1
176 376 1
433 633 1
969 1169 1
423 623 1
471 671 1
619 819 1
489 689 1
309 509 1
990 1290 1
966 1266 1
498 798 0.12594
790 990 1
464 664 0.151355
41 241 1
848 1048 0.095897
304 504 1
57 257 1
995 1195 1
786 1086 1
812 1012 0.099308
451 651 1
711 911 0.110318
993 1193 1
869 1069 1
950 1150 0.087391
528 828 0.121377
270 570 1
385 585 1
901 1101 1
389 589 1
247 447 1
598 798 1
400 600 1
750 1050 1
65 265 1
62 262 1
684 984 1
556 756 1
503 703 1
251 451 1
612 912 0.110197
364 564 1
33 233 1
395 595 1
963 1163 1
84 384 1
382 582 1
540 840 1
631 831 1
556 756 1
498 798 0.12594
904 1104 1
495 695 1
390 690 1
351 551 1
570 870 1
997 1197 1
719 919 1
760 960 1
679 879 1
237 437 1
547 747 1
441 641 1
14 214 1
539 739 1
531 731 1
280 480 1
624 924 1
881 1081 1
634 834 1
487 687 0.146288
215 415 1
134 334 1
779 979 1
255 455 0.220879
154 354 0.283898
71 271 1
341 541 1
429 629 0.159777
719 919 1
697 897 0.11204
775 975 1
656 856 1
160 360 1
244 444 1
211 411 1
128 328 1
478 678 1
529 729 1
22 222 1
264 564 1
408 708 1
277 477 1
134 334 1
405 605 1
45 245 1
99 299 1
210 510 1
533 733 1
581 781 1
525 725 0.138621
69 269 0.373606
344 544 1
603 803 0.125156
916 1116 1
411 611 1
170 370 1
597 797 1
139 339 1
770 970 0.103608
518 718 1
618 918 1
399 599 1
586 786 1
516 816 1
266 466 1
305 505 1
797 997 1
699 899 1
706 906 1
1 201 1
247 447 1
239 439 1
317 517 1
476 676 1
350 550 1
596 796 1
347 547 1
760 960 1
698 898 1
136 336 1
925 1125 1
58 258 1
974 1174 1
300 600 1
390 690 1
662 862 1
981 1181 1
571 771 1
811 1011 1
606 906 1
957 1157 1
50 250 1
251 451 1
361 561 1
71 271 1
558 858 1
912 1212 1
502 702 1
900 1200 0.08375
144 444 1
308 508 1
734 934 1
161 361 1
147 347 1
268 468 1
652 852 1
27 227 1
468 768 1
376 576 1
472 672 1
859 1059 0.094901
537 737 1
384 684 1
919 1119 1
131 331 1
42 342 1
768 1068 1
892 1092 1
863 1063 1
563 763 1
284 484 1
571 771 1
85 285 1
279 479 1
900 1200 1
55 255 1
620 820 1
686 886 1
697 897 1
283 483 1
448 648 1
903 1103 1
213 413 1
190 390 1
84 384 1
686 886 1
415 615 0.163415
357 557 1
526 726 1
215 415 1
276 576 1
524 724 1
246 546 1
920 1120 1
214 414 1
60 360 1
742 942 1
595 795 1
121 321 1
679 879 0.114334
435 635 1
833 1033 1
416 616 1
23 223 1
586 786 1
215 415 1
860 1060 1
210 510 1
3 203 1
284 484 1
789 989 1
168 468 1
281 481 1
752 952 1
878 1078 1
930 1230 1
40 240 1
271 471 1
109 309 1
813 1013 0.09921
781 981 1
116 316 1
976 1176 1
869 1069 1
913 1113 1
421 621 1
296 496 1
906 1206 1
134 334 1
341 541 1
785 985 1
109 309 1
383 583 1
245 445 1
464 664 1
131 331 1
404 604 1
665 865 1
179 379 1
240 540 1
819 1019 0.098626
832 1032 1
364 564 1
629 829 1
728 928 1
636 936 1
982 1182 1
123 323 0.311146
821 1021 0.098433
678 978 0.102761
597 797 1
61 261 1
674 874 0.114989
155 355 1
194 394 1
953 1153 1
390 690 1
553 753 0.133466
397 597 1
575 775 1
627 827 1
369 569 1
904 1104 1
144 444 1
525 725 1
342 642 1
114 414 1
599 799 0.125782
763 963 1
309 509 0.197446
345 545 1
3 203 1
924 1224 1
843 1043 1
494 694 1
11 211 0.476303
923 1123 1
705 905 1
205 405 1
504 804 1
611 811 1
411 611 0.164484
409 609 1
774 1074 1
307 507 1
732 1032 1
124 324 0.310185
226 426 1
91 291 1
538 738 1
796 996 1
781 981 1
717 917 1
616 816 1
663 863 1
551 751 1
940 1140 1
471 671 1
792 1092 1
236 436 0.230505
255 455 1
35 235 1
550 750 1
642 942 0.106688
414 714 1
356 556 1
355 555 1
288 588 1
100 300 1
89 289 1
507 707 1
529 729 0.13786
987 1187 1
222 522 1
225 425 1
630 930 1
498 798 1
511 711 0.14135
556 756 1
847 1047 1
282 582 1
618 918 1
727 927 1
522 822 1
820 1020 1
89 289 1
372 672 1
938 1138 1
316 516 1
397 597 1
280 480 0.209375
785 985 1
137 337 1
371 571 1
34 234 1
813 1013 1
578 778 1
938 1138 1
404 604 1
166 366 1
729 929 1
107 307 1
24 324 1
102 402 1
252 552 1
247 447 0.224832
435 635 1
143 343 1
582 882 1
68 268 1
388 588 1
960 1260 1
18 318 1
560 760 1
61 261 1
104 304 1
280 480 1
892 1092 1
769 969 1
513 713 0.140954
557 757 1
609 809 1
740 940 1
557 757 0.132761
887 1087 1
350 550 1
102 402 1
764 964 1
406 606 1
63 263 1
239 439 1
604 804 1
804 1104 0.091033
103 303 0.331683
876 1176 1
199 399 1
965 1165 1
999 1199 1
784 984 1
968 1168 1
375 575 1
44 244 1
627 827 1
989 1189 1
467 667 1
84 384 1
798 1098 0.09153
358 558 1
882 1182 1
512 712 1
37 237 1
700 900 1
712 912 1
468 768 1
563 763 1
850 1050 0.095714
331 531 1
522 822 1
120 420 1
623 823 1
668 868 1
986 1186 1
662 862 1
146 346 1
44 244 1
245 445 1
887 1087 0.092456
884 1084 1
216 516 1
788 988 0.101721
865 1065 1
257 457 1
158 358 1
781 981 1
313 513 1
974 1174 1
141 341 1
606 906 1
707 907 0.110805
244 444 1
792 1092 0.092033
376 576 1
872 1072 1
963 1163 1
939 1139 1
268 468 1
805 1005 1
807 1007 1
428 628 1
537 737 1
66 366 1
766 966 1
890 1090 1
595 795 1
880 1080 1
920 1120 0.089732
945 1145 1
237 437 1
866 1066 0.094278
293 493 1
508 708 1
80 280 1
172 372 1
738 1038 1
513 713 1
601 801 1
463 663 1
452 652 1
688 888 1
134 334 1
42 342 0.29386
82 282 1
548 748 1
713 913 1
682 882 0.113946
894 1194 1
376 576 1
275 475 1
922 1122 1
197 397 1
810 1110 1
89 289 1
51 251 1
226 426 1
18 318 1
59 259 1
517 717 1
790 990 1
923 1123 1
127 327 1
851 1051 1
235 435 1
265 465 1
498 798 1
835 1035 1
595 795 1
82 282 1
559 759 1
755 955 1
909 1109 1
949 1149 0.087467
133 333 1
421 621 1
384 684 1
117 317 1
828 1128 1
179 379 1
30 330 1
277 477 1
312 612 1
83 283 1
506 706 1
101 301 1
620 820 1
43 243 1
825 1025 1
515 715 1
552 852 1
349 549 0.18306
180 480 1
187 387 1
956 1156 1
572 772 0.130181
940 1140 1
247 447 0.224832
706 906 0.110927
141 341 1
669 869 1
223 423 1
598 798 1
7 207 1
491 691 0.145441
218 418 1
297 497 1
602 802 1
23 223 1
706 906 1
906 1206 1
347 547 0.183729
2 202 1
948 1248 1
563 763 1
966 1266 1
895 1095 1
685 885 1
737 937 0.107257
866 1066 1
525 725 1
493 693 1
491 691 1
952 1152 1
459 659 1
647 847 1
442 642 1
164 364 1
602 802 1
119 319 1
424 624 1
34 234 1
622 822 1
2 202 1
785 985 1
329 529 1
741 941 1
833 1033 1
892 1092 1
651 851 1
421 621 1
61 261 1
745 945 1
322 522 1
769 969 1
820 1020 1
44 244 1
365 565 0.177876
821 1021 1
90 390 1
848 1048 1
448 648 1
325 525 1
697 897 1
269 469 1
151 351 0.286325
881 1081 1
321 521 1
699 899 1
803 1003 1
188 388 1
855 1055 1
708 1008 0.099702
578 778 1
856 1056 1
26 226 1
389 589 1
75 275 1
258 558 1
961 1161 1
460 660 1
135 335 1
308 508 1
446 646 1
283 483 1
73 273 1
117 317 1
149 349 1
579 779 0.129012
342 642 0.156542
402 702 1
989 1189 1
946 1146 1
294 594 0.169192
841 1041 1
453 653 1
773 973 1
488 688 0.146076
800 1000 1
528 828 1
797 997 1
305 505 1
506 706 1
25 225 1
622 822 1
629 829 1
849 1049 1
495 695 1
131 331 1
636 936 1
84 384 1
249 449 1
171 371 1
758 958 1
323 523 1
355 555 1
727 927 0.108414
455 655 1
301 501 1
679 879 1
40 240 1
475 675 1
576 876 1
404 604 1
469 669 1
202 402 0.25
921 1121 1
482 682 1
595 795 1
613 813 1
727 927 1
891 1091 1
306 606 1
822 1122 1
604 804 1
20 220 1
694 894 1
660 960 1
659 859 1
273 473 1
499 699 1
748 948 1
587 787 1
611 811 1
112 312 1
144 444 1
353 553 1
733 933 1
381 581 1
827 1027 1
17 217 1
402 702 1
500 700 1
75 275 1
398 598 1
833 1033 1
322 522 1
678 978 1
157 357 1
673 873 1
319 519 1
812 1012 1
182 382 1
532 732 1
89 289 1
27 227 1
842 1042 1
271 471 1
229 429 1
717 917 1
677 877 0.114595
464 664 1
870 1170 1
115 315 0.319048
853 1053 1
287 487 1
515 715 1
237 437 1
968 1168 1
805 1005 1
661 861 1
879 1079 0.093142
874 1074 1
103 303 1
110 310 1
310 510 1
852 1152 0.08724
387 587 1
506 706 1
64 264 1
29 229 1
769 969 1
665 865 1
279 479 1
173 373 1
595 795 1
203 403 1
630 930 1
932 1132 1
900 1200 0.08375
474 774 1
74 274 1
359 559 1
605 805 1
651 851 1
1 201 1
459 659 1
339 539 1
60 360 1
318 618 1
872 1072 1
521 721 0.13939
207 407 1
714 1014 1
294 594 1
644 844 1
557 757 1
956 1156 1
146 346 1
626 826 1
252 552 1
778 978 1
130 330 1
561 761 1
545 745 1
821 1021 1
812 1012 1
446 646 0.155573
982 1182 1
689 889 1
427 627 1
107 307 1
700 900 0.111667
305 505 1
402 702 1
414 714 1
465 665 1
975 1175 1
446 646 1
472 672 1
148 348 0.288793
169 369 1
511 711 1
163 363 1
203 403 1
501 701 1
407 607 0.165568
635 835 0.120359
883 1083 1
229 429 1
937 1137 0.088391
934 1134 0.088624
536 736 1
675 875 1
890 1090 1
811 1011 1
384 684 1
598 798 1
84 384 1
550 750 1
763 963 1
706 906 1
637 837 1
642 942 1
421 621 1
172 372 0.270161
404 604 1
517 717 1
234 534 1
211 411 0.244526
148 348 1
535 735 1
209 409 1
272 472 1
414 714 1
962 1162 0.086489
74 274 1
494 694 1
419 619 1
243 443 1
463 663 1
882 1182 1
95 295 1
231 431 1
798 1098 1
403 603 1
631 831 1
966 1266 0.079384
348 648 0.155093
362 562 1
875 1075 0.093488
380 580 1
739 939 1
3 203 1
300 600 1
138 438 1
476 676 1
410 610 1
814 1014 1
664 864 0.116319
885 1085 1
231 431 1
407 607 1
750 1050 1
861 1061 1
202 402 1
622 822 1
934 1134 1
738 1038 1
750 1050 1
444 744 0.135081
980 1180 1
889 1089 1
41 241 1
222 522 1
61 261 1
518 718 1
946 1146 1
760 960 0.104688
443 643 1
495 695 1
962 1162 1
331 531 1
814 1014 1
852 1152 1
51 251 1
615 815 1
292 492 1
74 274 1
899 1099 1
65 265 1
577 777 1
795 995 1
674 874 1
222 522 1
975 1175 1
38 238 1
239 439 1
437 637 1
623 823 1
317 517 1
382 582 1
289 489 1
102 402 1
537 737 1
892 1092 1
124 324 1
889 1089 1
704 904 1
153 353 1
701 901 1
688 888 1
527 727 1
516 816 1
946 1146 1
286 486 1
536 736 1
666 966 1
86 286 1
718 918 1
813 1013 1
632 832 1
452 652 1
455 655 0.153435
786 1086 1
803 1003 1
81 281 1
233 433 1
326 526 1
295 495 1
797 997 0.100802
54 354 1
322 522 1
389 589 1
810 1110 1
513 713 1
624 924 1
42 342 1
915 1115 1
9 209 0.480861
460 660 1
398 598 1
566 766 1
230 430 1
62 262 1
690 990 0.101515
802 1002 1
243 443 1
486 786 1
169 369 1
385 585 1
314 514 1
438 738 1
943 1143 1
39 239 1
234 534 1
747 947 1
460 660 1
848 1048 1
148 348 1
972 1272 1
50 250 1
141 341 1
1 201 1
481 681 1
386 586 1
879 1079 1
989 1189 1
540 840 1
267 467 1
906 1206 1
23 223 1
947 1147 1
51 251 1
555 755 1
454 654 1
915 1115 1
691 891 1
834 1134 1
229 429 0.234266
758 958 1
454 654 1
128 328 1
991 1191 1
854 1054 1
658 858 1
306 606 1
923 1123 1
991 1191 1
445 645 1
507 707 1
120 420 1
984 1284 0.078271
704 904 1
957 1157 1
234 534 1
50 250 0.402
431 631 0.159271
208 408 1
555 755 1
383 583 1
759 959 1
585 785 1
866 1066 1
11 211 1
198 498 1
860 1060 1
695 895 1
894 1194 1
774 1074 1
242 442 1
60 360 1
776 976 1
866 1066 1
100 300 1
101 301 1
883 1083 0.092798
959 1159 1
341 541 1
88 288 1
509 709 1
996 1296 1
635 835 1
710 910 1
970 1170 0.085897
586 786 1
477 677 1
439 639 1
981 1181 1
51 251 1
846 1146 1
937 1137 1
984 1284 1
750 1050 1
392 592 1
162 462 1
734 934 1
993 1193 1
834 1134 1
25 225 1
504 804 1
13 213 1
234 534 1
192 492 1
604 804 1
206 406 1
907 1107 1
460 660 1
167 367 1
544 744 1
312 612 1
907 1107 1
508 708 1
890 1090 1
670 870 1
860 1060 1
763 963 1
726 1026 1
45 245 0.410204
994 1194 1
890 1090 1
950 1150 1
471 671 1
121 321 1
390 690 1
232 432 1
112 312 1
727 927 1
827 1027 1
203 403 1
419 619 1
228 528 1
671 871 1
271 471 1
259 459 1
665 865 1
187 387 1
129 329 1
439 639 1
188 388 1
505 705 1
372 672 1
371 571 0.176007
642 942 0.106688
678 978 1
856 1056 1
102 402 1
995 1195 1
489 689 0.145864
702 1002 1
46 246 1
530 730 0.137671
402 702 1
681 881 1
773 973 0.103289
866 1066 0.094278
427 627 1
54 354 1
527 727 0.138239
97 297 1
762 1062 1
380 580 1
849 1049 1
760 960 1
869 1069 1
909 1109 1
331 531 1
296 496 0.202621
979 1179 1
571 771 1
582 882 1
558 858 1
113 313 1
755 955 0.105236
63 263 1
111 311 1
66 366 1
788 988 1
913 1113 1
420 720 1
558 858 1
680 880 1
686 886 1
63 263 1
699 899 1
706 906 1
215 415 1
548 748 1
814 1014 1
166 366 1
990 1290 0.077907
208 408 1
995 1195 1
292 492 1
195 395 1
845 1045 1
720 1020 1
229 429 1
980 1180 1
851 1051 1
126 426 1
323 523 1
266 466 1
120 420 1
255 455 1
413 613 1
50 250 1
633 833 1
409 609 1
48 348 1
409 609 1
942 1242 1
16 216 1
382 582 1
455 655 1
793 993 1
399 599 1
899 1099 1
181 381 1
743 943 0.106575
792 1092 1
842 1042 1
198 498 1
101 301 1
158 358 1
860 1060 0.094811
241 441 1
427 627 1
650 850 1
600 900 1
804 1104 1
660 960 1
267 467 1
988 1188 1
298 498 1
508 708 1
972 1272 0.079009
202 402 0.25
702 1002 1
728 928 0.108297
185 385 1
795 995 1
77 277 1
393 593 0.169477
9 209 1
7 207 1
80 280 1
352 552 1
461 661 0.152042
538 738 1
735 935 0.107487
651 851 1
7 207 1
153 353 1
934 1134 1
366 666 1
868 1068 1
762 1062 1
915 1115 1
515 715 1
850 1050 1
839 1039 1
597 797 1
18 318 1
722 922 1
427 627 0.160287
582 882 1
608 808 1
478 678 0.14823
698 898 1
234 534 1
836 1036 1
531 731 1
757 957 1
477 677 1
541 741 1
200 400 1
668 868 1
513 713 1
133 333 0.301802
645 845 1
873 1073 1
773 973 1
152 352 1
484 684 1
363 563 1
782 982 1
85 285 1
795 995 1
960 1260 1
281 481 1
827 1027 1
920 1120 1
393 593 1
374 574 1
269 469 1
347 547 1
433 633 0.158768
783 983 0.102238
134 334 1
423 623 1
638 838 1
878 1078 1
893 1093 1
656 856 1
206 406 1
154 354 1
618 918 1
573 773 1
547 747 1
10 210 1
62 262 1
303 503 0.199801
703 903 1
367 567 1
295 495 1
224 424 1
824 1024 1
526 726 1
801 1001 1
189 389 1
364 564 1
91 291 0.345361
261 461 1
660 960 1
366 666 1
319 519 1
685 885 1
486 786 0.127863
767 967 1
67 267 1
509 709 1
869 1069 1
733 933 1
202 402 1
228 528 1
686 886 1
382 582 1
530 730 1
464 664 1
568 768 1
397 597 1
939 1139 1
701 901 1
547 747 0.134538
60 360 1
742 942 1
46 246 1
938 1138 1
248 448 1
150 450 1
522 822 1
177 377 1
888 1188 1
66 366 1
600 900 1
422 622 1
62 262 1
400 600 1
130 330 1
891 1091 1
51 251 1
947 1147 1
429 629 0.159777
618 918 0.109477
638 838 1
398 598 1
607 807 0.124535
263 463 1
406 606 1
647 847 0.118654
936 1236 1
706 906 1
283 483 1
740 940 1
601 801 1
330 630 1
616 816 0.123162
32 232 1
495 695 1
346 546 1
131 331 1
414 714 1
632 832 1
814 1014 1
291 491 1
860 1060 1
676 876 1
487 687 1
241 441 1
378 678 0.14823
709 909 1
555 755 0.133113
471 671 1
144 444 1
871 1071 0.093838
717 917 1
539 739 1
75 275 1
256 456 0.220395
802 1002 1
876 1176 1
343 543 1
520 720 1
657 857 1
899 1099 1
205 405 1
466 666 1
26 226 1
892 1092 1
959 1159 1
777 977 1
624 924 1
146 346 1
271 471 1
307 507 1
158 358 1
109 309 1
875 1075 1
89 289 1
237 437 1
543 743 1
595 795 1
900 1200 1
916 1116 1
250 450 1
249 449 1
417 617 1
662 862 1
347 547 1
127 327 1
837 1037 1
319 519 1
850 1050 0.095714
412 612 1
866 1066 1
935 1135 1
87 287 1
967 1167 1
96 396 1
397 597 1
486 786 0.127863
890 1090 1
748 948 1
820 1020 1
443 643 0.156299
671 871 1
307 507 1
193 393 1
622 822 1
398 598 1
247 447 1
66 366 1
104 304 1
573 773 1
793 993 1
408 708 1
988 1188 1
821 1021 1
556 756 1
325 525 1
54 354 1
4 204 1
944 1144 1
166 366 1
79 279 1
957 1157 1
572 772 0.130181
842 1042 1
382 582 1
897 1097 1
371 571 1
641 841 1
815 1015 1
744 1044 1
496 696 1
238 438 1
816 1116 1
456 756 1
217 417 1
77 277 1
847 1047 1
125 325 1
910 1110 1
668 868 1
973 1173 1
214 414 1
986 1186 1
133 333 0.301802
741 941 1
526 726 1
721 921 1
738 1038 0.096821
109 309 1
640 840 1
200 400 0.25125
32 232 1
755 955 0.105236
666 966 1
304 504 1
340 540 1
648 948 1
122 322 1
611 811 1
184 384 1
112 312 0.322115
939 1139 1
781 981 1
622 822 1
528 828 1
41 241 1
763 963 1
843 1043 1
902 1102 1
704 904 1
407 607 1
69 269 1
788 988 1
928 1128 1
705 905 1
997 1197 1
293 493 0.203854
700 900 1
111 311 1
438 738 1
406 606 1
421 621 1
221 421 1
851 1051 1
518 718 0.139972
811 1011 1
701 901 1
412 612 1
213 413 0.243341
956 1156 1
849 1049 1
665 865 1
336 636 1
355 555 1
75 275 1
69 269 1
707 907 1
722 922 1
531 731 1
524 724 1
661 861 1
263 463 1
408 708 1
556 756 1
375 575 1
714 1014 1
469 669 1
207 407 1
468 768 0.130859
13 213 1
670 870 1
479 679 1
266 466 1
474 774 0.129845
656 856 1
985 1185 1
488 688 1
584 784 1
556 756 1
570 870 1
917 1117 1
678 978 0.102761
955 1155 0.087013
84 384 1
111 311 0.323151
918 1218 1
826 1026 1
89 289 1
593 793 0.126734
595 795 1
48 348 1
726 1026 1
938 1138 1
74 274 1
507 707 1
121 321 1
5 205 0.490244
996 1296 1
438 738 0.136179
524 724 1
819 1019 1
570 870 1
270 570 1
311 511 1
66 366 0.27459
103 303 1
319 519 1
248 448 1
689 889 1
218 418 1
715 915 1
342 642 1
425 625 1
992 1192 1
91 291 1
321 521 1
53 253 0.397233
989 1189 1
619 819 1
884 1084 1
106 306 1
980 1180 1
138 438 1
475 675 1
839 1039 0.096728
74 274 1
927 1127 1
869 1069 0.094013
54 354 1
998 1198 1
908 1108 1
642 942 1
113 313 0.321086
988 1188 1
567 767 1
205 405 1
93 293 1
725 925 1
540 840 1
266 466 1
905 1105 1
255 455 1
379 579 1
137 337 1
799 999 0.100601
691 891 1
656 856 1
513 713 0.140954
770 970 1
65 265 1
429 629 1
397 597 1
678 978 1
925 1125 1
777 977 1
426 726 1
843 1043 1
885 1085 1
276 576 1
334 534 1
794 994 0.101107
401 601 1
128 328 1
562 762 1
197 397 1
17 217 1
121 321 1
953 1153 1
835 1035 0.097101
714 1014 1
693 893 1
86 286 1
393 593 0.169477
793 993 1
421 621 1
425 625 1
289 489 1
877 1077 1
209 409 1
42 342 0.29386
942 1242 1
40 240 1
383 583 1
300 600 1
830 1030 1
47 247 1
861 1061 1
771 971 1
142 342 1
277 477 1
674 874 1
70 270 1
929 1129 1
427 627 1
968 1168 1
501 701 1
17 217 1
915 1115 0.090135
908 1108 1
235 435 1
180 480 1
111 311 1
964 1164 1
244 444 1
447 647 1
278 478 1
615 815 1
24 324 1
430 630 1
808 1008 0.099702
8 208 1
94 294 1
274 474 1
852 1152 1
11 211 1
633 833 1
992 1192 1
856 1056 1
998 1198 1
278 478 1
960 1260 1
305 505 1
737 937 1
731 931 1
803 1003 1
142 342 1
566 766 1
489 689 1
244 444 1
73 273 1
25 225 1
435 635 1
824 1024 1
53 253 1
592 792 1
612 912 1
237 437 1
520 720 1
435 635 1
396 696 1
710 910 1
994 1194 1
397 597 1
763 963 1
156 456 1
748 948 0.106013
528 828 1
260 460 1
502 702 1
186 486 1
157 357 1
131 331 1
490 690 1
537 737 1
529 729 1
895 1095 1
873 1073 1
9 209 1
873 1073 1
944 1144 1
582 882 1
267 467 1
486 786 1
777 977 0.102866
887 1087 1
59 259 1
33 233 1
639 839 1
714 1014 1
718 918 1
48 348 1
519 719 1
681 881 1
517 717 1
110 310 1
139 339 1
502 702 1
808 1008 0.099702
95 295 1
926 1126 1
599 799 1
988 1188 1
816 1116 1
739 939 1
962 1162 1
189 389 1
371 571 0.176007
969 1169 1
681 881 1
955 1155 1
712 912 1
609 809 1
407 607 1
465 665 1
181 381 1
430 630 1
905 1105 1
769 969 1
215 415 1
667 867 1
510 810 1
648 948 1
694 894 1
8 208 1
967 1167 1
600 900 1
196 396 1
589 789 1
63 263 1
448 648 0.155093
742 942 1
757 957 1
651 851 1
526 726 1
497 697 1
44 244 0.411885
298 498 0.201807
357 557 1
965 1165 1
833 1033 1
509 709 1
462 762 1
917 1117 0.089973
244 444 1
304 504 1
251 451 1
661 861 1
352 552 0.182065
919 1119 0.089812
519 719 0.139777
818 1018 1
706 906 1
617 817 1
759 959 1
861 1061 1
751 951 1
88 288 1
803 1003 1
552 852 1
17 217 1
311 511 1
5 205 1
102 402 1
275 475 0.211579
866 1066 0.094278
704 904 1
791 991 1
216 516 1
593 793 1
33 233 1
329 529 1
223 423 1
468 768 1
505 705 1
560 760 1
985 1185 1
343 543 1
513 713 1
678 978 1
281 481 1
991 1191 1
549 749 1
875 1075 1
514 714 1
628 828 0.121377
641 841 1
77 277 1
212 412 1
701 901 1
718 918 1
960 1260 1
976 1176 0.085459
822 1122 1
173 373 1
104 304 1
422 622 1
748 948 1
490 690 1
714 1014 1
485 685 1
814 1014 1
978 1278 1
502 702 1
899 1099 0.091447
438 738 1
61 261 1
447 647 1
616 816 1
518 718 1
284 484 1
928 1128 1
512 712 1
419 619 1
755 955 1
408 708 1
957 1157 1
717 917 1
248 448 1
615 815 1
1000 1200 1
244 444 1
689 889 1
750 1050 1
688 888 1
980 1180 1
10 210 1
283 483 1
216 516 1
337 537 1
716 916 1
562 762 1
549 749 1
947 1147 1
334 534 1
948 1248 1
206 406 1
931 1131 1
984 1284 0.078271
347 547 1
754 954 1
68 268 1
898 1098 0.09153
523 723 1
836 1036 1
778 978 1
777 977 0.102866
267 467 1
562 762 1
821 1021 1
482 682 0.147361
161 361 1
881 1081 0.092969
303 503 1
389 589 1
417 617 1
450 750 1
537 737 1
306 606 1
246 546 1
488 688 1
842 1042 1
270 570 1
31 231 1
695 895 1
567 767 1
791 991 1
683 883 1
62 262 1
91 291 1
283 483 1
605 805 0.124845
293 493 0.203854
680 880 1
125 325 1
320 520 1
671 871 1
660 960 1
760 960 1
882 1182 1
345 545 1
853 1053 1
353 553 1
349 549 1
585 785 1
837 1037 1
600 900 1
753 953 1
71 271 1
846 1146 1
951 1151 1
515 715 0.140559
710 910 0.11044
293 493 1
777 977 1
9 209 1
675 875 0.114857
219 419 1
76 276 0.36413
963 1163 1
701 901 1
903 1103 1
471 671 1
779 979 1
67 267 1
236 436 1
92 292 1
749 949 1
817 1017 1
489 689 1
782 982 1
279 479 1
194 394 1
532 732 1
980 1180 1
842 1042 1
934 1134 1
253 453 1
676 876 1
590 790 1
446 646 1
889 1089 0.092287
184 384 1
865 1065 1
971 1171 1
356 556 1
964 1164 1
465 665 1
658 858 1
701 901 1
181 381 1
533 733 1
74 274 1
957 1157 1
771 971 1
551 751 1
763 963 0.104361
56 256 1
239 439 0.228929
380 580 1
592 792 1
433 633 0.158768
389 589 1
769 969 1
926 1126 1
242 442 1
219 419 1
448 648 1
234 534 1
985 1185 1
904 1104 1
457 657 0.152968
526 726 1
692 892 1
597 797 0.126098
233 433 1
565 765 1
918 1218 1
166 366 1
117 317 1
922 1122 1
30 330 1
442 642 1
79 279 1
580 780 1
727 927 1
182 382 1
480 780 1
109 309 1
594 894 0.112416
774 1074 1
628 828 1
645 845 1
453 653 0.153905
844 1044 1
264 564 1
491 691 1
39 239 0.420502
606 906 1
87 287 1
820 1020 1
217 417 1
971 1171 1
200 400 1
721 921 1
878 1078 1
46 246 1
641 841 1
797 997 1
667 867 1
225 425 1
447 647 0.155332
932 1132 1
255 455 1
179 379 1
67 267 1
189 389 1
323 523 1
626 826 1
734 934 1
673 873 1
219 419 1
745 945 1
28 228 1
97 297 1
683 883 1
131 331 1
613 813 0.123616
451 651 1
515 715 1
453 653 1
615 815 1
916 1116 0.090054
339 539 1
271 471 1
765 965 1
335 535 1
142 342 1
531 731 1
578 778 1
156 456 1
155 355 1
756 1056 1
190 390 1
617 817 1
183 383 1
360 660 1
719 919 1
989 1189 1
891 1091 0.092117
422 622 1
321 521 1
871 1071 0.093838
900 1200 1
377 577 1
534 834 1
579 779 0.129012
901 1101 1
90 390 0.257692
438 738 1
764 964 1
502 702 1
561 761 1
320 520 1
882 1182 1
616 816 1
188 388 1
638 838 1
142 342 1
455 655 1
637 837 1
749 949 1
233 433 1
254 454 1
280 480 1
634 834 1
264 564 1
669 869 1
66 366 1
917 1117 1
946 1146 1
726 1026 1
963 1163 1
993 1193 1
831 1031 1
283 483 1
316 516 1
313 513 0.195906
554 754 1
250 450 1
945 1145 1
189 389 1
736 936 0.107372
704 904 1
544 744 1
274 474 1
319 519 1
705 905 1
872 1072 1
509 709 1
415 615 1
294 594 1
586 786 1
976 1176 1
316 516 1
692 892 1
907 1107 1
67 267 1
273 473 1
283 483 1
215 415 1
708 1008 1
821 1021 1
364 564 1
479 679 1
118 318 1
986 1186 1
674 874 1
92 292 1
166 366 1
776 976 1
657 857 1
801 1001 1
560 760 1
926 1126 1
762 1062 1
668 868 1
710 910 1
249 449 1
140 340 1
412 612 1
129 329 1
507 707 0.14215
324 624 1
156 456 1
725 925 0.108649
300 600 1
982 1182 0.085025
406 606 1
121 321 1
228 528 1
712 912 0.110197
321 521 1
84 384 1
399 599 1
821 1021 1
963 1163 1
185 385 1
814 1014 1
640 840 1
183 383 1
443 643 1
948 1248 1
556 756 1
216 516 0.194767
17 217 1
734 934 1
931 1131 1
403 603 0.166667
843 1043 1
514 714 1
91 291 1
377 577 1
258 558 1
160 360 1
809 1009 1
554 754 1
939 1139 1
348 648 1
890 1090 0.092202
714 1014 1
932 1132 0.088781
769 969 1
549 749 0.134179
687 887 1
317 517 1
390 690 1
746 946 1
632 832 1
312 612 1
501 701 0.143367
645 845 0.118935
711 911 1
50 250 1
486 786 1
123 323 1
360 660 0.152273
687 887 1
320 520 0.193269
210 510 0.197059
679 879 1
608 808 0.124381
904 1104 1
669 869 1
565 765 1
592 792 1
920 1120 1
166 366 1
860 1060 1
978 1278 0.078638
969 1169 1
490 690 1
62 262 1
309 509 0.197446
544 744 1
576 876 1
929 1129 1
560 760 1
732 1032 1
241 441 1
21 221 1
933 1133 1
205 405 1
649 849 1
331 531 1
185 385 1
63 263 1
708 1008 0.099702
111 311 1
170 370 1
420 720 1
849 1049 1
671 871 1
535 735 1
845 1045 0.096172
450 750 1
914 1114 1
235 435 1
210 510 1
554 754 1
82 282 1
986 1186 1
212 412 1
693 893 0.112542
721 921 1
530 730 1
313 513 1
26 226 1
759 959 1
947 1147 1
312 612 1
844 1044 0.096264
458 658 1
71 271 1
600 900 1
268 468 1
43 243 1
762 1062 1
357 557 1
664 864 1
151 351 1
794 994 1
795 995 1
647 847 1
523 723 1
895 1095 1
408 708 1
370 570 1
591 791 1
860 1060 1
622 822 1
492 792 1
716 916 1
4 204 1
518 718 1
235 435 1
309 509 0.197446
469 669 1
261 461 1
804 1104 1
273 473 1
784 984 1
146 346 1
170 370 0.271622
799 999 1
606 906 1
613 813 0.123616
734 934 1
263 463 1
84 384 1
906 1206 1
8 208 0.483173
127 327 1
599 799 1
163 363 1
284 484 1
316 516 1
344 544 1
353 553 1
662 862 1
316 516 1
185 385 1
172 372 1
38 238 1
682 882 1
158 358 1
893 1093 1
740 940 1
409 609 1
733 933 1
35 235 1
101 301 1
967 1167 1
173 373 1
226 426 1
418 618 1
20 220 0.456818
914 1114 1
141 341 1
936 1236 1
104 304 1
87 287 1
732 1032 1
658 858 1
271 471 1
530 730 1
534 834 1
505 705 1
608 808 1
955 1155 0.087013
432 732 1
684 984 1
521 721 1
132 432 1
412 612 1
223 423 1
4 204 1
602 802 1
75 275 1
824 1024 1
589 789 1
202 402 1
530 730 1
148 348 1
146 346 1
268 468 1
928 1128 0.089096
142 342 1
129 329 1
771 971 1
558 858 1
961 1161 1
84 384 1
83 283 1
781 981 1
872 1072 1
392 592 1
185 385 1
555 755 1
268 468 1
584 784 1
86 286 1
198 498 1
925 1125 1
718 918 1
124 324 1
158 358 1
55 255 1
275 475 1
526 726 1
287 487 0.206366
631 831 0.120939
258 558 1
348 648 1
700 900 0.111667
419 619 1
408 708 1
76 276 1
981 1181 1
573 773 1
230 430 1
466 666 1
17 217 1
904 1104 1
773 973 1
584 784 1
964 1164 1
825 1025 1
368 568 1
838 1038 1
778 978 1
999 1199 1
773 973 1
483 683 1
833 1033 1
714 1014 1
668 868 1
657 857 1
131 331 0.303625
431 631 1
566 766 1
684 984 1
633 833 1
114 414 1
558 858 1
355 555 1
976 1176 1
793 993 1
643 843 1
997 1197 1
639 839 1
624 924 1
316 516 1
117 317 1
135 335 0.3
535 735 1
970 1170 1
574 774 1
121 321 1
53 253 1
616 816 1
711 911 1
131 331 1
728 928 1
958 1158 1
376 576 1
787 987 1
98 298 1
921 1121 1
723 923 1
505 705 1
717 917 1
548 748 1
763 963 1
569 769 1
447 647 1
643 843 1
743 943 1
142 342 1
991 1191 0.084383
634 834 1
695 895 1
296 496 1
37 237 1
97 297 1
374 574 1
350 550 1
333 533 1
338 538 1
454 654 1
892 1092 1
620 820 1
353 553 1
822 1122 1
6 306 1
409 609 1
539 739 1
55 255 1
426 726 0.13843
269 469 1
223 423 1
74 274 1
82 282 1
379 579 1
103 303 1
843 1043 1
879 1079 0.093142
136 336 1
95 295 0.340678
185 385 1
934 1134 1
803 1003 1
173 373 1
107 307 1
775 975 1
509 709 1
31 231 0.435065
555 755 1
200 400 1
34 234 1
303 503 1
431 631 0.159271
206 406 0.247537
382 582 1
346 546 1
378 678 1
555 755 1
881 1081 1
452 652 1
791 991 1
552 852 1
731 931 1
229 429 1
358 558 0.180108
605 805 1
495 695 1
502 702 1
300 600 1
323 523 1
548 748 1
84 384 1
599 799 1
89 289 1
166 366 1
252 552 1
247 447 1
355 555 1
665 865 1
325 525 0.191429
526 726 1
852 1152 1
382 582 0.17268
560 760 1
696 996 1
973 1173 1
924 1224 1
947 1147 1
203 403 1
307 507 1
120 420 1
113 313 1
288 588 1
820 1020 1
844 1044 1
323 523 0.192161
800 1000 1
810 1110 1
211 411 1
490 690 1
271 471 1
30 330 1
899 1099 1
905 1105 1
979 1179 1
469 669 1
105 305 1
647 847 1
637 837 1
6 306 0.328431
56 256 1
675 875 1
254 454 1
146 346 0.290462
554 754 1
742 942 1
51 251 1
50 250 0.402
460 660 0.152273
964 1164 1
610 810 1
340 540 1
918 1218 1
162 462 1
378 678 1
78 378 0.265873
168 468 1
513 713 1
678 978 1
273 473 1
966 1266 1
401 601 1
546 846 1
23 223 1
909 1109 1
254 454 1
476 676 1
940 1140 1
35 235 1
934 1134 1
988 1188 1
824 1024 1
666 966 1
617 817 1
563 763 1
362 562 1
492 792 0.126894
511 711 1
383 583 1
110 310 1
432 732 1
981 1181 1
941 1141 1
264 564 1
67 267 1
935 1135 1
53 253 1
430 630 1
72 372 0.270161
183 383 1
74 274 1
226 426 1
640 840 1
12 312 1
511 711 1
845 1045 1
18 318 1
763 963 1
754 954 1
557 757 1
884 1084 1
194 394 0.255076
99 299 1
495 695 1
623 823 1
623 823 1
630 930 1
28 228 1
694 894 1
404 604 1
636 936 1
424 624 1
695 895 1
942 1242 1
974 1174 1
678 978 1
400 600 0.1675
329 529 1
578 778 1
229 429 1
770 970 1
405 605 1
523 723 1
285 485 1
441 641 1
132 432 1
452 652 1
450 750 1
162 462 1
577 777 1
85 285 1
136 336 1
459 659 1
961 1161 0.086563
76 276 1
268 468 1
695 895 1
981 1181 1
93 293 0.343003
569 769 1
775 975 1
286 486 0.20679
114 414 1
320 520 1
288 588 1
703 903 1
987 1187 0.084667
974 1174 1
963 1163 1
39 239 1
47 247 1
17 217 1
648 948 0.106013
515 715 1
584 784 0.128189
739 939 1
634 834 1
327 527 1
731 931 1
109 309 1
461 661 1
526 726 1
285 485 1
805 1005 1
915 1115 1
53 253 1
694 894 1
480 780 1
362 562 1
476 676 1
729 929 1
287 487 1
190 390 1
180 480 1
106 306 0.328431
326 526 1
693 893 1
441 641 1
342 642 1
864 1164 1
182 382 1
120 420 1
30 330 1
164 364 1
769 969 0.103715
602 802 1
379 579 1
450 750 1
305 505 1
47 247 1
619 819 1
126 426 1
580 780 1
828 1128 1
42 342 1
396 696 1
121 321 1
933 1133 1
794 994 1
401 601 1
544 744 1
978 1278 1
147 347 1
136 336 1
461 661 1
846 1146 1
882 1182 0.085025
914 1114 1
181 381 1
26 226 1
966 1266 1
820 1020 1
800 1000 1
590 790 1
598 798 1
461 661 1
781 981 1
665 865 1
628 828 1
676 876 1
160 360 1
763 963 0.104361
236 436 1
165 365 1
534 834 1
377 577 1
565 765 1
933 1133 0.088703
662 862 1
825 1025 1
822 1122 1
945 1145 1
906 1206 1
713 913 1
282 582 1
931 1131 0.088859
772 972 1
732 1032 1
796 996 1
116 316 0.318038
545 745 1
260 460 1
811 1011 1
722 922 1
920 1120 1
104 304 1
791 991 1
635 835 1
196 396 1
519 719 1
657 857 1
736 936 1
517 717 1
323 523 1
566 766 1
491 691 1
171 371 1
735 935 1
492 792 1
736 936 1
795 995 0.101005
905 1105 1
51 251 1
391 591 1
886 1086 1
320 520 0.193269
157 357 1
184 384 1
777 977 1
726 1026 1
695 895 1
981 1181 1
975 1175 1
126 426 1
221 421 1
715 915 1
128 328 1
198 498 0.201807
881 1081 1
832 1032 1
174 474 1
726 1026 1
971 1171 1
710 910 1
874 1074 1
919 1119 1
977 1177 1
526 726 1
266 466 1
781 981 0.102446
313 513 1
550 750 1
206 406 1
533 733 1
946 1146 1
507 707 0.14215
406 606 1
943 1143 1
670 870 1
607 807 1
325 525 1
340 540 0.186111
195 395 1
587 787 1
265 465 1
496 696 1
508 708 1
437 637 1
1000 1200 1
33 233 0.43133
548 748 1
243 443 0.226862
275 475 1
133 333 1
787 987 1
990 1290 1
486 786 1
560 760 1
302 502 1
920 1120 1
366 666 1
283 483 1
211 411 1
653 853 1
153 353 1
861 1061 1
906 1206 1
749 949 1
553 753 0.133466
822 1122 1
765 965 1
360 660 1
441 641 1
582 882 1
976 1176 1
456 756 0.132937
509 709 0.141749
154 354 1
793 993 1
58 258 1
102 402 1
863 1063 1
784 984 0.102134
173 373 1
67 267 0.376404
980 1180 1
72 372 1
40 240 1
401 601 1
916 1116 1
827 1027 0.097858
168 468 1
108 408 1
729 929 0.108181
898 1098 1
279 479 1
395 595 1
410 610 0.164754
458 658 1
725 925 1
223 423 1
557 757 1
744 1044 1
731 931 1
459 659 1
613 813 1
286 486 1
795 995 1
485 685 1
436 636 1
810 1110 1
625 825 1
627 827 1
905 1105 1
133 333 1
28 228 1
111 311 1
452 652 1
849 1049 1
829 1029 1
867 1067 1
676 876 1
722 922 0.109002
261 461 1
653 853 1
15 215 1
582 882 1
843 1043 1
100 300 1
442 642 1
476 676 1
52 252 1
632 832 1
116 316 1
976 1176 1
264 564 1
949 1149 1
847 1047 1
245 445 1
196 396 1
528 828 1
727 927 1
873 1073 1
626 826 1
216 516 1
280 480 1
124 324 1
321 521 1
982 1182 1
11 211 1
232 432 1
115 315 1
836 1036 1
105 305 1
682 882 1
193 393 1
665 865 0.116185
454 654 0.15367
791 991 1
833 1033 1
68 268 1
663 863 1
248 448 1
344 544 1
668 868 1
332 532 0.18891
678 978 1
264 564 1
374 574 1
734 934 1
229 429 1
187 387 1
86 286 1
217 417 1
204 504 1
165 365 1
819 1019 1
163 363 1
35 235 1
837 1037 1
783 983 0.102238
891 1091 1
732 1032 1
4 204 1
253 453 1
274 474 1
587 787 1
611 811 1
377 577 1
284 484 1
53 253 1
329 529 1
755 955 0.105236
768 1068 1
108 408 1
363 563 1
99 299 1
435 635 1
792 1092 1
690 990 1
22 222 1
681 881 1
815 1015 1
864 1164 1
423 623 1
932 1132 1
725 925 1
994 1194 1
294 594 0.169192
442 642 1
156 456 1
695 895 1
348 648 0.155093
842 1042 0.096449
525 725 1
110 310 1
676 876 1
207 407 1
29 229 0.438865
316 516 1
988 1188 1
563 763 1
545 745 1
547 747 1
265 465 1
669 869 1
801 1001 1
364 564 1
638 838 1
323 523 1
544 744 1
189 389 1
309 509 1
712 912 1
817 1017 1
971 1171 1
995 1195 1
366 666 1
859 1059 1
569 769 1
792 1092 1
693 893 1
670 870 1
454 654 1
924 1224 1
450 750 1
644 844 1
235 435 1
451 651 1
528 828 1
32 232 0.43319
682 882 1
313 513 1
498 798 1
1 201 1
648 948 1
903 1103 1
222 522 1
880 1080 1
123 323 1
619 819 1
675 875 1
309 509 1
227 427 1
179 379 1
867 1067 1
117 317 1
300 600 1
275 475 1
633 833 1
198 498 1
907 1107 1
529 729 1
180 480 1
441 641 1
652 852 1
551 751 1
2 202 1
303 503 0.199801
706 906 0.110927
857 1057 1
77 277 1
164 364 1
982 1182 1
658 858 1
457 657 1
191 391 1
398 598 1
395 595 1
275 475 1
183 383 1
464 664 1
4 204 1
931 1131 1
823 1023 1
235 435 1
232 432 1
34 234 1
986 1186 1
948 1248 1
765 965 1
220 420 1
79 279 1
814 1014 1
649 849 1
783 983 1
485 685 1
80 280 1
518 718 1
794 994 1
328 528 1
931 1131 1
990 1290 1
142 342 1
730 930 1
985 1185 1
526 726 1
832 1032 0.097384
298 498 1
511 711 0.14135
567 767 1
868 1068 1
528 828 1
459 659 1
824 1024 1
643 843 1
638 838 1
861 1061 1
245 445 1
821 1021 1
216 516 1
298 498 1
539 739 0.135995
367 567 1
532 732 1
220 420 1
520 720 1
230 430 1
763 963 1
739 939 1
671 871 1
714 1014 1
5 205 1
862 1062 1
498 798 1
196 396 1
704 904 1
802 1002 1
134 334 1
871 1071 1
218 418 0.240431
481 681 0.147577
90 390 1
106 306 1
194 394 1
132 432 1
655 855 1
35 235 1
562 762 1
706 906 0.110927
528 828 1
269 469 1
735 935 1
989 1189 0.084525
723 923 0.108884
707 907 1
575 775 1
172 372 1
71 271 0.370849
666 966 1
233 433 1
403 603 1
588 888 1
370 570 1
632 832 1
20 220 0.456818
341 541 1
653 853 1
104 304 1
961 1161 1
888 1188 1
70 270 1
823 1023 1
342 642 1
220 420 1
939 1139 0.088235
901 1101 1
427 627 1
353 553 1
363 563 1
771 971 1
688 888 1
275 475 1
192 492 1
263 463 1
431 631 1
31 231 1
350 550 1
334 534 1
510 810 0.124074
964 1164 1
482 682 1
176 376 1
345 545 1
467 667 1
907 1107 1
136 336 1
243 443 1
591 791 1
379 579 1
801 1001 1
22 222 1
781 981 1
830 1030 0.097573
377 577 1
141 341 1
485 685 1
457 657 1
177 377 1
145 345 1
534 834 1
708 1008 1
946 1146 1
257 457 1
685 885 1
16 216 1
993 1193 1
55 255 1
606 906 1
761 961 1
275 475 0.211579
874 1074 1
57 257 1
525 725 1
425 625 0.1608
78 378 1
830 1030 1
899 1099 1
261 461 1
77 277 1
721 921 1
677 877 1
251 451 1
345 545 1
934 1134 1
317 517 1
976 1176 0.085459
54 354 1
949 1149 1
195 395 1
286 486 1
28 228 1
247 447 1
620 820 1
93 293 1
339 539 1
598 798 1
756 1056 1
123 323 1
838 1038 1
728 928 1
21 221 1
37 237 1
960 1260 1
45 245 1
165 365 1
747 947 1
897 1097 1
124 324 1
108 408 1
663 863 1
48 348 1
985 1185 0.08481
322 522 1
302 502 1
306 606 1
570 870 1
301 501 1
197 397 1
98 298 1
964 1164 1
953 1153 1
940 1140 0.088158
934 1134 1
978 1278 1
517 717 1
862 1062 1
320 520 1
334 534 1
860 1060 1
423 623 1
434 634 1
246 546 1
521 721 1
892 1092 1
1000 1200 1
208 408 0.246324
153 353 1
310 510 1
153 353 1
709 909 1
85 285 1
806 1006 1
342 642 1
425 625 1
917 1117 1
690 990 1
353 553 1
440 640 1
541 741 0.135628
598 798 1
119 319 1
315 515 1
875 1075 1
756 1056 1
38 238 1
337 537 1
318 618 0.162621
244 444 1
167 367 1
909 1109 1
128 328 1
531 731 1
932 1132 1
46 246 1
53 253 1
760 960 1
787 987 1
770 970 1
273 473 1
594 894 1
624 924 1
585 785 1
453 653 1
995 1195 1
438 738 1
128 328 1
907 1107 0.090786
967 1167 1
103 303 1
810 1110 1
93 293 1
253 453 1
223 423 1
792 1092 1
497 697 1
972 1272 1
828 1128 0.089096
402 702 0.143162
367 567 1
7 207 1
232 432 1
996 1296 1
320 520 1
993 1193 1
757 957 0.105016
313 513 1
329 529 1
785 985 1
143 343 1
523 723 1
437 637 1
623 823 0.122114
901 1101 1
144 444 1
102 402 1
796 996 1
312 612 1
462 762 0.13189
357 557 1
638 838 1
458 658 0.152736
871 1071 1
877 1077 1
777 977 1
696 996 1
277 477 1
947 1147 1
198 498 1
136 336 0.299107
175 375 1
80 280 1
983 1183 1
259 459 1
609 809 1
605 805 1
552 852 1
595 795 1
880 1080 1
597 797 1
880 1080 1
14 214 1
363 563 1
398 598 1
109 309 1
641 841 1
539 739 1
584 784 1
787 987 1
309 509 1
755 955 1
499 699 1
741 941 1
236 436 1
144 444 1
805 1005 1
978 1278 1
260 460 1
265 465 1
170 370 1
601 801 1
362 562 1
399 599 1
505 705 1
860 1060 0.094811
656 856 1
6 306 1
397 597 1
544 744 1
480 780 0.128846
306 606 1
633 833 1
123 323 1
703 903 1
34 234 1
74 274 1
509 709 1
834 1134 1
848 1048 1
721 921 1
615 815 1
755 955 1
55 255 1
974 1174 0.085605
574 774 1
812 1012 1
363 563 1
581 781 1
64 264 1
114 414 1
940 1140 1
708 1008 1
773 973 1
627 827 1
186 486 1
146 346 1
759 959 0.104797
680 880 1
786 1086 1
522 822 1
962 1162 1
243 443 1
703 903 1
885 1085 1
836 1036 1
249 449 1
897 1097 1
91 291 0.345361
581 781 1
121 321 1
569 769 1
298 498 1
160 360 1
715 915 1
930 1230 1
205 405 1
800 1000 0.1005
922 1122 1
521 721 1
190 390 1
171 371 1
362 562 1
582 882 1
939 1139 1
506 706 1
817 1017 1
368 568 1
532 732 1
790 990 1
121 321 1
316 516 1
634 834 1
540 840 1
364 564 1
287 487 1
642 942 1
801 1001 1
791 991 1
142 342 1
520 720 1
31 231 1
591 791 1
365 565 1
436 636 1
422 622 1
486 786 1
516 816 1
575 775 1
995 1195 0.0841
374 574 1
115 315 1
630 930 1
339 539 1
940 1140 0.088158
943 1143 1
790 990 1
424 624 1
622 822 1
946 1146 1
30 330 1
163 363 1
781 981 1
310 510 1
855 1055 1
239 439 1
307 507 1
490 690 1
942 1242 1
756 1056 1
462 762 1
739 939 1
57 257 1
594 894 1
323 523 1
380 580 1
453 653 0.153905
561 761 1
59 259 1
382 582 1
166 366 1
879 1079 1
192 492 1
360 660 1
