5000 124130
152 352 0.285511
460 660 0.152273
434 634 0.158517
874 1074 1
379 579 0.173575
407 607 0.165568
963 1163 0.086414
145 345 0.291304
544 744 1
64 264 0.380682
9 209 0.480861
57 257 1
205 405 0.248148
472 672 0.149554
313 513 0.195906
426 726 0.13843
488 688 0.146076
432 732 0.137295
212 412 1
39 239 1
275 475 1
781 981 0.102446
926 1126 0.089254
958 1158 1
123 323 1
884 1084 0.092712
842 1042 0.096449
621 821 0.122412
252 552 0.182065
158 358 0.280726
183 383 1
134 334 0.300898
470 670 1
421 621 0.161836
301 501 1
139 339 0.29646
355 555 0.181081
957 1157 1
176 376 0.267287
817 1017 1
910 1110 1
171 371 1
475 675 0.148889
33 233 0.43133
620 820 0.122561
241 441 0.227891
406 606 0.165842
98 298 0.337248
494 694 1
671 871 0.115385
209 409 0.245721
824 1024 0.098145
637 837 0.120072
595 795 1
990 1290 1
296 496 1
708 1008 1
498 798 0.12594
874 1074 0.093575
113 313 0.321086
794 994 0.101107
876 1176 0.085459
147 347 1
35 235 1
292 492 0.204268
899 1099 1
195 395 0.25443
555 755 1
278 478 1
203 403 1
283 483 1
629 829 1
291 491 0.204684
67 267 1
320 520 0.193269
720 1020 0.098529
152 352 0.285511
451 651 1
362 562 1
997 1197 0.08396
989 1189 1
708 1008 1
727 927 0.108414
80 280 1
315 515 0.195146
586 786 0.127863
308 508 0.197835
877 1077 1
422 622 1
588 888 0.113176
68 268 0.375
755 955 1
235 435 0.231034
530 730 1
238 438 1
316 516 0.194767
843 1043 0.096357
502 702 0.143162
186 486 1
186 486 1
422 622 0.161576
371 571 0.176007
628 828 0.121377
419 619 0.162359
353 553 0.181736
625 825 0.121818
720 1020 0.098529
838 1038 0.096821
752 952 0.105567
238 438 0.229452
923 1123 0.089492
332 532 1
547 747 0.134538
85 285 0.352632
496 696 1
695 895 1
165 365 0.275342
371 571 0.176007
608 808 1
597 797 1
95 295 1
772 972 0.103395
160 360 0.279167
885 1085 0.092627
57 257 0.391051
290 490 1
990 1290 0.077907
768 1068 0.094101
393 593 0.169477
630 930 0.108065
228 528 0.190341
201 401 0.250623
682 882 0.113946
724 924 1
51 251 0.400398
869 1069 1
574 774 1
187 387 1
585 785 0.128025
363 563 1
676 876 1
946 1146 0.087696
75 275 0.365455
5 205 1
642 942 1
516 816 0.123162
355 555 0.181081
821 1021 1
978 1278 0.078638
244 444 1
426 726 1
360 660 0.152273
793 993 0.101208
529 729 1
838 1038 1
94 294 0.341837
163 363 1
835 1035 0.097101
773 973 0.103289
239 439 1
928 1128 1
539 739 1
992 1192 0.084312
983 1183 0.084954
114 414 0.242754
935 1135 1
297 497 1
738 1038 0.096821
348 648 0.155093
315 515 1
316 516 1
784 984 1
620 820 1
584 784 0.128189
953 1153 1
946 1146 1
705 905 0.11105
752 952 1
736 936 1
570 870 0.115517
829 1029 0.097668
839 1039 0.096728
859 1059 1
367 567 0.177249
899 1099 0.091447
923 1123 0.089492
951 1151 1
646 846 0.118794
585 785 0.128025
621 821 1
914 1114 0.090215
121 321 0.313084
775 975 1
558 858 1
342 642 0.156542
579 779 0.129012
718 918 1
954 1254 1
756 1056 1
202 402 0.25
578 778 0.129177
719 919 0.109358
578 778 0.129177
268 468 0.214744
64 264 0.380682
246 546 0.184066
429 629 1
993 1193 0.084241
216 516 1
553 753 0.133466
703 903 1
495 695 1
955 1155 1
451 651 1
521 721 0.13939
904 1104 0.091033
229 429 1
235 435 0.231034
33 233 1
397 597 0.168342
875 1075 0.093488
408 708 0.141949
981 1181 0.085097
398 598 0.16806
390 690 0.145652
861 1061 1
702 1002 1
695 895 1
206 406 1
686 886 1
238 438 0.229452
805 1005 1
952 1152 0.08724
945 1145 1
225 425 0.236471
38 238 0.422269
120 420 1
806 1006 0.099901
663 863 0.116454
516 816 1
647 847 0.118654
975 1175 0.085532
776 976 0.102971
106 306 1
989 1189 1
632 832 0.120793
774 1074 1
869 1069 1
759 959 0.104797
391 591 1
342 642 0.156542
275 475 1
522 822 0.122263
404 604 0.166391
846 1146 0.087696
607 807 0.124535
109 309 0.325243
978 1278 1
112 312 0.322115
74 274 1
91 291 1
796 996 1
997 1197 0.08396
379 579 1
70 270 1
312 612 0.164216
443 643 0.156299
424 624 1
165 365 1
511 711 0.14135
399 599 1
418 618 1
614 814 1
978 1278 1
91 291 1
885 1085 1
556 756 1
46 246 1
153 353 1
620 820 1
561 761 0.132063
481 681 0.147577
261 461 1
841 1041 0.096542
516 816 0.123162
674 874 0.114989
86 286 1
114 414 0.242754
517 717 0.140167
36 336 0.299107
660 960 0.104688
445 645 0.155814
147 347 0.289625
907 1107 0.090786
275 475 1
764 964 1
132 432 1
476 676 0.148669
311 511 0.196673
353 553 1
861 1061 0.094722
793 993 0.101208
694 894 0.112416
875 1075 0.093488
757 957 0.105016
131 331 0.303625
880 1080 1
382 582 1
430 630 1
125 325 1
418 618 1
679 879 1
596 796 1
767 967 0.10393
454 654 0.15367
237 437 1
651 851 1
400 600 1
515 715 1
905 1105 0.09095
260 460 1
35 235 0.42766
771 971 0.103502
542 742 0.135445
272 472 0.212924
826 1026 1
503 703 1
961 1161 1
299 499 0.201403
661 861 1
413 613 0.163948
577 777 0.129344
154 354 1
396 696 1
442 642 1
927 1127 1
717 917 1
336 636 0.158019
736 936 1
183 383 0.262402
613 813 0.123616
750 1050 0.095714
513 713 1
517 717 1
526 726 0.13843
211 411 0.244526
745 945 1
817 1017 0.09882
614 814 0.123464
120 420 0.239286
471 671 0.149776
979 1179 1
59 259 1
735 935 0.107487
756 1056 1
878 1078 1
65 265 0.379245
35 235 1
73 273 1
616 816 1
257 457 0.219912
580 780 0.128846
821 1021 0.098433
48 348 1
875 1075 0.093488
8 208 1
877 1077 1
391 591 0.170051
780 1080 1
827 1027 1
394 594 0.169192
703 903 1
664 864 0.116319
191 391 0.257033
846 1146 0.087696
318 618 1
41 241 0.417012
68 268 1
854 1054 0.095351
380 580 0.173276
53 253 0.397233
809 1009 1
520 720 1
16 216 1
939 1139 1
640 840 0.119643
926 1126 1
238 438 0.229452
566 766 1
621 821 0.122412
314 514 0.195525
651 851 0.118096
1000 1200 1
543 743 1
287 487 1
559 759 0.132411
320 520 1
565 765 0.131373
918 1218 0.082512
513 713 0.140954
444 744 0.135081
658 858 1
525 725 0.138621
566 766 0.131201
543 743 1
858 1158 1
961 1161 0.086563
651 851 1
547 747 1
290 490 0.205102
341 541 0.185767
565 765 0.131373
848 1048 1
51 251 0.400398
512 712 1
248 448 1
651 851 1
710 910 1
731 931 1
620 820 0.122561
311 511 1
944 1144 0.08785
24 324 0.310185
441 641 0.156786
863 1063 1
912 1212 1
404 604 0.166391
52 252 0.39881
865 1065 1
356 556 0.180755
956 1156 1
767 967 1
124 324 1
175 375 1
163 363 0.27686
228 528 1
178 378 1
117 317 1
50 250 1
346 546 0.184066
206 406 0.247537
541 741 1
631 831 1
918 1218 1
55 255 1
838 1038 0.096821
814 1014 1
595 795 1
603 803 1
930 1230 0.081707
986 1186 0.084739
562 762 0.13189
652 852 1
157 357 1
796 996 0.100904
690 990 1
942 1242 0.080918
269 469 1
562 762 1
681 881 0.114075
478 678 1
500 700 0.143571
569 769 0.130689
88 288 0.348958
300 600 1
737 937 0.107257
147 347 1
586 786 1
833 1033 0.097289
866 1066 1
450 750 1
756 1056 0.09517
505 705 0.142553
477 677 0.148449
722 922 0.109002
863 1063 0.094544
946 1146 1
266 466 0.215665
594 894 1
769 969 0.103715
643 843 1
842 1042 0.096449
779 979 1
255 455 0.220879
821 1021 0.098433
986 1186 0.084739
615 815 1
254 454 0.221366
493 693 0.145022
216 516 0.194767
643 843 0.119217
292 492 1
807 1007 1
636 936 1
829 1029 0.097668
379 579 1
404 604 0.166391
304 504 1
781 981 1
14 214 0.469626
92 292 1
824 1024 1
624 924 0.108766
698 898 1
524 724 1
883 1083 0.092798
632 832 0.120793
478 678 0.14823
481 681 0.147577
511 711 1
124 324 1
586 786 1
515 715 0.140559
888 1188 1
990 1290 0.077907
43 243 1
891 1091 0.092117
81 281 1
240 540 1
837 1037 0.096914
932 1132 0.088781
904 1104 0.091033
501 701 1
719 919 0.109358
165 365 0.275342
766 966 1
598 798 1
282 582 0.17268
28 228 1
988 1188 1
810 1110 1
562 762 0.13189
756 1056 1
983 1183 0.084954
947 1147 1
939 1139 1
928 1128 0.089096
181 381 0.26378
448 648 0.155093
412 612 1
229 429 0.234266
405 605 0.166116
293 493 1
783 983 1
115 315 0.319048
466 666 1
612 912 1
718 918 0.109477
308 508 0.197835
320 520 0.193269
855 1055 0.095261
935 1135 0.088546
707 907 1
653 853 0.117819
482 682 1
33 233 0.43133
198 498 1
873 1073 0.093663
557 757 0.132761
908 1108 0.090704
748 948 0.106013
518 718 1
248 448 0.22433
53 253 1
55 255 0.394118
376 576 1
645 845 1
23 223 1
107 307 0.327362
397 597 1
130 330 1
778 978 0.102761
308 508 0.197835
237 437 1
731 931 1
319 519 1
532 732 1
802 1002 0.100299
739 939 0.107029
785 985 1
274 474 0.212025
929 1129 0.089017
164 364 0.276099
765 965 1
67 267 1
423 623 0.161316
673 873 0.11512
362 562 1
644 844 0.119076
885 1085 0.092627
139 339 1
730 930 0.108065
509 709 1
612 912 0.110197
425 625 1
566 766 1
615 815 1
345 545 0.184404
565 765 1
766 966 0.104037
646 846 0.118794
785 985 0.10203
446 646 0.155573
534 834 0.120504
728 928 0.108297
686 886 0.113431
152 352 0.285511
905 1105 0.09095
124 324 1
831 1031 0.097478
181 381 1
986 1186 1
916 1116 1
19 219 0.458904
159 359 1
973 1173 0.085678
626 826 0.121671
199 399 1
298 498 0.201807
266 466 0.215665
118 318 0.316038
418 618 1
558 858 0.117133
138 438 0.229452
157 357 1
864 1164 0.08634
451 651 1
311 511 1
899 1099 1
140 340 0.295588
996 1296 1
720 1020 0.098529
642 942 0.106688
971 1171 0.085824
652 852 0.117958
674 874 0.114989
912 1212 0.082921
319 519 0.193642
947 1147 0.08762
839 1039 0.096728
573 773 1
186 486 1
512 712 1
395 595 1
377 577 1
230 430 1
504 804 0.125
97 297 1
386 586 1
635 835 1
910 1110 0.090541
138 438 1
804 1104 1
81 281 0.357651
40 240 1
861 1061 0.094722
766 966 0.104037
105 305 0.329508
680 880 1
872 1072 0.09375
995 1195 1
119 319 0.315047
392 592 0.169764
845 1045 0.096172
694 894 1
402 702 0.143162
140 340 0.295588
909 1109 1
916 1116 0.090054
242 442 0.227376
107 307 1
464 664 0.151355
301 501 1
313 513 0.195906
862 1062 0.094633
762 1062 1
523 723 0.139004
690 990 0.101515
719 919 1
448 648 1
642 942 1
917 1117 1
435 635 0.158268
48 348 0.288793
70 270 1
520 720 1
320 520 0.193269
292 492 1
343 543 1
646 846 0.118794
999 1199 1
719 919 0.109358
239 439 0.228929
60 360 1
242 442 1
37 237 1
346 546 1
422 622 1
406 606 0.165842
847 1047 0.095989
372 672 0.149554
822 1122 1
890 1090 1
661 861 0.116725
702 1002 0.100299
581 781 0.128681
198 498 1
433 633 0.158768
258 558 1
832 1032 1
741 941 1
98 298 0.337248
770 970 0.103608
987 1187 0.084667
602 802 0.125312
214 414 1
516 816 0.123162
961 1161 1
990 1290 0.077907
134 334 0.300898
216 516 1
529 729 0.13786
168 468 1
229 429 1
119 319 1
186 486 0.20679
859 1059 1
681 881 0.114075
958 1158 0.086788
144 444 1
819 1019 1
504 804 0.125
528 828 1
459 659 1
615 815 0.123313
948 1248 1
567 767 0.13103
927 1127 1
528 828 0.121377
519 719 0.139777
348 648 0.155093
582 882 1
280 480 1
831 1031 1
610 810 0.124074
175 375 0.268
220 420 1
834 1134 0.088624
934 1134 1
834 1134 0.088624
882 1182 1
963 1163 0.086414
33 233 1
289 489 1
587 787 0.1277
611 811 0.123921
76 276 0.36413
761 961 1
65 265 0.379245
704 904 0.111173
970 1170 0.085897
582 882 1
410 610 1
544 744 1
73 273 1
138 438 1
211 411 0.244526
742 942 0.106688
896 1096 0.091697
485 685 1
124 324 1
396 696 1
162 462 0.217532
6 306 0.328431
266 466 1
711 911 0.110318
890 1090 0.092202
840 1140 0.088158
368 568 0.176937
678 978 0.102761
125 325 1
325 525 1
236 436 0.230505
883 1083 1
618 918 1
327 527 1
160 360 1
911 1111 0.090459
692 892 0.112668
889 1089 1
222 522 1
601 801 1
838 1038 1
578 778 0.129177
170 370 1
376 576 1
349 549 0.18306
425 625 0.1608
428 628 0.160032
284 484 1
266 466 0.215665
953 1153 0.087164
83 283 0.355124
240 540 0.186111
837 1037 1
206 406 0.247537
970 1170 1
210 510 1
562 762 1
398 598 0.16806
150 450 1
633 833 1
327 527 1
289 489 0.205521
613 813 0.123616
966 1266 1
683 883 0.113817
905 1105 0.09095
832 1032 1
11 211 0.476303
801 1001 1
522 822 0.122263
681 881 0.114075
966 1266 1
642 942 0.106688
642 942 0.106688
965 1165 1
862 1062 1
654 954 0.105346
794 994 0.101107
267 467 0.215203
476 676 1
291 491 0.204684
506 706 0.142351
779 979 0.102656
755 955 1
723 923 1
960 1260 0.079762
272 472 0.212924
897 1097 1
867 1067 0.094189
273 473 1
822 1122 1
931 1131 1
862 1062 0.094633
974 1174 0.085605
475 675 0.148889
548 748 0.134358
325 525 1
233 433 0.232102
737 937 1
806 1006 0.099901
961 1161 0.086563
252 552 1
690 990 1
94 294 0.341837
87 287 0.350174
1000 1200 0.08375
354 654 1
300 600 1
275 475 1
499 699 1
721 921 1
584 784 1
229 429 0.234266
632 832 0.120793
70 270 1
998 1198 0.08389
382 582 1
91 291 0.345361
372 672 1
90 390 1
843 1043 1
746 946 0.106237
960 1260 0.079762
876 1176 1
793 993 0.101208
652 852 0.117958
336 636 1
621 821 0.122412
262 462 0.217532
101 301 1
749 949 1
728 928 0.108297
390 690 1
736 936 1
969 1169 1
633 833 1
579 779 0.129012
427 627 1
386 586 1
193 393 0.255725
316 516 1
374 574 0.175087
613 813 0.123616
543 743 1
374 574 0.175087
227 427 1
995 1195 1
703 903 1
261 461 1
815 1015 1
118 318 1
23 223 1
516 816 1
247 447 0.224832
116 316 0.318038
781 981 1
40 240 1
628 828 0.121377
515 715 1
122 322 1
344 544 1
383 583 1
211 411 0.244526
401 601 0.167221
911 1111 1
901 1101 1
199 399 1
959 1159 0.086713
168 468 0.214744
299 499 0.201403
483 683 1
165 365 0.275342
857 1057 0.09508
530 730 1
870 1170 1
185 385 0.261039
24 324 0.310185
548 748 0.134358
617 817 0.123011
456 756 1
512 712 1
756 1056 1
303 503 0.199801
727 927 0.108414
229 429 1
218 418 1
458 658 1
572 772 1
163 363 1
340 540 1
404 604 1
441 641 0.156786
18 318 1
198 498 1
419 619 0.162359
337 537 0.187151
60 360 0.279167
418 618 0.162621
954 1254 0.080144
761 961 0.104579
685 885 1
312 612 0.164216
118 318 0.316038
208 408 1
362 562 1
679 879 1
950 1150 0.087391
430 630 1
402 702 0.143162
129 329 1
962 1162 0.086489
784 984 0.102134
439 639 0.157277
59 259 0.388031
813 1013 1
258 558 0.180108
5 205 1
929 1129 0.089017
955 1155 1
19 219 0.458904
354 654 0.15367
494 694 0.144813
459 659 0.152504
836 1036 0.097008
772 972 1
586 786 0.127863
309 509 0.197446
768 1068 1
565 765 0.131373
217 417 1
836 1036 1
237 437 0.229977
210 510 0.197059
410 610 0.164754
988 1188 0.084596
10 210 1
959 1159 0.086713
661 861 0.116725
876 1176 0.085459
630 930 1
852 1152 0.08724
676 876 0.114726
861 1061 1
799 999 1
547 747 1
522 822 0.122263
994 1194 0.084171
816 1116 0.090054
62 262 1
870 1170 1
894 1194 1
640 840 1
101 301 1
336 636 0.158019
880 1080 1
522 822 1
670 870 0.115517
795 995 1
873 1073 1
223 423 1
923 1123 0.089492
481 681 0.147577
523 723 0.139004
749 949 0.105901
95 295 1
626 826 0.121671
284 484 0.207645
195 395 1
912 1212 1
588 888 1
785 985 0.10203
234 534 0.188202
238 438 0.229452
43 243 0.41358
123 323 1
581 781 0.128681
514 714 0.140756
354 654 1
436 636 0.158019
849 1049 0.095806
48 348 0.288793
96 396 0.253788
130 330 1
869 1069 1
541 741 1
372 672 0.149554
835 1035 1
499 699 0.143777
264 564 0.178191
833 1033 0.097289
135 335 1
69 269 0.373606
996 1296 0.077546
154 354 0.283898
673 873 1
600 900 0.111667
900 1200 1
238 438 0.229452
509 709 0.141749
715 915 1
302 502 1
549 749 0.134179
843 1043 0.096357
64 264 0.380682
256 456 0.220395
8 208 0.483173
610 810 1
178 378 0.265873
254 454 1
724 924 1
109 309 0.325243
885 1085 0.092627
969 1169 1
31 231 1
489 689 0.145864
545 745 1
760 960 1
353 553 0.181736
260 460 0.218478
231 431 0.233179
715 915 1
932 1132 0.088781
871 1071 0.093838
321 521 1
530 730 1
244 444 1
261 461 0.218004
566 766 1
538 738 1
328 528 0.190341
633 833 0.120648
211 411 0.244526
799 999 1
278 478 0.210251
27 227 0.442731
698 898 1
715 915 0.109836
722 922 0.109002
179 379 0.265172
518 718 0.139972
229 429 0.234266
575 775 0.129677
972 1272 1
573 773 0.130013
610 810 1
51 251 0.400398
890 1090 0.092202
380 580 1
920 1120 1
575 775 0.129677
964 1164 1
886 1086 0.092541
173 373 0.269437
869 1069 1
818 1018 0.098723
69 269 1
516 816 0.123162
208 408 1
839 1039 1
391 591 1
791 991 1
518 718 1
263 463 1
337 537 0.187151
525 725 0.138621
633 833 0.120648
754 954 1
623 823 1
317 517 0.194391
361 561 0.179144
935 1135 0.088546
994 1194 0.084171
337 537 0.187151
523 723 1
281 481 1
279 479 1
396 696 1
461 661 0.152042
517 717 0.140167
94 294 0.341837
380 580 0.173276
47 247 0.406883
601 801 0.125468
248 448 0.22433
376 576 0.174479
306 606 1
623 823 0.122114
752 952 1
529 729 0.13786
892 1092 1
167 367 0.273842
603 803 1
933 1133 0.088703
410 610 1
440 640 0.157031
303 503 0.199801
815 1015 1
85 285 1
887 1087 1
495 695 1
824 1024 0.098145
701 901 1
637 837 0.120072
788 988 0.101721
233 433 0.232102
792 1092 1
380 580 1
365 565 0.177876
166 366 1
843 1043 0.096357
770 970 1
352 552 1
51 251 0.400398
495 695 0.144604
845 1045 1
430 630 1
554 754 0.133289
645 845 1
469 669 0.150224
2 202 0.497525
331 531 1
226 426 1
941 1141 0.088081
370 570 0.176316
306 606 1
35 235 1
226 426 0.235915
556 756 0.132937
381 581 0.172978
185 385 0.261039
897 1097 1
418 618 1
955 1155 1
942 1242 0.080918
541 741 0.135628
990 1290 0.077907
853 1053 0.095442
878 1078 1
830 1030 1
902 1102 1
623 823 0.122114
271 471 0.213376
722 922 0.109002
368 568 0.176937
944 1144 0.08785
528 828 1
999 1199 0.08382
254 454 0.221366
205 405 1
781 981 0.102446
262 462 1
211 411 0.244526
617 817 1
97 297 0.338384
194 394 1
252 552 0.182065
936 1236 0.081311
521 721 0.13939
622 822 0.122263
608 808 0.124381
719 919 1
719 919 1
290 490 0.205102
24 324 0.310185
430 630 1
517 717 1
870 1170 1
95 295 0.340678
565 765 0.131373
661 861 0.116725
21 221 1
770 970 1
585 785 0.128025
775 975 0.103077
723 923 0.108884
432 732 0.137295
40 240 1
707 907 1
527 727 1
554 754 1
472 672 0.149554
890 1090 1
369 569 0.176626
844 1044 0.096264
148 348 1
568 768 0.130859
252 552 1
290 490 0.205102
230 430 1
77 277 1
149 349 0.287966
899 1099 0.091447
37 237 1
343 543 1
993 1193 1
577 777 0.129344
289 489 1
568 768 1
891 1091 1
591 791 0.127054
105 305 0.329508
302 502 1
891 1091 0.092117
905 1105 1
659 859 0.116997
733 933 1
151 351 1
870 1170 0.085897
20 220 0.456818
583 783 0.128352
309 509 1
321 521 0.192898
739 939 0.107029
604 804 0.125
982 1182 0.085025
67 267 0.376404
434 634 0.158517
177 377 1
965 1165 0.086266
706 906 0.110927
4 204 1
125 325 0.309231
118 318 0.316038
389 589 1
840 1140 1
375 575 1
311 511 1
342 642 1
812 1012 0.099308
161 361 1
553 753 0.133466
342 642 0.156542
314 514 1
823 1023 0.09824
543 743 0.135262
867 1067 0.094189
205 405 0.248148
568 768 0.130859
485 685 1
508 708 1
724 924 1
243 443 1
585 785 0.128025
123 323 0.311146
894 1194 0.084171
323 523 0.192161
390 690 1
2 202 1
172 372 0.270161
380 580 0.173276
780 1080 0.093056
694 894 0.112416
771 971 1
59 259 1
448 648 0.155093
599 799 1
30 330 0.304545
152 352 1
26 226 0.44469
341 541 1
775 975 1
119 319 0.315047
337 537 1
940 1140 0.088158
894 1194 0.084171
482 682 1
896 1096 1
672 972 0.103395
896 1096 0.091697
200 400 1
229 429 0.234266
105 305 0.329508
529 729 1
529 729 1
332 532 1
544 744 1
394 594 1
920 1120 0.089732
807 1007 1
880 1080 1
923 1123 1
319 519 1
553 753 0.133466
885 1085 0.092627
233 433 1
661 861 1
61 261 0.385057
727 927 0.108414
321 521 0.192898
51 251 1
291 491 1
960 1260 1
674 874 1
58 258 0.389535
484 684 0.14693
673 873 1
271 471 1
526 726 1
840 1140 0.088158
73 273 0.368132
962 1162 1
277 477 0.210692
463 663 0.151584
341 541 1
98 298 1
752 952 0.105567
196 396 0.253788
368 568 1
349 549 1
169 369 1
123 323 0.311146
412 612 1
662 862 1
747 947 1
748 948 0.106013
607 807 0.124535
455 655 1
629 829 1
572 772 1
519 719 1
216 516 1
254 454 0.221366
907 1107 1
638 838 1
270 570 1
458 658 1
248 448 1
942 1242 0.080918
524 724 1
387 587 0.17121
647 847 1
268 468 0.214744
61 261 0.385057
560 760 0.132237
587 787 1
25 225 1
231 431 0.233179
89 289 1
235 435 0.231034
140 340 1
769 969 0.103715
984 1284 1
664 864 0.116319
16 216 1
229 429 0.234266
25 225 0.446667
661 861 0.116725
884 1084 1
70 270 1
170 370 0.271622
861 1061 0.094722
854 1054 1
130 330 0.304545
11 211 0.476303
625 825 1
478 678 0.14823
337 537 1
167 367 0.273842
663 863 0.116454
457 657 0.152968
125 325 1
377 577 0.174177
299 499 1
67 267 0.376404
455 655 0.153435
511 711 1
753 953 0.105456
955 1155 1
439 639 0.157277
418 618 1
672 972 1
634 834 1
172 372 1
19 219 1
360 660 0.152273
820 1020 0.098529
520 720 1
215 415 1
964 1164 1
516 816 0.123162
733 933 1
996 1296 1
833 1033 0.097289
196 396 0.253788
369 569 0.176626
281 481 0.20894
364 564 1
882 1182 0.085025
629 829 1
649 849 0.118375
376 576 0.174479
892 1092 0.092033
698 898 0.111915
888 1188 1
437 637 1
69 269 1
762 1062 1
860 1060 0.094811
433 633 0.158768
364 564 1
29 229 0.438865
244 444 1
627 827 1
132 432 1
952 1152 1
380 580 0.173276
274 474 1
766 966 0.104037
295 495 1
799 999 1
642 942 0.106688
960 1260 1
508 708 1
747 947 0.106125
974 1174 1
249 449 0.223831
605 805 1
1000 1200 1
582 882 0.113946
626 826 0.121671
801 1001 1
257 457 1
123 323 0.311146
438 738 0.136179
171 371 1
672 972 0.103395
862 1062 1
594 894 0.112416
845 1045 1
181 381 1
324 624 1
733 933 0.107717
734 934 1
64 264 1
180 480 0.209375
768 1068 0.094101
812 1012 0.099308
402 702 1
758 958 1
927 1127 1
658 858 0.117133
352 552 1
709 909 1
470 670 0.15
331 531 0.189266
623 823 1
830 1030 1
933 1133 0.088703
140 340 0.295588
424 624 1
366 666 1
316 516 0.194767
253 453 0.221854
765 965 1
744 1044 0.096264
982 1182 1
824 1024 1
570 870 1
892 1092 1
802 1002 0.100299
848 1048 1
116 316 1
88 288 1
629 829 1
331 531 0.189266
757 957 0.105016
387 587 0.17121
688 888 1
64 264 1
181 381 0.26378
108 408 0.246324
896 1096 0.091697
577 777 1
490 690 1
679 879 1
568 768 0.130859
738 1038 0.096821
113 313 1
87 287 1
272 472 1
455 655 1
106 306 0.328431
333 533 1
1 201 1
233 433 0.232102
711 911 1
943 1143 1
606 906 0.110927
209 409 1
852 1152 0.08724
457 657 1
93 293 1
507 707 0.14215
832 1032 1
439 639 1
291 491 0.204684
508 708 1
427 627 0.160287
168 468 1
811 1011 0.099407
428 628 1
885 1085 0.092627
132 432 0.232639
623 823 1
893 1093 1
613 813 1
103 303 1
357 557 0.180431
97 297 1
559 759 1
579 779 0.129012
434 634 0.158517
351 551 1
708 1008 0.099702
193 393 1
42 342 1
798 1098 1
101 301 1
368 568 1
174 474 1
319 519 1
592 792 1
980 1180 0.085169
643 843 1
655 855 0.117544
825 1025 0.098049
704 904 0.111173
889 1089 1
242 442 1
378 678 1
91 291 0.345361
513 713 1
617 817 1
459 659 0.152504
983 1183 1
230 430 1
828 1128 1
673 873 0.11512
212 412 1
756 1056 0.09517
456 756 1
771 971 1
489 689 1
204 504 1
18 318 1
919 1119 1
475 675 1
5 205 0.490244
386 586 0.171502
41 241 0.417012
844 1044 0.096264
4 204 0.492647
145 345 0.291304
717 917 1
181 381 0.26378
741 941 0.106801
874 1074 0.093575
447 647 0.155332
435 635 0.158268
334 534 0.188202
844 1044 1
370 570 0.176316
197 397 0.253149
274 474 0.212025
549 749 1
53 253 1
363 563 0.178508
76 276 1
600 900 0.111667
855 1055 0.095261
936 1236 1
351 551 0.182396
360 660 1
947 1147 0.08762
585 785 0.128025
845 1045 0.096172
602 802 0.125312
740 940 1
268 468 1
660 960 0.104688
366 666 1
98 298 1
385 585 1
345 545 1
854 1054 1
907 1107 1
548 748 1
793 993 1
310 510 1
235 435 1
744 1044 0.096264
67 267 1
866 1066 0.094278
67 267 0.376404
493 693 0.145022
183 383 1
114 414 1
909 1109 0.090622
426 726 1
745 945 1
864 1164 0.08634
53 253 0.397233
715 915 1
502 702 0.143162
111 311 0.323151
577 777 0.129344
547 747 0.134538
988 1188 0.084596
854 1054 0.095351
162 462 1
115 315 1
638 838 0.119928
83 283 0.355124
513 713 1
201 401 1
758 958 1
288 588 0.170918
586 786 1
313 513 0.195906
489 689 0.145864
201 401 1
611 811 0.123921
495 695 0.144604
638 838 0.119928
619 819 1
285 485 1
714 1014 0.099112
646 846 0.118794
614 814 1
962 1162 0.086489
395 595 1
181 381 1
556 756 1
493 693 1
395 595 0.168908
255 455 0.220879
823 1023 0.09824
836 1036 0.097008
24 324 0.310185
139 339 0.29646
518 718 0.139972
337 537 1
583 783 1
715 915 0.109836
872 1072 0.09375
444 744 1
827 1027 0.097858
578 778 0.129177
310 510 0.197059
826 1026 1
44 244 1
628 828 0.121377
629 829 0.12123
97 297 0.338384
409 609 1
24 324 0.310185
610 810 0.124074
153 353 1
590 790 1
537 737 0.136364
299 499 1
603 803 0.125156
806 1006 0.099901
904 1104 1
756 1056 0.09517
29 229 0.438865
169 369 0.272358
43 243 0.41358
503 703 0.142959
956 1156 0.086938
838 1038 1
569 769 0.130689
754 954 0.105346
785 985 1
986 1186 1
539 739 1
933 1133 1
596 796 0.126256
119 319 0.315047
716 916 0.109716
17 217 1
571 771 0.13035
502 702 0.143162
458 658 1
761 961 0.104579
779 979 0.102656
780 1080 1
34 234 0.429487
524 724 1
829 1029 1
480 780 0.128846
319 519 0.193642
984 1284 0.078271
58 258 1
843 1043 1
82 282 1
56 256 0.392578
479 679 1
942 1242 1
475 675 0.148889
223 423 0.237589
98 298 1
167 367 0.273842
462 762 0.13189
754 954 0.105346
330 630 0.159524
123 323 1
735 935 1
226 426 0.235915
698 898 1
749 949 1
246 546 0.184066
727 927 1
774 1074 0.093575
349 549 1
331 531 0.189266
125 325 0.309231
347 547 0.183729
762 1062 0.094633
499 699 1
138 438 0.229452
547 747 1
112 312 0.322115
367 567 1
757 957 1
615 815 1
106 306 1
52 252 0.39881
192 492 1
562 762 0.13189
145 345 0.291304
685 885 1
87 287 1
4 204 1
569 769 1
579 779 0.129012
639 839 0.119785
540 840 1
531 731 1
565 765 0.131373
519 719 1
540 840 1
373 573 1
839 1039 1
961 1161 1
33 233 0.43133
539 739 0.135995
567 767 0.13103
89 289 0.347751
440 640 1
553 753 0.133466
506 706 1
892 1092 0.092033
914 1114 1
695 895 0.112291
979 1179 1
482 682 1
640 840 0.119643
179 379 1
676 876 1
349 549 1
54 354 0.283898
281 481 1
123 323 1
927 1127 1
588 888 1
750 1050 1
518 718 1
895 1095 1
136 336 1
696 996 0.100904
806 1006 0.099901
52 252 1
396 696 1
7 207 1
711 911 0.110318
256 456 0.220395
614 814 0.123464
847 1047 0.095989
934 1134 1
901 1101 0.091281
858 1158 1
859 1059 0.094901
953 1153 0.087164
267 467 0.215203
962 1162 0.086489
235 435 0.231034
458 658 0.152736
272 472 0.212924
174 474 0.212025
758 958 1
44 244 1
966 1266 1
92 292 1
920 1120 1
724 924 0.108766
984 1284 0.078271
464 664 1
709 909 1
25 225 1
508 708 0.141949
548 748 1
131 331 1
587 787 1
114 414 0.242754
529 729 0.13786
20 220 1
591 791 0.127054
18 318 1
204 504 1
785 985 1
633 833 0.120648
346 546 0.184066
977 1177 1
255 455 0.220879
471 671 1
126 426 1
387 587 0.17121
421 621 1
5 205 0.490244
813 1013 1
122 322 0.312112
860 1060 0.094811
595 795 1
402 702 0.143162
666 966 0.104037
653 853 0.117819
56 256 0.392578
536 736 0.136549
714 1014 1
918 1218 0.082512
610 810 0.124074
461 661 1
562 762 1
709 909 0.110561
435 635 0.158268
231 431 1
27 227 0.442731
682 882 1
597 797 1
113 313 0.321086
107 307 0.327362
905 1105 0.09095
358 558 1
310 510 1
950 1150 0.087391
821 1021 1
101 301 0.333887
324 624 0.161058
69 269 1
470 670 0.15
274 474 1
723 923 1
482 682 0.147361
364 564 1
49 249 0.403614
387 587 1
993 1193 1
968 1168 1
487 687 1
465 665 1
537 737 1
409 609 1
387 587 1
745 945 0.106349
48 348 1
725 925 1
886 1086 1
221 421 1
898 1098 1
283 483 1
627 827 0.121524
948 1248 0.080529
587 787 0.1277
295 495 1
55 255 1
915 1115 0.090135
535 735 0.136735
334 534 0.188202
929 1129 1
527 727 1
488 688 1
773 973 0.103289
442 642 0.156542
345 545 0.184404
200 400 0.25125
397 597 1
950 1150 0.087391
96 396 1
482 682 0.147361
442 642 0.156542
801 1001 0.1004
537 737 1
245 445 0.225843
479 679 1
923 1123 1
746 946 1
728 928 1
243 443 0.226862
116 316 0.318038
554 754 1
431 631 1
558 858 0.117133
647 847 0.118654
531 731 1
124 324 0.310185
652 852 1
451 651 0.154378
904 1104 1
718 918 1
368 568 0.176937
404 604 0.166391
990 1290 1
69 269 0.373606
682 882 1
294 594 0.169192
982 1182 0.085025
683 883 0.113817
465 665 1
474 774 0.129845
129 329 1
92 292 1
25 225 0.446667
431 631 0.159271
666 966 1
742 942 0.106688
838 1038 0.096821
546 846 0.118794
720 1020 1
433 633 0.158768
686 886 1
373 573 1
880 1080 0.093056
704 904 0.111173
627 827 0.121524
427 627 0.160287
678 978 0.102761
286 486 0.20679
598 798 0.12594
97 297 1
301 501 1
529 729 1
669 869 1
743 943 0.106575
610 810 1
66 366 1
277 477 0.210692
757 957 1
172 372 0.270161
419 619 1
543 743 0.135262
558 858 1
174 474 1
311 511 1
415 615 1
711 911 1
555 755 0.133113
932 1132 0.088781
200 400 1
672 972 1
593 793 1
284 484 1
825 1025 0.098049
81 281 0.357651
622 822 0.122263
127 327 0.307339
898 1098 0.09153
246 546 1
654 954 1
513 713 0.140954
695 895 0.112291
324 624 0.161058
330 630 1
434 634 1
131 331 0.303625
713 913 0.110077
65 265 0.379245
497 697 0.144189
918 1218 1
463 663 1
330 630 0.159524
672 972 1
735 935 1
416 616 0.163149
640 840 0.119643
987 1187 0.084667
218 418 0.240431
827 1027 1
484 684 1
784 984 0.102134
603 803 1
933 1133 0.088703
734 934 1
943 1143 1
313 513 0.195906
449 649 0.154854
972 1272 1
530 730 1
883 1083 0.092798
448 648 1
201 401 1
110 310 1
821 1021 1
393 593 1
135 335 1
272 472 0.212924
644 844 0.119076
977 1177 0.085387
748 948 0.106013
441 641 1
5 205 0.490244
164 364 0.276099
17 217 1
626 826 1
306 606 1
850 1050 0.095714
253 453 0.221854
1000 1200 1
92 292 0.344178
593 793 0.126734
246 546 1
616 816 1
121 321 0.313084
386 586 1
520 720 0.139583
859 1059 1
967 1167 1
691 891 1
555 755 0.133113
419 619 1
223 423 0.237589
273 473 1
248 448 0.22433
612 912 0.110197
714 1014 1
745 945 1
636 936 0.107372
819 1019 0.098626
543 743 0.135262
649 849 1
900 1200 1
850 1050 0.095714
538 738 1
116 316 0.318038
295 495 1
257 457 1
694 894 0.112416
643 843 0.119217
575 775 1
454 654 1
844 1044 1
691 891 0.112795
583 783 0.128352
822 1122 1
121 321 1
461 661 1
277 477 0.210692
993 1193 0.084241
835 1035 1
929 1129 1
761 961 0.104579
705 905 1
28 228 0.440789
698 898 1
228 528 0.190341
842 1042 0.096449
821 1021 1
220 420 0.239286
74 274 0.366788
667 867 1
332 532 0.18891
49 249 0.403614
784 984 1
620 820 1
758 958 0.104906
319 519 1
173 373 0.269437
246 546 1
485 685 0.146715
690 990 1
12 312 1
469 669 1
282 582 1
104 304 1
360 660 1
792 1092 1
739 939 0.107029
296 496 0.202621
87 287 0.350174
991 1191 1
534 834 0.120504
770 970 1
480 780 1
316 516 0.194767
732 1032 1
33 233 0.43133
900 1200 1
810 1110 1
70 270 1
827 1027 0.097858
927 1127 1
201 401 1
611 811 1
599 799 0.125782
815 1015 1
687 887 1
936 1236 0.081311
77 277 1
252 552 1
79 279 1
189 389 0.258355
929 1129 1
214 414 0.242754
14 214 0.469626
846 1146 1
288 588 0.170918
586 786 1
168 468 1
911 1111 1
913 1113 0.090296
85 285 0.352632
631 831 0.120939
903 1103 1
789 989 0.101618
254 454 1
516 816 0.123162
605 805 1
536 736 1
144 444 1
699 899 1
198 498 1
197 397 1
101 301 1
947 1147 1
620 820 1
300 600 1
267 467 0.215203
163 363 1
431 631 0.159271
63 263 1
819 1019 1
790 990 0.101515
392 592 1
231 431 1
908 1108 0.090704
759 959 0.104797
393 593 0.169477
84 384 0.261719
644 844 1
181 381 0.26378
430 630 0.159524
26 226 0.44469
495 695 1
280 480 0.209375
166 366 0.27459
941 1141 1
893 1093 1
689 889 0.113048
137 337 0.29822
645 845 0.118935
664 864 1
774 1074 1
691 891 0.112795
65 265 0.379245
611 811 1
83 283 1
991 1191 0.084383
800 1000 0.1005
51 251 0.400398
905 1105 1
365 565 0.177876
347 547 0.183729
137 337 0.29822
826 1026 0.097953
469 669 1
861 1061 0.094722
414 714 1
146 346 0.290462
241 441 0.227891
410 610 0.164754
790 990 1
23 223 0.450673
854 1054 0.095351
42 342 0.29386
221 421 0.238717
106 306 1
58 258 0.389535
503 703 1
100 300 0.335
724 924 1
263 463 1
954 1254 1
252 552 1
601 801 0.125468
886 1086 0.092541
665 865 1
185 385 1
15 215 1
525 725 0.138621
748 948 1
768 1068 0.094101
639 839 0.119785
497 697 1
403 603 0.166667
960 1260 1
371 571 0.176007
388 588 0.170918
897 1097 1
365 565 1
358 558 0.180108
727 927 1
300 600 1
376 576 0.174479
831 1031 1
928 1128 0.089096
337 537 0.187151
887 1087 0.092456
309 509 1
166 366 1
724 924 1
611 811 0.123921
139 339 0.29646
735 935 1
734 934 0.107602
668 868 1
837 1037 0.096914
848 1048 0.095897
676 876 1
295 495 0.20303
305 505 0.19901
413 613 1
335 535 0.18785
256 456 1
543 743 1
371 571 0.176007
142 342 0.29386
991 1191 1
689 889 1
365 565 0.177876
109 309 0.325243
447 647 1
859 1059 0.094901
188 388 0.259021
416 616 1
706 906 1
819 1019 1
77 277 1
848 1048 0.095897
254 454 0.221366
673 873 0.11512
871 1071 0.093838
780 1080 1
946 1146 1
776 976 1
417 617 0.162885
673 873 0.11512
81 281 0.357651
627 827 0.121524
528 828 0.121377
91 291 1
173 373 1
776 976 0.102971
486 786 1
473 673 1
468 768 1
248 448 1
428 628 1
556 756 0.132937
983 1183 1
916 1116 1
840 1140 0.088158
15 215 1
133 333 1
601 801 0.125468
391 591 1
728 928 0.108297
436 636 1
93 293 0.343003
52 252 1
757 957 0.105016
544 744 1
807 1007 1
870 1170 0.085897
816 1116 0.090054
369 569 0.176626
914 1114 0.090215
534 834 1
875 1075 1
417 617 1
746 946 1
230 430 0.233721
988 1188 0.084596
555 755 0.133113
260 460 1
914 1114 1
514 714 1
549 749 1
2 202 1
914 1114 0.090215
229 429 0.234266
262 462 0.217532
581 781 1
310 510 0.197059
473 673 0.149331
712 912 1
440 640 1
880 1080 0.093056
331 531 1
366 666 0.150901
251 451 1
85 285 0.352632
618 918 1
335 535 1
221 421 1
299 499 0.201403
558 858 0.117133
577 777 1
673 873 1
788 988 0.101721
476 676 1
334 534 1
289 489 1
242 442 1
336 636 0.158019
42 342 1
237 437 0.229977
680 880 0.114205
954 1254 1
826 1026 1
37 237 1
879 1079 0.093142
689 889 1
357 557 1
330 630 1
421 621 1
266 466 0.215665
839 1039 0.096728
353 553 1
935 1135 1
353 553 0.181736
201 401 0.250623
79 279 0.360215
528 828 0.121377
621 821 0.122412
298 498 0.201807
157 357 1
423 623 1
888 1188 0.084596
72 372 0.270161
365 565 0.177876
381 581 1
821 1021 1
39 239 0.420502
346 546 1
772 972 0.103395
480 780 1
664 864 1
756 1056 0.09517
808 1008 0.099702
569 769 0.130689
122 322 1
609 809 0.124227
849 1049 1
616 816 0.123162
53 253 0.397233
757 957 1
927 1127 0.089175
274 474 1
338 538 0.186803
434 634 1
204 504 1
418 618 0.162621
275 475 0.211579
680 880 0.114205
773 973 1
376 576 0.174479
968 1168 0.086045
374 574 1
233 433 1
37 237 0.424051
680 880 0.114205
126 426 0.235915
767 967 0.10393
548 748 0.134358
139 339 0.29646
692 892 1
108 408 0.246324
467 667 0.150675
959 1159 1
487 687 1
202 402 0.25
407 607 0.165568
167 367 0.273842
303 503 1
706 906 0.110927
555 755 0.133113
541 741 0.135628
764 964 1
67 267 0.376404
721 921 0.109121
984 1284 0.078271
701 901 0.111543
23 223 1
150 450 1
790 990 0.101515
230 430 1
420 720 1
170 370 1
19 219 1
616 816 1
609 809 1
869 1069 0.094013
800 1000 0.1005
572 772 0.130181
388 588 0.170918
947 1147 1
589 789 0.127376
160 360 1
26 226 0.44469
768 1068 0.094101
414 714 0.140756
232 432 0.232639
863 1063 0.094544
341 541 1
136 336 0.299107
429 629 1
593 793 1
1000 1200 0.08375
837 1037 0.096914
569 769 1
641 841 1
687 887 0.113303
76 276 0.36413
449 649 0.154854
929 1129 1
982 1182 1
361 561 0.179144
697 897 0.11204
670 870 0.115517
163 363 1
202 402 1
467 667 0.150675
855 1055 1
720 1020 0.098529
688 888 1
776 976 0.102971
955 1155 0.087013
569 769 0.130689
706 906 1
396 696 0.144397
239 439 0.228929
377 577 1
773 973 0.103289
445 645 0.155814
493 693 1
881 1081 0.092969
238 438 0.229452
565 765 0.131373
502 702 1
233 433 0.232102
573 773 1
779 979 1
513 713 0.140954
772 972 1
499 699 1
285 485 1
208 408 1
776 976 1
76 276 1
121 321 0.313084
609 809 1
475 675 1
686 886 0.113431
583 783 1
923 1123 0.089492
39 239 1
352 552 1
744 1044 1
60 360 1
998 1198 1
3 203 0.495074
1 201 1
401 601 0.167221
701 901 1
252 552 0.182065
568 768 1
486 786 0.127863
317 517 1
375 575 1
477 677 0.148449
417 617 0.162885
989 1189 0.084525
237 437 1
682 882 0.113946
267 467 0.215203
137 337 1
662 862 0.116589
371 571 0.176007
478 678 1
702 1002 0.100299
575 775 0.129677
399 599 0.16778
247 447 0.224832
370 570 1
581 781 0.128681
244 444 0.226351
477 677 1
456 756 1
136 336 0.299107
110 310 0.324194
232 432 0.232639
698 898 0.111915
272 472 1
928 1128 1
610 810 0.124074
837 1037 1
723 923 0.108884
432 732 1
113 313 0.321086
592 792 0.126894
908 1108 0.090704
79 279 1
666 966 1
116 316 0.318038
381 581 1
150 450 0.223333
775 975 1
284 484 0.207645
94 294 1
162 462 0.217532
466 666 0.150901
902 1102 1
578 778 1
441 641 0.156786
863 1063 0.094544
945 1145 1
513 713 1
650 850 1
701 901 0.111543
309 509 1
256 456 1
545 745 0.134899
69 269 1
661 861 1
346 546 1
31 231 1
825 1025 0.098049
991 1191 0.084383
346 546 1
357 557 0.180431
38 238 1
674 874 0.114989
198 498 1
938 1138 0.088313
354 654 1
310 510 1
797 997 1
344 544 0.184743
381 581 0.172978
983 1183 1
657 857 1
883 1083 1
708 1008 0.099702
674 874 1
494 694 0.144813
489 689 0.145864
513 713 1
246 546 0.184066
504 804 1
242 442 1
372 672 0.149554
124 324 0.310185
208 408 1
920 1120 0.089732
180 480 0.209375
967 1167 0.086118
8 208 1
352 552 1
486 786 1
876 1176 0.085459
985 1185 1
735 935 1
221 421 0.238717
259 459 0.218954
780 1080 0.093056
350 550 0.182727
831 1031 1
355 555 0.181081
790 990 0.101515
846 1146 0.087696
110 310 0.324194
873 1073 0.093663
513 713 1
204 504 0.199405
212 412 0.243932
369 569 0.176626
121 321 0.313084
389 589 0.170628
317 517 0.194391
195 395 0.25443
76 276 0.36413
931 1131 1
248 448 0.22433
671 871 0.115385
721 921 0.109121
197 397 1
734 934 0.107602
17 217 0.463134
169 369 1
786 1086 1
873 1073 1
309 509 0.197446
721 921 1
711 911 1
14 214 0.469626
611 811 1
789 989 0.101618
27 227 1
195 395 0.25443
332 532 0.18891
526 726 0.13843
842 1042 0.096449
153 353 1
858 1158 0.086788
861 1061 1
375 575 1
978 1278 1
747 947 0.106125
677 877 1
143 343 1
27 227 1
471 671 0.149776
68 268 0.375
540 840 0.119643
379 579 0.173575
677 877 0.114595
393 593 0.169477
520 720 1
274 474 0.212025
265 465 0.216129
663 863 0.116454
837 1037 0.096914
842 1042 1
777 977 0.102866
681 881 0.114075
123 323 0.311146
297 497 0.202213
498 798 1
19 219 1
346 546 1
44 244 0.411885
439 639 0.157277
303 503 0.199801
779 979 1
309 509 1
298 498 1
133 333 0.301802
130 330 1
134 334 0.300898
57 257 0.391051
433 633 0.158768
302 502 1
547 747 1
553 753 1
800 1000 0.1005
863 1063 1
260 460 0.218478
238 438 0.229452
178 378 0.265873
111 311 1
743 943 1
225 425 0.236471
649 849 1
873 1073 1
658 858 1
919 1119 1
376 576 0.174479
477 677 0.148449
878 1078 1
97 297 0.338384
461 661 0.152042
505 705 0.142553
100 300 0.335
566 766 1
200 400 0.25125
720 1020 0.098529
708 1008 1
761 961 1
505 705 1
55 255 1
336 636 1
209 409 0.245721
508 708 1
986 1186 0.084739
30 330 1
195 395 0.25443
72 372 1
627 827 0.121524
907 1107 1
474 774 1
435 635 1
307 507 0.198225
535 735 1
432 732 0.137295
175 375 0.268
55 255 0.394118
903 1103 0.091115
161 361 1
416 616 0.163149
3 203 0.495074
326 526 1
862 1062 1
484 684 0.14693
658 858 1
138 438 0.229452
343 543 0.185083
577 777 1
779 979 0.102656
13 213 1
856 1056 1
265 465 0.216129
909 1109 1
321 521 1
36 336 1
392 592 1
812 1012 1
754 954 1
637 837 0.120072
908 1108 0.090704
728 928 0.108297
952 1152 1
465 665 1
644 844 1
629 829 0.12123
634 834 1
566 766 1
706 906 1
301 501 1
491 691 0.145441
422 622 1
72 372 0.270161
455 655 1
79 279 1
203 403 0.24938
606 906 1
539 739 1
782 982 0.102342
948 1248 1
610 810 0.124074
348 648 1
24 324 1
45 245 1
501 701 0.143367
220 420 0.239286
592 792 0.126894
587 787 0.1277
556 756 1
138 438 0.229452
569 769 1
141 341 0.294721
973 1173 0.085678
319 519 0.193642
539 739 0.135995
676 876 1
933 1133 0.088703
931 1131 1
134 334 0.300898
243 443 0.226862
616 816 1
157 357 1
100 300 1
279 479 1
1 201 0.5
344 544 1
515 715 1
175 375 0.268
852 1152 0.08724
422 622 0.161576
561 761 1
516 816 0.123162
907 1107 1
353 553 1
950 1150 0.087391
10 210 1
54 354 1
380 580 0.173276
684 984 0.102134
557 757 1
393 593 0.169477
62 262 0.383588
482 682 0.147361
148 348 1
489 689 1
918 1218 0.082512
188 388 0.259021
713 913 1
615 815 1
655 855 1
268 468 1
71 271 0.370849
843 1043 1
285 485 1
12 312 0.322115
442 642 1
745 945 1
910 1110 1
233 433 0.232102
442 642 1
295 495 0.20303
274 474 1
281 481 1
231 431 0.233179
868 1068 1
371 571 0.176007
293 493 0.203854
749 949 0.105901
858 1158 0.086788
117 317 0.317035
439 639 1
170 370 0.271622
469 669 0.150224
190 390 0.257692
629 829 0.12123
579 779 1
482 682 0.147361
623 823 1
572 772 1
282 582 0.17268
944 1144 1
504 804 0.125
45 245 1
802 1002 1
497 697 0.144189
991 1191 1
666 966 0.104037
800 1000 0.1005
281 481 1
185 385 1
481 681 0.147577
628 828 0.121377
990 1290 0.077907
479 679 0.148012
856 1056 1
213 413 1
534 834 0.120504
947 1147 1
247 447 1
192 492 0.204268
835 1035 1
63 263 0.382129
736 936 0.107372
378 678 0.14823
530 730 1
868 1068 0.094101
98 298 1
864 1164 1
278 478 1
392 592 1
905 1105 1
470 670 0.15
721 921 0.109121
814 1014 1
207 407 1
620 820 0.122561
100 300 0.335
410 610 1
374 574 1
18 318 0.316038
346 546 0.184066
82 282 0.356383
843 1043 0.096357
861 1061 0.094722
584 784 1
933 1133 0.088703
444 744 1
375 575 1
711 911 1
639 839 0.119785
402 702 0.143162
698 898 1
816 1116 0.090054
755 955 1
888 1188 0.084596
565 765 0.131373
630 930 0.108065
15 215 1
257 457 0.219912
725 925 0.108649
519 719 0.139777
491 691 0.145441
789 989 0.101618
469 669 0.150224
283 483 0.208075
113 313 0.321086
588 888 0.113176
526 726 1
667 867 1
502 702 0.143162
352 552 1
103 303 0.331683
506 706 1
447 647 1
967 1167 0.086118
357 557 0.180431
191 391 0.257033
237 437 1
327 527 1
539 739 0.135995
649 849 0.118375
817 1017 0.09882
968 1168 0.086045
731 931 1
737 937 0.107257
376 576 0.174479
13 213 1
571 771 1
611 811 0.123921
287 487 0.206366
866 1066 1
673 873 1
428 628 0.160032
895 1095 0.091781
887 1087 0.092456
447 647 1
277 477 1
314 514 0.195525
595 795 0.126415
335 535 0.18785
62 262 1
955 1155 0.087013
313 513 0.195906
534 834 1
555 755 0.133113
458 658 1
486 786 1
677 877 1
762 1062 1
853 1053 0.095442
1000 1200 0.08375
827 1027 1
395 595 1
120 420 1
360 660 1
836 1036 0.097008
206 406 0.247537
173 373 0.269437
440 640 1
924 1224 0.082108
760 960 1
684 984 0.102134
934 1134 0.088624
372 672 0.149554
461 661 0.152042
204 504 0.199405
535 735 0.136735
980 1180 0.085169
831 1031 1
39 239 0.420502
444 744 0.135081
942 1242 1
613 813 0.123616
410 610 1
911 1111 1
657 857 0.11727
220 420 1
905 1105 0.09095
974 1174 0.085605
595 795 0.126415
138 438 1
239 439 1
927 1127 0.089175
541 741 0.135628
589 789 1
188 388 0.259021
890 1090 0.092202
595 795 0.126415
871 1071 1
492 792 0.126894
962 1162 0.086489
393 593 1
757 957 0.105016
182 382 1
483 683 1
910 1110 0.090541
347 547 1
874 1074 1
893 1093 1
212 412 1
689 889 0.113048
458 658 1
823 1023 1
501 701 0.143367
48 348 1
593 793 0.126734
572 772 1
575 775 0.129677
973 1173 0.085678
174 474 0.212025
585 785 1
721 921 1
301 501 0.200599
826 1026 0.097953
628 828 1
27 227 0.442731
703 903 0.111296
949 1149 0.087467
126 426 0.235915
617 817 1
757 957 1
252 552 1
113 313 1
689 889 1
514 714 0.140756
926 1126 0.089254
755 955 1
335 535 1
500 700 1
713 913 1
193 393 1
111 311 1
723 923 0.108884
969 1169 1
892 1092 0.092033
915 1115 0.090135
472 672 1
314 514 0.195525
463 663 1
72 372 1
918 1218 0.082512
296 496 1
238 438 1
302 502 0.200199
548 748 1
973 1173 1
383 583 1
492 792 1
545 745 1
467 667 1
220 420 1
79 279 0.360215
750 1050 1
861 1061 0.094722
903 1103 1
139 339 0.29646
647 847 1
978 1278 1
93 293 1
104 304 1
2 202 1
586 786 1
491 691 1
342 642 0.156542
893 1093 1
918 1218 1
419 619 1
377 577 1
179 379 0.265172
67 267 0.376404
735 935 0.107487
445 645 1
480 780 1
47 247 1
428 628 1
370 570 1
864 1164 1
74 274 1
553 753 1
280 480 1
139 339 0.29646
406 606 0.165842
685 885 1
940 1140 1
932 1132 1
575 775 1
267 467 0.215203
977 1177 1
436 636 1
692 892 0.112668
913 1113 0.090296
791 991 0.101413
483 683 1
323 523 1
964 1164 0.08634
456 756 0.132937
768 1068 1
160 360 0.279167
773 973 1
797 997 0.100802
867 1067 0.094189
262 462 1
382 582 0.17268
132 432 0.232639
1 201 0.5
883 1083 1
949 1149 1
261 461 0.218004
376 576 0.174479
440 640 1
864 1164 0.08634
280 480 1
54 354 0.283898
759 959 1
487 687 0.146288
552 852 0.117958
125 325 0.309231
123 323 0.311146
621 821 0.122412
426 726 0.13843
530 730 1
282 582 1
119 319 0.315047
662 862 0.116589
929 1129 0.089017
366 666 1
74 274 1
644 844 1
770 970 0.103608
191 391 1
768 1068 0.094101
816 1116 1
863 1063 0.094544
946 1146 0.087696
300 600 1
727 927 0.108414
427 627 1
621 821 0.122412
760 960 0.104688
991 1191 0.084383
499 699 1
472 672 0.149554
150 450 0.223333
258 558 0.180108
344 544 0.184743
780 1080 1
468 768 1
995 1195 0.0841
995 1195 0.0841
999 1199 0.08382
437 637 1
222 522 0.192529
967 1167 0.086118
374 574 1
7 207 0.485507
612 912 0.110197
331 531 1
794 994 1
991 1191 0.084383
292 492 1
581 781 1
947 1147 1
782 982 1
59 259 0.388031
919 1119 1
911 1111 1
671 871 0.115385
132 432 1
668 868 1
675 875 1
942 1242 0.080918
656 856 0.117407
163 363 0.27686
368 568 0.176937
514 714 0.140756
799 999 0.100601
763 963 0.104361
487 687 0.146288
203 403 0.24938
381 581 1
293 493 0.203854
917 1117 1
380 580 0.173276
877 1077 1
117 317 0.317035
399 599 0.16778
393 593 1
209 409 0.245721
425 625 1
142 342 1
690 990 1
959 1159 1
743 943 0.106575
460 660 0.152273
886 1086 1
668 868 1
859 1059 0.094901
893 1093 1
152 352 1
453 653 0.153905
702 1002 1
439 639 0.157277
93 293 1
929 1129 0.089017
295 495 0.20303
289 489 0.205521
539 739 0.135995
928 1128 1
230 430 1
175 375 0.268
540 840 1
198 498 1
259 459 1
516 816 1
1000 1200 0.08375
616 816 1
931 1131 0.088859
317 517 1
990 1290 1
109 309 1
171 371 0.270889
909 1109 0.090622
787 987 0.101824
517 717 1
2 202 1
371 571 0.176007
80 280 0.358929
685 885 1
899 1099 1
148 348 1
432 732 0.137295
921 1121 1
224 424 1
583 783 1
407 607 0.165568
576 876 1
352 552 1
372 672 0.149554
579 779 1
996 1296 0.077546
569 769 1
444 744 0.135081
47 247 1
86 286 1
101 301 0.333887
100 300 1
403 603 0.166667
221 421 0.238717
241 441 1
841 1041 1
876 1176 0.085459
624 924 0.108766
905 1105 0.09095
596 796 1
170 370 1
495 695 1
677 877 0.114595
518 718 1
900 1200 0.08375
813 1013 0.09921
471 671 0.149776
829 1029 1
293 493 1
960 1260 1
218 418 1
261 461 0.218004
946 1146 0.087696
543 743 1
684 984 0.102134
176 376 0.267287
250 450 0.223333
298 498 1
44 244 1
430 630 0.159524
668 868 1
526 726 0.13843
628 828 1
412 612 0.164216
411 611 1
742 942 1
599 799 1
329 529 0.189981
181 381 0.26378
18 318 0.316038
404 604 0.166391
692 892 1
7 207 0.485507
443 643 1
584 784 1
279 479 1
178 378 1
860 1060 1
720 1020 1
142 342 1
649 849 1
290 490 1
732 1032 1
288 588 1
432 732 1
941 1141 1
412 612 1
172 372 0.270161
134 334 1
788 988 0.101721
679 879 1
413 613 0.163948
995 1195 1
620 820 0.122561
494 694 1
607 807 1
354 654 1
570 870 0.115517
101 301 0.333887
543 743 1
488 688 0.146076
787 987 0.101824
802 1002 0.100299
781 981 0.102446
554 754 1
811 1011 0.099407
532 732 0.137295
277 477 0.210692
826 1026 0.097953
146 346 1
852 1152 0.08724
497 697 0.144189
75 275 1
816 1116 1
975 1175 1
520 720 0.139583
512 712 1
602 802 1
393 593 0.169477
962 1162 0.086489
104 304 1
458 658 0.152736
914 1114 1
578 778 0.129177
452 652 0.154141
314 514 1
13 213 1
842 1042 1
871 1071 0.093838
969 1169 0.085971
940 1140 1
953 1153 0.087164
397 597 1
892 1092 1
245 445 0.225843
864 1164 1
284 484 0.207645
781 981 0.102446
655 855 0.117544
248 448 0.22433
717 917 1
8 208 1
701 901 0.111543
725 925 0.108649
667 867 1
608 808 1
913 1113 1
157 357 0.281513
314 514 1
598 798 1
970 1170 1
402 702 0.143162
905 1105 1
930 1230 0.081707
806 1006 0.099901
387 587 1
40 240 0.41875
759 959 0.104797
520 720 1
670 870 1
410 610 1
219 419 0.239857
218 418 0.240431
729 929 1
588 888 0.113176
212 412 1
867 1067 0.094189
531 731 1
571 771 1
619 819 1
259 459 1
576 876 1
993 1193 0.084241
28 228 0.440789
9 209 1
922 1122 1
161 361 0.278393
916 1116 1
900 1200 0.08375
944 1144 0.08785
190 390 0.257692
617 817 0.123011
286 486 0.20679
234 534 1
943 1143 1
613 813 0.123616
153 353 0.284703
170 370 1
398 598 1
243 443 0.226862
118 318 0.316038
628 828 0.121377
859 1059 1
784 984 0.102134
865 1065 0.094366
574 774 1
77 277 1
490 690 1
30 330 0.304545
464 664 0.151355
945 1145 1
684 984 1
862 1062 1
389 589 1
184 384 1
128 328 1
762 1062 0.094633
736 936 0.107372
909 1109 1
970 1170 0.085897
94 294 0.341837
703 903 1
148 348 0.288793
659 859 1
343 543 0.185083
283 483 1
700 900 1
876 1176 0.085459
173 373 1
373 573 1
21 221 1
790 990 1
521 721 0.13939
330 630 1
682 882 0.113946
576 876 0.114726
384 684 1
776 976 0.102971
344 544 1
432 732 1
125 325 0.309231
430 630 1
5 205 0.490244
8 208 1
866 1066 0.094278
159 359 0.279944
521 721 1
210 510 0.197059
647 847 1
31 231 1
767 967 1
820 1020 0.098529
561 761 1
12 312 1
13 213 1
885 1085 1
484 684 0.14693
781 981 1
47 247 1
373 573 0.175393
209 409 1
326 526 0.191065
447 647 0.155332
320 520 0.193269
208 408 1
242 442 0.227376
560 760 1
891 1091 0.092117
238 438 1
631 831 1
61 261 1
61 261 0.385057
520 720 1
661 861 1
143 343 1
79 279 1
126 426 1
975 1175 1
396 696 0.144397
188 388 1
673 873 0.11512
703 903 0.111296
8 208 1
721 921 1
220 420 1
853 1053 0.095442
495 695 0.144604
837 1037 1
93 293 1
329 529 0.189981
832 1032 1
290 490 1
117 317 0.317035
612 912 0.110197
51 251 1
610 810 0.124074
852 1152 0.08724
299 499 0.201403
755 955 1
906 1206 1
317 517 0.194391
19 219 0.458904
861 1061 1
49 249 1
416 616 0.163149
973 1173 0.085678
935 1135 0.088546
945 1145 1
850 1050 0.095714
75 275 0.365455
745 945 1
989 1189 1
582 882 0.113946
465 665 1
30 330 0.304545
441 641 0.156786
63 263 1
172 372 1
716 916 1
173 373 1
147 347 0.289625
934 1134 0.088624
319 519 0.193642
546 846 1
265 465 1
359 559 0.179785
1 201 1
330 630 0.159524
947 1147 1
853 1053 0.095442
285 485 1
491 691 1
717 917 1
245 445 1
71 271 1
141 341 0.294721
147 347 1
319 519 1
685 885 1
119 319 1
942 1242 1
541 741 0.135628
328 528 0.190341
165 365 1
759 959 1
595 795 1
987 1187 1
364 564 0.178191
690 990 1
56 256 0.392578
210 510 0.197059
244 444 0.226351
84 384 0.261719
964 1164 0.08634
300 600 0.1675
621 821 0.122412
685 885 0.113559
791 991 1
290 490 1
946 1146 1
766 966 0.104037
472 672 0.149554
405 605 1
424 624 1
212 412 1
83 283 1
715 915 1
415 615 0.163415
515 715 0.140559
433 633 0.158768
401 601 0.167221
559 759 1
18 318 1
652 852 0.117958
346 546 0.184066
780 1080 1
525 725 1
791 991 1
486 786 1
83 283 1
645 845 1
409 609 1
923 1123 1
114 414 0.242754
890 1090 1
955 1155 1
360 660 0.152273
827 1027 1
898 1098 1
637 837 0.120072
452 652 0.154141
464 664 0.151355
758 958 0.104906
4 204 1
955 1155 0.087013
80 280 1
515 715 1
263 463 1
424 624 1
184 384 1
318 618 0.162621
156 456 1
756 1056 0.09517
755 955 1
983 1183 1
455 655 0.153435
133 333 0.301802
378 678 0.14823
806 1006 1
92 292 1
631 831 0.120939
28 228 0.440789
425 625 1
607 807 1
630 930 1
967 1167 1
731 931 1
35 235 0.42766
161 361 0.278393
604 804 0.125
590 790 0.127215
559 759 0.132411
425 625 0.1608
214 414 0.242754
378 678 0.14823
202 402 0.25
375 575 0.174783
523 723 1
35 235 0.42766
279 479 0.209812
616 816 1
25 225 0.446667
862 1062 0.094633
665 865 0.116185
588 888 1
530 730 1
923 1123 0.089492
600 900 1
419 619 1
216 516 0.194767
204 504 1
18 318 1
550 750 0.134
833 1033 1
692 892 0.112668
51 251 1
867 1067 1
539 739 0.135995
625 825 1
964 1164 0.08634
241 441 0.227891
728 928 0.108297
267 467 0.215203
391 591 1
199 399 0.25188
67 267 0.376404
370 570 1
16 216 0.465278
169 369 0.272358
673 873 1
898 1098 1
293 493 0.203854
523 723 0.139004
257 457 0.219912
314 514 1
615 815 0.123313
43 243 0.41358
244 444 0.226351
400 600 0.1675
783 983 0.102238
26 226 1
884 1084 1
302 502 1
801 1001 0.1004
963 1163 0.086414
728 928 1
408 708 1
51 251 0.400398
179 379 0.265172
462 762 0.13189
899 1099 1
326 526 0.191065
711 911 0.110318
784 984 0.102134
807 1007 1
388 588 0.170918
96 396 1
95 295 1
310 510 0.197059
48 348 1
153 353 0.284703
922 1122 1
538 738 1
880 1080 1
247 447 1
800 1000 0.1005
682 882 1
790 990 0.101515
896 1096 1
129 329 0.305471
925 1125 0.089333
346 546 0.184066
364 564 0.178191
832 1032 1
852 1152 1
809 1009 0.099604
535 735 1
547 747 0.134538
924 1224 0.082108
41 241 1
516 816 1
169 369 0.272358
921 1121 0.089652
802 1002 1
634 834 1
82 282 0.356383
180 480 0.209375
285 485 1
891 1091 1
971 1171 1
470 670 0.15
960 1260 1
392 592 1
15 215 1
538 738 1
752 952 1
621 821 1
478 678 1
350 550 1
774 1074 1
219 419 1
369 569 1
74 274 0.366788
202 402 1
304 504 0.199405
811 1011 0.099407
150 450 1
10 210 0.478571
672 972 0.103395
889 1089 1
288 588 0.170918
451 651 0.154378
663 863 1
354 654 1
555 755 1
830 1030 0.097573
556 756 0.132937
720 1020 0.098529
585 785 1
436 636 0.158019
672 972 1
333 533 0.188555
890 1090 1
106 306 0.328431
508 708 1
302 502 1
450 750 0.134
630 930 0.108065
86 286 0.351399
587 787 1
526 726 0.13843
887 1087 1
124 324 1
556 756 1
87 287 1
368 568 1
198 498 0.201807
813 1013 0.09921
861 1061 1
53 253 0.397233
888 1188 1
594 894 0.112416
460 660 0.152273
395 595 1
757 957 0.105016
707 907 0.110805
250 450 0.223333
948 1248 0.080529
293 493 1
321 521 0.192898
638 838 1
985 1185 0.08481
87 287 0.350174
830 1030 1
658 858 1
469 669 0.150224
319 519 0.193642
97 297 1
58 258 1
136 336 0.299107
665 865 0.116185
599 799 1
362 562 0.178826
161 361 0.278393
11 211 0.476303
242 442 0.227376
564 864 1
59 259 0.388031
526 726 1
750 1050 1
159 359 1
16 216 1
941 1141 0.088081
790 990 1
88 288 0.348958
608 808 1
941 1141 0.088081
659 859 1
724 924 1
795 995 1
747 947 0.106125
213 413 0.243341
987 1187 1
474 774 0.129845
24 324 1
311 511 1
511 711 1
761 961 0.104579
152 352 0.285511
695 895 1
778 978 1
904 1104 0.091033
77 277 0.362816
387 587 0.17121
875 1075 1
269 469 0.214286
136 336 1
980 1180 1
481 681 1
938 1138 0.088313
89 289 0.347751
566 766 0.131201
733 933 0.107717
965 1165 0.086266
561 761 1
838 1038 0.096821
308 508 0.197835
66 366 1
415 615 0.163415
474 774 0.129845
235 435 1
571 771 1
767 967 0.10393
812 1012 0.099308
81 281 1
608 808 0.124381
444 744 1
927 1127 1
343 543 1
247 447 0.224832
711 911 0.110318
311 511 0.196673
42 342 1
884 1084 0.092712
948 1248 1
805 1005 0.1
128 328 1
969 1169 0.085971
684 984 1
641 841 1
766 966 1
743 943 0.106575
589 789 0.127376
93 293 0.343003
752 952 0.105567
875 1075 1
171 371 0.270889
256 456 0.220395
345 545 1
809 1009 0.099604
99 299 0.33612
232 432 1
733 933 0.107717
108 408 1
194 394 1
454 654 1
550 750 0.134
628 828 0.121377
713 913 1
558 858 0.117133
580 780 0.128846
605 805 0.124845
572 772 1
523 723 0.139004
819 1019 0.098626
982 1182 0.085025
221 421 0.238717
799 999 0.100601
792 1092 1
751 951 1
453 653 1
280 480 0.209375
140 340 1
817 1017 0.09882
484 684 1
580 780 1
391 591 0.170051
362 562 1
139 339 1
734 934 0.107602
77 277 1
918 1218 0.082512
377 577 0.174177
445 645 1
12 312 0.322115
558 858 0.117133
538 738 0.136179
11 211 1
452 652 1
300 600 1
785 985 1
740 940 1
805 1005 1
636 936 1
167 367 1
435 635 0.158268
284 484 1
893 1093 1
361 561 1
399 599 1
749 949 1
917 1117 0.089973
461 661 1
339 539 0.186456
809 1009 0.099604
96 396 1
204 504 1
425 625 1
570 870 0.115517
378 678 0.14823
162 462 1
990 1290 1
874 1074 0.093575
863 1063 0.094544
177 377 0.266578
105 305 1
575 775 0.129677
993 1193 0.084241
505 705 0.142553
956 1156 0.086938
881 1081 1
714 1014 1
651 851 0.118096
969 1169 0.085971
66 366 1
949 1149 0.087467
160 360 1
293 493 1
52 252 0.39881
857 1057 0.09508
886 1086 0.092541
711 911 0.110318
174 474 0.212025
349 549 0.18306
211 411 0.244526
977 1177 0.085387
599 799 1
877 1077 1
127 327 0.307339
942 1242 0.080918
65 265 1
523 723 1
262 462 1
258 558 0.180108
575 775 0.129677
422 622 1
483 683 1
293 493 0.203854
774 1074 0.093575
270 570 0.176316
198 498 0.201807
392 592 1
687 887 0.113303
445 645 0.155814
286 486 1
749 949 0.105901
979 1179 0.085242
487 687 1
551 751 0.133822
370 570 0.176316
85 285 1
730 930 1
749 949 0.105901
86 286 0.351399
315 515 1
118 318 1
7 207 1
506 706 1
709 909 1
326 526 1
324 624 1
210 510 1
364 564 1
157 357 1
832 1032 0.097384
969 1169 1
908 1108 0.090704
145 345 0.291304
1000 1200 0.08375
232 432 1
97 297 0.338384
691 891 1
57 257 0.391051
646 846 1
261 461 1
285 485 1
989 1189 0.084525
664 864 0.116319
504 804 1
394 594 0.169192
285 485 1
571 771 0.13035
94 294 0.341837
152 352 1
343 543 0.185083
284 484 0.207645
53 253 0.397233
313 513 1
105 305 1
735 935 0.107487
963 1163 1
965 1165 1
299 499 1
901 1101 0.091281
955 1155 1
648 948 0.106013
161 361 1
59 259 0.388031
353 553 0.181736
690 990 1
486 786 0.127863
129 329 1
425 625 1
458 658 0.152736
762 1062 0.094633
480 780 1
427 627 1
826 1026 0.097953
141 341 0.294721
715 915 1
873 1073 0.093663
662 862 0.116589
473 673 1
78 378 1
863 1063 0.094544
500 700 0.143571
403 603 0.166667
418 618 1
850 1050 0.095714
940 1140 1
849 1049 0.095806
390 690 1
265 465 0.216129
816 1116 1
269 469 1
479 679 0.148012
7 207 1
605 805 1
352 552 0.182065
832 1032 1
862 1062 0.094633
872 1072 1
247 447 0.224832
114 414 1
604 804 1
210 510 1
473 673 1
853 1053 1
649 849 1
660 960 1
135 335 1
508 708 0.141949
599 799 1
283 483 1
826 1026 0.097953
437 637 0.157771
944 1144 0.08785
228 528 0.190341
840 1140 0.088158
694 894 1
195 395 1
872 1072 1
351 551 0.182396
937 1137 1
448 648 0.155093
361 561 0.179144
480 780 0.128846
736 936 1
478 678 0.14823
539 739 1
325 525 0.191429
89 289 0.347751
67 267 1
875 1075 1
290 490 0.205102
138 438 1
828 1128 1
131 331 1
615 815 1
605 805 1
208 408 0.246324
843 1043 1
147 347 1
421 621 1
817 1017 1
257 457 0.219912
58 258 1
727 927 0.108414
98 298 0.337248
2 202 1
824 1024 0.098145
482 682 0.147361
969 1169 1
222 522 0.192529
804 1104 1
62 262 0.383588
718 918 0.109477
103 303 0.331683
853 1053 1
872 1072 0.09375
386 586 0.171502
34 234 0.429487
264 564 1
516 816 0.123162
121 321 1
315 515 1
287 487 0.206366
497 697 1
623 823 0.122114
541 741 1
346 546 1
400 600 0.1675
526 726 1
328 528 1
642 942 0.106688
613 813 1
822 1122 0.089572
976 1176 0.085459
840 1140 0.088158
116 316 0.318038
51 251 1
804 1104 1
82 282 0.356383
524 724 0.138812
59 259 0.388031
164 364 0.276099
574 774 0.129845
783 983 1
332 532 0.18891
754 954 0.105346
885 1085 0.092627
208 408 1
274 474 0.212025
937 1137 1
385 585 0.171795
291 491 0.204684
726 1026 0.097953
89 289 0.347751
318 618 1
263 463 1
463 663 1
360 660 1
820 1020 0.098529
231 431 1
173 373 0.269437
433 633 1
26 226 0.44469
716 916 0.109716
648 948 0.106013
113 313 1
29 229 1
972 1272 1
581 781 0.128681
300 600 1
510 810 1
238 438 0.229452
721 921 1
436 636 0.158019
455 655 1
347 547 1
403 603 0.166667
626 826 1
463 663 0.151584
678 978 0.102761
62 262 1
594 894 1
616 816 0.123162
644 844 0.119076
452 652 0.154141
259 459 1
247 447 0.224832
517 717 0.140167
635 835 0.120359
580 780 1
772 972 1
240 540 0.186111
307 507 0.198225
864 1164 0.08634
573 773 1
322 522 0.192529
718 918 0.109477
714 1014 0.099112
95 295 0.340678
423 623 0.161316
95 295 0.340678
121 321 0.313084
653 853 0.117819
47 247 0.406883
443 643 1
741 941 0.106801
230 430 1
274 474 1
562 762 0.13189
991 1191 0.084383
890 1090 0.092202
540 840 1
398 598 0.16806
213 413 0.243341
837 1037 0.096914
641 841 1
642 942 1
971 1171 0.085824
347 547 1
657 857 0.11727
323 523 0.192161
554 754 0.133289
658 858 1
645 845 1
618 918 1
116 316 1
954 1254 0.080144
847 1047 0.095989
840 1140 0.088158
29 229 0.438865
527 727 0.138239
702 1002 0.100299
128 328 0.306402
291 491 1
77 277 0.362816
559 759 1
297 497 1
607 807 0.124535
987 1187 1
972 1272 0.079009
241 441 1
298 498 0.201807
880 1080 1
521 721 1
218 418 0.240431
32 232 1
33 233 1
569 769 1
551 751 0.133822
271 471 1
144 444 1
573 773 0.130013
247 447 1
288 588 1
70 270 1
492 792 0.126894
185 385 1
149 349 1
985 1185 1
548 748 0.134358
502 702 0.143162
425 625 0.1608
790 990 1
639 839 1
106 306 1
451 651 0.154378
792 1092 1
670 870 0.115517
979 1179 0.085242
434 634 0.158517
326 526 1
305 505 1
104 304 0.330592
705 905 0.11105
752 952 1
164 364 0.276099
682 882 1
812 1012 0.099308
466 666 1
892 1092 1
381 581 0.172978
145 345 0.291304
576 876 1
311 511 0.196673
272 472 1
616 816 0.123162
344 544 1
703 903 1
944 1144 1
27 227 0.442731
986 1186 1
855 1055 1
633 833 0.120648
630 930 1
546 846 0.118794
724 924 0.108766
69 269 0.373606
455 655 0.153435
684 984 0.102134
916 1116 1
281 481 0.20894
118 318 0.316038
847 1047 1
146 346 0.290462
151 351 1
70 270 1
659 859 0.116997
399 599 1
910 1110 0.090541
66 366 1
546 846 0.118794
762 1062 1
348 648 1
864 1164 1
10 210 0.478571
481 681 1
276 576 0.174479
553 753 1
912 1212 1
893 1093 1
431 631 0.159271
822 1122 0.089572
54 354 0.283898
866 1066 1
15 215 1
940 1140 1
741 941 1
67 267 0.376404
903 1103 1
17 217 0.463134
523 723 0.139004
866 1066 1
604 804 1
572 772 1
662 862 1
653 853 0.117819
438 738 0.136179
768 1068 1
847 1047 1
706 906 0.110927
983 1183 1
481 681 0.147577
880 1080 0.093056
203 403 0.24938
722 922 0.109002
788 988 0.101721
813 1013 1
98 298 1
885 1085 0.092627
459 659 1
214 414 0.242754
110 310 1
311 511 1
23 223 1
187 387 1
555 755 0.133113
338 538 0.186803
523 723 1
54 354 1
750 1050 0.095714
601 801 1
831 1031 1
164 364 1
478 678 0.14823
603 803 1
578 778 1
932 1132 0.088781
708 1008 0.099702
246 546 0.184066
447 647 0.155332
357 557 1
675 875 1
668 868 1
384 684 0.14693
668 868 0.115783
448 648 1
248 448 0.22433
5 205 0.490244
315 515 0.195146
458 658 1
161 361 0.278393
406 606 0.165842
747 947 0.106125
19 219 1
54 354 0.283898
260 460 1
795 995 1
796 996 1
320 520 1
212 412 1
101 301 0.333887
260 460 1
556 756 0.132937
451 651 0.154378
783 983 0.102238
26 226 1
637 837 1
138 438 0.229452
143 343 0.293003
366 666 0.150901
621 821 1
915 1115 0.090135
630 930 1
427 627 0.160287
132 432 0.232639
825 1025 0.098049
526 726 1
239 439 1
247 447 0.224832
844 1044 1
140 340 1
809 1009 1
162 462 0.217532
570 870 0.115517
93 293 1
866 1066 1
238 438 1
247 447 0.224832
348 648 0.155093
988 1188 0.084596
347 547 1
573 773 1
418 618 0.162621
549 749 0.134179
398 598 1
828 1128 1
500 700 1
37 237 1
132 432 1
443 643 0.156299
65 265 1
411 611 0.164484
133 333 0.301802
588 888 1
561 761 0.132063
163 363 1
497 697 1
323 523 1
166 366 1
346 546 1
502 702 1
39 239 0.420502
750 1050 1
456 756 0.132937
511 711 1
832 1032 0.097384
334 534 0.188202
788 988 0.101721
398 598 0.16806
326 526 0.191065
600 900 0.111667
251 451 0.222838
362 562 1
528 828 0.121377
838 1038 0.096821
762 1062 1
177 377 1
66 366 1
844 1044 1
334 534 1
903 1103 0.091115
693 893 1
961 1161 1
395 595 0.168908
180 480 1
146 346 0.290462
582 882 0.113946
458 658 1
186 486 0.20679
775 975 1
581 781 0.128681
96 396 0.253788
948 1248 0.080529
184 384 0.261719
498 798 1
197 397 0.253149
72 372 1
230 430 1
773 973 1
954 1254 0.080144
853 1053 0.095442
291 491 0.204684
174 474 1
994 1194 1
381 581 0.172978
356 556 1
239 439 0.228929
817 1017 0.09882
908 1108 1
437 637 1
549 749 1
103 303 1
990 1290 1
64 264 0.380682
367 567 0.177249
662 862 1
924 1224 0.082108
46 246 0.408537
5 205 1
175 375 0.268
135 335 1
323 523 0.192161
601 801 0.125468
361 561 1
387 587 0.17121
197 397 0.253149
49 249 1
610 810 1
405 605 0.166116
742 942 1
410 610 0.164754
395 595 0.168908
37 237 0.424051
997 1197 0.08396
958 1158 1
519 719 0.139777
861 1061 1
672 972 0.103395
159 359 1
500 700 0.143571
983 1183 1
661 861 0.116725
441 641 0.156786
216 516 0.194767
218 418 0.240431
532 732 0.137295
723 923 0.108884
748 948 1
68 268 1
406 606 0.165842
518 718 0.139972
644 844 0.119076
433 633 1
496 696 0.144397
612 912 0.110197
157 357 1
234 534 0.188202
824 1024 0.098145
9 209 0.480861
661 861 1
911 1111 1
966 1266 0.079384
845 1045 1
974 1174 0.085605
845 1045 1
412 612 1
56 256 1
67 267 1
736 936 0.107372
726 1026 0.097953
716 916 0.109716
329 529 0.189981
898 1098 1
99 299 1
166 366 0.27459
303 503 0.199801
145 345 0.291304
17 217 1
85 285 1
158 358 1
724 924 0.108766
756 1056 1
705 905 1
448 648 1
998 1198 0.08389
847 1047 1
284 484 0.207645
268 468 1
522 822 1
112 312 0.322115
68 268 1
168 468 1
404 604 0.166391
376 576 0.174479
222 522 0.192529
397 597 1
790 990 0.101515
465 665 1
876 1176 1
303 503 0.199801
615 815 0.123313
789 989 1
992 1192 1
770 970 0.103608
485 685 0.146715
445 645 0.155814
550 750 0.134
669 869 1
100 300 1
847 1047 0.095989
877 1077 1
418 618 0.162621
613 813 1
983 1183 0.084954
422 622 0.161576
779 979 1
992 1192 1
262 462 1
763 963 0.104361
966 1266 0.079384
473 673 0.149331
141 341 0.294721
857 1057 0.09508
938 1138 1
494 694 1
475 675 0.148889
718 918 1
592 792 1
822 1122 1
98 298 1
147 347 1
882 1182 1
643 843 1
686 886 1
482 682 1
926 1126 0.089254
464 664 1
861 1061 0.094722
392 592 1
299 499 1
12 312 0.322115
263 463 1
372 672 1
682 882 1
45 245 0.410204
662 862 1
438 738 0.136179
646 846 1
429 629 0.159777
487 687 1
224 424 1
756 1056 0.09517
568 768 0.130859
679 879 0.114334
560 760 0.132237
291 491 1
331 531 0.189266
927 1127 0.089175
603 803 0.125156
5 205 1
662 862 0.116589
760 960 1
771 971 0.103502
412 612 0.164216
163 363 0.27686
303 503 1
58 258 1
277 477 0.210692
852 1152 1
841 1041 0.096542
812 1012 1
367 567 1
616 816 1
704 904 1
784 984 0.102134
68 268 1
118 318 0.316038
779 979 0.102656
631 831 1
751 951 0.105678
63 263 0.382129
609 809 0.124227
883 1083 1
676 876 0.114726
1000 1200 0.08375
31 231 0.435065
305 505 1
139 339 1
165 365 1
484 684 1
503 703 1
813 1013 1
151 351 1
228 528 1
486 786 0.127863
141 341 1
463 663 1
242 442 0.227376
432 732 1
199 399 0.25188
984 1284 1
355 555 0.181081
818 1018 1
595 795 1
112 312 0.322115
953 1153 0.087164
411 611 1
34 234 0.429487
350 550 0.182727
934 1134 1
459 659 0.152504
936 1236 0.081311
413 613 1
292 492 0.204268
788 988 0.101721
816 1116 0.090054
319 519 0.193642
275 475 1
300 600 1
979 1179 0.085242
99 299 0.33612
699 899 0.111791
745 945 1
929 1129 1
752 952 0.105567
565 765 0.131373
483 683 0.147145
149 349 1
966 1266 1
669 869 1
700 900 0.111667
876 1176 1
803 1003 1
706 906 0.110927
715 915 0.109836
230 430 1
788 988 1
140 340 1
252 552 0.182065
539 739 0.135995
815 1015 0.099015
533 733 1
441 641 0.156786
823 1023 0.09824
879 1079 0.093142
904 1104 0.091033
948 1248 1
439 639 0.157277
15 215 1
477 677 0.148449
290 490 0.205102
793 993 0.101208
693 893 1
618 918 0.109477
385 585 1
439 639 1
320 520 1
586 786 0.127863
833 1033 0.097289
508 708 0.141949
691 891 1
626 826 1
39 239 0.420502
236 436 0.230505
359 559 0.179785
494 694 1
365 565 0.177876
872 1072 0.09375
316 516 1
704 904 1
787 987 0.101824
184 384 0.261719
304 504 1
121 321 1
337 537 0.187151
86 286 0.351399
357 557 0.180431
870 1170 0.085897
889 1089 0.092287
377 577 1
223 423 0.237589
915 1115 0.090135
569 769 1
519 719 1
491 691 0.145441
323 523 0.192161
31 231 0.435065
905 1105 0.09095
193 393 0.255725
125 325 0.309231
50 250 0.402
650 850 0.118235
75 275 0.365455
56 256 1
959 1159 0.086713
856 1056 1
915 1115 1
896 1096 1
962 1162 0.086489
577 777 1
440 640 0.157031
37 237 0.424051
608 808 1
15 215 0.467442
521 721 1
563 763 1
107 307 1
676 876 1
711 911 0.110318
212 412 1
781 981 1
334 534 0.188202
239 439 0.228929
63 263 1
675 875 1
179 379 1
982 1182 1
556 756 0.132937
747 947 0.106125
398 598 1
482 682 1
430 630 1
38 238 0.422269
352 552 0.182065
559 759 0.132411
751 951 0.105678
590 790 1
959 1159 1
975 1175 1
150 450 0.223333
816 1116 0.090054
969 1169 1
800 1000 1
108 408 0.246324
75 275 0.365455
785 985 1
834 1134 1
378 678 0.14823
375 575 0.174783
505 705 1
566 766 0.131201
900 1200 0.08375
55 255 1
398 598 0.16806
759 959 0.104797
232 432 0.232639
518 718 1
823 1023 1
172 372 1
623 823 0.122114
405 605 0.166116
142 342 1
876 1176 1
659 859 1
955 1155 0.087013
276 576 1
480 780 0.128846
743 943 0.106575
403 603 0.166667
88 288 1
219 419 1
722 922 0.109002
305 505 1
761 961 0.104579
501 701 1
35 235 0.42766
476 676 1
879 1079 1
883 1083 0.092798
453 653 0.153905
101 301 1
501 701 1
64 264 0.380682
452 652 0.154141
646 846 1
169 369 1
160 360 1
838 1038 0.096821
196 396 0.253788
778 978 0.102761
263 463 1
603 803 0.125156
5 205 1
729 929 1
813 1013 0.09921
349 549 0.18306
866 1066 1
432 732 0.137295
636 936 1
832 1032 0.097384
262 462 1
101 301 1
1000 1200 1
610 810 0.124074
836 1036 1
983 1183 0.084954
349 549 1
892 1092 1
804 1104 0.091033
95 295 0.340678
269 469 0.214286
966 1266 1
686 886 0.113431
225 425 1
727 927 0.108414
110 310 1
556 756 0.132937
856 1056 1
560 760 0.132237
169 369 0.272358
356 556 0.180755
116 316 0.318038
341 541 1
424 624 1
556 756 1
415 615 1
574 774 1
85 285 0.352632
724 924 1
947 1147 0.08762
605 805 1
746 946 0.106237
143 343 0.293003
253 453 0.221854
156 456 1
576 876 0.114726
969 1169 1
501 701 1
306 606 1
45 245 0.410204
849 1049 0.095806
699 899 0.111791
278 478 0.210251
508 708 0.141949
704 904 1
635 835 0.120359
682 882 1
321 521 1
209 409 1
817 1017 1
337 537 1
826 1026 0.097953
830 1030 1
493 693 0.145022
344 544 0.184743
550 750 1
976 1176 1
328 528 0.190341
760 960 1
137 337 1
431 631 0.159271
293 493 0.203854
130 330 1
198 498 1
542 742 1
664 864 0.116319
985 1185 0.08481
443 643 1
152 352 0.285511
602 802 1
251 451 1
840 1140 1
693 893 0.112542
138 438 1
48 348 1
831 1031 1
429 629 1
293 493 1
513 713 0.140954
381 581 1
187 387 0.25969
486 786 1
