5000 1805187
82 377 1
622 966 1
20 188 1
700 1013 1
957 1137 0.01847
593 947 1
621 965 1
923 1123 1
730 1030 1
386 787 1
179 551 1
163 527 1
519 896 1
570 932 1
699 1012 1
476 863 0.024334
274 673 1
346 749 1
46 284 0.073944
521 897 1
357 760 1
719 1023 1
632 972 1
400 800 1
741 1036 1
702 1014 1
268 666 1
887 1107 1
262 659 1
680 1001 1
697 1011 1
848 1089 1
544 914 1
415 813 1
103 422 1
717 1022 1
557 923 1
119 453 1
418 815 1
907 1116 0.018817
496 878 0.023918
5 94 1
5 94 1
507 887 1
766 1049 1
483 868 1
968 1142 1
876 1102 1
288 689 1
481 867 1
859 1095 1
530 904 1
535 907 1
885 1106 1
24 205 1
634 973 0.021583
198 578 1
676 999 1
28 222 1
779 1056 1
284 684 1
78 368 1
605 955 1
645 980 1
854 1092 1
229 619 1
405 804 1
757 1044 1
912 1118 1
925 1124 1
101 418 1
935 1128 1
693 1009 1
397 797 1
906 1116 1
466 855 1
466 855 1
653 985 1
700 1013 0.020731
191 568 1
543 913 1
494 877 1
249 644 1
210 594 1
805 1069 1
596 949 1
142 493 0.042596
903 1114 0.018851
432 827 1
214 600 1
38 258 1
581 939 0.022364
389 790 0.026582
244 638 1
544 914 0.022976
982 1147 1
757 1044 1
120 454 1
428 824 1
244 638 1
288 689 1
805 1069 1
918 1121 1
973 1144 1
211 596 1
939 1130 0.018584
490 874 0.024027
824 1078 0.019481
562 926 1
248 643 1
245 639 1
518 895 1
837 1084 1
23 201 1
434 829 1
865 1097 1
423 820 1
797 1065 0.019718
618 963 1
343 746 1
849 1090 1
30 230 1
114 443 1
695 1010 1
51 299 0.070234
972 1143 0.018373
304 706 1
538 909 1
691 1008 1
992 1151 1
262 659 0.031866
411 809 0.025958
220 607 1
54 307 1
373 775 1
295 696 1
344 747 1
69 347 0.060519
395 795 1
269 667 1
6 103 1
180 552 1
493 876 1
351 754 1
460 850 1
990 1150 1
981 1147 1
359 762 1
116 447 1
54 307 1
948 1133 1
42 271 1
683 1003 1
755 1043 1
24 205 1
128 469 0.044776
517 894 1
269 667 1
863 1096 0.019161
697 1011 1
866 1098 1
253 649 1
306 708 1
353 756 1
516 893 1
321 724 1
763 1047 1
900 1113 0.018868
358 761 1
205 588 1
158 519 1
354 757 1
190 567 1
138 486 1
539 910 0.023077
804 1068 1
715 1021 1
242 635 1
402 801 1
516 893 1
711 1019 1
329 732 1
485 870 1
793 1063 1
485 870 1
957 1137 1
401 800 1
504 884 0.023756
867 1098 1
863 1096 1
804 1068 1
739 1034 1
425 821 1
680 1001 1
856 1093 1
533 906 1
464 853 1
476 863 1
438 832 1
852 1091 1
324 727 1
505 885 1
876 1102 1
310 713 1
234 625 1
192 570 1
215 601 1
307 709 1
250 645 1
43 274 1
601 952 1
953 1136 1
733 1031 0.020369
541 911 1
99 414 1
122 458 1
295 696 1
365 767 0.027379
211 596 1
39 262 1
645 980 0.021429
194 572 1
655 986 1
536 908 1
992 1151 1
599 951 1
120 454 1
73 356 1
824 1078 1
104 424 1
112 439 1
231 622 1
450 842 1
315 718 1
131 474 1
424 820 1
298 700 1
192 570 1
881 1105 1
766 1049 1
705 1016 1
897 1112 1
122 458 0.045852
596 949 1
863 1096 1
922 1123 1
760 1046 1
759 1045 1
905 1115 1
57 316 1
496 878 1
133 478 1
332 735 1
94 403 0.052109
840 1086 0.019337
217 604 1
127 467 1
988 1150 1
570 932 1
20 188 1
453 845 0.024852
846 1088 1
647 981 1
461 851 0.024677
504 884 1
106 428 1
597 950 1
738 1034 1
103 422 1
9 126 1
593 947 1
620 965 1
568 930 1
916 1120 1
885 1106 1
639 976 1
422 819 1
408 807 1
611 959 1
6 103 1
555 921 1
923 1123 1
367 769 1
355 758 1
966 1141 1
252 647 1
248 643 0.032659
332 735 1
879 1104 0.019022
830 1081 1
374 776 1
575 935 1
821 1077 1
949 1134 1
893 1110 1
918 1121 1
206 589 0.035654
686 1005 1
81 375 1
891 1109 1
655 986 1
51 299 1
312 715 1
637 975 1
999 1154 1
469 857 1
610 958 1
992 1151 1
176 546 1
407 806 1
316 719 1
921 1122 1
430 825 1
377 779 1
272 671 1
559 924 1
685 1004 1
178 549 1
949 1134 1
107 430 1
822 1077 1
573 934 1
741 1036 1
832 1082 1
818 1075 1
900 1113 1
537 909 1
139 488 0.043033
941 1131 1
727 1028 1
599 951 0.022082
699 1012 0.020751
596 949 0.022129
390 791 1
892 1110 1
97 410 1
159 520 1
610 958 1
562 926 1
9 126 1
823 1077 1
776 1054 1
131 474 1
863 1096 1
656 987 1
829 1080 1
467 856 1
867 1098 1
520 896 1
386 787 1
537 909 1
781 1057 1
437 831 1
777 1054 1
62 329 1
368 770 1
739 1034 1
101 418 1
579 938 1
10 133 1
507 887 1
446 839 1
655 986 1
530 904 1
101 418 1
338 741 1
119 453 1
649 983 1
150 506 1
373 775 1
316 719 1
465 854 1
562 926 0.022678
761 1046 1
16 168 1
256 652 1
499 881 1
38 258 1
752 1041 1
438 832 1
463 853 1
827 1079 1
482 868 1
570 932 1
973 1144 1
746 1038 1
432 827 1
328 731 1
616 962 1
967 1141 0.018405
604 954 1
397 797 1
474 861 1
601 952 1
137 484 1
537 909 0.023102
458 849 1
103 422 1
928 1125 1
131 474 1
342 745 1
612 959 1
623 966 1
48 290 1
105 426 1
452 844 1
475 862 0.024362
853 1092 1
829 1080 1
756 1044 1
175 545 1
623 966 0.021739
442 836 1
709 1018 1
298 700 1
594 948 0.022152
53 304 1
944 1132 0.018551
733 1031 1
478 865 1
385 786 1
834 1083 1
370 772 1
803 1068 1
993 1151 1
354 757 1
14 157 0.133758
726 1027 1
91 397 1
6 103 1
558 923 1
257 653 1
670 995 1
177 548 1
597 950 1
278 678 1
20 188 1
783 1058 1
604 954 1
780 1056 0.019886
32 237 1
95 406 1
537 909 1
736 1033 1
801 1067 1
352 755 1
552 919 1
13 151 0.139073
549 917 0.022901
156 516 1
860 1095 0.019178
716 1022 0.020548
686 1005 1
831 1081 1
22 197 1
228 618 1
680 1001 0.020979
143 495 1
164 528 1
667 994 1
608 957 0.021944
142 493 1
899 1113 1
146 500 1
782 1057 1
875 1102 1
861 1095 1
764 1048 1
267 665 1
684 1004 1
52 302 1
518 895 1
59 321 1
215 601 1
620 965 1
857 1094 1
212 597 1
772 1052 1
724 1026 1
75 361 1
533 906 1
372 774 1
37 255 1
649 983 1
151 508 0.041339
308 710 1
505 885 1
712 1020 1
663 991 1
666 993 1
197 577 1
566 929 1
57 316 1
422 819 1
279 679 1
941 1131 1
278 678 1
466 855 1
151 508 1
296 698 1
422 819 1
146 500 1
186 561 1
532 905 1
566 929 1
701 1013 1
226 615 1
536 908 1
627 969 1
529 903 1
990 1150 1
836 1084 1
565 928 1
538 909 1
520 896 1
981 1147 1
493 876 1
595 948 1
186 561 1
551 919 0.022851
822 1077 1
226 615 1
751 1041 1
321 724 1
743 1037 0.020251
176 546 1
816 1074 1
876 1102 1
974 1144 1
566 929 1
292 693 1
284 684 0.030702
334 737 1
841 1086 1
285 685 1
773 1052 1
682 1002 1
127 467 1
170 537 1
430 825 1
663 991 1
727 1028 1
199 579 0.036269
273 672 1
765 1048 1
852 1091 0.019248
790 1061 1
920 1122 1
206 589 1
842 1087 1
153 511 0.041096
425 821 1
181 554 1
943 1131 1
900 1113 0.018868
67 342 1
8 119 1
659 989 1
799 1066 1
246 640 1
614 961 0.021852
352 755 1
730 1030 1
967 1141 1
225 614 1
722 1025 1
239 632 1
321 724 1
669 995 1
967 1141 1
548 916 1
716 1022 0.020548
726 1027 1
279 679 1
885 1106 1
177 548 1
38 258 1
340 743 0.028264
669 995 1
683 1003 1
836 1084 1
251 646 1
70 349 1
143 495 1
805 1069 1
281 681 1
219 606 1
644 980 1
230 620 1
127 467 1
917 1120 1
764 1048 1
959 1138 1
342 745 1
283 683 1
784 1058 1
769 1050 1
459 849 1
447 840 1
584 941 1
632 972 1
627 969 1
856 1093 1
416 814 1
226 615 0.034146
192 570 1
370 772 1
555 921 1
262 659 1
737 1033 1
751 1041 1
76 364 0.057692
854 1092 1
613 960 1
185 560 1
887 1107 1
828 1080 1
321 724 1
12 145 1
28 222 1
424 820 1
876 1102 1
344 747 1
356 759 1
431 826 1
986 1149 1
85 384 1
361 764 1
717 1022 0.020548
982 1147 1
806 1069 1
2 59 1
188 564 1
533 906 1
486 871 1
236 628 0.033439
930 1126 1
9 126 1
653 985 1
241 634 0.033123
639 976 1
180 552 1
690 1007 0.020854
237 629 1
395 795 1
488 872 1
770 1051 1
787 1060 0.019811
772 1052 1
221 609 1
912 1118 1
972 1143 1
766 1049 1
435 830 1
858 1094 1
991 1151 1
216 602 1
859 1095 1
626 968 1
346 749 1
909 1117 1
569 931 1
378 780 0.026923
71 352 1
752 1041 1
636 975 1
558 923 1
951 1135 1
238 630 0.033333
460 850 1
981 1147 1
762 1047 1
463 853 1
211 596 1
752 1041 1
276 675 1
373 775 1
332 735 1
249 644 1
338 741 1
100 416 1
319 722 1
629 970 1
610 958 0.021921
616 962 1
130 472 1
506 886 1
950 1134 1
545 914 1
128 469 1
225 614 1
569 931 1
321 724 1
326 729 1
908 1117 1
927 1125 0.018667
92 399 1
728 1028 1
704 1015 1
233 624 0.033654
422 819 1
240 633 1
220 607 1
943 1131 1
592 946 1
55 310 1
632 972 1
955 1136 1
36 251 1
906 1116 1
167 533 1
500 881 1
60 324 1
5 94 1
324 727 1
576 936 1
974 1144 1
811 1072 1
784 1058 0.019849
176 546 0.038462
618 963 1
931 1126 1
74 359 1
471 859 1
137 484 1
804 1068 0.019663
317 720 1
843 1087 1
736 1033 1
370 772 1
725 1027 1
810 1071 1
482 868 1
373 775 1
945 1132 1
134 479 1
41 268 1
745 1038 1
474 861 1
801 1067 1
142 493 1
408 807 1
194 572 0.036713
297 699 1
660 989 1
409 807 1
886 1107 0.01897
780 1056 1
624 967 1
180 552 1
132 476 1
781 1057 1
547 916 1
11 139 1
5 94 1
29 226 1
142 493 1
891 1109 1
331 734 1
634 973 1
940 1130 1
784 1058 1
380 781 1
410 808 1
747 1039 1
820 1076 1
341 744 1
696 1010 1
330 733 1
919 1121 1
926 1124 1
846 1088 1
460 850 1
880 1104 1
164 528 1
33 241 1
148 503 1
394 794 1
826 1079 1
352 755 1
711 1019 1
455 846 1
398 798 1
109 434 1
676 999 1
513 891 0.023569
2 59 1
297 699 1
262 659 1
963 1140 1
624 967 1
331 734 1
384 785 1
556 922 1
796 1064 1
506 886 1
607 956 1
475 862 1
470 858 1
758 1045 1
500 881 1
723 1026 1
573 934 1
34 244 1
415 813 1
456 847 1
956 1137 1
364 766 1
644 980 1
824 1078 1
384 785 1
595 948 1
465 854 1
763 1047 0.020057
399 799 1
768 1050 1
941 1131 1
851 1091 1
146 500 1
573 934 1
27 218 1
356 759 1
451 843 0.024911
472 860 1
668 994 1
52 302 1
919 1121 1
24 205 1
648 982 1
436 831 1
885 1106 1
406 805 1
389 790 1
836 1084 1
869 1099 1
133 478 1
405 804 1
482 868 1
58 318 1
803 1068 1
261 658 0.031915
275 674 1
544 914 1
157 517 1
960 1138 1
328 731 1
853 1092 1
334 737 0.028494
607 956 1
739 1034 1
299 701 1
112 439 1
987 1149 1
230 620 1
668 994 1
536 908 0.023128
313 716 1
946 1133 0.018535
740 1035 1
270 669 1
909 1117 1
581 939 1
187 562 1
498 880 1
127 467 1
546 915 1
752 1041 1
912 1118 1
336 739 1
461 851 1
574 934 0.022484
852 1091 1
557 923 1
532 905 0.023204
666 993 1
350 753 0.027888
195 574 1
102 420 1
882 1105 1
39 262 1
560 925 1
63 332 1
119 453 1
762 1047 1
408 807 1
570 932 1
251 646 0.032508
59 321 1
597 950 1
813 1073 1
740 1035 1
867 1098 1
782 1057 1
72 354 1
455 846 1
505 885 1
472 860 1
549 917 1
397 797 0.026349
817 1075 1
351 754 1
585 942 1
664 992 1
985 1148 1
374 776 0.027062
769 1050 1
382 783 1
903 1114 1
490 874 1
310 713 1
61 326 1
652 984 0.021341
818 1075 1
553 920 1
733 1031 1
859 1095 0.019178
105 426 1
983 1148 1
489 873 1
9 126 0.166667
738 1034 1
181 554 1
125 463 1
799 1066 1
747 1039 1
996 1153 1
928 1125 1
499 881 1
242 635 1
902 1114 1
947 1133 1
498 880 1
242 635 1
750 1040 1
25 210 1
769 1050 1
927 1125 1
284 684 1
996 1153 1
806 1069 1
397 797 1
70 349 1
94 403 1
859 1095 1
52 302 1
776 1054 0.019924
813 1073 1
683 1003 1
662 991 1
60 324 1
564 928 1
259 656 1
87 388 0.054124
546 915 0.022951
800 1066 1
770 1051 1
260 657 1
689 1006 1
616 962 1
288 689 1
884 1106 1
291 692 1
508 887 1
546 915 1
713 1020 1
429 825 1
447 840 1
500 881 1
407 806 1
795 1064 1
557 923 1
189 565 1
156 516 1
8 119 1
637 975 1
750 1040 1
566 929 0.022605
572 933 1
431 826 1
122 458 1
95 406 1
59 321 0.065421
630 971 1
247 641 1
244 638 1
4 84 1
838 1085 1
884 1106 1
793 1063 1
319 722 1
150 506 1
112 439 1
910 1117 1
222 610 1
343 746 1
489 873 1
261 658 1
100 416 1
588 944 0.022246
618 963 1
904 1115 1
944 1132 1
432 827 1
338 741 1
895 1111 1
754 1042 1
202 583 1
484 869 1
944 1132 1
341 744 1
715 1021 1
473 861 1
301 703 1
491 875 1
29 226 1
223 611 1
81 375 1
92 399 1
270 669 1
829 1080 1
306 708 1
622 966 1
275 674 1
308 710 1
1000 1154 1
701 1013 1
749 1040 1
415 813 1
556 922 1
892 1110 1
294 695 1
755 1043 0.020134
882 1105 1
586 942 1
260 657 1
399 799 1
799 1066 1
734 1032 1
509 888 1
245 639 1
258 655 1
243 636 1
65 337 1
463 853 1
486 871 1
572 933 1
971 1143 1
730 1030 0.020388
326 729 1
480 866 1
327 730 1
565 928 1
224 613 1
15 162 1
765 1048 1
586 942 1
722 1025 1
954 1136 1
964 1140 1
436 831 1
912 1118 0.018784
598 950 1
791 1062 1
383 784 1
571 932 1
649 983 1
299 701 1
571 932 1
594 948 1
27 218 1
158 519 1
737 1033 1
541 911 1
958 1138 1
689 1006 1
875 1102 1
388 789 1
638 976 1
39 262 1
432 827 1
412 810 0.025926
458 849 1
411 809 1
853 1092 1
209 593 1
856 1093 1
501 882 1
412 810 1
53 304 1
988 1150 1
629 970 1
896 1111 1
783 1058 1
545 914 1
294 695 1
983 1148 1
572 933 1
605 955 1
548 916 1
630 971 1
194 572 1
553 920 1
510 889 1
16 168 0.125
407 806 1
767 1049 1
460 850 1
159 520 1
694 1009 1
122 458 1
745 1038 1
609 958 1
993 1151 1
96 408 1
913 1119 1
355 758 1
783 1058 1
627 969 0.021672
860 1095 1
513 891 1
919 1121 1
75 361 1
281 681 1
900 1113 1
411 809 1
269 667 1
19 183 0.114754
865 1097 1
830 1081 1
263 660 1
327 730 1
712 1020 0.020588
894 1110 1
649 983 1
827 1079 1
402 801 1
170 537 1
780 1056 1
105 426 1
466 855 0.024561
675 998 1
494 877 1
753 1042 1
677 999 1
807 1070 1
148 503 1
954 1136 1
697 1011 1
569 931 1
479 865 1
961 1139 1
433 828 1
898 1112 1
495 878 1
463 853 1
46 284 1
795 1064 1
322 725 1
214 600 1
575 935 1
56 313 1
5 94 1
116 447 1
194 572 1
357 760 1
665 992 1
391 791 0.026549
600 952 1
524 899 0.023359
199 579 1
887 1107 1
844 1088 1
733 1031 1
12 145 1
15 162 1
396 796 1
420 817 1
445 838 1
28 222 1
38 258 0.081395
31 233 1
235 627 1
531 904 1
812 1072 1
229 619 1
544 914 1
807 1070 0.019626
432 827 1
567 930 1
472 860 0.024419
48 290 1
424 820 1
769 1050 1
705 1016 1
68 344 1
706 1016 1
882 1105 1
186 561 1
409 807 1
320 723 1
191 568 1
423 820 1
848 1089 1
749 1040 1
963 1140 0.018421
187 562 1
876 1102 1
510 889 1
378 780 1
267 665 1
272 671 1
954 1136 1
953 1136 1
657 988 1
36 251 1
874 1101 1
800 1066 1
159 520 1
376 778 1
969 1142 1
87 388 1
279 679 1
871 1100 1
180 552 1
11 139 1
193 571 1
669 995 1
546 915 1
850 1090 1
101 418 1
657 988 1
932 1127 1
130 472 1
76 364 1
435 830 1
654 986 0.021298
470 858 1
58 318 1
214 600 1
300 702 1
256 652 1
271 670 1
583 940 1
949 1134 1
591 946 1
81 375 1
307 709 1
419 816 1
523 899 1
986 1149 1
813 1073 1
209 593 1
139 488 1
880 1104 1
173 542 1
667 994 1
501 882 1
703 1014 1
25 210 1
456 847 1
286 687 1
233 624 1
919 1121 1
315 718 1
597 950 1
294 695 1
272 671 1
493 876 1
52 302 1
491 875 1
839 1085 1
580 938 1
38 258 1
31 233 1
408 807 1
695 1010 1
442 836 1
97 410 1
905 1115 1
248 643 1
198 578 1
835 1083 1
203 585 1
728 1028 1
908 1117 1
569 931 1
17 173 1
37 255 1
527 901 1
50 296 1
751 1041 0.020173
974 1144 1
670 995 1
349 752 1
691 1008 1
629 970 1
296 698 0.030086
925 1124 1
80 373 1
452 844 1
510 889 1
214 600 1
454 845 0.024852
376 778 1
109 434 1
93 401 1
394 794 1
129 471 1
456 847 1
370 772 1
572 933 1
975 1144 1
417 814 1
737 1033 1
755 1043 1
182 555 1
88 391 1
932 1127 1
578 937 1
138 486 1
226 615 1
362 765 1
727 1028 1
627 969 1
427 823 1
563 927 0.022654
910 1117 1
642 978 1
908 1117 0.0188
994 1152 1
505 885 1
474 861 1
341 744 1
697 1011 1
523 899 1
263 660 1
691 1008 1
391 791 1
303 705 1
457 848 1
339 742 1
549 917 1
717 1022 1
874 1101 1
900 1113 1
52 302 0.069536
846 1088 0.019301
571 932 1
801 1067 1
192 570 1
354 757 1
963 1140 1
700 1013 1
87 388 1
873 1101 1
399 799 1
212 597 1
866 1098 1
478 865 0.024277
378 780 1
359 762 1
75 361 1
221 609 0.034483
630 971 1
920 1122 1
669 995 1
414 812 0.025862
401 800 1
313 716 1
71 352 1
422 819 1
841 1086 1
938 1129 1
496 878 1
749 1040 0.020192
920 1122 1
224 613 1
116 447 1
458 849 1
712 1020 1
470 858 1
757 1044 1
873 1101 1
302 704 1
775 1053 0.019943
434 829 1
613 960 1
923 1123 0.0187
873 1101 1
355 758 1
357 760 1
622 966 1
883 1106 1
234 625 1
282 682 1
754 1042 1
79 371 1
819 1076 1
383 784 1
758 1045 1
536 908 0.023128
140 490 1
471 859 1
576 936 1
716 1022 1
85 384 1
675 998 1
456 847 1
35 248 1
873 1101 0.019074
761 1046 1
27 218 1
263 660 1
915 1120 1
77 366 1
501 882 1
585 942 1
17 173 0.121387
939 1130 1
5 94 1
265 663 1
588 944 1
434 829 0.025332
684 1004 1
110 436 0.048165
925 1124 1
402 801 0.026217
390 791 1
410 808 1
129 471 1
358 761 1
670 995 1
479 865 1
814 1073 1
435 830 1
486 871 1
619 964 1
899 1113 1
670 995 1
772 1052 1
903 1114 1
291 692 1
482 868 1
902 1114 1
796 1064 1
682 1002 1
511 890 1
47 287 0.073171
916 1120 1
718 1023 1
699 1012 1
238 630 1
39 262 1
694 1009 1
677 999 1
86 386 1
10 133 1
54 307 1
428 824 1
488 872 1
17 173 1
409 807 1
580 938 1
130 472 1
726 1027 1
533 906 1
880 1104 1
339 742 1
367 769 1
554 921 1
152 509 1
884 1106 1
707 1017 1
875 1102 1
789 1061 1
592 946 1
397 797 1
786 1059 0.01983
232 623 1
148 503 1
151 508 1
207 590 1
726 1027 1
871 1100 1
920 1122 1
498 880 0.023864
830 1081 1
498 880 0.023864
806 1069 1
756 1044 1
792 1062 1
889 1108 1
348 751 1
914 1119 1
671 996 1
984 1148 1
733 1031 1
593 947 1
784 1058 1
119 453 1
254 650 1
578 937 1
112 439 1
582 940 1
15 162 1
495 878 1
954 1136 0.018486
48 290 1
634 973 1
396 796 1
518 895 1
204 586 1
250 645 1
334 737 1
410 808 1
183 557 1
381 782 1
151 508 1
853 1092 1
306 708 1
274 673 1
983 1148 1
222 610 0.034426
546 915 1
715 1021 1
532 905 1
105 426 1
642 978 0.021472
908 1117 1
43 274 1
617 963 1
210 594 1
809 1071 1
852 1091 1
775 1053 0.019943
803 1068 1
243 636 1
545 914 1
465 854 1
64 334 1
755 1043 1
406 805 1
203 585 1
151 508 1
173 542 0.038745
362 765 1
601 952 1
477 864 1
806 1069 1
789 1061 1
274 673 1
965 1140 1
710 1018 1
647 981 1
958 1138 0.018453
473 861 1
7 111 1
287 688 1
985 1148 1
743 1037 1
83 380 1
617 963 1
293 694 1
900 1113 1
473 861 1
662 991 1
459 849 1
204 586 1
616 962 1
479 865 1
50 296 1
920 1122 0.018717
801 1067 0.019681
514 892 1
670 995 1
53 304 1
273 672 1
939 1130 0.018584
354 757 1
987 1149 1
516 893 1
284 684 0.030702
269 667 1
443 836 1
291 692 1
549 917 1
937 1129 1
856 1093 1
86 386 1
811 1072 1
502 883 1
446 839 1
882 1105 1
981 1147 1
131 474 1
630 971 1
484 869 1
25 210 1
949 1134 1
831 1081 1
148 503 1
555 921 1
318 721 1
294 695 1
403 802 1
679 1001 0.020979
895 1111 1
439 833 1
948 1133 1
217 604 1
357 760 1
336 739 1
166 531 1
76 364 1
135 481 1
756 1044 1
807 1070 1
935 1128 1
941 1131 1
118 451 1
866 1098 1
561 925 1
842 1087 1
225 614 1
962 1139 1
781 1057 0.019868
275 674 0.031157
431 826 1
980 1146 1
566 929 1
590 945 1
398 798 1
320 723 1
140 490 1
659 989 1
499 881 1
128 469 1
501 882 1
622 966 1
955 1136 0.018486
216 602 1
885 1106 1
802 1067 1
677 999 1
652 984 0.021341
157 517 1
135 481 1
881 1105 0.019005
668 994 0.021127
903 1114 0.018851
556 922 1
555 921 0.022801
698 1012 1
759 1045 1
53 304 1
976 1145 1
553 920 1
11 139 1
893 1110 1
998 1153 0.018213
760 1046 1
252 647 1
885 1106 1
72 354 1
53 304 0.069079
275 674 1
123 460 1
512 890 1
458 849 1
380 781 1
691 1008 1
475 862 1
483 868 0.024194
517 894 1
633 973 1
624 967 1
981 1147 1
615 961 1
260 657 1
464 853 1
344 747 1
836 1084 1
437 831 1
823 1077 1
862 1096 1
959 1138 1
237 629 1
337 740 1
881 1105 1
942 1131 1
362 765 1
493 876 1
560 925 1
211 596 1
305 707 1
165 530 0.039623
146 500 1
270 669 1
973 1144 1
676 999 1
600 952 1
716 1022 1
278 678 1
390 791 0.026549
351 754 1
83 380 1
707 1017 1
218 605 0.034711
4 84 1
555 921 1
552 919 1
915 1120 1
253 649 1
925 1124 0.018683
904 1115 1
210 594 1
782 1057 1
935 1128 0.018617
843 1087 1
629 970 1
529 903 1
310 713 0.029453
288 689 1
11 139 1
236 628 1
291 692 1
772 1052 1
565 928 0.022629
671 996 1
630 971 1
497 879 0.023891
670 995 1
699 1012 1
429 825 1
48 290 1
484 869 0.024166
507 887 1
821 1077 1
750 1040 1
332 735 1
398 798 1
463 853 1
570 932 1
289 690 1
786 1059 1
548 916 1
221 609 0.034483
540 911 1
394 794 1
185 560 1
736 1033 1
645 980 0.021429
385 786 1
428 824 1
929 1126 1
40 265 1
620 965 1
588 944 1
45 281 1
137 484 1
460 850 1
884 1106 1
151 508 1
632 972 1
713 1020 1
96 408 1
623 966 0.021739
997 1153 1
647 981 1
221 609 1
644 980 1
509 888 1
340 743 0.028264
549 917 1
354 757 1
145 498 1
495 878 1
145 498 1
420 817 1
270 669 1
778 1055 1
404 803 1
603 954 1
111 438 1
425 821 1
134 479 1
627 969 0.021672
109 434 1
233 624 1
646 981 1
565 928 1
679 1001 0.020979
97 410 1
326 729 1
319 722 1
241 634 1
915 1120 0.01875
643 979 1
213 598 1
489 873 1
11 139 1
74 359 1
723 1026 1
196 575 1
910 1117 1
340 743 1
721 1025 1
373 775 1
116 447 1
178 549 0.038251
517 894 1
622 966 1
167 533 1
640 977 1
203 585 1
365 767 1
593 947 0.022175
550 918 1
520 896 1
528 902 1
905 1115 1
514 892 1
74 359 1
560 925 1
342 745 0.028188
30 230 1
153 511 1
481 867 1
778 1055 0.019905
960 1138 1
201 582 1
616 962 1
367 769 1
628 970 1
773 1052 1
763 1047 1
285 685 0.030657
252 647 1
581 939 1
460 850 1
578 937 1
544 914 1
344 747 1
102 420 1
640 977 1
62 329 1
362 765 1
878 1103 1
410 808 0.02599
682 1002 1
687 1005 1
107 430 1
614 961 1
598 950 1
693 1009 1
93 401 1
356 759 1
355 758 0.027704
454 845 1
793 1063 1
460 850 1
710 1018 1
3 73 1
467 856 1
316 719 1
115 445 1
153 511 1
497 879 0.023891
672 996 0.021084
901 1113 0.018868
583 940 1
199 579 1
791 1062 0.019774
948 1133 1
942 1131 1
157 517 1
956 1137 0.01847
228 618 1
631 972 1
810 1071 1
618 963 1
820 1076 1
384 785 1
68 344 1
687 1005 1
308 710 1
255 651 1
693 1009 1
481 867 1
245 639 1
572 933 1
7 111 1
115 445 1
173 542 1
483 868 1
272 671 1
616 962 1
784 1058 1
671 996 1
855 1093 1
270 669 1
495 878 1
496 878 1
428 824 1
837 1084 1
188 564 1
30 230 1
275 674 1
133 478 0.043933
387 788 1
754 1042 1
713 1020 1
267 665 1
611 959 1
427 823 1
589 944 1
163 527 1
842 1087 1
607 956 1
136 483 1
759 1045 1
508 887 1
229 619 1
733 1031 1
550 918 1
237 629 1
929 1126 1
569 931 1
557 923 0.022752
545 914 1
240 633 1
635 974 1
441 835 1
138 486 1
23 201 1
620 965 1
987 1149 1
10 133 1
463 853 1
360 763 1
746 1038 1
572 933 1
564 928 1
963 1140 1
347 750 1
519 896 1
841 1086 1
301 703 1
420 817 1
546 915 1
773 1052 1
838 1085 1
124 462 1
881 1105 1
944 1132 1
705 1016 1
413 811 1
62 329 1
702 1014 1
621 965 0.021762
754 1042 1
536 908 1
162 525 1
350 753 1
136 483 1
935 1128 1
420 817 1
40 265 1
656 987 1
621 965 1
531 904 1
356 759 1
387 788 1
718 1023 1
267 665 1
881 1105 1
236 628 1
896 1111 1
120 454 1
596 949 0.022129
410 808 1
875 1102 1
136 483 1
935 1128 0.018617
450 842 1
946 1133 1
917 1120 1
53 304 1
568 930 1
488 872 1
328 731 0.028728
571 932 1
399 799 1
939 1130 1
671 996 1
281 681 1
892 1110 1
412 810 1
375 777 0.027027
207 590 1
254 650 1
13 151 1
937 1129 1
560 925 1
88 391 0.053708
585 942 1
521 897 1
337 740 1
213 598 1
150 506 1
58 318 1
250 645 1
51 299 1
630 971 1
667 994 1
35 248 0.084677
328 731 1
913 1119 1
988 1150 1
472 860 1
624 967 1
931 1126 1
977 1145 0.018341
582 940 1
532 905 1
316 719 1
37 255 1
259 656 1
83 380 1
563 927 1
208 592 1
993 1151 0.018245
68 344 1
546 915 1
273 672 1
898 1112 1
602 953 1
405 804 1
188 564 1
405 804 1
374 776 1
698 1012 1
477 864 1
311 714 1
760 1046 1
745 1038 1
331 734 1
939 1130 0.018584
766 1049 1
60 324 0.064815
453 845 1
314 717 1
315 718 1
376 778 1
431 826 1
859 1095 1
873 1101 1
10 133 1
286 687 1
307 709 0.029619
502 883 1
795 1064 1
871 1100 1
334 737 1
123 460 1
260 657 1
532 905 1
236 628 1
703 1014 1
274 673 1
534 906 1
491 875 1
680 1001 0.020979
10 133 1
883 1106 1
548 916 1
906 1116 1
349 752 0.027926
201 582 1
101 418 1
965 1140 1
749 1040 1
33 241 1
939 1130 1
266 664 1
278 678 1
388 789 1
675 998 1
158 519 1
949 1134 1
185 560 1
603 954 1
326 729 1
332 735 0.028571
324 727 1
78 368 1
705 1016 1
579 938 1
936 1128 1
773 1052 1
945 1132 1
328 731 1
270 669 1
461 851 0.024677
745 1038 1
280 680 0.030882
427 823 1
455 846 1
863 1096 1
323 726 0.028926
581 939 1
475 862 1
131 474 0.044304
635 974 1
622 966 1
980 1146 1
606 956 1
140 490 0.042857
551 919 1
814 1073 1
148 503 1
525 900 1
318 721 1
883 1106 0.018987
570 932 1
102 420 1
64 334 1
761 1046 1
991 1151 1
336 739 1
799 1066 1
116 447 1
430 825 1
311 714 1
164 528 1
890 1109 1
954 1136 1
754 1042 1
621 965 0.021762
882 1105 1
1 42 1
993 1151 1
696 1010 0.020792
612 959 1
674 998 1
854 1092 1
86 386 0.054404
867 1098 1
86 386 1
596 949 1
456 847 1
173 542 1
193 571 1
571 932 1
717 1022 1
929 1126 1
937 1129 1
609 958 1
618 963 1
927 1125 1
102 420 1
465 854 1
767 1049 1
267 665 1
152 509 1
520 896 1
560 925 0.022703
770 1051 0.019981
484 869 1
466 855 1
889 1108 1
619 964 1
855 1093 1
465 854 1
641 978 1
623 966 0.021739
656 987 1
414 812 1
775 1053 1
218 605 1
634 973 1
453 845 1
96 408 1
567 930 1
663 991 1
765 1048 1
54 307 1
510 889 1
749 1040 1
997 1153 1
305 707 0.029703
137 484 1
197 577 1
504 884 1
210 594 1
457 848 1
830 1081 1
249 644 1
627 969 1
182 555 1
886 1107 1
503 884 1
104 424 1
36 251 1
993 1151 1
674 998 1
600 952 1
703 1014 1
55 310 0.067742
907 1116 0.018817
611 959 1
183 557 1
594 948 0.022152
656 987 1
565 928 1
323 726 1
797 1065 1
789 1061 1
745 1038 1
282 682 1
613 960 1
395 795 1
151 508 0.041339
349 752 1
651 984 1
348 751 1
879 1104 1
367 769 0.027308
480 866 1
564 928 1
883 1106 1
228 618 1
640 977 1
857 1094 1
904 1115 1
308 710 1
311 714 1
820 1076 1
212 597 1
313 716 1
446 839 1
318 721 1
313 716 1
124 462 1
806 1069 1
43 274 0.076642
456 847 1
563 927 1
491 875 1
497 879 0.023891
671 996 1
310 713 1
122 458 0.045852
857 1094 0.019196
523 899 1
221 609 1
794 1063 1
685 1004 1
526 901 1
435 830 1
783 1058 1
976 1145 1
977 1145 0.018341
534 906 1
914 1119 1
817 1075 1
170 537 1
875 1102 1
129 471 1
79 371 1
672 996 1
294 695 1
733 1031 1
965 1140 1
713 1020 0.020588
320 723 1
22 197 1
951 1135 1
90 395 1
502 883 1
737 1033 1
251 646 1
807 1070 1
849 1090 1
458 849 1
537 909 1
925 1124 1
312 715 0.029371
849 1090 1
875 1102 1
503 884 1
551 919 1
713 1020 1
573 934 1
854 1092 1
2 59 0.355932
532 905 1
45 281 1
55 310 0.067742
682 1002 1
552 919 1
507 887 0.023675
969 1142 1
62 329 1
604 954 1
194 572 1
811 1072 1
875 1102 1
459 849 1
445 838 0.02506
730 1030 1
373 775 1
935 1128 1
26 214 1
64 334 1
523 899 1
622 966 1
42 271 1
350 753 1
94 403 1
385 786 1
262 659 1
978 1146 1
889 1108 1
495 878 1
987 1149 1
185 560 1
786 1059 1
22 197 1
799 1066 1
94 403 1
679 1001 1
850 1090 1
41 268 1
704 1015 1
594 948 0.022152
547 916 1
380 781 1
208 592 1
605 955 1
683 1003 1
332 735 1
880 1104 1
494 877 1
693 1009 1
806 1069 1
396 796 1
396 796 0.026382
751 1041 1
892 1110 0.018919
356 759 0.027668
391 791 1
248 643 1
471 859 1
232 623 1
427 823 0.025516
706 1016 1
994 1152 0.018229
122 458 1
221 609 0.034483
1000 1154 1
181 554 1
303 705 1
484 869 1
889 1108 1
167 533 1
973 1144 1
560 925 1
723 1026 1
851 1091 1
94 403 1
710 1018 1
400 800 1
627 969 1
492 875 1
18 178 1
132 476 1
519 896 1
866 1098 1
28 222 1
516 893 1
647 981 0.021407
545 914 0.022976
971 1143 1
839 1085 1
948 1133 1
991 1151 1
604 954 1
401 800 1
899 1113 1
553 920 1
675 998 0.021042
43 274 0.076642
73 356 1
762 1047 0.020057
295 696 1
740 1035 1
751 1041 1
297 699 1
378 780 1
858 1094 1
15 162 1
399 799 1
599 951 1
161 524 1
100 416 1
974 1144 1
882 1105 1
98 412 1
718 1023 1
930 1126 1
611 959 1
84 382 1
891 1109 1
755 1043 1
402 801 1
111 438 1
439 833 1
793 1063 1
68 344 1
44 278 1
476 863 1
678 1000 1
956 1137 1
653 985 1
378 780 1
999 1154 1
842 1087 1
282 682 1
232 623 0.033708
923 1123 1
167 533 1
594 948 1
808 1070 1
9 126 1
974 1144 1
917 1120 1
150 506 1
926 1124 1
669 995 1
1 42 1
521 897 1
628 970 1
553 920 1
233 624 0.033654
481 867 1
772 1052 1
765 1048 1
423 820 1
998 1153 1
957 1137 1
107 430 1
106 428 1
311 714 1
849 1090 0.019266
632 972 1
552 919 1
128 469 1
342 745 1
68 344 1
181 554 1
626 968 1
691 1008 1
31 233 1
202 583 1
350 753 1
502 883 1
837 1084 1
319 722 1
586 942 1
732 1031 1
90 395 1
496 878 0.023918
530 904 1
689 1006 1
143 495 1
130 472 1
55 310 1
347 750 1
794 1063 1
663 991 1
291 692 1
419 816 1
161 524 1
582 940 1
83 380 1
803 1068 1
968 1142 0.018389
875 1102 1
91 397 1
776 1054 1
253 649 1
532 905 1
141 491 1
809 1071 1
842 1087 1
458 849 1
162 525 1
317 720 1
451 843 1
676 999 1
678 1000 0.021
305 707 1
27 218 1
199 579 1
703 1014 1
247 641 1
251 646 1
680 1001 1
167 533 1
376 778 1
11 139 1
631 972 0.021605
429 825 1
771 1051 1
246 640 1
349 752 1
319 722 1
786 1059 1
770 1051 1
878 1103 0.019039
755 1043 1
171 539 1
229 619 1
552 919 1
113 441 1
837 1084 0.019373
289 690 1
186 561 1
402 801 1
478 865 1
464 853 1
845 1088 0.019301
707 1017 1
315 718 1
423 820 1
494 877 1
634 973 1
480 866 1
583 940 1
777 1054 1
559 924 1
803 1068 1
687 1005 1
687 1005 1
500 881 1
381 782 1
883 1106 1
512 890 1
157 517 0.040619
320 723 1
744 1037 1
73 356 1
817 1075 1
617 963 1
268 666 1
695 1010 1
446 839 0.02503
47 287 1
890 1109 1
306 708 1
856 1093 1
650 983 1
756 1044 1
666 993 1
898 1112 1
60 324 1
967 1141 1
421 818 1
898 1112 1
91 397 1
794 1063 0.019755
830 1081 1
121 456 1
916 1120 1
910 1117 1
551 919 1
176 546 1
849 1090 0.019266
342 745 1
296 698 1
380 781 1
92 399 1
920 1122 1
700 1013 1
691 1008 1
473 861 0.02439
235 627 1
579 938 1
316 719 1
879 1104 1
871 1100 1
146 500 1
643 979 1
159 520 1
327 730 1
964 1140 1
785 1059 1
459 849 1
49 293 1
660 989 1
23 201 1
472 860 1
916 1120 1
840 1086 0.019337
44 278 1
372 774 1
560 925 1
183 557 1
418 815 1
359 762 1
401 800 1
555 921 1
541 911 1
246 640 1
484 869 1
984 1148 1
67 342 1
283 683 1
240 633 1
570 932 1
140 490 1
366 768 1
646 981 1
426 822 1
138 486 0.04321
398 798 1
25 210 1
218 605 1
330 733 0.028649
208 592 1
974 1144 1
299 701 1
497 879 1
71 352 1
357 760 0.027632
390 791 1
600 952 1
481 867 1
13 151 1
408 807 1
960 1138 1
960 1138 1
467 856 1
147 501 1
230 620 1
694 1009 1
675 998 1
595 948 0.022152
295 696 1
191 568 1
565 928 1
238 630 1
805 1069 1
226 615 1
225 614 1
43 274 1
751 1041 1
968 1142 1
963 1140 1
331 734 1
108 432 1
899 1113 1
95 406 1
235 627 1
969 1142 0.018389
968 1142 1
797 1065 1
959 1138 1
477 864 1
245 639 1
942 1131 1
264 662 1
788 1060 1
331 734 1
156 516 1
615 961 1
25 210 1
396 796 1
493 876 1
919 1121 1
825 1078 1
437 831 1
953 1136 1
414 812 1
758 1045 1
765 1048 1
519 896 1
467 856 1
778 1055 1
140 490 1
307 709 1
185 560 1
895 1111 1
588 944 1
139 488 1
411 809 1
725 1027 1
827 1079 1
364 766 1
37 255 1
380 781 1
870 1100 1
25 210 1
865 1097 1
501 882 1
999 1154 1
188 564 1
735 1032 1
988 1150 1
384 785 1
723 1026 1
747 1039 1
8 119 1
5 94 1
299 701 1
466 855 1
121 456 1
382 783 1
216 602 1
468 857 1
241 634 1
697 1011 1
987 1149 1
931 1126 1
91 397 1
500 881 0.023837
281 681 1
914 1119 1
423 820 1
888 1108 1
651 984 1
255 651 1
779 1056 1
38 258 1
744 1037 1
162 525 1
962 1139 1
230 620 1
899 1113 1
27 218 1
977 1145 1
922 1123 1
867 1098 1
70 349 1
468 857 1
832 1082 0.019409
69 347 1
834 1083 1
597 950 1
405 804 1
324 727 1
277 677 1
629 970 1
409 807 1
898 1112 1
313 716 0.02933
777 1054 1
121 456 1
187 562 1
522 898 1
445 838 1
448 840 1
472 860 1
30 230 0.091304
156 516 0.040698
428 824 1
969 1142 0.018389
683 1003 1
85 384 1
415 813 1
906 1116 0.018817
475 862 1
783 1058 1
707 1017 1
942 1131 1
194 572 1
622 966 1
276 675 1
863 1096 1
590 945 0.022222
354 757 0.027741
18 178 0.117978
811 1072 1
190 567 1
263 660 1
44 278 1
784 1058 1
140 490 1
199 579 1
29 226 1
16 168 1
322 725 1
345 748 1
785 1059 1
653 985 1
224 613 1
573 934 1
272 671 1
414 812 1
476 863 0.024334
414 812 1
138 486 1
791 1062 1
863 1096 1
502 883 1
442 836 1
237 629 1
462 852 1
276 675 1
267 665 1
711 1019 1
391 791 1
577 936 1
325 728 1
30 230 1
911 1118 1
149 504 1
776 1054 1
677 999 1
130 472 1
879 1104 0.019022
102 420 1
881 1105 1
843 1087 1
434 829 1
301 703 1
313 716 1
206 589 1
224 613 0.034258
707 1017 1
454 845 1
965 1140 1
675 998 1
688 1006 1
596 949 1
672 996 1
558 923 1
678 1000 0.021
687 1005 1
435 830 0.025301
32 237 1
948 1133 1
414 812 0.025862
803 1068 1
352 755 1
454 845 1
475 862 0.024362
865 1097 1
177 548 1
622 966 1
193 571 1
565 928 1
103 422 0.049763
286 687 0.030568
380 781 1
795 1064 1
400 800 1
731 1030 1
476 863 0.024334
745 1038 1
756 1044 1
443 836 1
161 524 1
774 1053 1
245 639 1
703 1014 1
679 1001 1
236 628 1
951 1135 1
105 426 1
52 302 1
199 579 1
296 698 1
887 1107 1
661 990 1
900 1113 1
809 1071 1
334 737 1
740 1035 0.02029
882 1105 1
554 921 1
375 777 1
204 586 1
251 646 1
857 1094 1
220 607 1
290 691 1
379 780 1
131 474 1
107 430 1
182 555 1
888 1108 1
529 903 1
354 757 1
839 1085 1
760 1046 1
525 900 0.023333
105 426 1
738 1034 1
469 857 1
641 978 1
266 664 1
172 540 1
20 188 1
214 600 1
900 1113 1
538 909 1
352 755 1
530 904 1
731 1030 1
152 509 1
227 616 1
64 334 1
505 885 1
254 650 1
406 805 1
548 916 1
528 902 1
164 528 1
796 1064 1
692 1008 1
389 790 1
623 966 1
978 1146 1
415 813 1
206 589 1
345 748 1
249 644 1
817 1075 1
268 666 0.031532
492 875 1
194 572 0.036713
789 1061 1
730 1030 1
671 996 1
120 454 0.046256
209 593 1
491 875 1
183 557 1
441 835 1
757 1044 1
263 660 1
439 833 1
813 1073 1
387 788 1
630 971 1
56 313 1
685 1004 0.020916
112 439 1
330 733 1
601 952 1
484 869 1
673 997 1
713 1020 0.020588
375 777 1
473 861 1
287 688 1
833 1082 1
389 790 1
11 139 1
995 1152 1
186 561 1
173 542 0.038745
395 795 1
554 921 1
519 896 1
925 1124 1
213 598 1
33 241 1
500 881 1
875 1102 1
790 1061 1
441 835 1
793 1063 1
657 988 1
751 1041 1
588 944 1
589 944 1
137 484 1
1000 1154 1
213 598 0.035117
947 1133 0.018535
264 662 1
109 434 0.048387
756 1044 0.020115
792 1062 1
415 813 1
20 188 1
935 1128 1
42 271 1
629 970 1
613 960 1
146 500 1
650 983 1
334 737 1
672 996 1
511 890 1
570 932 1
54 307 1
754 1042 1
486 871 1
368 770 1
286 687 1
495 878 1
454 845 1
969 1142 1
622 966 1
689 1006 1
89 393 0.053435
30 230 1
160 522 1
23 201 1
820 1076 1
289 690 1
739 1034 1
862 1096 1
883 1106 1
280 680 1
229 619 1
804 1068 1
793 1063 1
553 920 1
255 651 1
215 601 0.034942
766 1049 1
460 850 1
621 965 1
721 1025 1
278 678 1
284 684 1
363 766 1
943 1131 1
400 800 1
901 1113 1
568 930 1
333 736 1
284 684 1
207 590 1
718 1023 1
243 636 1
860 1095 1
73 356 1
991 1151 1
826 1079 1
283 683 1
742 1036 1
17 173 0.121387
791 1062 1
592 946 1
115 445 1
491 875 1
151 508 1
620 965 1
790 1061 1
501 882 1
105 426 1
879 1104 1
264 662 1
59 321 1
207 590 1
102 420 1
803 1068 1
451 843 1
860 1095 1
16 168 1
421 818 1
185 560 1
62 329 1
11 139 1
291 692 1
97 410 1
805 1069 1
451 843 1
958 1138 1
893 1110 1
858 1094 1
36 251 1
729 1029 1
122 458 1
464 853 0.024619
10 133 0.157895
648 982 1
160 522 1
350 753 1
695 1010 1
993 1151 1
814 1073 1
315 718 1
53 304 1
646 981 1
889 1108 1
416 814 1
719 1023 1
393 793 1
533 906 1
993 1151 1
252 647 1
703 1014 1
306 708 1
108 432 1
124 462 1
589 944 1
16 168 1
151 508 1
656 987 1
589 944 1
827 1079 1
109 434 1
901 1113 1
305 707 1
887 1107 1
826 1079 1
417 814 1
806 1069 1
332 735 1
786 1059 1
796 1064 1
779 1056 0.019886
778 1055 1
37 255 1
400 800 1
551 919 1
78 368 1
718 1023 1
657 988 1
245 639 1
731 1030 1
790 1061 1
558 923 1
595 948 1
865 1097 1
445 838 0.02506
485 870 1
534 906 1
914 1119 1
722 1025 0.020488
834 1083 1
415 813 1
63 332 1
621 965 1
264 662 1
424 820 1
990 1150 1
443 836 1
421 818 1
463 853 0.024619
55 310 1
226 615 1
802 1067 1
130 472 1
114 443 1
360 763 1
417 814 1
377 779 1
394 794 1
335 738 1
325 728 1
31 233 1
860 1095 1
420 817 1
652 984 1
137 484 1
248 643 1
403 802 1
456 847 1
844 1088 1
166 531 1
460 850 1
929 1126 1
330 733 1
306 708 1
65 337 1
148 503 1
590 945 1
209 593 1
725 1027 1
935 1128 1
362 765 1
113 441 1
781 1057 1
794 1063 1
192 570 0.036842
532 905 1
154 513 1
806 1069 1
46 284 1
685 1004 0.020916
277 677 1
489 873 1
183 557 1
840 1086 1
89 393 1
608 957 0.021944
1 42 1
6 103 1
669 995 1
444 837 0.02509
649 983 1
750 1040 1
215 601 1
733 1031 1
848 1089 1
893 1110 1
537 909 1
969 1142 1
537 909 1
742 1036 1
806 1069 1
229 619 1
368 770 1
610 958 1
77 366 1
946 1133 1
268 666 1
505 885 0.023729
397 797 1
737 1033 1
269 667 1
719 1023 1
935 1128 1
487 871 0.02411
622 966 1
423 820 1
391 791 0.026549
361 764 1
139 488 1
475 862 1
323 726 1
608 957 0.021944
476 863 1
465 854 1
49 293 0.071672
22 197 1
120 454 0.046256
734 1032 1
557 923 1
791 1062 1
234 625 1
527 901 1
480 866 1
145 498 1
807 1070 1
635 974 1
33 241 1
691 1008 1
253 649 1
890 1109 1
528 902 1
305 707 1
974 1144 1
400 800 1
949 1134 1
990 1150 1
506 886 1
722 1025 1
741 1036 1
967 1141 1
344 747 1
671 996 1
669 995 1
479 865 1
253 649 1
15 162 1
876 1102 1
293 694 1
578 937 1
879 1104 1
685 1004 1
142 493 1
626 968 1
35 248 1
666 993 1
505 885 1
9 126 1
666 993 1
802 1067 0.019681
494 877 0.023945
757 1044 1
686 1005 1
835 1083 1
910 1117 1
161 524 1
432 827 0.025393
167 533 1
222 610 1
197 577 0.036395
55 310 1
195 574 1
995 1152 1
126 465 1
674 998 1
739 1034 1
126 465 1
772 1052 1
225 614 1
239 632 1
480 866 1
190 567 1
95 406 0.051724
697 1011 0.020772
207 590 1
103 422 1
578 937 0.022412
812 1072 1
911 1118 1
412 810 1
713 1020 0.020588
430 825 1
242 635 1
652 984 0.021341
668 994 1
806 1069 1
192 570 0.036842
558 923 1
360 763 1
798 1065 0.019718
958 1138 0.018453
421 818 1
416 814 1
121 456 1
603 954 1
751 1041 1
756 1044 1
302 704 1
366 768 1
809 1071 1
477 864 1
418 815 1
817 1075 1
220 607 1
606 956 1
434 829 1
464 853 1
131 474 1
116 447 1
190 567 1
34 244 1
578 937 1
599 951 1
678 1000 1
678 1000 1
128 469 1
734 1032 1
633 973 1
231 622 1
485 870 0.024138
646 981 1
784 1058 1
921 1122 1
172 540 1
380 781 0.026889
487 871 1
649 983 1
530 904 1
181 554 1
540 911 1
111 438 1
228 618 1
813 1073 1
446 839 1
23 201 1
12 145 1
444 837 1
94 403 1
595 948 1
597 950 1
90 395 1
825 1078 1
826 1079 1
530 904 1
572 933 1
451 843 1
84 382 1
314 717 1
412 810 1
628 970 1
660 989 1
798 1065 1
4 84 1
487 871 1
300 702 1
289 690 1
99 414 0.050725
654 986 1
459 849 0.024735
143 495 1
270 669 1
239 632 0.033228
986 1149 1
758 1045 1
951 1135 1
625 968 1
338 741 0.02834
871 1100 1
658 988 1
559 924 1
463 853 1
853 1092 1
810 1071 1
907 1116 1
639 976 1
180 552 1
416 814 1
140 490 1
588 944 1
211 596 0.035235
860 1095 1
312 715 1
93 401 1
986 1149 1
945 1132 1
938 1129 1
272 671 1
180 552 1
93 401 1
244 638 1
651 984 1
110 436 1
966 1141 1
933 1127 1
557 923 1
677 999 1
45 281 0.074733
429 825 1
298 700 1
723 1026 0.020468
894 1110 1
859 1095 1
788 1060 1
891 1109 1
414 812 1
606 956 0.021967
370 772 1
312 715 0.029371
531 904 1
824 1078 1
908 1117 1
185 560 0.0375
727 1028 1
59 321 1
12 145 0.144828
416 814 0.025799
821 1077 1
880 1104 1
998 1153 0.018213
693 1009 1
714 1021 1
707 1017 1
80 373 1
119 453 1
76 364 1
624 967 1
482 868 0.024194
179 551 1
46 284 0.073944
896 1111 1
127 467 1
474 861 1
490 874 1
732 1031 1
842 1087 1
671 996 1
668 994 1
600 952 1
641 978 1
366 768 1
981 1147 1
553 920 1
549 917 0.022901
622 966 1
974 1144 1
903 1114 1
663 991 1
663 991 1
720 1024 1
427 823 1
68 344 1
844 1088 1
762 1047 1
66 339 1
834 1083 1
490 874 1
18 178 1
399 799 1
856 1093 1
415 813 1
170 537 1
948 1133 1
801 1067 1
547 916 1
708 1017 1
209 593 1
817 1075 0.019535
305 707 1
214 600 1
475 862 1
830 1081 1
599 951 1
991 1151 1
718 1023 1
663 991 1
353 756 1
87 388 1
707 1017 1
176 546 1
401 800 1
922 1123 1
698 1012 0.020751
276 675 0.031111
274 673 1
421 818 1
600 952 1
361 764 1
975 1144 1
231 622 1
322 725 1
183 557 1
385 786 1
497 879 1
312 715 1
209 593 1
6 103 1
526 901 1
587 943 1
233 624 1
674 998 1
195 574 1
318 721 1
71 352 1
153 511 1
167 533 1
695 1010 1
531 904 1
482 868 1
844 1088 1
847 1089 1
286 687 1
85 384 1
972 1143 1
414 812 1
533 906 1
149 504 0.041667
460 850 0.024706
423 820 1
341 744 1
935 1128 0.018617
747 1039 1
938 1129 1
607 956 0.021967
921 1122 0.018717
611 959 1
364 766 1
741 1036 1
275 674 1
935 1128 1
360 763 1
131 474 1
432 827 1
211 596 1
345 748 1
462 852 1
934 1128 1
527 901 0.023307
805 1069 1
784 1058 0.019849
881 1105 1
404 803 1
859 1095 1
273 672 1
315 718 1
900 1113 1
413 811 1
815 1074 1
799 1066 1
229 619 1
799 1066 1
879 1104 1
185 560 1
727 1028 1
573 934 1
705 1016 1
287 688 1
913 1119 1
176 546 1
927 1125 1
194 572 1
199 579 1
201 582 1
61 326 1
693 1009 1
942 1131 1
620 965 1
538 909 1
204 586 1
838 1085 1
182 555 1
766 1049 1
894 1110 1
431 826 1
295 696 1
457 848 1
516 893 1
588 944 1
608 957 1
666 993 1
31 233 1
802 1067 1
22 197 1
253 649 1
125 463 1
609 958 1
725 1027 1
539 910 0.023077
395 795 1
601 952 0.022059
532 905 1
198 578 1
396 796 1
446 839 0.02503
183 557 1
401 800 1
968 1142 1
165 530 1
911 1118 1
3 73 1
45 281 1
876 1102 1
804 1068 1
637 975 1
770 1051 1
125 463 1
548 916 1
423 820 1
6 103 1
754 1042 1
848 1089 1
558 923 1
645 980 1
386 787 1
973 1144 1
289 690 1
874 1101 1
122 458 1
888 1108 1
574 934 1
526 901 0.023307
53 304 1
913 1119 1
105 426 1
351 754 1
284 684 1
168 534 1
814 1073 1
617 963 1
902 1114 1
531 904 1
89 393 1
960 1138 1
889 1108 1
533 906 1
205 588 1
723 1026 1
518 895 1
120 454 1
281 681 0.030837
803 1068 1
88 391 1
580 938 1
924 1123 0.0187
337 740 1
341 744 1
581 939 1
985 1148 1
226 615 1
907 1116 1
360 763 1
315 718 1
126 465 0.045161
276 675 1
517 894 1
746 1038 1
813 1073 1
330 733 1
510 889 1
444 837 1
728 1028 1
971 1143 1
14 157 1
293 694 1
269 667 1
677 999 1
83 380 1
502 883 1
251 646 1
626 968 1
741 1036 0.02027
17 173 1
329 732 1
581 939 1
244 638 1
338 741 1
571 932 1
419 816 1
844 1088 1
951 1135 0.018502
901 1113 1
995 1152 1
356 759 1
41 268 1
949 1134 1
574 934 0.022484
482 868 1
617 963 0.021807
92 399 0.052632
294 695 1
80 373 1
203 585 1
277 677 1
194 572 1
490 874 1
77 366 1
301 703 1
936 1128 1
773 1052 1
792 1062 1
721 1025 1
514 892 1
753 1042 1
334 737 1
338 741 1
961 1139 1
408 807 1
378 780 1
715 1021 1
252 647 0.032457
660 989 1
266 664 0.031627
81 375 1
18 178 1
876 1102 1
160 522 0.04023
322 725 1
715 1021 1
783 1058 1
860 1095 1
678 1000 1
634 973 1
30 230 1
83 380 1
185 560 0.0375
589 944 1
182 555 1
27 218 1
438 832 1
459 849 0.024735
19 183 1
676 999 1
452 844 1
788 1060 1
350 753 1
823 1077 1
389 790 1
669 995 1
40 265 1
330 733 0.028649
794 1063 1
825 1078 1
188 564 1
90 395 1
679 1001 1
512 890 0.023596
296 698 1
288 689 1
629 970 1
123 460 1
220 607 1
540 911 1
578 937 1
165 530 0.039623
296 698 1
324 727 1
466 855 1
347 750 1
954 1136 1
373 775 1
193 571 1
356 759 0.027668
973 1144 1
920 1122 1
598 950 1
730 1030 1
899 1113 1
286 687 1
650 983 1
55 310 1
876 1102 1
524 899 0.023359
686 1005 1
672 996 1
92 399 1
648 982 1
568 930 1
893 1110 1
576 936 1
961 1139 1
238 630 1
574 934 1
201 582 1
178 549 1
168 534 1
591 946 1
943 1131 1
255 651 1
594 948 1
844 1088 1
638 976 1
677 999 1
487 871 1
29 226 1
836 1084 1
390 791 1
583 940 0.02234
203 585 1
184 558 1
315 718 1
553 920 1
184 558 1
996 1153 1
271 670 0.031343
465 854 1
51 299 1
436 831 1
362 765 1
907 1116 1
937 1129 1
156 516 1
947 1133 1
805 1069 1
564 928 0.022629
494 877 1
437 831 1
768 1050 1
592 946 1
785 1059 0.01983
578 937 1
527 901 0.023307
448 840 1
50 296 0.070946
530 904 1
247 641 1
621 965 1
966 1141 1
701 1013 1
213 598 1
775 1053 1
725 1027 1
956 1137 1
66 339 1
913 1119 1
185 560 1
907 1116 0.018817
770 1051 1
441 835 1
396 796 0.026382
314 717 1
495 878 1
341 744 1
749 1040 1
839 1085 1
194 572 1
478 865 1
595 948 0.022152
428 824 1
907 1116 1
472 860 1
207 590 1
687 1005 1
659 989 0.021234
408 807 1
198 578 1
356 759 0.027668
401 800 1
812 1072 1
669 995 1
325 728 1
297 699 1
46 284 1
139 488 1
66 339 1
230 620 1
809 1071 1
977 1145 0.018341
673 997 1
505 885 1
297 699 1
628 970 1
606 956 1
686 1005 1
263 660 1
114 443 1
371 773 1
846 1088 1
779 1056 1
304 706 1
745 1038 1
367 769 1
775 1053 0.019943
74 359 1
181 554 1
965 1140 1
778 1055 1
123 460 1
995 1152 1
357 760 1
394 794 1
887 1107 1
422 819 1
932 1127 1
944 1132 1
576 936 1
334 737 0.028494
899 1113 1
816 1074 1
846 1088 1
223 611 1
558 923 1
437 831 1
621 965 1
648 982 1
911 1118 1
417 814 1
914 1119 1
9 126 1
815 1074 1
410 808 1
158 519 1
179 551 1
94 403 1
814 1073 1
201 582 0.036082
300 702 1
421 818 1
488 872 0.024083
927 1125 1
680 1001 1
875 1102 1
943 1131 1
406 805 1
120 454 1
236 628 1
229 619 1
614 961 1
326 729 1
755 1043 1
534 906 1
367 769 1
334 737 1
617 963 1
149 504 1
366 768 1
231 622 1
363 766 1
193 571 0.036778
79 371 1
735 1032 1
431 826 1
53 304 1
235 627 0.033493
466 855 1
894 1110 1
403 802 1
908 1117 1
676 999 0.021021
684 1004 1
496 878 0.023918
92 399 1
33 241 1
667 994 0.021127
515 893 1
129 471 1
819 1076 1
171 539 1
910 1117 1
515 893 1
636 975 1
221 609 1
819 1076 1
284 684 1
943 1131 1
602 953 1
567 930 1
350 753 1
451 843 1
696 1010 1
465 854 1
424 820 1
351 754 1
749 1040 1
403 802 1
881 1105 1
55 310 1
633 973 1
568 930 0.022581
611 959 1
181 554 1
680 1001 0.020979
924 1123 1
385 786 0.026718
280 680 1
501 882 1
551 919 1
48 290 1
296 698 1
96 408 1
978 1146 1
353 756 1
287 688 1
704 1015 1
239 632 0.033228
909 1117 1
913 1119 1
121 456 1
908 1117 1
55 310 1
908 1117 1
239 632 1
592 946 1
597 950 1
256 652 1
681 1002 1
308 710 1
111 438 1
912 1118 1
758 1045 1
748 1039 1
198 578 1
503 884 1
762 1047 1
739 1034 1
702 1014 1
123 460 1
162 525 1
690 1007 1
699 1012 1
533 906 1
411 809 0.025958
1000 1154 1
631 972 1
575 935 1
287 688 1
794 1063 1
842 1087 1
68 344 1
727 1028 1
613 960 1
360 763 1
98 412 1
225 614 1
102 420 1
471 859 0.024447
515 893 0.023516
739 1034 1
521 897 0.023411
973 1144 1
63 332 1
261 658 1
735 1032 1
445 838 0.02506
986 1149 1
123 460 1
765 1048 1
987 1149 1
372 774 0.027132
192 570 1
851 1091 1
955 1136 1
708 1017 1
348 751 1
978 1146 0.018325
397 797 1
540 911 1
783 1058 1
845 1088 1
715 1021 0.020568
728 1028 1
435 830 1
400 800 1
921 1122 1
846 1088 1
413 811 0.025894
820 1076 1
852 1091 0.019248
110 436 1
579 938 1
952 1135 1
187 562 1
626 968 1
87 388 1
649 983 1
569 931 1
863 1096 1
474 861 1
546 915 1
416 814 1
642 978 1
977 1145 0.018341
876 1102 1
710 1018 0.020629
732 1031 0.020369
379 780 1
407 806 1
987 1149 1
926 1124 0.018683
313 716 1
414 812 1
681 1002 1
805 1069 1
916 1120 1
703 1014 1
106 428 1
462 852 1
202 583 0.036021
664 992 1
573 934 1
890 1109 1
865 1097 1
955 1136 1
458 849 1
587 943 0.022269
914 1119 1
50 296 1
224 613 1
621 965 1
343 746 1
771 1051 1
789 1061 1
565 928 1
604 954 1
484 869 1
798 1065 0.019718
469 857 1
185 560 1
15 162 0.12963
498 880 1
941 1131 0.018568
541 911 1
591 946 1
923 1123 1
627 969 0.021672
788 1060 1
193 571 1
196 575 1
4 84 1
490 874 1
716 1022 0.020548
859 1095 1
592 946 1
750 1040 1
456 847 1
160 522 1
249 644 1
95 406 1
850 1090 1
68 344 1
172 540 1
170 537 1
14 157 1
131 474 1
261 658 1
233 624 1
331 734 1
441 835 1
511 890 1
180 552 1
354 757 1
872 1101 1
282 682 1
660 989 1
951 1135 1
728 1028 1
266 664 1
682 1002 1
926 1124 1
141 491 1
14 157 1
788 1060 1
486 871 1
997 1153 1
718 1023 0.020528
856 1093 1
361 764 1
70 349 1
124 462 1
911 1118 1
82 377 1
44 278 1
635 974 1
779 1056 0.019886
341 744 1
960 1138 1
779 1056 1
672 996 1
553 920 1
809 1071 1
810 1071 1
774 1053 1
657 988 1
847 1089 1
827 1079 1
508 887 1
134 479 1
178 549 1
963 1140 1
711 1019 1
454 845 1
535 907 1
550 918 1
424 820 0.02561
48 290 1
179 551 1
982 1147 1
233 624 0.033654
509 888 1
821 1077 1
324 727 1
681 1002 1
96 408 1
64 334 1
684 1004 1
354 757 0.027741
870 1100 1
718 1023 1
277 677 1
569 931 1
943 1131 1
533 906 1
926 1124 1
662 991 1
602 953 1
805 1069 1
378 780 1
143 495 1
148 503 1
984 1148 1
796 1064 1
601 952 1
145 498 1
305 707 0.029703
451 843 1
375 777 1
297 699 1
293 694 1
359 762 1
272 671 1
900 1113 1
564 928 1
625 968 1
436 831 1
158 519 1
768 1050 1
855 1093 1
31 233 1
907 1116 1
916 1120 1
757 1044 1
925 1124 1
315 718 0.029248
141 491 1
244 638 1
204 586 1
351 754 1
900 1113 1
582 940 1
668 994 0.021127
473 861 0.02439
706 1016 1
287 688 1
449 841 1
472 860 1
802 1067 1
837 1084 1
639 976 1
497 879 1
107 430 1
57 316 1
669 995 0.021106
886 1107 1
547 916 1
276 675 0.031111
378 780 1
467 856 1
140 490 1
10 133 1
755 1043 0.020134
627 969 1
681 1002 1
361 764 1
754 1042 1
567 930 1
697 1011 1
42 271 1
952 1135 0.018502
430 825 1
435 830 1
847 1089 1
979 1146 1
430 825 1
120 454 1
131 474 1
328 731 1
153 511 0.041096
28 222 1
205 588 1
658 988 0.021255
312 715 1
957 1137 1
100 416 1
928 1125 1
219 606 0.034653
306 708 1
531 904 1
906 1116 1
870 1100 1
684 1004 1
182 555 1
692 1008 1
30 230 1
31 233 1
931 1126 1
370 772 1
865 1097 1
762 1047 1
482 868 1
498 880 1
353 756 1
162 525 1
93 401 1
180 552 1
809 1071 1
555 921 1
32 237 1
804 1068 1
214 600 1
839 1085 1
153 511 1
398 798 1
638 976 1
331 734 1
360 763 1
609 958 1
660 989 1
713 1020 1
456 847 1
901 1113 1
417 814 1
512 890 1
916 1120 1
212 597 1
860 1095 1
54 307 0.068404
482 868 1
276 675 1
179 551 1
558 923 1
203 585 1
178 549 1
327 730 1
841 1086 1
840 1086 1
96 408 0.051471
124 462 1
785 1059 1
910 1117 0.0188
135 481 1
357 760 0.027632
993 1151 1
251 646 1
765 1048 0.020038
460 850 1
326 729 1
374 776 1
80 373 1
255 651 1
640 977 1
522 898 1
745 1038 1
300 702 1
105 426 1
171 539 1
826 1079 1
325 728 0.028846
540 911 1
582 940 1
919 1121 0.018733
236 628 1
55 310 1
541 911 1
392 792 1
232 623 1
305 707 1
377 779 1
213 598 1
61 326 1
844 1088 1
613 960 0.021875
552 919 1
200 581 1
947 1133 1
641 978 1
46 284 1
448 840 1
941 1131 1
956 1137 1
758 1045 1
774 1053 1
240 633 1
177 548 1
263 660 0.031818
117 449 1
166 531 0.039548
250 645 1
694 1009 0.020813
898 1112 1
50 296 1
415 813 1
413 811 1
396 796 1
659 989 1
544 914 1
245 639 1
677 999 1
840 1086 1
134 479 1
21 192 1
558 923 1
146 500 1
542 912 1
631 972 1
118 451 1
670 995 1
381 782 1
793 1063 1
588 944 1
879 1104 1
324 727 1
737 1033 1
808 1070 1
727 1028 1
85 384 1
272 671 1
109 434 0.048387
614 961 1
531 904 1
688 1006 1
209 593 1
777 1054 1
814 1073 1
814 1073 1
323 726 1
476 863 1
68 344 1
223 611 1
740 1035 1
896 1111 1
977 1145 1
70 349 1
726 1027 1
421 818 1
647 981 1
812 1072 1
951 1135 0.018502
608 957 1
518 895 1
614 961 1
823 1077 1
910 1117 1
53 304 1
395 795 1
733 1031 1
839 1085 1
110 436 1
803 1068 1
189 565 0.037168
915 1120 1
805 1069 1
776 1054 1
620 965 1
24 205 1
961 1139 1
664 992 1
682 1002 1
769 1050 1
562 926 1
368 770 1
502 883 1
528 902 1
400 800 1
898 1112 1
453 845 1
956 1137 1
770 1051 1
888 1108 1
84 382 1
331 734 1
12 145 1
118 451 1
336 739 1
545 914 1
615 961 1
603 954 1
989 1150 1
198 578 1
380 781 1
720 1024 1
292 693 1
132 476 1
649 983 1
207 590 1
642 978 1
246 640 1
250 645 1
100 416 1
687 1005 1
450 842 1
744 1037 1
887 1107 1
316 719 1
223 611 1
997 1153 1
208 592 1
804 1068 0.019663
111 438 1
518 895 0.023464
993 1151 1
971 1143 1
22 197 0.106599
231 622 1
119 453 1
81 375 1
168 534 0.039326
162 525 1
449 841 1
104 424 0.049528
430 825 1
856 1093 0.019213
767 1049 1
697 1011 1
249 644 1
829 1080 1
419 816 1
683 1003 1
61 326 1
455 846 1
867 1098 1
276 675 1
71 352 1
568 930 1
92 399 1
157 517 1
287 688 1
423 820 1
320 723 1
849 1090 1
39 262 1
834 1083 1
273 672 1
638 976 1
945 1132 1
751 1041 1
579 938 1
938 1129 1
596 949 1
646 981 1
685 1004 0.020916
558 923 1
462 852 1
456 847 1
712 1020 1
446 839 1
699 1012 1
498 880 1
758 1045 1
55 310 1
460 850 1
66 339 1
355 758 0.027704
831 1081 1
729 1029 1
608 957 1
783 1058 1
368 770 1
135 481 1
798 1065 1
826 1079 0.019462
189 565 1
18 178 1
888 1108 1
102 420 1
491 875 1
116 447 1
677 999 1
576 936 1
953 1136 0.018486
435 830 1
667 994 0.021127
271 670 1
40 265 1
574 934 1
510 889 1
923 1123 0.0187
186 561 1
744 1037 1
537 909 1
150 506 1
374 776 1
940 1130 0.018584
986 1149 1
334 737 1
234 625 1
230 620 0.033871
314 717 1
416 814 1
599 951 1
96 408 1
499 881 1
158 519 1
257 653 1
353 756 1
335 738 1
170 537 1
884 1106 1
887 1107 1
911 1118 1
312 715 1
847 1089 1
358 761 1
121 456 1
239 632 1
668 994 1
655 986 1
57 316 1
688 1006 1
173 542 1
890 1109 1
808 1070 1
645 980 1
152 509 1
243 636 1
743 1037 1
867 1098 0.019126
300 702 1
232 623 1
813 1073 1
424 820 1
666 993 1
640 977 1
324 727 0.028886
181 554 1
68 344 1
829 1080 1
216 602 1
228 618 1
160 522 1
794 1063 1
711 1019 1
426 822 0.025547
261 658 1
638 976 1
281 681 1
822 1077 1
780 1056 1
239 632 1
472 860 1
856 1093 1
776 1054 1
847 1089 1
33 241 1
26 214 1
134 479 1
18 178 1
609 958 1
274 673 1
117 449 1
229 619 1
393 793 1
333 736 0.028533
255 651 1
360 763 1
818 1075 1
229 619 1
294 695 1
837 1084 1
801 1067 1
404 803 1
335 738 1
374 776 1
371 773 1
414 812 1
489 873 0.024055
354 757 1
858 1094 0.019196
434 829 1
438 832 1
888 1108 0.018953
893 1110 1
89 393 1
465 854 1
713 1020 1
571 932 1
469 857 1
246 640 1
386 787 1
985 1148 1
763 1047 1
661 990 1
463 853 1
190 567 1
729 1029 1
375 777 1
265 663 1
262 659 1
472 860 1
895 1111 1
361 764 1
964 1140 1
370 772 1
673 997 1
834 1083 1
717 1022 1
68 344 1
613 960 1
50 296 1
963 1140 1
37 255 1
932 1127 1
992 1151 1
368 770 1
629 970 1
442 836 1
999 1154 1
766 1049 0.020019
574 934 0.022484
762 1047 1
657 988 1
453 845 1
270 669 0.03139
789 1061 1
85 384 1
973 1144 1
843 1087 1
883 1106 1
986 1149 1
167 533 0.0394
181 554 1
367 769 1
464 853 1
847 1089 1
126 465 1
598 950 0.022105
637 975 1
148 503 1
477 864 1
296 698 1
62 329 1
350 753 0.027888
886 1107 0.01897
461 851 1
145 498 1
807 1070 1
371 773 1
393 793 1
505 885 1
610 958 1
662 991 1
537 909 1
545 914 1
231 622 1
676 999 1
547 916 1
647 981 1
468 857 1
987 1149 1
401 800 1
602 953 1
148 503 1
211 596 1
494 877 1
565 928 1
468 857 1
457 848 1
926 1124 1
649 983 1
768 1050 1
231 622 1
146 500 1
702 1014 1
138 486 1
365 767 1
218 605 1
658 988 1
555 921 1
563 927 1
56 313 1
767 1049 1
152 509 1
163 527 1
643 979 1
353 756 1
45 281 1
707 1017 1
641 978 1
37 255 1
85 384 1
729 1029 0.020408
27 218 1
267 665 1
895 1111 0.018902
860 1095 1
772 1052 1
741 1036 1
746 1038 1
833 1082 1
122 458 1
5 94 1
850 1090 1
660 989 1
339 742 1
410 808 1
287 688 1
674 998 1
433 828 1
755 1043 1
277 677 1
893 1110 1
94 403 1
345 748 1
446 839 1
855 1093 0.019213
968 1142 1
249 644 1
169 536 1
333 736 1
749 1040 1
792 1062 1
838 1085 1
389 790 1
776 1054 1
612 959 1
752 1041 0.020173
408 807 1
690 1007 1
129 471 1
449 841 1
936 1128 1
945 1132 1
377 779 1
840 1086 1
154 513 1
155 514 1
522 898 1
502 883 1
429 825 1
451 843 1
268 666 1
292 693 1
417 814 1
483 868 1
208 592 1
382 783 1
777 1054 1
840 1086 1
745 1038 1
66 339 1
544 914 1
689 1006 1
558 923 1
9 126 1
95 406 0.051724
56 313 1
846 1088 1
381 782 1
501 882 1
622 966 1
762 1047 0.020057
585 942 1
197 577 0.036395
530 904 1
317 720 0.029167
300 702 1
875 1102 1
427 823 1
487 871 1
117 449 1
878 1103 1
841 1086 1
413 811 1
991 1151 1
583 940 1
215 601 0.034942
194 572 0.036713
454 845 1
768 1050 1
99 414 1
90 395 1
656 987 1
574 934 1
148 503 1
233 624 1
357 760 1
807 1070 1
347 750 1
279 679 1
767 1049 1
932 1127 1
346 749 1
430 825 1
578 937 0.022412
88 391 1
271 670 1
346 749 1
28 222 1
958 1138 1
545 914 1
103 422 1
238 630 1
270 669 1
641 978 0.021472
607 956 1
648 982 1
168 534 1
563 927 0.022654
817 1075 1
232 623 1
790 1061 1
490 874 1
922 1123 1
323 726 1
798 1065 1
614 961 1
951 1135 1
82 377 1
438 832 0.02524
145 498 1
304 706 1
647 981 1
790 1061 1
645 980 1
407 806 1
484 869 1
489 873 0.024055
311 714 1
822 1077 1
290 691 1
99 414 1
791 1062 1
732 1031 0.020369
503 884 1
651 984 1
709 1018 1
360 763 1
6 103 1
178 549 1
549 917 1
252 647 1
787 1060 1
875 1102 1
259 656 1
787 1060 1
172 540 1
832 1082 1
455 846 1
642 978 1
624 967 1
514 892 1
818 1075 1
450 842 1
91 397 1
57 316 1
111 438 1
780 1056 1
992 1151 1
856 1093 1
362 765 1
211 596 1
357 760 1
178 549 1
460 850 1
541 911 1
938 1129 1
711 1019 1
324 727 1
274 673 1
673 997 1
23 201 1
447 840 1
75 361 1
743 1037 1
509 888 1
432 827 1
