5000 2218898
962 1139 0.018437
438 832 1
500 881 1
524 899 1
581 939 0.022364
921 1122 1
997 1153 1
947 1133 0.018535
826 1079 1
306 708 1
755 1043 0.020134
603 954 1
375 777 1
714 1021 1
571 932 1
4 84 0.25
594 948 1
658 988 1
214 600 0.035
753 1042 1
629 970 1
967 1141 1
272 671 1
784 1058 0.019849
709 1018 1
742 1036 1
108 432 1
991 1151 1
798 1065 1
232 623 0.033708
793 1063 1
920 1122 1
496 878 1
943 1131 1
479 865 1
645 980 1
829 1080 1
167 533 1
866 1098 1
523 899 0.023359
344 747 1
637 975 1
877 1103 1
515 893 1
662 991 1
883 1106 1
536 908 0.023128
180 552 1
368 770 1
713 1020 1
75 361 1
610 958 1
23 201 0.104478
645 980 0.021429
848 1089 1
842 1087 1
822 1077 1
316 719 0.029207
988 1150 1
683 1003 1
908 1117 0.0188
326 729 1
93 401 0.052369
477 864 1
862 1096 1
421 818 1
205 588 0.035714
725 1027 1
48 290 1
341 744 1
837 1084 1
935 1128 1
61 326 1
53 304 1
594 948 1
306 708 1
578 937 1
901 1113 1
700 1013 1
863 1096 1
583 940 1
22 197 1
81 375 0.056
674 998 0.021042
941 1131 1
996 1153 0.018213
54 307 0.068404
383 784 1
344 747 1
542 912 1
678 1000 1
149 504 1
141 491 1
852 1091 1
848 1089 1
118 451 1
533 906 1
480 866 1
204 586 1
92 399 1
288 689 1
845 1088 0.019301
238 630 0.033333
405 804 1
891 1109 1
539 910 1
890 1109 1
312 715 1
794 1063 1
784 1058 1
141 491 1
406 805 1
61 326 1
479 865 0.024277
122 458 1
857 1094 1
719 1023 1
869 1099 1
250 645 1
391 791 1
57 316 1
742 1036 1
370 772 1
695 1010 0.020792
995 1152 0.018229
212 597 0.035176
928 1125 1
778 1055 1
27 218 1
928 1125 1
294 695 0.030216
235 627 1
108 432 0.048611
526 901 1
245 639 1
111 438 1
560 925 1
733 1031 1
835 1083 1
773 1052 1
990 1150 1
404 803 0.026152
477 864 1
207 590 1
172 540 1
558 923 1
845 1088 1
223 611 0.03437
460 850 1
30 230 1
12 145 1
562 926 1
923 1123 1
451 843 1
912 1118 1
880 1104 1
205 588 0.035714
261 658 1
687 1005 1
393 793 1
578 937 1
725 1027 1
602 953 1
97 410 1
44 278 1
585 942 1
291 692 0.030347
900 1113 0.018868
710 1018 1
605 955 1
342 745 0.028188
498 880 1
286 687 0.030568
946 1133 1
531 904 1
580 938 0.022388
299 701 1
658 988 1
842 1087 1
500 881 1
71 352 1
697 1011 0.020772
69 347 1
889 1108 1
221 609 1
733 1031 1
313 716 1
232 623 1
819 1076 1
335 738 0.028455
436 831 1
147 501 0.041916
409 807 0.026022
200 581 0.036145
856 1093 1
397 797 1
816 1074 1
796 1064 1
398 798 1
92 399 1
140 490 1
569 931 1
884 1106 0.018987
918 1121 1
178 549 1
736 1033 0.020329
511 890 1
211 596 1
466 855 1
595 948 0.022152
41 268 1
209 593 1
805 1069 1
693 1009 1
723 1026 1
450 842 0.024941
719 1023 0.020528
925 1124 1
619 964 1
871 1100 1
813 1073 1
722 1025 1
783 1058 1
464 853 1
576 936 1
583 940 1
640 977 1
457 848 1
208 592 0.035473
648 982 1
712 1020 1
23 201 1
786 1059 1
523 899 1
123 460 1
224 613 0.034258
610 958 0.021921
176 546 1
209 593 1
206 589 0.035654
393 793 1
481 867 1
418 815 1
476 863 0.024334
719 1023 1
450 842 1
320 723 0.029046
231 622 1
289 690 1
657 988 1
896 1111 1
397 797 1
748 1039 1
862 1096 1
880 1104 1
25 210 1
311 714 1
460 850 1
802 1067 1
284 684 1
157 517 1
982 1147 0.018309
119 453 1
965 1140 1
496 878 1
490 874 1
813 1073 0.019571
10 133 1
327 730 1
393 793 0.026482
705 1016 1
612 959 0.021898
944 1132 1
628 970 1
621 965 1
751 1041 1
214 600 0.035
808 1070 1
27 218 0.09633
734 1032 1
899 1113 1
75 361 0.058172
39 262 0.080153
635 974 1
390 791 0.026549
644 980 1
992 1151 0.018245
636 975 0.021538
95 406 1
958 1138 1
590 945 0.022222
927 1125 1
509 888 1
301 703 1
253 649 1
550 918 0.022876
718 1023 1
182 555 0.037838
785 1059 1
523 899 0.023359
63 332 1
347 750 0.028
744 1037 1
397 797 1
7 111 1
957 1137 0.01847
394 794 0.026448
848 1089 1
784 1058 0.019849
79 371 1
292 693 1
625 968 0.021694
758 1045 1
441 835 1
520 896 1
991 1151 1
901 1113 1
482 868 1
917 1120 0.01875
75 361 1
526 901 1
485 870 1
589 944 1
32 237 1
234 625 1
644 980 1
825 1078 1
219 606 1
861 1095 0.019178
175 545 1
487 871 0.02411
779 1056 1
188 564 1
662 991 1
500 881 0.023837
41 268 1
471 859 0.024447
426 822 1
434 829 1
321 724 1
503 884 1
24 205 1
747 1039 1
111 438 1
776 1054 1
421 818 1
675 998 1
491 875 1
96 408 0.051471
442 836 1
681 1002 1
485 870 1
869 1099 1
801 1067 1
622 966 1
432 827 0.025393
355 758 1
965 1140 1
563 927 1
410 808 0.02599
859 1095 1
238 630 1
799 1066 1
346 749 1
957 1137 1
202 583 1
895 1111 1
153 511 1
870 1100 1
325 728 1
692 1008 1
849 1090 1
354 757 1
441 835 1
728 1028 0.020428
872 1101 0.019074
243 636 1
678 1000 1
32 237 0.088608
494 877 1
639 976 1
731 1030 1
130 472 1
282 682 1
749 1040 1
466 855 1
160 522 1
176 546 1
984 1148 1
935 1128 1
780 1056 1
189 565 1
250 645 1
681 1002 1
337 740 1
985 1148 1
34 244 1
783 1058 1
536 908 1
771 1051 1
598 950 1
708 1017 1
999 1154 0.018198
376 778 1
369 771 1
620 965 0.021762
171 539 1
917 1120 1
757 1044 1
164 528 1
15 162 1
311 714 0.029412
890 1109 1
757 1044 1
802 1067 1
842 1087 1
813 1073 1
144 496 1
813 1073 1
230 620 1
433 828 1
442 836 1
666 993 1
667 994 1
321 724 1
274 673 0.031204
150 506 1
254 650 1
923 1123 1
574 934 1
94 403 1
809 1071 1
318 721 1
977 1145 1
197 577 1
622 966 0.021739
900 1113 1
455 846 1
900 1113 0.018868
516 893 1
784 1058 1
599 951 0.022082
857 1094 1
400 800 1
921 1122 1
96 408 0.051471
400 800 1
877 1103 1
69 347 1
524 899 1
204 586 1
396 796 1
718 1023 0.020528
167 533 1
390 791 1
396 796 1
712 1020 1
951 1135 1
140 490 1
923 1123 1
960 1138 1
926 1124 1
835 1083 1
346 749 1
758 1045 0.020096
195 574 1
285 685 1
100 416 1
283 683 1
724 1026 1
588 944 1
814 1073 1
355 758 0.027704
991 1151 1
364 766 1
505 885 1
780 1056 1
964 1140 1
724 1026 1
891 1109 1
261 658 1
500 881 1
285 685 1
185 560 1
903 1114 1
68 344 1
625 968 1
616 962 0.02183
631 972 1
18 178 1
701 1013 1
454 845 1
569 931 1
950 1134 1
167 533 1
21 192 1
598 950 1
26 214 1
79 371 1
504 884 1
174 543 1
322 725 0.028966
682 1002 0.020958
420 817 1
798 1065 1
533 906 1
418 815 1
968 1142 0.018389
851 1091 1
529 903 1
86 386 0.054404
788 1060 1
677 999 1
922 1123 1
392 792 1
205 588 0.035714
77 366 0.057377
619 964 1
170 537 1
231 622 1
38 258 0.081395
330 733 0.028649
495 878 0.023918
649 983 1
135 481 1
232 623 1
584 941 1
324 727 1
678 1000 1
934 1128 1
132 476 1
444 837 1
798 1065 1
825 1078 1
541 911 1
541 911 1
378 780 1
647 981 1
562 926 1
54 307 1
423 820 1
391 791 1
655 986 1
153 511 1
869 1099 1
188 564 1
30 230 1
864 1097 1
462 852 1
578 937 1
489 873 0.024055
121 456 1
981 1147 1
263 660 1
676 999 1
843 1087 1
728 1028 1
931 1126 1
807 1070 0.019626
454 845 1
174 543 1
704 1015 1
618 963 1
767 1049 1
753 1042 1
738 1034 1
431 826 1
865 1097 1
29 226 1
63 332 1
972 1143 1
196 575 1
686 1005 0.020896
71 352 1
101 418 1
977 1145 1
766 1049 0.020019
228 618 1
805 1069 1
987 1149 1
684 1004 1
755 1043 0.020134
622 966 1
647 981 0.021407
957 1137 1
777 1054 1
195 574 1
132 476 1
454 845 1
855 1093 1
197 577 0.036395
28 222 1
871 1100 1
406 805 1
731 1030 1
112 439 1
145 498 1
987 1149 0.018277
831 1081 1
296 698 1
584 941 1
739 1034 0.020309
520 896 0.023438
264 662 1
426 822 0.025547
480 866 1
418 815 0.025767
171 539 1
326 729 1
33 241 1
335 738 1
228 618 1
238 630 1
85 384 1
249 644 1
247 641 0.032761
772 1052 1
913 1119 1
436 831 0.025271
692 1008 1
56 313 1
852 1091 0.019248
360 763 1
172 540 1
271 670 1
690 1007 1
37 255 1
9 126 1
805 1069 1
350 753 1
14 157 1
882 1105 1
92 399 1
357 760 1
326 729 0.028807
220 607 0.034596
786 1059 1
9 126 1
37 255 0.082353
769 1050 1
831 1081 1
940 1130 0.018584
354 757 0.027741
629 970 1
43 274 0.076642
736 1033 0.020329
314 717 1
251 646 1
84 382 1
677 999 1
760 1046 1
884 1106 1
86 386 1
355 758 1
154 513 1
759 1045 0.020096
640 977 1
739 1034 1
402 801 1
306 708 0.029661
245 639 1
713 1020 0.020588
122 458 0.045852
671 996 0.021084
344 747 1
68 344 1
590 945 1
743 1037 1
598 950 1
348 751 1
581 939 1
258 655 1
951 1135 1
395 795 1
152 509 1
556 922 1
389 790 1
68 344 0.061047
377 779 1
410 808 0.02599
28 222 1
15 162 1
605 955 1
690 1007 1
336 739 1
242 635 1
650 983 0.021363
326 729 1
585 942 1
920 1122 1
873 1101 0.019074
793 1063 0.019755
873 1101 1
734 1032 1
276 675 1
351 754 1
188 564 1
568 930 1
968 1142 1
57 316 0.066456
862 1096 1
688 1006 1
644 980 1
311 714 1
272 671 1
527 901 1
208 592 1
323 726 1
548 916 0.022926
394 794 1
655 986 1
588 944 0.022246
284 684 1
165 530 1
508 887 1
1000 1154 1
182 555 1
915 1120 1
424 820 0.02561
16 168 1
682 1002 1
627 969 1
370 772 1
759 1045 1
249 644 0.032609
164 528 0.039773
477 864 1
99 414 1
176 546 0.038462
322 725 1
693 1009 1
442 836 1
250 645 1
661 990 1
881 1105 0.019005
534 906 1
537 909 1
273 672 1
690 1007 1
657 988 1
62 329 1
464 853 1
250 645 1
9 126 0.166667
588 944 0.022246
513 891 1
438 832 1
924 1123 1
136 483 1
684 1004 1
644 980 1
845 1088 1
827 1079 0.019462
451 843 1
453 845 1
733 1031 1
590 945 1
147 501 1
179 551 1
282 682 1
348 751 1
752 1041 1
604 954 0.022013
530 904 1
227 616 1
132 476 1
205 588 1
488 872 1
346 749 1
471 859 0.024447
326 729 1
198 578 1
724 1026 0.020468
576 936 1
372 774 1
881 1105 1
212 597 1
178 549 1
986 1149 1
200 581 1
71 352 0.059659
967 1141 1
886 1107 1
709 1018 1
388 789 1
145 498 1
186 561 1
25 210 0.1
846 1088 1
963 1140 0.018421
784 1058 1
835 1083 1
408 807 0.026022
52 302 1
148 503 1
346 749 1
855 1093 1
843 1087 0.019319
702 1014 1
206 589 0.035654
116 447 0.04698
523 899 1
429 825 1
442 836 1
39 262 1
360 763 1
980 1146 1
116 447 1
708 1017 0.020649
872 1101 1
768 1050 1
683 1003 1
649 983 1
795 1064 1
695 1010 1
472 860 0.024419
29 226 1
675 998 1
26 214 1
837 1084 0.019373
627 969 0.021672
148 503 1
923 1123 1
200 581 0.036145
332 735 1
436 831 0.025271
407 806 1
720 1024 1
504 884 1
148 503 0.04175
709 1018 0.020629
382 783 1
117 449 1
308 710 1
181 554 1
709 1018 1
133 478 1
826 1079 1
938 1129 1
75 361 0.058172
917 1120 1
427 823 1
496 878 0.023918
221 609 1
264 662 1
944 1132 1
517 894 1
910 1117 0.0188
95 406 1
955 1136 0.018486
563 927 1
976 1145 1
211 596 1
118 451 1
884 1106 1
408 807 0.026022
425 821 1
186 561 1
100 416 0.050481
214 600 1
885 1106 1
181 554 1
851 1091 0.019248
370 772 1
799 1066 0.0197
370 772 1
248 643 0.032659
968 1142 1
288 689 1
621 965 1
78 368 1
516 893 0.023516
773 1052 1
828 1080 1
610 958 1
382 783 1
51 299 1
918 1121 1
554 921 0.022801
159 520 0.040385
496 878 1
479 865 1
535 907 1
842 1087 1
592 946 1
410 808 1
19 183 0.114754
899 1113 1
989 1150 1
77 366 1
380 781 1
299 701 0.029957
470 858 1
952 1135 1
639 976 0.021516
897 1112 1
56 313 1
957 1137 1
533 906 1
273 672 1
79 371 1
545 914 1
640 977 1
817 1075 1
846 1088 0.019301
857 1094 1
766 1049 1
95 406 1
354 757 0.027741
550 918 1
757 1044 1
596 949 1
386 787 1
825 1078 1
445 838 1
323 726 1
313 716 1
535 907 1
641 978 1
841 1086 1
322 725 1
541 911 0.023052
885 1106 1
215 601 1
171 539 1
804 1068 1
336 739 1
939 1130 1
82 377 1
30 230 0.091304
555 921 1
826 1079 1
26 214 1
46 284 0.073944
697 1011 1
745 1038 0.020231
783 1058 0.019849
660 989 0.021234
700 1013 1
958 1138 1
157 517 1
806 1069 1
558 923 0.022752
51 299 1
756 1044 1
168 534 1
397 797 1
955 1136 1
334 737 1
284 684 1
68 344 1
715 1021 1
151 508 1
978 1146 1
248 643 0.032659
570 932 1
468 857 0.024504
625 968 1
32 237 1
504 884 1
700 1013 0.020731
827 1079 1
204 586 0.035836
770 1051 1
857 1094 0.019196
149 504 1
119 453 1
204 586 1
799 1066 1
563 927 0.022654
485 870 1
301 703 1
372 774 0.027132
568 930 1
693 1009 1
926 1124 1
694 1009 1
548 916 0.022926
487 871 1
530 904 1
455 846 1
171 539 1
830 1081 1
159 520 1
508 887 0.023675
36 251 0.083665
270 669 0.03139
20 188 1
561 925 1
135 481 1
86 386 1
440 834 1
502 883 1
406 805 1
767 1049 1
185 560 1
149 504 1
236 628 1
644 980 1
482 868 1
64 334 1
760 1046 1
624 967 1
962 1139 0.018437
207 590 1
18 178 0.117978
50 296 0.070946
524 899 1
808 1070 1
621 965 1
571 932 1
193 571 0.036778
597 950 1
611 959 1
941 1131 1
327 730 0.028767
289 690 1
804 1068 1
710 1018 1
453 845 1
842 1087 1
678 1000 1
971 1143 1
284 684 1
896 1111 1
29 226 1
917 1120 0.01875
415 813 1
652 984 1
988 1150 1
790 1061 0.019793
819 1076 1
770 1051 1
306 708 1
724 1026 0.020468
991 1151 1
279 679 0.030928
134 479 1
429 825 1
341 744 0.028226
602 953 1
747 1039 1
129 471 1
631 972 1
342 745 0.028188
20 188 0.111702
747 1039 1
314 717 1
302 704 1
208 592 1
527 901 1
789 1061 1
760 1046 1
519 896 1
189 565 0.037168
650 983 1
178 549 1
826 1079 1
324 727 1
476 863 1
56 313 1
454 845 1
567 930 1
535 907 1
875 1102 1
33 241 1
531 904 1
491 875 0.024
690 1007 1
251 646 1
806 1069 0.019645
929 1126 1
781 1057 1
510 889 1
801 1067 1
123 460 1
860 1095 1
638 976 0.021516
855 1093 1
688 1006 0.020875
60 324 1
738 1034 1
203 585 1
285 685 0.030657
409 807 1
920 1122 0.018717
349 752 0.027926
908 1117 0.0188
53 304 1
652 984 1
357 760 1
912 1118 0.018784
543 913 1
161 524 1
214 600 1
367 769 1
708 1017 1
669 995 1
716 1022 1
142 493 1
730 1030 0.020388
489 873 1
622 966 0.021739
248 643 1
95 406 0.051724
743 1037 1
428 824 1
727 1028 1
566 929 1
154 513 1
505 885 0.023729
633 973 0.021583
889 1108 1
72 354 0.059322
505 885 1
563 927 0.022654
335 738 1
619 964 1
556 922 1
985 1148 1
175 545 1
683 1003 1
577 936 1
732 1031 1
83 380 1
901 1113 1
379 780 1
529 903 1
942 1131 0.018568
223 611 1
327 730 0.028767
632 972 1
478 865 1
441 835 0.02515
867 1098 1
874 1101 1
530 904 1
812 1072 1
873 1101 1
146 500 0.042
755 1043 0.020134
238 630 1
441 835 0.02515
117 449 1
663 991 0.021191
460 850 1
282 682 0.030792
745 1038 1
241 634 0.033123
319 722 1
9 126 1
681 1002 1
850 1090 1
807 1070 0.019626
311 714 1
86 386 1
107 430 1
426 822 1
334 737 1
767 1049 1
664 992 0.021169
981 1147 1
924 1123 1
890 1109 1
917 1120 1
657 988 1
551 919 1
712 1020 1
212 597 1
471 859 1
127 467 1
980 1146 1
613 960 1
52 302 0.069536
343 746 0.02815
804 1068 1
972 1143 0.018373
341 744 1
756 1044 1
598 950 1
319 722 0.029086
43 274 1
811 1072 1
188 564 0.037234
397 797 1
872 1101 1
215 601 0.034942
976 1145 0.018341
919 1121 1
408 807 1
680 1001 0.020979
1000 1154 0.018198
177 548 1
721 1025 0.020488
388 789 1
450 842 1
130 472 1
330 733 1
609 958 1
24 205 0.102439
887 1107 1
671 996 1
256 652 1
589 944 1
259 656 1
11 139 1
580 938 1
342 745 0.028188
738 1034 1
547 916 1
792 1062 1
250 645 1
81 375 0.056
161 524 0.040076
804 1068 0.019663
282 682 1
728 1028 1
663 991 1
80 373 1
569 931 1
663 991 1
663 991 1
791 1062 1
844 1088 1
195 574 1
177 548 0.038321
581 939 0.022364
514 892 0.023543
874 1101 1
197 577 1
193 571 1
436 831 1
946 1133 1
292 693 0.030303
139 488 1
350 753 1
878 1103 1
706 1016 1
814 1073 1
212 597 1
968 1142 0.018389
991 1151 1
367 769 1
109 434 0.048387
863 1096 0.019161
857 1094 0.019196
603 954 1
19 183 0.114754
187 562 1
434 829 1
981 1147 1
265 663 1
147 501 1
176 546 1
589 944 1
379 780 1
221 609 1
783 1058 0.019849
41 268 0.078358
376 778 1
550 918 1
337 740 1
167 533 0.0394
379 780 1
21 192 1
318 721 1
776 1054 1
749 1040 1
996 1153 1
555 921 1
879 1104 1
132 476 1
22 197 0.106599
95 406 1
656 987 0.021277
47 287 1
186 561 1
329 732 1
145 498 0.042169
752 1041 1
950 1134 1
547 916 1
27 218 0.09633
248 643 0.032659
636 975 1
201 582 1
513 891 1
309 711 1
863 1096 1
962 1139 1
759 1045 1
478 865 1
422 819 1
717 1022 1
107 430 1
565 928 0.022629
896 1111 1
205 588 1
616 962 1
876 1102 1
790 1061 1
894 1110 1
910 1117 1
384 785 1
365 767 1
661 990 1
682 1002 0.020958
905 1115 1
784 1058 0.019849
442 836 1
548 916 0.022926
999 1154 1
689 1006 1
585 942 1
507 887 0.023675
374 776 1
200 581 1
820 1076 1
818 1075 0.019535
34 244 0.086066
746 1038 0.020231
690 1007 1
695 1010 1
899 1113 1
587 943 1
59 321 1
326 729 0.028807
18 178 1
628 970 1
530 904 0.02323
33 241 1
874 1101 1
837 1084 1
689 1006 1
395 795 0.026415
391 791 1
595 948 1
175 545 1
935 1128 1
145 498 1
35 248 0.084677
749 1040 1
301 703 1
234 625 1
500 881 1
812 1072 1
174 543 1
547 916 1
393 793 1
864 1097 1
378 780 1
507 887 1
292 693 1
319 722 1
793 1063 1
879 1104 1
484 869 1
554 921 1
102 420 1
962 1139 1
223 611 1
67 342 0.061404
133 478 1
422 819 1
888 1108 1
629 970 1
782 1057 0.019868
273 672 1
321 724 1
687 1005 0.020896
134 479 1
833 1082 1
218 605 0.034711
16 168 1
189 565 1
336 739 0.028417
40 265 1
116 447 1
442 836 1
488 872 1
14 157 1
941 1131 1
801 1067 1
310 713 1
759 1045 1
314 717 0.029289
909 1117 1
899 1113 1
633 973 1
203 585 1
181 554 1
438 832 1
291 692 1
490 874 1
642 978 1
554 921 1
559 924 0.022727
899 1113 1
55 310 1
846 1088 1
832 1082 1
108 432 0.048611
23 201 1
112 439 1
172 540 1
317 720 1
299 701 1
904 1115 0.018834
331 734 1
49 293 1
209 593 1
171 539 1
959 1138 1
243 636 1
53 304 0.069079
101 418 1
657 988 1
489 873 1
59 321 0.065421
21 192 0.109375
321 724 1
116 447 1
122 458 1
308 710 0.029577
894 1110 1
453 845 0.024852
706 1016 1
718 1023 1
114 443 1
441 835 1
870 1100 1
350 753 1
271 670 1
854 1092 0.019231
667 994 0.021127
710 1018 0.020629
571 932 1
491 875 1
534 906 0.023179
428 824 0.025485
375 777 1
75 361 0.058172
874 1101 1
534 906 0.023179
220 607 1
42 271 1
463 853 1
215 601 1
852 1091 1
982 1147 1
875 1102 0.019056
742 1036 0.02027
575 935 1
326 729 0.028807
325 728 0.028846
294 695 1
674 998 1
766 1049 1
900 1113 1
768 1050 1
737 1033 1
265 663 1
548 916 0.022926
682 1002 0.020958
6 103 1
269 667 0.031484
360 763 1
651 984 1
567 930 1
58 318 1
688 1006 1
828 1080 0.019444
723 1026 1
955 1136 1
389 790 1
736 1033 1
205 588 1
266 664 1
112 439 1
468 857 1
455 846 1
15 162 1
862 1096 1
215 601 1
552 919 1
562 926 1
910 1117 1
26 214 1
286 687 1
116 447 1
384 785 0.026752
745 1038 1
604 954 1
178 549 1
87 388 1
592 946 1
869 1099 1
257 653 1
808 1070 1
471 859 0.024447
478 865 1
98 412 1
184 558 1
150 506 1
727 1028 0.020428
815 1074 0.019553
754 1042 1
984 1148 1
562 926 1
636 975 0.021538
358 761 1
756 1044 0.020115
154 513 1
638 976 1
842 1087 0.019319
271 670 1
749 1040 0.020192
527 901 1
565 928 1
386 787 1
586 942 1
359 762 0.027559
262 659 1
858 1094 0.019196
107 430 1
324 727 1
337 740 1
690 1007 0.020854
644 980 1
363 766 1
209 593 1
458 849 1
913 1119 1
692 1008 1
623 966 1
531 904 1
827 1079 1
897 1112 1
833 1082 1
272 671 1
267 665 1
654 986 1
115 445 1
975 1144 0.018357
637 975 1
722 1025 1
41 268 1
413 811 1
630 971 1
909 1117 1
250 645 1
437 831 0.025271
894 1110 1
311 714 1
502 883 0.023783
673 997 0.021063
511 890 0.023596
279 679 0.030928
833 1082 1
519 896 0.023438
595 948 1
281 681 1
205 588 1
100 416 1
41 268 1
734 1032 1
51 299 1
180 552 1
680 1001 1
263 660 1
730 1030 0.020388
784 1058 1
385 786 1
218 605 1
438 832 1
741 1036 1
633 973 1
467 856 1
946 1133 1
131 474 1
892 1110 1
836 1084 1
165 530 1
347 750 1
467 856 1
325 728 1
825 1078 0.019481
280 680 1
54 307 1
875 1102 1
494 877 1
494 877 1
370 772 0.027202
525 900 1
843 1087 1
446 839 1
476 863 0.024334
793 1063 1
981 1147 1
399 799 1
324 727 1
19 183 1
838 1085 1
750 1040 1
979 1146 0.018325
487 871 1
87 388 1
783 1058 1
972 1143 1
225 614 0.034202
917 1120 1
600 952 1
270 669 0.03139
300 702 1
983 1148 1
388 789 1
823 1077 1
903 1114 1
333 736 0.028533
6 103 1
434 829 1
177 548 0.038321
530 904 1
289 690 1
58 318 1
645 980 1
347 750 0.028
375 777 1
788 1060 0.019811
342 745 1
486 871 1
454 845 0.024852
672 996 0.021084
140 490 1
571 932 0.022532
387 788 1
992 1151 1
669 995 0.021106
830 1081 1
651 984 1
696 1010 1
941 1131 1
930 1126 1
229 619 1
740 1035 1
493 876 1
103 422 1
737 1033 1
100 416 0.050481
991 1151 1
396 796 1
995 1152 0.018229
26 214 1
959 1138 1
773 1052 1
56 313 1
913 1119 1
539 910 0.023077
909 1117 0.0188
838 1085 1
800 1066 1
660 989 1
797 1065 1
64 334 1
669 995 1
219 606 1
707 1017 0.020649
576 936 1
986 1149 1
68 344 1
939 1130 1
475 862 1
995 1152 1
741 1036 1
305 707 0.029703
832 1082 1
685 1004 1
111 438 1
188 564 1
296 698 1
848 1089 1
228 618 0.033981
45 281 1
863 1096 1
190 567 1
623 966 1
349 752 1
633 973 1
593 947 1
382 783 1
338 741 1
901 1113 1
328 731 1
371 773 1
465 854 1
797 1065 1
546 915 0.022951
766 1049 1
589 944 1
564 928 1
544 914 1
932 1127 1
614 961 1
846 1088 1
791 1062 1
499 881 0.023837
275 674 0.031157
354 757 1
332 735 1
459 849 1
360 763 1
675 998 1
861 1095 1
357 760 1
976 1145 1
746 1038 1
726 1027 1
903 1114 1
787 1060 1
245 639 1
57 316 1
462 852 1
616 962 1
859 1095 1
956 1137 1
227 616 1
140 490 1
93 401 1
751 1041 1
894 1110 1
233 624 1
230 620 1
891 1109 0.018936
437 831 1
304 706 1
100 416 1
555 921 1
357 760 1
646 981 1
572 933 1
790 1061 1
927 1125 1
906 1116 1
185 560 1
906 1116 0.018817
660 989 1
885 1106 1
724 1026 1
298 700 1
849 1090 1
328 731 0.028728
941 1131 1
921 1122 1
644 980 1
81 375 1
104 424 1
948 1133 0.018535
580 938 1
605 955 1
17 173 1
844 1088 1
332 735 1
471 859 0.024447
616 962 1
713 1020 1
64 334 1
303 705 1
437 831 1
63 332 1
5 94 1
380 781 1
581 939 1
260 657 1
277 677 1
594 948 1
937 1129 1
319 722 1
481 867 1
532 905 1
806 1069 1
770 1051 1
356 759 0.027668
739 1034 1
647 981 1
889 1108 0.018953
22 197 1
803 1068 1
421 818 1
497 879 0.023891
878 1103 1
733 1031 1
975 1144 0.018357
489 873 1
926 1124 1
119 453 1
657 988 1
659 989 1
291 692 1
901 1113 1
913 1119 1
227 616 1
490 874 1
483 868 1
84 382 1
606 956 0.021967
644 980 0.021429
969 1142 0.018389
373 775 1
508 887 1
186 561 1
309 711 1
118 451 0.046563
695 1010 1
376 778 0.026992
507 887 0.023675
605 955 1
337 740 1
918 1121 0.018733
296 698 1
672 996 1
513 891 1
18 178 1
346 749 1
184 558 1
822 1077 1
654 986 1
353 756 1
185 560 1
634 973 1
208 592 1
561 925 1
88 391 1
543 913 1
612 959 1
877 1103 1
947 1133 1
677 999 1
292 693 1
669 995 1
236 628 0.033439
186 561 1
520 896 1
424 820 1
718 1023 1
584 941 1
982 1147 1
538 909 1
838 1085 1
458 849 1
594 948 0.022152
719 1023 0.020528
867 1098 1
702 1014 0.02071
662 991 1
237 629 1
565 928 0.022629
84 382 1
131 474 1
702 1014 1
249 644 1
820 1076 0.019517
86 386 1
75 361 1
307 709 1
748 1039 0.020212
155 514 1
593 947 0.022175
769 1050 1
112 439 1
389 790 1
71 352 0.059659
519 896 1
935 1128 1
796 1064 0.019737
54 307 1
957 1137 1
924 1123 1
284 684 1
55 310 1
410 808 1
74 359 1
540 911 1
704 1015 0.02069
484 869 1
823 1077 0.019499
124 462 1
671 996 1
733 1031 1
993 1151 1
853 1092 1
948 1133 1
879 1104 1
451 843 1
757 1044 0.020115
35 248 1
352 755 1
920 1122 1
624 967 0.021717
871 1100 0.019091
503 884 1
486 871 1
751 1041 1
672 996 0.021084
668 994 0.021127
621 965 0.021762
12 145 1
886 1107 1
875 1102 0.019056
461 851 1
787 1060 1
586 942 1
129 471 1
667 994 1
659 989 1
147 501 1
605 955 1
587 943 1
154 513 0.040936
223 611 1
720 1024 0.020508
319 722 1
828 1080 1
189 565 1
941 1131 0.018568
62 329 1
365 767 1
161 524 1
313 716 1
133 478 1
129 471 1
1000 1154 1
555 921 1
241 634 0.033123
34 244 1
255 651 1
652 984 1
187 562 1
522 898 1
911 1118 1
280 680 1
498 880 0.023864
724 1026 1
988 1150 1
219 606 1
603 954 1
967 1141 1
449 841 1
61 326 1
156 516 1
2 59 1
645 980 1
790 1061 0.019793
428 824 1
49 293 0.071672
672 996 1
369 771 1
29 226 1
214 600 1
838 1085 1
709 1018 1
674 998 0.021042
64 334 1
362 765 1
638 976 1
56 313 0.067093
191 568 1
452 844 1
696 1010 1
832 1082 1
381 782 1
443 836 1
20 188 1
707 1017 1
582 940 0.02234
251 646 1
609 958 1
636 975 0.021538
368 770 0.027273
536 908 1
148 503 1
154 513 0.040936
675 998 1
696 1010 1
687 1005 1
570 932 1
650 983 0.021363
325 728 1
549 917 1
296 698 1
456 847 1
320 723 1
531 904 1
167 533 1
811 1072 1
215 601 1
937 1129 1
844 1088 0.019301
708 1017 1
31 233 1
167 533 0.0394
342 745 0.028188
485 870 1
265 663 1
592 946 1
144 496 1
729 1029 1
705 1016 1
17 173 0.121387
773 1052 1
174 543 1
226 615 1
898 1112 1
283 683 1
878 1103 1
131 474 1
571 932 1
360 763 1
745 1038 1
68 344 1
376 778 1
496 878 1
707 1017 0.020649
857 1094 1
550 918 1
732 1031 1
188 564 1
613 960 0.021875
187 562 0.037367
59 321 1
779 1056 1
688 1006 1
841 1086 1
380 781 1
98 412 1
697 1011 1
530 904 0.02323
994 1152 1
597 950 0.022105
644 980 1
125 463 1
542 912 1
58 318 1
773 1052 1
559 924 1
984 1148 1
449 841 1
235 627 0.033493
147 501 0.041916
942 1131 1
164 528 1
573 934 1
106 428 0.049065
795 1064 0.019737
152 509 0.041257
311 714 1
523 899 0.023359
465 854 0.02459
90 395 0.053165
606 956 0.021967
963 1140 1
870 1100 1
363 766 1
103 422 1
910 1117 1
51 299 1
516 893 1
108 432 1
548 916 1
407 806 0.026055
186 561 1
358 761 1
539 910 1
928 1125 0.018667
338 741 1
59 321 1
804 1068 1
706 1016 1
365 767 1
865 1097 1
717 1022 1
189 565 1
173 542 1
289 690 1
355 758 1
194 572 0.036713
854 1092 1
52 302 1
627 969 1
478 865 1
997 1153 1
689 1006 1
347 750 1
886 1107 1
940 1130 1
316 719 1
422 819 0.025641
369 771 1
659 989 1
800 1066 1
101 418 1
665 992 1
184 558 1
990 1150 1
29 226 1
977 1145 0.018341
816 1074 0.019553
963 1140 1
679 1001 0.020979
199 579 1
819 1076 0.019517
701 1013 1
195 574 0.036585
35 248 1
331 734 1
838 1085 1
956 1137 1
550 918 1
868 1099 1
567 930 0.022581
846 1088 1
964 1140 1
205 588 1
526 901 1
979 1146 1
146 500 1
638 976 1
552 919 1
169 536 1
591 946 1
320 723 0.029046
167 533 1
700 1013 1
950 1134 1
239 632 0.033228
36 251 1
722 1025 1
450 842 1
234 625 1
725 1027 1
642 978 1
265 663 1
633 973 1
696 1010 1
332 735 0.028571
322 725 1
974 1144 1
166 531 1
243 636 0.033019
46 284 1
380 781 1
416 814 1
981 1147 1
945 1132 0.018551
803 1068 1
877 1103 0.019039
193 571 1
785 1059 1
569 931 1
66 339 1
895 1111 1
510 889 0.023622
985 1148 1
231 622 1
195 574 0.036585
280 680 1
200 581 1
568 930 1
866 1098 1
900 1113 1
290 691 0.030391
497 879 0.023891
979 1146 1
815 1074 1
465 854 0.02459
25 210 1
439 833 1
488 872 1
718 1023 1
351 754 0.027851
386 787 0.026684
930 1126 1
101 418 0.050239
376 778 1
751 1041 0.020173
279 679 1
317 720 1
790 1061 1
958 1138 0.018453
149 504 1
373 775 1
553 920 1
65 337 1
69 347 1
392 792 1
386 787 1
777 1054 1
158 519 0.040462
617 963 0.021807
779 1056 1
742 1036 1
310 713 1
863 1096 1
232 623 1
668 994 1
145 498 1
562 926 1
896 1111 1
319 722 1
591 946 0.022199
651 984 1
339 742 1
143 495 1
34 244 1
528 902 0.023282
861 1095 1
387 788 1
173 542 1
685 1004 1
113 441 1
890 1109 1
925 1124 1
139 488 1
471 859 0.024447
893 1110 1
371 773 1
692 1008 1
519 896 1
327 730 1
976 1145 1
756 1044 1
619 964 1
708 1017 1
888 1108 0.018953
257 653 1
296 698 1
436 831 1
879 1104 1
268 666 0.031532
732 1031 1
337 740 1
582 940 1
718 1023 1
985 1148 1
372 774 1
518 895 1
403 802 1
600 952 1
563 927 1
659 989 1
313 716 0.02933
103 422 1
902 1114 1
434 829 1
417 814 1
563 927 0.022654
589 944 1
474 861 1
773 1052 1
406 805 1
835 1083 1
791 1062 0.019774
32 237 1
817 1075 1
942 1131 1
826 1079 1
257 653 0.032159
594 948 1
923 1123 1
65 337 1
367 769 1
400 800 1
182 555 1
741 1036 1
789 1061 0.019793
441 835 1
960 1138 0.018453
918 1121 1
967 1141 1
586 942 1
46 284 1
401 800 1
467 856 1
463 853 1
801 1067 1
938 1129 1
321 724 1
709 1018 1
560 925 1
273 672 1
603 954 0.022013
127 467 1
447 840 1
657 988 1
789 1061 1
990 1150 1
898 1112 0.018885
380 781 1
485 870 1
63 332 1
34 244 0.086066
888 1108 1
115 445 1
321 724 1
174 543 1
188 564 1
410 808 1
139 488 0.043033
563 927 1
123 460 0.045652
485 870 1
514 892 1
325 728 1
879 1104 1
26 214 1
480 866 1
819 1076 1
814 1073 1
658 988 0.021255
982 1147 0.018309
238 630 1
473 861 1
22 197 1
578 937 1
185 560 1
175 545 1
507 887 1
593 947 1
634 973 1
454 845 1
695 1010 1
910 1117 0.0188
567 930 1
642 978 1
705 1016 1
824 1078 1
898 1112 1
139 488 1
212 597 1
408 807 1
901 1113 1
835 1083 1
20 188 0.111702
264 662 1
270 669 1
781 1057 0.019868
526 901 0.023307
188 564 0.037234
220 607 0.034596
927 1125 1
500 881 1
20 188 1
647 981 1
944 1132 1
615 961 1
120 454 1
635 974 1
2 59 1
218 605 1
802 1067 1
389 790 0.026582
744 1037 1
245 639 1
583 940 1
44 278 1
977 1145 1
175 545 1
381 782 1
224 613 1
131 474 1
723 1026 1
166 531 1
374 776 1
80 373 1
139 488 0.043033
164 528 1
234 625 1
956 1137 1
447 840 1
730 1030 1
820 1076 1
28 222 1
663 991 1
449 841 1
107 430 1
167 533 1
28 222 1
503 884 1
140 490 0.042857
921 1122 1
131 474 1
585 942 1
83 380 1
203 585 1
273 672 0.03125
890 1109 1
567 930 1
636 975 1
295 696 1
593 947 1
770 1051 1
970 1142 1
607 956 1
71 352 1
999 1154 1
193 571 1
164 528 1
406 805 1
762 1047 1
626 968 1
246 640 0.032813
938 1129 1
659 989 1
12 145 1
283 683 0.030747
539 910 1
442 836 1
823 1077 1
911 1118 1
49 293 1
196 575 1
124 462 1
220 607 1
222 610 1
76 364 1
61 326 1
234 625 1
87 388 1
66 339 1
578 937 1
704 1015 1
435 830 1
263 660 1
674 998 1
352 755 1
737 1033 1
974 1144 0.018357
501 882 1
102 420 0.05
966 1141 1
637 975 1
281 681 1
945 1132 1
932 1127 1
753 1042 1
681 1002 1
769 1050 0.02
452 844 1
285 685 1
295 696 0.030172
870 1100 1
453 845 1
347 750 1
810 1071 1
679 1001 0.020979
89 393 1
192 570 1
472 860 1
360 763 1
230 620 1
92 399 1
901 1113 1
674 998 1
475 862 1
359 762 1
594 948 1
630 971 1
470 858 1
261 658 1
31 233 1
610 958 1
252 647 1
826 1079 1
304 706 1
402 801 1
465 854 0.02459
239 632 1
634 973 1
15 162 0.12963
667 994 0.021127
922 1123 1
255 651 1
827 1079 1
675 998 1
937 1129 1
54 307 1
35 248 1
355 758 1
248 643 1
595 948 1
675 998 1
32 237 1
125 463 1
724 1026 1
317 720 1
297 699 1
130 472 1
234 625 0.0336
218 605 0.034711
437 831 1
323 726 1
524 899 1
862 1096 0.019161
961 1139 0.018437
59 321 1
687 1005 1
71 352 1
103 422 1
947 1133 1
504 884 1
775 1053 0.019943
512 890 1
779 1056 0.019886
879 1104 1
741 1036 1
91 397 1
534 906 0.023179
757 1044 1
71 352 0.059659
642 978 0.021472
250 645 0.032558
118 451 1
867 1098 0.019126
739 1034 0.020309
549 917 1
344 747 1
521 897 1
893 1110 1
873 1101 0.019074
146 500 1
826 1079 1
742 1036 1
712 1020 1
213 598 0.035117
43 274 1
787 1060 0.019811
887 1107 1
894 1110 1
802 1067 1
752 1041 1
431 826 1
913 1119 1
343 746 1
603 954 1
31 233 1
551 919 1
308 710 1
93 401 1
211 596 1
456 847 1
477 864 1
552 919 1
864 1097 1
225 614 0.034202
593 947 1
521 897 1
244 638 1
591 946 1
742 1036 1
911 1118 1
954 1136 1
274 673 1
440 834 1
74 359 1
860 1095 1
18 178 1
282 682 1
108 432 1
199 579 1
693 1009 1
426 822 1
491 875 1
250 645 1
646 981 0.021407
865 1097 1
660 989 1
966 1141 1
127 467 1
400 800 1
361 764 0.027487
494 877 1
752 1041 1
940 1130 0.018584
796 1064 1
616 962 1
940 1130 1
411 809 0.025958
817 1075 1
275 674 1
515 893 1
708 1017 0.020649
167 533 1
207 590 1
82 377 1
787 1060 0.019811
543 913 1
23 201 1
140 490 1
665 992 0.021169
923 1123 1
993 1151 0.018245
844 1088 1
671 996 1
792 1062 1
340 743 1
784 1058 1
436 831 0.025271
68 344 1
72 354 0.059322
887 1107 1
882 1105 1
807 1070 1
361 764 1
227 616 1
565 928 1
950 1134 1
948 1133 1
864 1097 1
971 1143 1
195 574 1
304 706 1
506 886 1
444 837 1
126 465 1
246 640 0.032813
314 717 1
442 836 1
214 600 1
897 1112 1
434 829 1
58 318 0.066038
952 1135 0.018502
70 349 0.060172
107 430 0.048837
929 1126 0.01865
479 865 1
13 151 1
990 1150 0.018261
880 1104 0.019022
513 891 1
925 1124 1
440 834 1
392 792 1
208 592 1
475 862 1
819 1076 1
846 1088 1
302 704 0.02983
3 73 1
43 274 0.076642
471 859 1
231 622 1
517 894 1
566 929 1
685 1004 1
882 1105 1
985 1148 1
243 636 1
71 352 1
120 454 1
203 585 1
235 627 0.033493
236 628 1
867 1098 1
391 791 1
163 527 0.039848
753 1042 1
64 334 1
149 504 1
767 1049 1
437 831 1
77 366 1
398 798 1
552 919 1
820 1076 1
971 1143 1
652 984 0.021341
447 840 1
617 963 1
540 911 0.023052
333 736 1
647 981 1
321 724 0.029006
893 1110 1
561 925 1
550 918 1
134 479 0.043841
821 1077 1
887 1107 1
419 816 1
818 1075 0.019535
260 657 1
659 989 1
505 885 1
583 940 1
100 416 1
235 627 1
683 1003 1
981 1147 1
883 1106 1
132 476 1
685 1004 1
364 766 0.027415
694 1009 1
129 471 1
361 764 1
965 1140 0.018421
351 754 1
868 1099 1
967 1141 1
436 831 0.025271
128 469 1
627 969 1
139 488 1
720 1024 1
541 911 0.023052
883 1106 1
554 921 1
465 854 0.02459
366 768 1
896 1111 1
692 1008 0.020833
313 716 1
441 835 1
395 795 1
67 342 1
699 1012 1
308 710 1
681 1002 1
778 1055 1
175 545 0.038532
960 1138 0.018453
107 430 1
103 422 1
387 788 1
422 819 1
152 509 1
250 645 1
946 1133 1
990 1150 1
11 139 0.151079
275 674 1
121 456 0.046053
354 757 1
291 692 1
590 945 1
844 1088 1
488 872 1
853 1092 1
802 1067 1
933 1127 1
277 677 1
572 933 1
669 995 1
597 950 1
217 604 1
562 926 1
97 410 1
217 604 1
705 1016 1
947 1133 1
658 988 1
269 667 0.031484
968 1142 1
792 1062 1
518 895 1
892 1110 0.018919
372 774 1
185 560 1
123 460 1
877 1103 1
63 332 0.063253
602 953 1
435 830 1
311 714 1
643 979 1
190 567 0.037037
386 787 1
366 768 1
524 899 1
975 1144 1
38 258 1
314 717 1
466 855 1
435 830 1
374 776 1
543 913 0.023001
380 781 0.026889
808 1070 1
132 476 0.044118
991 1151 1
893 1110 1
744 1037 1
786 1059 0.01983
721 1025 1
913 1119 1
565 928 1
816 1074 1
789 1061 1
152 509 1
198 578 1
756 1044 1
558 923 1
826 1079 1
423 820 1
959 1138 0.018453
710 1018 1
130 472 1
573 934 0.022484
894 1110 1
644 980 1
659 989 1
831 1081 1
351 754 1
289 690 1
765 1048 1
390 791 0.026549
591 946 0.022199
709 1018 1
536 908 1
717 1022 1
618 963 1
391 791 1
534 906 1
89 393 1
771 1051 1
746 1038 1
925 1124 1
449 841 1
798 1065 1
232 623 1
627 969 1
470 858 1
653 985 1
619 964 1
1000 1154 1
772 1052 1
56 313 1
590 945 1
390 791 1
223 611 1
459 849 1
536 908 0.023128
708 1017 1
774 1053 0.019943
683 1003 1
904 1115 1
326 729 1
187 562 1
121 456 1
593 947 0.022175
726 1027 1
457 848 0.024764
565 928 0.022629
959 1138 1
894 1110 0.018919
836 1084 1
699 1012 1
584 941 1
467 856 0.024533
20 188 1
609 958 1
364 766 1
235 627 1
273 672 1
814 1073 1
637 975 1
599 951 1
559 924 1
436 831 1
207 590 1
545 914 1
156 516 0.040698
191 568 1
296 698 1
671 996 0.021084
397 797 1
188 564 1
489 873 1
510 889 1
972 1143 0.018373
874 1101 1
898 1112 1
823 1077 0.019499
804 1068 1
155 514 1
881 1105 1
748 1039 1
610 958 0.021921
499 881 0.023837
675 998 1
299 701 1
222 610 1
376 778 1
153 511 1
226 615 0.034146
519 896 1
824 1078 1
917 1120 1
625 968 1
738 1034 1
93 401 1
425 821 0.025579
162 525 1
116 447 0.04698
436 831 1
326 729 1
92 399 1
690 1007 1
560 925 0.022703
178 549 1
811 1072 1
624 967 1
491 875 1
368 770 0.027273
25 210 0.1
854 1092 1
686 1005 1
172 540 1
392 792 1
572 933 1
452 844 0.024882
988 1150 0.018261
109 434 1
799 1066 1
818 1075 1
671 996 1
150 506 1
265 663 1
441 835 0.02515
665 992 1
828 1080 0.019444
876 1102 1
930 1126 1
957 1137 1
890 1109 1
575 935 1
792 1062 1
601 952 0.022059
851 1091 1
695 1010 1
513 891 1
117 449 1
575 935 1
775 1053 0.019943
965 1140 1
531 904 1
678 1000 1
576 936 1
541 911 0.023052
968 1142 1
730 1030 0.020388
169 536 0.039179
724 1026 1
17 173 1
113 441 0.047619
583 940 1
473 861 1
47 287 0.073171
513 891 1
125 463 0.045356
107 430 1
307 709 1
930 1126 1
461 851 1
955 1136 1
866 1098 1
479 865 1
869 1099 1
53 304 1
777 1054 1
220 607 0.034596
539 910 1
398 798 0.026316
809 1071 1
393 793 1
385 786 1
783 1058 0.019849
60 324 0.064815
349 752 1
401 800 1
712 1020 0.020588
485 870 1
107 430 0.048837
24 205 0.102439
357 760 0.027632
348 751 1
400 800 1
751 1041 1
364 766 1
975 1144 1
554 921 1
309 711 0.029536
173 542 1
186 561 1
154 513 1
950 1134 1
200 581 0.036145
927 1125 1
594 948 1
614 961 1
698 1012 1
910 1117 1
664 992 0.021169
854 1092 1
39 262 0.080153
734 1032 1
289 690 1
174 543 1
673 997 1
225 614 1
766 1049 1
488 872 1
247 641 1
948 1133 1
865 1097 0.019143
571 932 1
622 966 1
123 460 1
352 755 1
341 744 1
404 803 1
89 393 0.053435
369 771 1
911 1118 1
823 1077 1
646 981 1
324 727 1
893 1110 1
385 786 1
366 768 1
716 1022 0.020548
723 1026 1
63 332 1
680 1001 1
421 818 1
992 1151 1
589 944 1
876 1102 1
759 1045 1
726 1027 0.020448
331 734 1
252 647 0.032457
73 356 1
663 991 1
594 948 1
259 656 1
62 329 1
353 756 1
295 696 1
784 1058 1
987 1149 1
987 1149 1
351 754 1
700 1013 1
814 1073 1
69 347 1
777 1054 1
319 722 1
168 534 1
163 527 1
607 956 1
630 971 1
11 139 1
347 750 1
900 1113 1
936 1128 0.018617
837 1084 1
617 963 1
886 1107 0.01897
275 674 1
667 994 0.021127
97 410 0.05122
821 1077 1
243 636 0.033019
942 1131 1
389 790 1
986 1149 0.018277
756 1044 1
553 920 0.022826
2 59 1
672 996 1
714 1021 1
32 237 1
144 496 1
518 895 0.023464
695 1010 1
801 1067 1
430 825 1
91 397 1
973 1144 1
646 981 0.021407
257 653 0.032159
528 902 1
7 111 1
529 903 0.023256
605 955 1
777 1054 1
92 399 1
119 453 1
506 886 1
732 1031 0.020369
620 965 1
757 1044 0.020115
448 840 1
703 1014 1
248 643 1
653 985 1
531 904 1
733 1031 1
813 1073 1
121 456 1
551 919 1
426 822 1
393 793 1
494 877 1
164 528 1
370 772 1
52 302 1
379 780 1
834 1083 1
37 255 0.082353
976 1145 1
783 1058 0.019849
398 798 1
598 950 1
281 681 0.030837
133 478 1
171 539 0.038961
222 610 1
910 1117 1
139 488 1
145 498 1
533 906 1
973 1144 1
838 1085 1
770 1051 1
794 1063 1
474 861 1
735 1032 1
911 1118 1
13 151 1
368 770 1
448 840 1
230 620 1
499 881 1
333 736 1
975 1144 1
999 1154 1
402 801 1
202 583 1
258 655 1
906 1116 1
432 827 1
25 210 1
705 1016 1
554 921 1
415 813 0.02583
61 326 1
927 1125 1
412 810 1
76 364 0.057692
604 954 1
369 771 1
120 454 1
643 979 1
304 706 0.029745
412 810 1
694 1009 0.020813
764 1048 1
825 1078 1
458 849 1
490 874 1
521 897 1
348 751 0.027963
766 1049 1
73 356 1
85 384 1
351 754 1
946 1133 1
633 973 1
453 845 1
482 868 1
960 1138 1
908 1117 1
874 1101 1
726 1027 0.020448
766 1049 1
125 463 1
717 1022 0.020548
17 173 1
71 352 0.059659
152 509 1
681 1002 1
504 884 1
505 885 1
590 945 1
181 554 1
220 607 1
929 1126 1
750 1040 1
839 1085 1
237 629 1
64 334 1
805 1069 0.019645
433 828 1
425 821 1
537 909 0.023102
830 1081 1
638 976 1
269 667 1
296 698 1
426 822 1
229 619 0.033926
266 664 1
220 607 0.034596
865 1097 1
421 818 1
505 885 1
997 1153 1
135 481 1
975 1144 1
95 406 1
862 1096 1
399 799 0.026283
303 705 1
449 841 1
931 1126 1
739 1034 1
251 646 1
136 483 1
404 803 0.026152
585 942 1
865 1097 1
798 1065 0.019718
784 1058 1
670 995 1
645 980 1
511 890 1
810 1071 0.019608
991 1151 1
88 391 1
481 867 1
487 871 1
667 994 1
321 724 1
243 636 1
957 1137 1
538 909 0.023102
536 908 1
657 988 0.021255
110 436 1
40 265 1
205 588 1
814 1073 0.019571
538 909 1
114 443 0.047404
437 831 0.025271
47 287 0.073171
520 896 1
543 913 1
589 944 1
783 1058 1
733 1031 0.020369
215 601 1
428 824 1
853 1092 1
778 1055 1
39 262 1
445 838 1
742 1036 1
554 921 1
283 683 1
26 214 0.098131
65 337 1
521 897 0.023411
442 836 1
666 993 1
782 1057 1
861 1095 1
126 465 0.045161
939 1130 0.018584
486 871 0.02411
481 867 1
800 1066 0.0197
687 1005 1
302 704 1
837 1084 1
223 611 1
219 606 1
771 1051 1
454 845 1
578 937 1
603 954 1
134 479 1
844 1088 1
961 1139 1
503 884 1
592 946 1
390 791 1
231 622 0.033762
41 268 1
503 884 1
239 632 1
218 605 1
332 735 1
527 901 0.023307
916 1120 1
961 1139 1
38 258 1
618 963 0.021807
532 905 1
716 1022 0.020548
494 877 1
184 558 1
214 600 0.035
456 847 1
302 704 1
886 1107 1
565 928 1
568 930 1
745 1038 1
979 1146 1
79 371 1
372 774 1
790 1061 1
262 659 1
537 909 1
461 851 1
746 1038 1
449 841 0.02497
316 719 1
726 1027 1
298 700 1
824 1078 0.019481
763 1047 1
660 989 1
654 986 1
386 787 0.026684
962 1139 1
303 705 1
574 934 1
102 420 1
888 1108 1
998 1153 1
473 861 1
735 1032 1
61 326 1
430 825 1
776 1054 1
545 914 1
444 837 0.02509
332 735 1
7 111 1
137 484 1
786 1059 1
93 401 1
412 810 1
279 679 1
404 803 1
661 990 1
918 1121 0.018733
399 799 1
572 933 0.022508
404 803 1
494 877 0.023945
995 1152 1
685 1004 1
954 1136 1
97 410 1
850 1090 0.019266
410 808 1
212 597 1
907 1116 1
68 344 1
786 1059 1
460 850 1
212 597 1
676 999 1
958 1138 1
284 684 1
495 878 1
668 994 1
689 1006 0.020875
867 1098 1
798 1065 0.019718
419 816 1
335 738 1
262 659 1
279 679 1
714 1021 1
254 650 1
479 865 1
401 800 1
234 625 1
599 951 1
922 1123 1
239 632 1
79 371 1
437 831 0.025271
314 717 0.029289
875 1102 1
527 901 1
252 647 0.032457
432 827 1
156 516 0.040698
196 575 0.036522
307 709 1
460 850 1
368 770 1
525 900 1
714 1021 0.020568
785 1059 1
570 932 1
688 1006 1
140 490 0.042857
949 1134 0.018519
116 447 1
51 299 1
918 1121 1
430 825 1
709 1018 1
37 255 1
445 838 1
325 728 1
397 797 1
42 271 1
643 979 0.02145
478 865 1
643 979 1
348 751 1
443 836 1
78 368 0.057065
942 1131 1
162 525 1
648 982 1
563 927 1
480 866 1
108 432 1
841 1086 1
255 651 1
635 974 1
964 1140 1
832 1082 1
189 565 1
176 546 0.038462
670 995 1
21 192 1
130 472 1
843 1087 1
736 1033 0.020329
655 986 1
252 647 1
376 778 1
458 849 1
843 1087 0.019319
702 1014 1
672 996 0.021084
951 1135 0.018502
746 1038 1
610 958 1
468 857 1
330 733 0.028649
335 738 1
268 666 1
352 755 1
633 973 0.021583
414 812 1
925 1124 1
305 707 1
861 1095 1
558 923 1
302 704 0.02983
127 467 1
143 495 1
911 1118 1
136 483 0.043478
395 795 1
404 803 0.026152
76 364 1
114 443 0.047404
26 214 1
522 898 1
594 948 1
754 1042 1
799 1066 1
624 967 1
31 233 1
730 1030 1
524 899 1
841 1086 1
3 73 1
188 564 1
473 861 1
417 814 1
9 126 1
78 368 1
67 342 0.061404
870 1100 1
591 946 0.022199
943 1131 0.018568
102 420 1
863 1096 0.019161
961 1139 1
47 287 1
139 488 1
448 840 1
705 1016 0.020669
458 849 1
834 1083 0.019391
588 944 1
674 998 1
341 744 1
672 996 1
353 756 1
215 601 1
575 935 1
770 1051 1
295 696 1
89 393 0.053435
41 268 1
760 1046 1
153 511 1
558 923 1
38 258 1
739 1034 1
33 241 1
370 772 1
203 585 0.035897
254 650 1
911 1118 1
993 1151 1
127 467 1
975 1144 1
243 636 1
586 942 0.022293
116 447 1
71 352 0.059659
814 1073 0.019571
45 281 1
604 954 1
238 630 1
685 1004 0.020916
61 326 1
428 824 1
679 1001 1
517 894 1
959 1138 0.018453
299 701 1
210 594 1
815 1074 1
873 1101 1
771 1051 1
132 476 1
829 1080 1
915 1120 0.01875
407 806 0.026055
80 373 1
475 862 1
152 509 0.041257
499 881 0.023837
505 885 1
406 805 0.026087
958 1138 1
399 799 1
621 965 1
240 633 0.033175
329 732 1
924 1123 1
539 910 1
73 356 1
963 1140 1
508 887 0.023675
821 1077 1
575 935 1
239 632 1
333 736 0.028533
631 972 1
319 722 1
313 716 1
695 1010 1
525 900 1
17 173 1
79 371 1
577 936 1
792 1062 1
655 986 1
290 691 0.030391
111 438 1
657 988 1
845 1088 1
845 1088 1
846 1088 1
316 719 1
146 500 1
828 1080 1
78 368 1
254 650 0.032308
398 798 1
670 995 0.021106
687 1005 0.020896
175 545 0.038532
153 511 1
908 1117 1
604 954 1
280 680 1
58 318 1
151 508 1
978 1146 0.018325
902 1114 1
941 1131 1
813 1073 0.019571
49 293 1
941 1131 0.018568
163 527 1
643 979 1
857 1094 1
604 954 1
966 1141 1
44 278 1
534 906 1
511 890 1
721 1025 0.020488
40 265 1
277 677 1
479 865 1
35 248 0.084677
5 94 0.223404
844 1088 1
580 938 1
133 478 1
178 549 1
157 517 1
44 278 1
487 871 1
278 678 1
162 525 0.04
136 483 1
806 1069 1
973 1144 1
530 904 0.02323
157 517 1
465 854 1
250 645 1
346 749 1
680 1001 1
326 729 1
278 678 1
245 639 1
73 356 1
161 524 1
375 777 1
836 1084 1
288 689 1
374 776 1
177 548 0.038321
14 157 1
739 1034 0.020309
209 593 1
128 469 1
849 1090 1
541 911 1
453 845 0.024852
851 1091 1
622 966 1
784 1058 0.019849
441 835 1
819 1076 1
480 866 0.024249
620 965 1
156 516 0.040698
425 821 1
845 1088 1
349 752 1
89 393 1
850 1090 1
779 1056 1
120 454 1
859 1095 1
806 1069 1
652 984 1
477 864 1
594 948 1
117 449 0.046771
834 1083 1
718 1023 1
796 1064 1
16 168 1
779 1056 0.019886
654 986 0.021298
69 347 1
245 639 1
93 401 1
523 899 1
646 981 1
859 1095 0.019178
298 700 1
445 838 0.02506
905 1115 0.018834
681 1002 1
45 281 1
492 875 0.024
234 625 1
403 802 1
283 683 1
500 881 1
327 730 1
709 1018 1
283 683 1
148 503 1
297 699 1
357 760 1
582 940 1
34 244 1
665 992 1
308 710 1
494 877 0.023945
104 424 0.049528
803 1068 1
317 720 1
650 983 1
786 1059 1
277 677 1
357 760 1
528 902 0.023282
629 970 1
528 902 1
353 756 1
506 886 1
505 885 1
134 479 1
346 749 0.028037
545 914 1
808 1070 1
522 898 1
3 73 1
676 999 1
644 980 1
810 1071 1
385 786 0.026718
42 271 1
548 916 1
952 1135 1
394 794 1
707 1017 1
95 406 1
68 344 1
814 1073 1
826 1079 1
622 966 1
643 979 1
81 375 1
845 1088 0.019301
734 1032 1
27 218 1
278 678 1
499 881 1
651 984 1
252 647 1
28 222 1
404 803 0.026152
182 555 1
271 670 1
101 418 1
269 667 0.031484
208 592 1
210 594 0.035354
626 968 0.021694
265 663 1
964 1140 1
954 1136 1
575 935 1
496 878 1
72 354 1
288 689 1
621 965 1
3 73 1
836 1084 1
124 462 1
370 772 0.027202
549 917 1
288 689 1
460 850 1
642 978 1
811 1072 1
90 395 1
749 1040 0.020192
249 644 1
668 994 1
469 857 1
488 872 0.024083
414 812 1
826 1079 1
219 606 0.034653
670 995 1
842 1087 1
823 1077 1
156 516 1
532 905 1
230 620 1
136 483 1
204 586 1
832 1082 1
176 546 1
965 1140 1
408 807 1
449 841 1
134 479 0.043841
502 883 1
97 410 0.05122
202 583 1
784 1058 1
919 1121 0.018733
191 568 1
431 826 0.025424
906 1116 0.018817
772 1052 1
414 812 1
909 1117 1
271 670 1
693 1009 1
12 145 1
6 103 1
367 769 1
891 1109 1
832 1082 0.019409
531 904 1
729 1029 1
472 860 1
812 1072 1
647 981 1
617 963 1
99 414 1
100 416 1
474 861 0.02439
75 361 1
777 1054 0.019924
724 1026 1
755 1043 0.020134
725 1027 1
900 1113 0.018868
374 776 1
869 1099 1
400 800 0.02625
520 896 1
929 1126 0.01865
866 1098 1
911 1118 1
56 313 1
602 953 1
650 983 1
295 696 1
917 1120 1
718 1023 1
973 1144 1
717 1022 1
367 769 1
269 667 0.031484
100 416 1
810 1071 1
681 1002 1
337 740 1
851 1091 1
802 1067 1
537 909 1
964 1140 1
514 892 1
151 508 1
829 1080 0.019444
813 1073 1
703 1014 1
578 937 1
190 567 0.037037
891 1109 1
844 1088 1
827 1079 1
208 592 1
263 660 1
359 762 1
427 823 1
760 1046 1
38 258 1
652 984 1
681 1002 1
628 970 1
269 667 0.031484
765 1048 1
705 1016 1
758 1045 0.020096
875 1102 1
434 829 1
854 1092 1
217 604 1
697 1011 1
881 1105 1
121 456 1
809 1071 1
828 1080 1
606 956 1
486 871 1
239 632 0.033228
810 1071 0.019608
227 616 1
566 929 1
683 1003 0.020937
472 860 0.024419
569 931 1
927 1125 1
431 826 1
434 829 1
413 811 1
509 888 1
842 1087 1
195 574 0.036585
955 1136 1
861 1095 1
114 443 0.047404
983 1148 0.018293
94 403 0.052109
804 1068 0.019663
896 1111 1
824 1078 1
182 555 0.037838
739 1034 1
576 936 1
390 791 1
351 754 1
838 1085 0.019355
933 1127 1
205 588 1
64 334 1
239 632 0.033228
569 931 1
458 849 1
401 800 0.02625
471 859 1
226 615 1
86 386 1
739 1034 1
670 995 1
406 805 1
689 1006 0.020875
524 899 1
861 1095 1
488 872 1
847 1089 1
696 1010 1
27 218 1
559 924 1
782 1057 1
992 1151 0.018245
860 1095 0.019178
741 1036 0.02027
126 465 1
110 436 1
579 938 1
614 961 1
423 820 0.02561
238 630 1
17 173 1
805 1069 1
870 1100 0.019091
231 622 0.033762
979 1146 1
113 441 1
711 1019 1
703 1014 1
351 754 1
405 804 0.026119
539 910 0.023077
698 1012 1
942 1131 0.018568
851 1091 1
372 774 1
172 540 1
516 893 1
504 884 1
260 657 1
49 293 1
619 964 0.021784
923 1123 0.0187
889 1108 1
59 321 1
563 927 1
910 1117 1
771 1051 1
12 145 1
525 900 1
739 1034 1
564 928 1
679 1001 1
10 133 1
759 1045 0.020096
686 1005 1
107 430 1
440 834 1
297 699 1
520 896 0.023438
895 1111 1
637 975 1
819 1076 1
553 920 0.022826
391 791 1
689 1006 1
992 1151 1
331 734 1
485 870 0.024138
480 866 1
268 666 1
873 1101 1
496 878 0.023918
429 825 0.025455
847 1089 1
728 1028 1
32 237 0.088608
1000 1154 1
594 948 1
209 593 1
519 896 1
712 1020 1
71 352 1
557 923 1
145 498 1
801 1067 1
916 1120 1
159 520 1
548 916 1
679 1001 1
88 391 1
853 1092 1
576 936 1
673 997 1
220 607 1
223 611 1
392 792 1
382 783 1
172 540 1
478 865 1
55 310 1
130 472 1
3 73 1
14 157 1
291 692 0.030347
674 998 1
874 1101 1
211 596 1
741 1036 1
3 73 1
616 962 1
375 777 1
127 467 1
599 951 1
514 892 1
378 780 1
12 145 0.144828
319 722 1
917 1120 1
952 1135 1
898 1112 0.018885
305 707 1
862 1096 1
663 991 1
67 342 1
995 1152 1
561 925 1
325 728 1
927 1125 1
93 401 1
87 388 1
21 192 0.109375
426 822 1
443 836 0.02512
381 782 1
707 1017 1
796 1064 1
272 671 1
827 1079 1
643 979 0.02145
916 1120 1
828 1080 1
178 549 1
341 744 1
428 824 1
727 1028 1
685 1004 1
387 788 1
152 509 1
363 766 0.027415
88 391 1
745 1038 1
238 630 1
509 888 1
700 1013 0.020731
188 564 1
198 578 1
339 742 1
656 987 1
307 709 1
370 772 1
847 1089 1
409 807 0.026022
905 1115 1
87 388 0.054124
506 886 1
202 583 1
152 509 1
530 904 1
689 1006 0.020875
100 416 1
590 945 1
724 1026 1
675 998 1
327 730 1
523 899 1
774 1053 1
1 42 1
454 845 1
465 854 1
29 226 1
924 1123 1
415 813 0.02583
338 741 0.02834
78 368 1
66 339 1
72 354 1
285 685 1
74 359 1
449 841 1
115 445 0.047191
602 953 1
259 656 1
698 1012 0.020751
954 1136 0.018486
808 1070 1
77 366 0.057377
575 935 1
707 1017 1
229 619 0.033926
29 226 0.09292
740 1035 1
316 719 1
670 995 1
933 1127 1
953 1136 1
399 799 1
394 794 1
221 609 1
53 304 1
167 533 1
875 1102 1
579 938 1
108 432 1
769 1050 1
388 789 0.026616
84 382 0.054974
602 953 1
612 959 0.021898
611 959 1
336 739 1
502 883 1
64 334 1
312 715 1
97 410 1
79 371 1
482 868 1
820 1076 1
212 597 1
466 855 0.024561
374 776 1
43 274 1
317 720 1
313 716 0.02933
35 248 1
129 471 1
687 1005 0.020896
508 887 1
146 500 1
680 1001 0.020979
426 822 1
564 928 1
951 1135 1
280 680 1
722 1025 1
866 1098 1
110 436 1
221 609 1
998 1153 1
708 1017 1
734 1032 1
125 463 1
38 258 1
552 919 1
313 716 1
590 945 1
4 84 1
647 981 1
634 973 1
260 657 1
163 527 1
83 380 1
173 542 1
136 483 1
291 692 0.030347
240 633 1
241 634 0.033123
569 931 1
490 874 1
126 465 1
705 1016 1
791 1062 0.019774
411 809 1
44 278 1
350 753 1
490 874 1
955 1136 1
391 791 0.026549
246 640 1
511 890 1
134 479 1
736 1033 1
120 454 1
155 514 1
446 839 0.02503
25 210 1
253 649 1
501 882 1
644 980 1
449 841 1
960 1138 1
120 454 1
508 887 1
338 741 1
774 1053 1
382 783 1
717 1022 1
953 1136 1
687 1005 1
349 752 1
454 845 1
878 1103 1
306 708 1
189 565 1
938 1129 1
983 1148 0.018293
276 675 1
648 982 0.021385
556 922 1
841 1086 1
97 410 1
265 663 1
179 551 1
95 406 1
809 1071 1
261 658 1
439 833 1
40 265 1
788 1060 0.019811
572 933 1
345 748 1
948 1133 1
334 737 1
768 1050 1
335 738 1
447 840 0.025
35 248 1
316 719 1
797 1065 1
829 1080 1
387 788 0.02665
669 995 0.021106
572 933 1
204 586 1
663 991 1
756 1044 1
502 883 1
508 887 1
409 807 1
986 1149 1
655 986 1
337 740 1
40 265 1
562 926 0.022678
861 1095 0.019178
159 520 0.040385
673 997 0.021063
291 692 1
481 867 0.024221
373 775 0.027097
526 901 0.023307
131 474 1
908 1117 1
18 178 1
451 843 0.024911
564 928 1
410 808 0.02599
731 1030 1
35 248 1
497 879 1
929 1126 0.01865
258 655 1
143 495 0.042424
377 779 1
970 1142 1
384 785 1
910 1117 1
875 1102 0.019056
471 859 1
947 1133 1
326 729 1
64 334 1
795 1064 1
680 1001 1
993 1151 1
428 824 1
525 900 1
450 842 1
280 680 1
661 990 1
444 837 1
256 652 1
67 342 1
90 395 1
843 1087 1
842 1087 1
766 1049 1
740 1035 1
670 995 1
84 382 0.054974
678 1000 1
319 722 0.029086
155 514 1
986 1149 1
673 997 0.021063
410 808 1
714 1021 1
386 787 1
761 1046 0.020076
26 214 1
261 658 1
780 1056 1
369 771 1
235 627 1
936 1128 1
868 1099 1
886 1107 0.01897
799 1066 1
729 1029 0.020408
662 991 0.021191
430 825 1
235 627 1
808 1070 1
273 672 1
428 824 1
49 293 0.071672
768 1050 1
677 999 1
881 1105 1
840 1086 1
860 1095 1
604 954 1
908 1117 1
598 950 0.022105
98 412 1
892 1110 0.018919
499 881 1
70 349 1
699 1012 1
978 1146 0.018325
623 966 1
345 748 1
1000 1154 1
912 1118 1
956 1137 1
1 42 1
550 918 0.022876
183 557 1
325 728 1
513 891 1
891 1109 1
725 1027 0.020448
956 1137 1
838 1085 0.019355
310 713 1
224 613 0.034258
559 924 1
608 957 1
706 1016 0.020669
281 681 1
188 564 0.037234
17 173 1
195 574 1
882 1105 0.019005
541 911 1
204 586 1
526 901 1
151 508 1
604 954 1
351 754 1
813 1073 1
288 689 1
984 1148 1
41 268 1
177 548 1
205 588 1
325 728 1
828 1080 0.019444
389 790 1
936 1128 0.018617
832 1082 1
755 1043 1
409 807 0.026022
358 761 1
784 1058 1
197 577 1
668 994 1
606 956 1
430 825 1
1000 1154 1
9 126 1
207 590 0.035593
245 639 1
110 436 1
530 904 1
102 420 1
250 645 1
426 822 0.025547
823 1077 1
605 955 0.02199
900 1113 0.018868
443 836 1
656 987 1
445 838 0.02506
5 94 1
184 558 1
478 865 1
877 1103 1
318 721 0.029126
506 886 0.023702
758 1045 1
431 826 1
334 737 1
870 1100 0.019091
541 911 0.023052
193 571 0.036778
156 516 0.040698
95 406 0.051724
4 84 1
537 909 0.023102
888 1108 1
815 1074 1
893 1110 1
56 313 0.067093
141 491 0.04277
710 1018 1
147 501 0.041916
920 1122 1
569 931 1
185 560 1
430 825 1
38 258 1
603 954 1
124 462 1
636 975 1
15 162 1
668 994 1
248 643 1
969 1142 1
206 589 1
598 950 0.022105
141 491 1
159 520 1
188 564 1
575 935 1
384 785 0.026752
590 945 1
862 1096 0.019161
863 1096 1
30 230 1
93 401 1
123 460 1
213 598 1
223 611 1
126 465 1
531 904 1
693 1009 1
363 766 1
741 1036 0.02027
328 731 1
412 810 1
808 1070 1
729 1029 1
720 1024 1
634 973 1
89 393 1
810 1071 1
120 454 1
902 1114 1
368 770 1
400 800 1
162 525 1
605 955 1
452 844 1
986 1149 1
24 205 0.102439
492 875 0.024
243 636 1
716 1022 1
702 1014 0.02071
696 1010 0.020792
537 909 1
15 162 0.12963
315 718 1
693 1009 1
870 1100 1
92 399 1
576 936 1
388 789 1
860 1095 1
737 1033 1
655 986 0.021298
546 915 1
534 906 1
722 1025 0.020488
868 1099 1
55 310 1
978 1146 1
96 408 0.051471
695 1010 1
20 188 0.111702
407 806 0.026055
565 928 1
472 860 1
12 145 1
823 1077 1
102 420 0.05
153 511 1
443 836 1
710 1018 1
895 1111 1
959 1138 1
457 848 0.024764
432 827 1
122 458 1
929 1126 0.01865
464 853 1
110 436 1
600 952 0.022059
663 991 1
761 1046 1
265 663 0.031674
861 1095 0.019178
715 1021 1
931 1126 0.01865
5 94 0.223404
31 233 1
603 954 0.022013
412 810 1
719 1023 1
648 982 0.021385
724 1026 1
845 1088 1
103 422 1
375 777 1
536 908 1
737 1033 1
191 568 1
298 700 1
801 1067 1
6 103 1
129 471 1
551 919 1
971 1143 0.018373
634 973 0.021583
612 959 1
918 1121 1
797 1065 0.019718
558 923 1
302 704 1
824 1078 1
640 977 1
406 805 1
35 248 1
114 443 1
934 1128 1
727 1028 1
292 693 1
50 296 0.070946
43 274 1
639 976 1
137 484 1
648 982 1
495 878 0.023918
976 1145 0.018341
543 913 0.023001
854 1092 1
322 725 0.028966
989 1150 1
506 886 0.023702
704 1015 1
366 768 1
491 875 1
188 564 1
45 281 1
192 570 0.036842
473 861 0.02439
707 1017 1
907 1116 0.018817
903 1114 1
216 602 0.034884
750 1040 1
646 981 1
251 646 1
522 898 1
864 1097 1
633 973 1
614 961 1
510 889 1
620 965 1
586 942 1
390 791 1
818 1075 1
470 858 1
746 1038 1
136 483 1
615 961 1
840 1086 1
579 938 1
342 745 1
49 293 1
153 511 1
471 859 1
970 1142 1
156 516 1
671 996 1
183 557 1
256 652 1
599 951 1
118 451 0.046563
593 947 1
359 762 1
108 432 1
775 1053 1
9 126 1
512 890 1
269 667 1
634 973 1
480 866 1
237 629 1
344 747 1
459 849 1
71 352 1
731 1030 1
724 1026 1
752 1041 1
325 728 1
808 1070 1
482 868 1
192 570 1
252 647 1
189 565 1
188 564 0.037234
997 1153 0.018213
600 952 1
92 399 1
544 914 1
194 572 1
423 820 1
178 549 1
557 923 1
550 918 0.022876
393 793 1
478 865 1
180 552 1
935 1128 1
192 570 1
352 755 1
920 1122 0.018717
135 481 1
985 1148 1
962 1139 1
174 543 1
538 909 0.023102
977 1145 1
466 855 1
941 1131 1
205 588 1
225 614 1
117 449 1
463 853 1
216 602 1
970 1142 1
925 1124 1
982 1147 0.018309
805 1069 1
209 593 1
236 628 1
927 1125 1
670 995 0.021106
315 718 1
182 555 1
193 571 1
458 849 1
330 733 1
50 296 0.070946
342 745 1
872 1101 1
885 1106 1
809 1071 1
145 498 1
489 873 1
355 758 0.027704
341 744 1
830 1081 1
650 983 0.021363
313 716 1
179 551 1
701 1013 1
447 840 1
782 1057 1
25 210 1
175 545 1
1 42 0.5
270 669 0.03139
448 840 1
591 946 1
289 690 0.030435
428 824 1
802 1067 1
473 861 1
34 244 1
885 1106 0.018987
788 1060 1
493 876 1
114 443 1
363 766 1
765 1048 1
140 490 0.042857
56 313 1
688 1006 1
853 1092 0.019231
402 801 1
991 1151 0.018245
542 912 0.023026
406 805 1
490 874 0.024027
241 634 1
509 888 1
886 1107 1
765 1048 1
61 326 0.064417
21 192 1
195 574 1
675 998 0.021042
906 1116 1
215 601 1
757 1044 0.020115
767 1049 1
944 1132 1
951 1135 1
870 1100 1
806 1069 1
477 864 0.024306
788 1060 0.019811
165 530 0.039623
672 996 1
230 620 1
150 506 1
606 956 1
325 728 1
457 848 1
767 1049 1
811 1072 1
929 1126 1
465 854 1
738 1034 1
502 883 1
913 1119 0.018767
697 1011 0.020772
391 791 1
196 575 0.036522
731 1030 1
623 966 0.021739
924 1123 1
963 1140 0.018421
489 873 1
738 1034 1
972 1143 1
787 1060 1
494 877 1
861 1095 0.019178
348 751 1
953 1136 1
646 981 1
593 947 1
328 731 0.028728
279 679 1
242 635 1
198 578 1
714 1021 1
685 1004 0.020916
642 978 0.021472
762 1047 1
667 994 0.021127
603 954 1
720 1024 1
175 545 0.038532
896 1111 1
843 1087 1
723 1026 0.020468
401 800 1
533 906 1
563 927 1
857 1094 1
453 845 1
749 1040 1
977 1145 1
267 665 1
83 380 0.055263
135 481 1
860 1095 1
524 899 1
901 1113 1
794 1063 1
897 1112 0.018885
362 765 0.027451
597 950 1
738 1034 0.020309
540 911 1
283 683 1
538 909 1
567 930 1
282 682 1
929 1126 1
627 969 1
957 1137 1
701 1013 1
286 687 1
761 1046 1
270 669 1
879 1104 1
712 1020 1
601 952 0.022059
817 1075 1
685 1004 1
77 366 1
464 853 1
766 1049 0.020019
637 975 1
280 680 1
244 638 1
952 1135 1
336 739 1
898 1112 1
225 614 1
257 653 1
816 1074 1
617 963 1
537 909 1
608 957 0.021944
714 1021 1
275 674 1
962 1139 1
318 721 1
93 401 1
379 780 1
612 959 1
860 1095 0.019178
537 909 1
211 596 1
272 671 1
710 1018 1
729 1029 1
760 1046 1
537 909 1
258 655 1
280 680 0.030882
409 807 1
30 230 1
809 1071 1
447 840 1
136 483 1
510 889 0.023622
637 975 1
941 1131 1
894 1110 1
946 1133 1
1 42 1
813 1073 1
98 412 1
693 1009 1
108 432 1
691 1008 1
307 709 1
647 981 1
853 1092 1
38 258 1
465 854 1
309 711 1
319 722 1
935 1128 0.018617
687 1005 1
218 605 0.034711
558 923 1
312 715 1
259 656 1
834 1083 1
624 967 1
310 713 1
796 1064 1
129 471 1
541 911 1
743 1037 1
219 606 1
271 670 1
727 1028 1
196 575 1
842 1087 1
582 940 1
650 983 1
144 496 1
751 1041 0.020173
666 993 1
940 1130 1
38 258 1
673 997 1
823 1077 1
534 906 1
798 1065 1
129 471 1
863 1096 0.019161
864 1097 1
752 1041 1
539 910 1
897 1112 1
288 689 1
966 1141 1
210 594 1
858 1094 1
259 656 1
878 1103 1
630 971 1
271 670 1
714 1021 1
870 1100 1
929 1126 0.01865
648 982 1
863 1096 0.019161
214 600 1
781 1057 1
783 1058 1
516 893 0.023516
713 1020 1
975 1144 0.018357
190 567 1
922 1123 0.0187
475 862 1
503 884 1
172 540 1
199 579 1
147 501 1
781 1057 0.019868
864 1097 1
790 1061 1
722 1025 1
397 797 0.026349
860 1095 1
875 1102 1
451 843 1
411 809 0.025958
883 1106 0.018987
468 857 1
680 1001 0.020979
775 1053 1
466 855 0.024561
320 723 1
730 1030 1
186 561 1
546 915 1
371 773 1
409 807 1
151 508 1
68 344 1
840 1086 1
408 807 1
682 1002 1
811 1072 0.01959
877 1103 1
610 958 1
700 1013 1
349 752 1
778 1055 1
151 508 1
956 1137 0.01847
642 978 1
553 920 1
335 738 1
735 1032 1
59 321 1
143 495 1
333 736 0.028533
440 834 1
