5000 1740552
876 1102 1
333 736 1
654 986 1
626 968 1
984 1148 1
127 467 1
80 373 1
338 741 1
981 1147 1
905 1115 1
765 1048 1
153 511 1
777 1054 1
840 1086 1
557 923 1
50 296 1
996 1153 1
96 408 1
721 1025 1
736 1033 1
200 581 1
245 639 1
610 958 1
206 589 1
463 853 1
533 906 1
14 157 1
838 1085 1
992 1151 1
783 1058 1
307 709 1
158 519 1
946 1133 1
341 744 1
570 932 1
715 1021 1
943 1131 1
701 1013 1
581 939 1
498 880 1
554 921 1
924 1123 1
48 290 1
601 952 1
521 897 1
617 963 1
75 361 1
779 1056 1
35 248 1
144 496 1
885 1106 1
593 947 1
649 983 1
771 1051 1
266 664 1
856 1093 1
41 268 1
522 898 1
718 1023 1
153 511 1
38 258 1
156 516 1
624 967 1
508 887 1
809 1071 1
483 868 1
471 859 1
172 540 1
35 248 1
308 710 1
135 481 1
909 1117 1
583 940 1
484 869 1
693 1009 1
264 662 1
316 719 1
819 1076 1
358 761 1
62 329 1
57 316 1
252 647 1
428 824 1
384 785 1
7 111 1
187 562 1
136 483 1
485 870 1
146 500 1
845 1088 1
568 930 1
828 1080 1
840 1086 0.019337
635 974 1
226 615 1
405 804 1
663 991 1
574 934 1
783 1058 1
523 899 1
315 718 1
188 564 1
193 571 1
220 607 1
973 1144 1
929 1126 1
492 875 1
887 1107 1
812 1072 1
215 601 1
280 680 1
292 693 1
792 1062 1
350 753 1
308 710 1
991 1151 1
441 835 1
3 73 1
580 938 1
29 226 1
380 781 1
765 1048 1
92 399 1
749 1040 1
342 745 1
843 1087 1
603 954 1
592 946 1
110 436 1
927 1125 1
569 931 1
697 1011 1
406 805 1
973 1144 1
512 890 1
734 1032 1
91 397 1
724 1026 1
621 965 1
116 447 1
960 1138 1
723 1026 1
544 914 1
206 589 1
510 889 1
237 629 1
543 913 1
149 504 1
295 696 1
301 703 1
823 1077 1
489 873 1
870 1100 1
58 318 1
123 460 1
358 761 1
24 205 1
211 596 1
18 178 1
279 679 1
461 851 1
356 759 1
500 881 1
191 568 1
855 1093 1
999 1154 1
645 980 1
778 1055 1
568 930 1
251 646 0.032508
153 511 1
168 534 1
800 1066 1
280 680 1
709 1018 1
562 926 1
149 504 1
696 1010 1
444 837 1
611 959 1
305 707 1
904 1115 1
295 696 1
807 1070 1
63 332 1
84 382 1
299 701 1
470 858 1
86 386 1
597 950 1
47 287 1
810 1071 1
668 994 1
398 798 1
146 500 1
220 607 1
387 788 1
882 1105 1
145 498 1
450 842 1
902 1114 1
696 1010 1
14 157 1
236 628 1
156 516 1
263 660 1
777 1054 1
682 1002 1
636 975 1
873 1101 1
11 139 1
511 890 1
263 660 1
651 984 1
302 704 1
17 173 1
193 571 1
771 1051 1
598 950 1
437 831 1
600 952 1
217 604 1
562 926 1
175 545 1
515 893 1
790 1061 1
338 741 1
248 643 1
499 881 1
895 1111 1
330 733 1
861 1095 1
964 1140 1
74 359 1
30 230 1
271 670 1
189 565 1
471 859 1
276 675 1
765 1048 1
947 1133 1
559 924 1
588 944 1
706 1016 1
114 443 1
936 1128 1
834 1083 1
405 804 1
299 701 1
48 290 1
770 1051 1
444 837 1
574 934 1
381 782 1
627 969 1
271 670 1
314 717 1
266 664 1
821 1077 1
779 1056 1
191 568 1
364 766 1
618 963 1
412 810 1
595 948 1
825 1078 1
704 1015 1
273 672 1
321 724 1
727 1028 1
724 1026 1
195 574 1
202 583 1
99 414 1
192 570 1
261 658 1
384 785 1
911 1118 1
117 449 1
429 825 1
814 1073 1
945 1132 1
641 978 1
545 914 1
225 614 1
906 1116 1
770 1051 1
419 816 1
977 1145 1
868 1099 1
385 786 1
357 760 1
968 1142 1
283 683 1
760 1046 1
565 928 1
585 942 1
781 1057 1
379 780 1
897 1112 1
858 1094 1
745 1038 1
954 1136 1
980 1146 1
490 874 1
91 397 1
989 1150 1
663 991 1
515 893 1
550 918 1
894 1110 1
352 755 1
464 853 1
24 205 1
666 993 1
438 832 1
159 520 1
81 375 1
408 807 1
609 958 1
128 469 1
155 514 1
159 520 1
478 865 1
509 888 1
827 1079 1
700 1013 1
833 1082 1
335 738 1
934 1128 1
609 958 1
570 932 1
790 1061 1
548 916 1
231 622 1
344 747 1
953 1136 1
881 1105 1
692 1008 1
840 1086 1
409 807 1
574 934 1
501 882 1
38 258 1
979 1146 1
243 636 1
461 851 1
25 210 1
290 691 1
544 914 1
771 1051 1
203 585 1
816 1074 1
743 1037 1
512 890 1
471 859 1
197 577 1
436 831 1
990 1150 1
137 484 1
70 349 1
172 540 1
785 1059 1
617 963 1
999 1154 1
401 800 1
561 925 1
231 622 1
33 241 1
731 1030 1
326 729 1
736 1033 1
236 628 1
744 1037 1
978 1146 1
119 453 1
109 434 1
156 516 1
890 1109 0.018936
604 954 1
433 828 1
377 779 1
677 999 1
480 866 1
688 1006 1
48 290 1
811 1072 1
878 1103 1
506 886 1
566 929 1
766 1049 1
316 719 1
21 192 1
576 936 1
924 1123 1
559 924 1
420 817 1
814 1073 1
994 1152 1
74 359 1
672 996 1
83 380 1
90 395 1
671 996 1
915 1120 1
362 765 1
206 589 1
851 1091 1
328 731 1
10 133 1
658 988 1
366 768 1
692 1008 1
211 596 1
925 1124 1
680 1001 1
175 545 1
591 946 1
208 592 1
165 530 1
107 430 1
945 1132 1
748 1039 1
313 716 1
115 445 1
328 731 1
936 1128 1
13 151 1
181 554 1
60 324 1
289 690 1
175 545 1
144 496 1
16 168 1
896 1111 1
685 1004 1
630 971 1
286 687 1
711 1019 1
866 1098 1
859 1095 1
117 449 1
627 969 1
407 806 1
587 943 1
198 578 1
779 1056 1
83 380 1
311 714 1
914 1119 1
222 610 1
979 1146 1
80 373 1
389 790 1
281 681 1
402 801 1
986 1149 1
190 567 1
831 1081 1
505 885 1
538 909 1
836 1084 1
798 1065 1
600 952 1
728 1028 1
922 1123 1
760 1046 1
314 717 1
254 650 1
603 954 1
870 1100 1
205 588 1
254 650 1
430 825 1
591 946 1
999 1154 1
966 1141 1
482 868 1
655 986 1
58 318 1
271 670 1
771 1051 1
352 755 1
976 1145 1
146 500 1
643 979 1
564 928 1
358 761 1
481 867 1
825 1078 1
455 846 1
613 960 1
892 1110 1
357 760 1
17 173 1
84 382 1
8 119 1
497 879 1
570 932 1
519 896 1
329 732 1
521 897 1
780 1056 1
483 868 1
9 126 1
379 780 1
708 1017 1
774 1053 1
310 713 1
399 799 1
425 821 1
19 183 1
775 1053 1
160 522 1
827 1079 1
612 959 1
103 422 1
369 771 1
516 893 1
454 845 1
200 581 1
913 1119 1
634 973 1
488 872 1
897 1112 1
255 651 1
234 625 1
451 843 1
729 1029 1
589 944 1
950 1134 1
986 1149 1
264 662 1
576 936 1
800 1066 1
155 514 1
852 1091 1
390 791 1
508 887 1
229 619 1
57 316 1
478 865 1
577 936 1
120 454 1
400 800 1
43 274 1
344 747 1
791 1062 1
537 909 1
113 441 1
835 1083 1
104 424 1
888 1108 1
894 1110 1
975 1144 1
282 682 1
899 1113 1
90 395 1
202 583 1
645 980 1
969 1142 1
958 1138 1
93 401 1
181 554 1
196 575 1
936 1128 1
546 915 1
215 601 1
887 1107 1
77 366 1
446 839 1
26 214 1
793 1063 1
461 851 1
992 1151 1
567 930 1
856 1093 1
203 585 1
56 313 1
129 471 1
430 825 1
818 1075 1
32 237 1
445 838 1
327 730 1
200 581 1
886 1107 1
795 1064 1
272 671 1
366 768 1
423 820 1
266 664 1
769 1050 1
709 1018 1
261 658 1
767 1049 1
60 324 1
842 1087 1
850 1090 1
870 1100 1
763 1047 1
346 749 1
378 780 1
327 730 1
101 418 1
134 479 1
276 675 1
138 486 1
129 471 1
432 827 1
825 1078 1
835 1083 1
992 1151 1
908 1117 1
315 718 1
342 745 1
23 201 1
639 976 1
911 1118 1
963 1140 1
738 1034 1
35 248 1
595 948 1
890 1109 1
186 561 1
872 1101 1
40 265 1
240 633 1
575 935 1
732 1031 1
984 1148 1
120 454 1
343 746 1
820 1076 1
56 313 1
619 964 1
925 1124 1
168 534 1
775 1053 1
728 1028 1
577 936 1
626 968 1
933 1127 1
443 836 1
502 883 1
743 1037 1
804 1068 0.019663
602 953 1
566 929 1
636 975 1
866 1098 1
554 921 1
768 1050 1
225 614 1
957 1137 1
726 1027 1
387 788 1
609 958 1
69 347 1
824 1078 1
143 495 1
752 1041 1
444 837 1
966 1141 1
586 942 1
243 636 1
313 716 1
221 609 1
841 1086 1
771 1051 1
376 778 1
41 268 1
306 708 1
441 835 1
211 596 1
819 1076 1
256 652 1
411 809 1
884 1106 1
104 424 1
790 1061 1
901 1113 1
295 696 1
665 992 1
778 1055 1
569 931 1
373 775 1
645 980 1
235 627 1
671 996 1
59 321 1
927 1125 1
652 984 1
572 933 1
351 754 1
46 284 1
158 519 0.040462
255 651 1
787 1060 1
887 1107 1
1 42 1
359 762 1
935 1128 1
613 960 1
627 969 1
806 1069 1
35 248 1
66 339 1
590 945 1
64 334 1
649 983 1
138 486 1
14 157 1
148 503 1
599 951 1
886 1107 1
416 814 1
865 1097 1
859 1095 1
238 630 1
860 1095 1
778 1055 1
356 759 1
862 1096 1
900 1113 1
258 655 1
55 310 1
489 873 1
426 822 1
264 662 1
640 977 1
537 909 1
173 542 1
492 875 1
20 188 1
268 666 1
364 766 1
215 601 1
765 1048 1
111 438 1
704 1015 1
295 696 1
29 226 1
759 1045 1
614 961 1
824 1078 1
497 879 1
795 1064 1
819 1076 1
123 460 1
319 722 1
507 887 1
413 811 1
554 921 1
536 908 1
179 551 1
936 1128 1
913 1119 1
14 157 1
968 1142 1
598 950 1
287 688 1
694 1009 1
329 732 1
917 1120 1
202 583 1
807 1070 1
783 1058 1
493 876 1
662 991 1
377 779 1
93 401 1
455 846 1
182 555 1
703 1014 1
952 1135 1
558 923 1
817 1075 1
388 789 1
183 557 1
129 471 1
158 519 1
417 814 1
739 1034 1
815 1074 1
431 826 1
733 1031 1
808 1070 1
249 644 1
481 867 1
627 969 1
722 1025 1
842 1087 1
106 428 1
87 388 1
576 936 1
98 412 1
866 1098 1
1000 1154 1
700 1013 1
862 1096 1
106 428 1
375 777 1
649 983 1
353 756 1
199 579 1
862 1096 1
403 802 1
687 1005 1
959 1138 1
698 1012 1
314 717 1
636 975 1
754 1042 1
137 484 1
190 567 1
336 739 1
410 808 1
124 462 1
619 964 1
333 736 1
811 1072 1
878 1103 1
439 833 1
655 986 1
587 943 1
770 1051 1
343 746 1
178 549 1
354 757 1
496 878 1
933 1127 1
120 454 1
579 938 1
840 1086 1
948 1133 1
240 633 1
785 1059 1
492 875 0.024
601 952 1
479 865 1
202 583 1
946 1133 1
444 837 1
2 59 1
735 1032 1
16 168 1
972 1143 1
169 536 1
81 375 1
22 197 1
446 839 1
302 704 1
925 1124 1
55 310 1
807 1070 1
803 1068 1
544 914 1
151 508 1
772 1052 1
23 201 1
380 781 1
533 906 1
401 800 1
497 879 1
833 1082 1
978 1146 1
806 1069 1
107 430 1
428 824 1
8 119 1
787 1060 1
568 930 1
594 948 1
676 999 1
253 649 1
637 975 1
5 94 1
340 743 1
966 1141 1
187 562 1
974 1144 1
177 548 1
360 763 1
683 1003 1
728 1028 1
214 600 1
218 605 1
112 439 1
403 802 1
366 768 1
921 1122 1
848 1089 1
174 543 1
537 909 1
344 747 1
915 1120 1
620 965 1
239 632 1
776 1054 1
186 561 1
64 334 1
419 816 1
759 1045 1
160 522 1
40 265 1
409 807 1
429 825 1
508 887 1
92 399 1
503 884 1
882 1105 1
741 1036 1
991 1151 1
519 896 1
569 931 1
908 1117 1
989 1150 1
19 183 1
144 496 1
989 1150 1
187 562 1
335 738 1
261 658 1
365 767 1
954 1136 1
683 1003 1
306 708 1
349 752 1
756 1044 1
742 1036 1
849 1090 1
357 760 1
629 970 1
675 998 1
119 453 1
545 914 1
802 1067 1
927 1125 1
925 1124 1
871 1100 1
69 347 1
672 996 1
298 700 1
78 368 1
342 745 1
519 896 1
578 937 1
769 1050 1
515 893 1
734 1032 1
665 992 1
681 1002 1
240 633 1
971 1143 1
984 1148 1
798 1065 1
535 907 1
27 218 1
807 1070 1
646 981 1
338 741 1
511 890 1
720 1024 1
116 447 1
635 974 1
177 548 1
194 572 1
930 1126 1
626 968 1
519 896 1
531 904 1
262 659 1
862 1096 1
23 201 1
300 702 1
192 570 1
98 412 1
993 1151 1
553 920 1
954 1136 1
778 1055 1
944 1132 1
374 776 1
334 737 1
803 1068 1
760 1046 1
34 244 1
851 1091 1
213 598 1
137 484 1
559 924 1
832 1082 1
628 970 1
786 1059 1
263 660 1
991 1151 1
898 1112 1
782 1057 1
48 290 1
179 551 1
471 859 1
90 395 1
497 879 1
514 892 1
705 1016 1
532 905 1
234 625 1
595 948 1
243 636 1
517 894 1
959 1138 1
215 601 1
506 886 1
664 992 1
725 1027 1
716 1022 1
554 921 1
40 265 1
179 551 1
309 711 1
501 882 1
453 845 1
18 178 1
395 795 1
44 278 1
431 826 1
669 995 1
799 1066 1
643 979 1
889 1108 1
753 1042 1
420 817 1
161 524 1
759 1045 1
278 678 1
161 524 1
325 728 1
439 833 1
635 974 1
341 744 1
817 1075 1
940 1130 1
453 845 1
25 210 0.1
779 1056 1
237 629 1
120 454 1
449 841 1
719 1023 1
754 1042 1
924 1123 1
418 815 1
589 944 1
391 791 1
961 1139 1
5 94 1
216 602 1
14 157 1
451 843 1
234 625 1
349 752 1
330 733 1
54 307 1
605 955 1
1000 1154 1
374 776 1
738 1034 1
933 1127 1
754 1042 1
809 1071 1
447 840 1
95 406 1
141 491 1
620 965 1
42 271 1
86 386 1
797 1065 1
977 1145 1
726 1027 1
510 889 1
376 778 1
366 768 1
459 849 1
76 364 1
319 722 1
824 1078 1
323 726 1
799 1066 1
914 1119 1
96 408 1
647 981 1
898 1112 1
679 1001 1
225 614 1
517 894 1
407 806 1
428 824 1
767 1049 1
317 720 1
388 789 1
216 602 1
816 1074 1
319 722 1
457 848 1
21 192 1
822 1077 1
46 284 1
1000 1154 1
560 925 1
419 816 1
383 784 1
396 796 1
799 1066 1
924 1123 1
290 691 1
570 932 1
945 1132 1
118 451 1
247 641 1
162 525 1
817 1075 1
835 1083 1
114 443 1
61 326 1
915 1120 1
694 1009 1
80 373 1
488 872 1
277 677 1
794 1063 1
407 806 1
232 623 1
647 981 1
894 1110 1
865 1097 1
316 719 1
859 1095 1
75 361 1
545 914 1
598 950 1
701 1013 1
364 766 1
955 1136 1
793 1063 1
531 904 1
612 959 1
472 860 1
756 1044 1
453 845 1
683 1003 1
47 287 1
124 462 1
614 961 1
697 1011 1
797 1065 1
221 609 1
648 982 1
185 560 1
373 775 1
578 937 1
900 1113 1
119 453 1
48 290 1
72 354 1
703 1014 1
138 486 1
30 230 1
759 1045 1
86 386 1
794 1063 1
811 1072 1
248 643 1
394 794 1
490 874 1
114 443 1
111 438 1
252 647 1
582 940 1
709 1018 1
922 1123 1
386 787 1
942 1131 1
130 472 1
439 833 1
63 332 1
641 978 1
598 950 1
41 268 1
687 1005 1
826 1079 1
334 737 1
620 965 1
191 568 1
430 825 1
185 560 1
908 1117 1
273 672 1
924 1123 1
119 453 1
730 1030 1
685 1004 1
59 321 1
820 1076 1
606 956 1
665 992 1
814 1073 1
461 851 1
789 1061 1
90 395 1
683 1003 1
9 126 1
676 999 1
688 1006 1
647 981 1
136 483 1
394 794 1
453 845 1
947 1133 1
775 1053 1
674 998 1
630 971 1
170 537 1
114 443 1
22 197 1
656 987 1
400 800 1
776 1054 1
124 462 1
491 875 1
844 1088 1
147 501 1
173 542 1
866 1098 1
822 1077 1
324 727 1
40 265 1
121 456 1
705 1016 1
426 822 1
947 1133 1
845 1088 1
521 897 1
364 766 1
154 513 1
119 453 1
326 729 1
42 271 1
765 1048 1
193 571 1
935 1128 1
279 679 1
638 976 1
302 704 1
959 1138 1
217 604 1
576 936 1
494 877 1
371 773 1
527 901 1
745 1038 1
191 568 1
146 500 1
585 942 1
680 1001 1
348 751 1
803 1068 1
780 1056 1
967 1141 1
138 486 1
993 1151 1
683 1003 1
817 1075 1
942 1131 1
258 655 1
934 1128 1
324 727 1
399 799 1
827 1079 1
6 103 1
104 424 1
201 582 1
261 658 1
86 386 1
558 923 1
392 792 1
163 527 1
475 862 1
586 942 1
545 914 1
441 835 1
637 975 1
953 1136 1
740 1035 1
198 578 1
483 868 1
235 627 1
564 928 1
170 537 1
298 700 1
745 1038 1
12 145 1
816 1074 1
463 853 1
623 966 1
419 816 1
197 577 1
87 388 1
667 994 1
673 997 1
238 630 1
118 451 1
163 527 1
567 930 1
110 436 1
252 647 1
571 932 1
171 539 1
861 1095 1
769 1050 1
260 657 1
609 958 1
81 375 1
242 635 1
174 543 1
202 583 1
48 290 1
609 958 1
798 1065 1
768 1050 1
668 994 0.021127
344 747 1
840 1086 1
375 777 1
661 990 1
494 877 1
837 1084 1
6 103 1
810 1071 1
928 1125 1
61 326 1
11 139 1
608 957 1
416 814 1
119 453 1
762 1047 1
424 820 1
826 1079 1
179 551 1
606 956 1
453 845 1
121 456 1
71 352 1
750 1040 1
987 1149 1
342 745 1
414 812 1
521 897 1
417 814 1
225 614 1
282 682 1
474 861 1
119 453 1
269 667 1
834 1083 1
228 618 1
680 1001 1
848 1089 1
532 905 1
749 1040 1
97 410 1
48 290 1
532 905 1
759 1045 1
335 738 1
294 695 1
706 1016 1
178 549 1
517 894 1
22 197 1
952 1135 1
795 1064 1
371 773 1
301 703 1
913 1119 1
904 1115 1
527 901 1
177 548 1
171 539 1
449 841 1
136 483 1
60 324 1
549 917 1
976 1145 1
325 728 1
777 1054 1
529 903 1
65 337 1
209 593 1
941 1131 1
459 849 1
450 842 1
434 829 1
526 901 1
719 1023 1
564 928 1
421 818 1
567 930 1
326 729 1
519 896 1
827 1079 1
666 993 1
793 1063 1
361 764 1
111 438 1
35 248 1
292 693 1
304 706 1
173 542 1
219 606 1
652 984 1
795 1064 1
852 1091 1
667 994 1
217 604 1
668 994 1
445 838 1
284 684 1
428 824 1
792 1062 1
201 582 1
21 192 1
985 1148 1
468 857 1
869 1099 1
28 222 1
390 791 1
138 486 1
681 1002 1
587 943 1
410 808 1
162 525 1
4 84 1
540 911 1
54 307 1
416 814 1
826 1079 1
493 876 1
359 762 1
852 1091 1
662 991 1
725 1027 1
505 885 1
341 744 1
55 310 1
212 597 1
533 906 1
333 736 1
126 465 1
670 995 1
547 916 1
79 371 1
30 230 1
232 623 1
592 946 1
443 836 1
331 734 1
809 1071 1
145 498 1
577 936 1
523 899 1
490 874 1
238 630 1
665 992 1
191 568 1
598 950 1
855 1093 1
729 1029 1
122 458 1
914 1119 1
922 1123 1
894 1110 1
656 987 1
549 917 1
162 525 1
865 1097 0.019143
656 987 1
609 958 1
353 756 1
395 795 1
250 645 1
648 982 1
950 1134 1
48 290 1
994 1152 1
631 972 1
927 1125 1
520 896 1
154 513 1
637 975 1
752 1041 1
481 867 1
283 683 1
836 1084 1
242 635 1
718 1023 1
932 1127 1
895 1111 1
501 882 1
450 842 1
185 560 1
674 998 1
309 711 1
597 950 1
789 1061 1
989 1150 1
448 840 1
469 857 1
79 371 1
185 560 1
789 1061 1
686 1005 1
641 978 1
392 792 1
862 1096 1
802 1067 1
995 1152 1
776 1054 1
590 945 1
185 560 1
172 540 1
737 1033 1
268 666 1
562 926 1
825 1078 1
34 244 1
590 945 1
63 332 1
987 1149 1
919 1121 1
30 230 1
573 934 1
101 418 1
445 838 1
200 581 1
545 914 1
740 1035 1
956 1137 1
41 268 1
891 1109 1
21 192 1
340 743 1
713 1020 1
758 1045 1
985 1148 1
848 1089 1
81 375 1
229 619 1
219 606 1
869 1099 1
365 767 1
728 1028 1
656 987 1
179 551 1
307 709 1
236 628 1
109 434 1
98 412 1
18 178 1
622 966 1
357 760 1
350 753 1
867 1098 1
480 866 1
456 847 1
972 1143 1
315 718 1
410 808 1
452 844 0.024882
994 1152 1
615 961 1
658 988 1
120 454 1
634 973 1
989 1150 1
587 943 1
667 994 1
70 349 1
89 393 1
178 549 1
585 942 1
573 934 1
365 767 1
603 954 1
638 976 1
244 638 1
935 1128 1
296 698 1
264 662 1
254 650 1
942 1131 1
2 59 1
272 671 1
620 965 1
85 384 1
469 857 1
833 1082 1
109 434 1
775 1053 1
664 992 1
447 840 1
743 1037 1
176 546 1
162 525 1
193 571 1
27 218 1
690 1007 1
62 329 1
272 671 1
708 1017 1
709 1018 1
967 1141 1
357 760 1
864 1097 1
844 1088 1
660 989 1
622 966 1
397 797 1
167 533 1
789 1061 1
624 967 1
925 1124 1
59 321 1
387 788 1
102 420 1
738 1034 1
691 1008 1
587 943 1
880 1104 1
186 561 1
666 993 1
315 718 1
805 1069 1
963 1140 1
326 729 1
347 750 1
321 724 1
735 1032 1
502 883 1
805 1069 1
126 465 1
281 681 1
908 1117 1
38 258 1
311 714 1
846 1088 1
876 1102 1
34 244 1
784 1058 1
525 900 1
274 673 1
866 1098 1
335 738 1
751 1041 1
688 1006 1
521 897 1
110 436 1
430 825 1
253 649 1
570 932 1
638 976 1
809 1071 1
766 1049 1
612 959 1
356 759 1
934 1128 1
720 1024 1
254 650 1
311 714 1
407 806 1
883 1106 1
490 874 1
39 262 1
21 192 1
528 902 1
805 1069 1
631 972 1
663 991 1
284 684 1
845 1088 1
564 928 1
924 1123 1
522 898 1
81 375 1
508 887 1
812 1072 1
788 1060 1
180 552 1
239 632 1
90 395 1
67 342 1
506 886 1
889 1108 1
348 751 1
394 794 1
545 914 1
85 384 1
657 988 1
854 1092 1
289 690 1
19 183 1
985 1148 1
584 941 1
892 1110 1
74 359 1
441 835 1
608 957 1
262 659 1
846 1088 1
492 875 1
139 488 1
973 1144 1
227 616 1
474 861 1
591 946 1
57 316 1
759 1045 1
764 1048 1
593 947 1
221 609 1
347 750 1
797 1065 1
365 767 1
60 324 1
554 921 1
266 664 1
957 1137 1
324 727 1
961 1139 1
18 178 1
816 1074 1
542 912 1
173 542 1
823 1077 1
573 934 1
267 665 1
295 696 1
587 943 1
645 980 1
120 454 1
842 1087 1
979 1146 1
931 1126 1
578 937 1
739 1034 1
503 884 1
191 568 1
722 1025 1
136 483 1
887 1107 1
38 258 1
634 973 1
161 524 1
735 1032 1
547 916 1
142 493 1
106 428 1
539 910 1
874 1101 1
108 432 1
398 798 1
819 1076 1
726 1027 1
523 899 1
629 970 1
776 1054 1
738 1034 1
695 1010 1
534 906 1
140 490 0.042857
37 255 1
939 1130 1
445 838 1
62 329 1
828 1080 1
997 1153 1
510 889 1
675 998 1
315 718 1
397 797 1
423 820 1
101 418 1
163 527 1
125 463 1
746 1038 1
336 739 0.028417
622 966 1
426 822 1
360 763 1
703 1014 1
750 1040 1
361 764 1
566 929 1
875 1102 1
721 1025 1
418 815 1
667 994 1
620 965 1
95 406 1
168 534 1
199 579 1
901 1113 1
225 614 1
631 972 1
790 1061 1
228 618 1
20 188 1
492 875 1
331 734 1
439 833 1
972 1143 1
904 1115 1
4 84 1
543 913 1
241 634 1
469 857 1
116 447 1
280 680 1
852 1091 1
134 479 1
252 647 1
447 840 1
74 359 1
3 73 1
136 483 1
810 1071 1
623 966 1
538 909 1
71 352 1
139 488 1
908 1117 1
519 896 1
275 674 1
245 639 1
554 921 1
580 938 1
781 1057 1
804 1068 1
220 607 1
625 968 1
346 749 1
89 393 1
664 992 1
429 825 1
992 1151 1
292 693 1
182 555 1
842 1087 1
400 800 1
759 1045 1
783 1058 1
676 999 1
805 1069 1
537 909 1
870 1100 1
234 625 1
652 984 1
928 1125 1
346 749 1
155 514 1
250 645 1
69 347 1
666 993 1
682 1002 1
600 952 1
548 916 1
47 287 1
562 926 1
346 749 1
808 1070 1
717 1022 1
474 861 1
467 856 1
987 1149 1
249 644 1
210 594 1
857 1094 1
531 904 1
492 875 1
540 911 1
223 611 1
6 103 1
710 1018 1
19 183 1
86 386 1
239 632 1
563 927 1
678 1000 1
810 1071 1
645 980 1
385 786 1
781 1057 1
195 574 1
842 1087 1
487 871 1
395 795 1
288 689 1
170 537 1
984 1148 1
338 741 0.02834
661 990 1
352 755 1
805 1069 1
833 1082 1
222 610 1
795 1064 1
238 630 1
873 1101 1
793 1063 1
158 519 1
665 992 1
187 562 1
928 1125 1
675 998 1
473 861 1
91 397 1
636 975 1
767 1049 1
864 1097 1
216 602 1
354 757 1
425 821 1
508 887 1
121 456 1
369 771 1
523 899 1
221 609 1
336 739 1
346 749 1
239 632 1
205 588 1
507 887 1
286 687 1
610 958 1
318 721 1
717 1022 1
995 1152 1
283 683 1
183 557 1
241 634 1
815 1074 1
652 984 1
447 840 1
871 1100 1
603 954 1
904 1115 1
864 1097 1
92 399 1
720 1024 1
67 342 1
52 302 1
6 103 1
477 864 1
741 1036 1
611 959 1
229 619 1
550 918 1
670 995 1
267 665 1
595 948 1
806 1069 1
923 1123 1
214 600 1
868 1099 1
862 1096 1
111 438 1
231 622 1
270 669 1
995 1152 1
330 733 1
564 928 1
546 915 1
947 1133 1
621 965 1
869 1099 1
289 690 1
127 467 1
868 1099 1
483 868 1
903 1114 1
771 1051 1
962 1139 1
97 410 1
850 1090 1
889 1108 1
183 557 1
934 1128 1
291 692 1
593 947 1
397 797 1
17 173 1
395 795 1
876 1102 1
94 403 1
659 989 1
399 799 1
67 342 1
232 623 1
664 992 1
749 1040 1
372 774 1
496 878 1
477 864 1
716 1022 1
149 504 1
442 836 1
275 674 0.031157
407 806 1
911 1118 1
663 991 1
26 214 1
330 733 1
859 1095 1
996 1153 1
406 805 1
35 248 1
808 1070 1
545 914 1
557 923 1
897 1112 1
930 1126 1
463 853 1
687 1005 1
736 1033 1
892 1110 1
905 1115 1
204 586 1
843 1087 1
551 919 1
251 646 1
961 1139 1
416 814 1
312 715 1
22 197 1
811 1072 1
167 533 1
381 782 1
329 732 1
833 1082 1
563 927 1
872 1101 1
41 268 1
317 720 1
47 287 1
674 998 1
705 1016 1
420 817 1
521 897 1
736 1033 1
218 605 1
217 604 1
409 807 1
34 244 1
156 516 1
989 1150 1
186 561 1
942 1131 1
794 1063 1
538 909 1
216 602 1
953 1136 1
434 829 1
626 968 1
537 909 1
678 1000 1
106 428 1
516 893 1
748 1039 1
356 759 1
508 887 1
551 919 1
876 1102 1
3 73 1
762 1047 1
125 463 1
196 575 1
463 853 1
394 794 1
889 1108 1
260 657 1
627 969 1
986 1149 1
496 878 1
706 1016 1
679 1001 1
212 597 1
139 488 1
106 428 1
51 299 1
483 868 1
475 862 1
814 1073 1
713 1020 1
796 1064 1
820 1076 1
502 883 1
981 1147 1
734 1032 1
738 1034 1
225 614 1
368 770 1
49 293 1
742 1036 1
761 1046 1
825 1078 1
506 886 1
257 653 1
379 780 1
538 909 1
525 900 1
998 1153 1
612 959 1
304 706 1
897 1112 1
708 1017 1
964 1140 1
178 549 1
463 853 1
298 700 1
262 659 1
329 732 1
507 887 1
737 1033 1
950 1134 1
31 233 1
473 861 1
821 1077 1
353 756 1
448 840 1
944 1132 1
724 1026 1
296 698 1
987 1149 1
274 673 1
324 727 1
412 810 1
472 860 0.024419
105 426 1
960 1138 1
211 596 1
339 742 1
324 727 1
116 447 1
137 484 1
631 972 1
695 1010 1
612 959 1
344 747 1
228 618 1
694 1009 1
216 602 1
824 1078 1
522 898 1
90 395 0.053165
875 1102 1
782 1057 1
683 1003 1
609 958 1
999 1154 1
25 210 1
860 1095 1
258 655 1
833 1082 1
896 1111 1
947 1133 1
710 1018 1
115 445 1
949 1134 1
274 673 1
576 936 1
196 575 1
596 949 1
410 808 1
341 744 1
385 786 1
132 476 1
465 854 1
813 1073 1
472 860 1
236 628 1
612 959 1
55 310 1
335 738 1
559 924 1
740 1035 1
688 1006 1
225 614 1
824 1078 1
157 517 1
492 875 1
152 509 1
694 1009 1
98 412 1
587 943 1
163 527 1
440 834 1
426 822 1
21 192 1
602 953 1
666 993 1
718 1023 1
470 858 1
452 844 1
110 436 1
399 799 1
234 625 1
359 762 1
947 1133 1
460 850 1
569 931 1
952 1135 1
129 471 1
522 898 1
156 516 1
366 768 1
298 700 1
593 947 1
205 588 1
715 1021 1
3 73 1
109 434 1
731 1030 0.020388
306 708 1
904 1115 1
514 892 1
891 1109 1
786 1059 1
202 583 1
703 1014 1
87 388 1
464 853 1
364 766 1
852 1091 1
842 1087 1
952 1135 1
41 268 1
859 1095 1
802 1067 1
61 326 1
760 1046 1
681 1002 1
989 1150 1
644 980 1
624 967 1
494 877 1
243 636 1
269 667 1
315 718 1
224 613 1
658 988 1
641 978 1
46 284 1
268 666 1
508 887 1
820 1076 1
87 388 1
349 752 1
746 1038 1
844 1088 1
838 1085 1
314 717 1
164 528 1
415 813 1
716 1022 1
724 1026 1
78 368 1
593 947 1
62 329 1
957 1137 1
941 1131 1
795 1064 1
954 1136 1
937 1129 1
935 1128 1
84 382 1
232 623 1
848 1089 1
118 451 1
844 1088 1
202 583 1
82 377 1
805 1069 1
539 910 1
907 1116 1
601 952 1
177 548 1
118 451 1
404 803 1
818 1075 1
288 689 1
970 1142 1
530 904 1
539 910 1
141 491 1
951 1135 1
528 902 1
662 991 1
977 1145 1
621 965 1
275 674 1
564 928 1
267 665 1
33 241 1
825 1078 1
27 218 1
401 800 1
921 1122 1
456 847 1
392 792 1
196 575 1
699 1012 1
885 1106 1
189 565 1
400 800 1
250 645 1
434 829 1
211 596 1
800 1066 1
217 604 1
957 1137 1
760 1046 1
550 918 1
261 658 1
695 1010 1
675 998 1
408 807 1
14 157 1
234 625 1
890 1109 1
756 1044 1
750 1040 1
530 904 1
90 395 1
76 364 1
456 847 1
381 782 1
439 833 1
58 318 1
641 978 1
826 1079 1
151 508 1
949 1134 1
611 959 1
925 1124 1
866 1098 1
289 690 1
260 657 1
265 663 1
980 1146 1
219 606 1
979 1146 1
644 980 1
905 1115 1
338 741 1
107 430 1
894 1110 1
456 847 1
759 1045 1
925 1124 1
569 931 1
817 1075 1
365 767 1
66 339 1
586 942 1
686 1005 1
257 653 1
198 578 1
518 895 1
421 818 1
482 868 1
622 966 1
853 1092 1
595 948 1
33 241 1
962 1139 1
651 984 1
642 978 1
194 572 1
891 1109 1
921 1122 1
227 616 1
657 988 1
877 1103 1
543 913 1
396 796 1
990 1150 1
406 805 1
821 1077 1
396 796 1
673 997 1
165 530 1
701 1013 1
49 293 1
909 1117 1
915 1120 1
843 1087 1
720 1024 1
720 1024 1
533 906 1
108 432 1
613 960 1
473 861 1
31 233 1
370 772 1
326 729 1
609 958 1
338 741 1
445 838 1
851 1091 1
282 682 1
518 895 1
43 274 1
881 1105 1
426 822 1
960 1138 1
408 807 1
770 1051 1
17 173 1
213 598 1
694 1009 1
29 226 1
94 403 1
236 628 1
974 1144 1
748 1039 1
493 876 1
984 1148 1
501 882 1
344 747 1
435 830 1
235 627 1
648 982 1
943 1131 1
104 424 1
940 1130 1
887 1107 1
350 753 1
755 1043 1
377 779 1
541 911 1
911 1118 1
713 1020 1
229 619 1
429 825 1
316 719 1
951 1135 1
843 1087 1
62 329 1
713 1020 1
202 583 1
72 354 1
304 706 1
893 1110 1
190 567 1
812 1072 1
269 667 1
57 316 1
868 1099 1
9 126 1
1000 1154 1
143 495 1
441 835 1
682 1002 1
704 1015 1
675 998 1
621 965 1
573 934 1
701 1013 1
533 906 1
745 1038 1
305 707 1
242 635 1
205 588 1
560 925 1
280 680 1
625 968 1
405 804 1
702 1014 1
502 883 1
121 456 1
922 1123 1
611 959 1
199 579 1
339 742 1
835 1083 1
601 952 1
532 905 1
864 1097 1
744 1037 1
993 1151 1
94 403 1
356 759 1
987 1149 1
298 700 1
857 1094 1
910 1117 1
778 1055 1
562 926 1
834 1083 1
909 1117 1
938 1129 1
746 1038 1
201 582 1
540 911 1
773 1052 1
5 94 1
111 438 1
726 1027 1
773 1052 1
993 1151 1
793 1063 0.019755
922 1123 1
278 678 1
916 1120 1
690 1007 1
911 1118 1
407 806 1
135 481 1
972 1143 1
977 1145 1
105 426 1
270 669 1
831 1081 1
538 909 1
102 420 1
686 1005 1
864 1097 1
177 548 1
962 1139 1
589 944 1
619 964 1
262 659 1
325 728 1
269 667 1
705 1016 1
459 849 1
431 826 1
497 879 1
795 1064 1
28 222 1
18 178 1
30 230 1
420 817 1
303 705 1
580 938 1
523 899 1
826 1079 1
405 804 1
873 1101 1
81 375 1
860 1095 1
150 506 1
372 774 1
626 968 1
501 882 1
160 522 1
335 738 1
269 667 1
815 1074 1
457 848 1
821 1077 1
24 205 1
41 268 1
600 952 1
799 1066 1
348 751 1
225 614 1
903 1114 1
579 938 1
829 1080 1
114 443 1
235 627 1
558 923 1
55 310 1
167 533 1
178 549 1
547 916 1
785 1059 1
749 1040 1
419 816 1
962 1139 1
429 825 1
36 251 1
913 1119 1
553 920 1
813 1073 1
662 991 1
448 840 1
861 1095 1
471 859 1
111 438 1
542 912 1
930 1126 1
506 886 1
394 794 1
67 342 1
182 555 1
158 519 1
298 700 1
768 1050 1
794 1063 1
56 313 1
838 1085 1
411 809 1
264 662 1
107 430 1
506 886 1
81 375 1
733 1031 1
247 641 1
5 94 1
850 1090 1
752 1041 1
365 767 1
973 1144 1
49 293 1
609 958 1
24 205 1
236 628 1
105 426 1
634 973 1
277 677 1
854 1092 1
648 982 1
921 1122 1
811 1072 1
968 1142 1
239 632 1
252 647 1
316 719 1
82 377 1
23 201 1
626 968 1
106 428 1
789 1061 1
13 151 0.139073
480 866 1
930 1126 1
302 704 1
862 1096 1
345 748 1
731 1030 1
984 1148 1
11 139 1
901 1113 1
663 991 1
373 775 1
430 825 1
410 808 1
473 861 1
214 600 1
691 1008 1
445 838 1
69 347 1
13 151 1
39 262 1
762 1047 1
227 616 1
242 635 1
404 803 1
879 1104 1
732 1031 1
251 646 1
586 942 1
501 882 1
522 898 1
73 356 1
535 907 1
542 912 1
380 781 1
833 1082 1
464 853 1
984 1148 1
415 813 1
696 1010 1
533 906 1
703 1014 1
5 94 1
870 1100 1
704 1015 1
558 923 1
730 1030 1
916 1120 1
726 1027 1
607 956 1
257 653 1
253 649 1
380 781 1
949 1134 1
195 574 1
56 313 1
570 932 1
385 786 1
439 833 1
195 574 1
939 1130 1
746 1038 1
899 1113 1
81 375 1
203 585 1
267 665 1
97 410 1
85 384 1
735 1032 1
640 977 1
330 733 1
332 735 1
608 957 1
256 652 1
198 578 1
335 738 1
359 762 1
404 803 1
417 814 1
230 620 1
650 983 1
598 950 1
696 1010 1
381 782 0.026854
645 980 1
611 959 1
617 963 1
42 271 1
162 525 1
265 663 1
806 1069 1
204 586 1
881 1105 1
73 356 1
794 1063 1
245 639 1
791 1062 1
941 1131 1
441 835 1
649 983 1
795 1064 1
610 958 1
780 1056 1
564 928 1
68 344 1
175 545 1
315 718 1
160 522 1
588 944 1
692 1008 1
832 1082 1
340 743 1
231 622 1
459 849 1
434 829 1
541 911 1
188 564 1
578 937 1
975 1144 1
320 723 1
962 1139 1
719 1023 1
296 698 1
85 384 1
908 1117 1
970 1142 1
752 1041 1
814 1073 1
901 1113 1
694 1009 1
933 1127 1
669 995 1
908 1117 1
319 722 1
205 588 1
937 1129 1
913 1119 1
988 1150 1
146 500 1
97 410 1
173 542 1
110 436 1
470 858 1
494 877 1
462 852 1
319 722 1
255 651 1
541 911 1
584 941 1
964 1140 1
51 299 1
50 296 1
636 975 1
795 1064 1
565 928 1
166 531 1
148 503 1
469 857 1
526 901 1
482 868 1
900 1113 1
956 1137 1
68 344 1
33 241 1
27 218 1
53 304 1
717 1022 1
281 681 1
399 799 1
87 388 1
756 1044 1
306 708 1
828 1080 1
162 525 1
59 321 1
797 1065 1
845 1088 1
17 173 1
7 111 1
981 1147 1
465 854 1
408 807 1
279 679 1
305 707 1
31 233 1
93 401 1
933 1127 1
207 590 1
913 1119 1
658 988 1
434 829 1
346 749 1
372 774 1
9 126 1
285 685 1
901 1113 1
598 950 1
966 1141 1
957 1137 1
694 1009 1
447 840 1
945 1132 1
114 443 1
371 773 1
904 1115 1
81 375 1
319 722 1
671 996 1
766 1049 1
993 1151 1
618 963 1
941 1131 1
895 1111 1
125 463 1
642 978 1
851 1091 1
43 274 1
846 1088 1
64 334 1
465 854 1
164 528 1
922 1123 1
710 1018 1
655 986 1
886 1107 1
324 727 1
554 921 1
554 921 1
175 545 1
633 973 1
747 1039 1
422 819 1
607 956 1
128 469 1
578 937 1
876 1102 1
961 1139 1
985 1148 1
467 856 1
310 713 1
192 570 1
199 579 1
249 644 1
342 745 1
378 780 1
37 255 1
196 575 1
90 395 1
688 1006 1
36 251 1
910 1117 1
722 1025 1
179 551 1
683 1003 1
977 1145 1
232 623 1
616 962 1
117 449 1
218 605 1
798 1065 1
100 416 1
286 687 1
665 992 1
259 656 1
593 947 1
102 420 1
894 1110 1
950 1134 1
599 951 1
268 666 1
797 1065 1
369 771 1
979 1146 1
459 849 1
778 1055 1
102 420 1
298 700 1
640 977 1
741 1036 1
365 767 1
438 832 1
305 707 1
863 1096 1
996 1153 1
552 919 1
711 1019 1
475 862 1
868 1099 1
235 627 1
740 1035 1
405 804 1
755 1043 1
591 946 1
85 384 1
686 1005 1
68 344 1
475 862 1
417 814 1
909 1117 1
608 957 1
202 583 1
168 534 1
422 819 1
943 1131 1
695 1010 1
149 504 1
487 871 1
31 233 1
624 967 1
252 647 1
870 1100 1
484 869 1
821 1077 1
595 948 1
284 684 1
629 970 1
385 786 1
444 837 1
660 989 1
757 1044 1
120 454 1
945 1132 1
700 1013 1
327 730 1
599 951 1
935 1128 1
818 1075 1
945 1132 1
927 1125 1
635 974 1
447 840 1
417 814 1
594 948 1
799 1066 1
623 966 1
682 1002 1
100 416 1
141 491 1
423 820 1
512 890 1
354 757 1
122 458 1
517 894 1
743 1037 1
582 940 0.02234
236 628 1
67 342 1
879 1104 1
704 1015 1
532 905 1
12 145 1
819 1076 1
710 1018 1
397 797 1
725 1027 1
220 607 1
420 817 1
930 1126 1
629 970 1
514 892 1
4 84 1
691 1008 1
444 837 1
835 1083 1
608 957 1
432 827 1
55 310 1
698 1012 1
498 880 1
604 954 1
146 500 1
161 524 1
754 1042 1
443 836 1
132 476 1
382 783 1
399 799 1
411 809 0.025958
350 753 1
185 560 1
884 1106 1
110 436 1
51 299 1
604 954 1
189 565 1
574 934 1
641 978 1
825 1078 1
679 1001 1
296 698 1
55 310 1
23 201 1
619 964 1
993 1151 1
348 751 1
637 975 1
970 1142 1
459 849 1
38 258 1
149 504 1
633 973 1
472 860 1
32 237 1
690 1007 1
31 233 1
981 1147 1
401 800 1
25 210 1
42 271 1
64 334 1
660 989 1
467 856 1
237 629 1
683 1003 1
378 780 1
393 793 1
21 192 1
702 1014 1
257 653 1
470 858 1
166 531 1
655 986 1
696 1010 1
761 1046 1
330 733 1
669 995 1
432 827 1
967 1141 1
994 1152 1
96 408 1
532 905 1
572 933 1
978 1146 1
427 823 1
137 484 1
91 397 1
985 1148 1
330 733 1
894 1110 1
665 992 1
390 791 1
548 916 1
685 1004 1
37 255 1
211 596 1
929 1126 1
104 424 1
91 397 1
750 1040 1
420 817 1
292 693 1
188 564 1
595 948 1
201 582 1
856 1093 1
678 1000 1
754 1042 1
80 373 1
718 1023 1
114 443 1
527 901 1
816 1074 1
249 644 1
48 290 1
396 796 1
428 824 1
269 667 1
676 999 1
216 602 1
601 952 1
370 772 1
684 1004 1
171 539 1
997 1153 1
305 707 1
776 1054 1
207 590 1
537 909 1
124 462 1
328 731 1
176 546 1
704 1015 1
722 1025 1
617 963 1
260 657 1
437 831 1
960 1138 1
576 936 1
828 1080 1
944 1132 1
768 1050 1
620 965 1
688 1006 1
689 1006 1
805 1069 1
407 806 1
310 713 1
979 1146 1
493 876 1
382 783 1
4 84 1
202 583 1
837 1084 1
204 586 1
569 931 1
213 598 1
480 866 1
346 749 1
247 641 1
412 810 1
80 373 1
890 1109 1
867 1098 1
602 953 1
867 1098 1
822 1077 1
379 780 1
115 445 1
526 901 1
957 1137 1
742 1036 1
679 1001 1
373 775 1
591 946 1
183 557 1
589 944 1
713 1020 1
707 1017 1
786 1059 1
840 1086 1
263 660 1
39 262 1
581 939 1
709 1018 1
743 1037 1
336 739 1
264 662 1
154 513 1
218 605 1
957 1137 1
325 728 1
568 930 1
691 1008 1
48 290 1
512 890 1
274 673 1
503 884 1
908 1117 1
871 1100 1
619 964 1
948 1133 1
687 1005 1
386 787 1
347 750 1
629 970 1
977 1145 1
860 1095 1
946 1133 1
651 984 1
835 1083 1
927 1125 1
651 984 1
461 851 1
801 1067 1
244 638 1
874 1101 1
505 885 1
56 313 1
88 391 1
294 695 1
880 1104 1
216 602 1
840 1086 1
463 853 1
5 94 1
810 1071 1
957 1137 1
720 1024 1
590 945 1
658 988 1
816 1074 1
910 1117 1
697 1011 1
373 775 1
991 1151 1
878 1103 1
752 1041 1
356 759 1
605 955 1
186 561 1
581 939 1
47 287 1
542 912 1
285 685 1
702 1014 1
179 551 1
151 508 1
562 926 1
169 536 1
932 1127 1
74 359 1
640 977 1
672 996 1
490 874 1
823 1077 1
528 902 1
798 1065 1
376 778 1
92 399 1
533 906 1
744 1037 1
736 1033 1
118 451 1
490 874 1
573 934 1
143 495 1
565 928 1
431 826 1
566 929 1
391 791 1
971 1143 1
364 766 1
302 704 1
991 1151 1
493 876 1
588 944 1
842 1087 1
165 530 1
96 408 1
931 1126 1
529 903 1
820 1076 1
340 743 1
672 996 1
780 1056 1
109 434 1
908 1117 1
155 514 1
999 1154 1
562 926 1
4 84 1
95 406 1
494 877 1
742 1036 1
841 1086 1
881 1105 1
496 878 1
206 589 1
308 710 1
846 1088 1
311 714 1
786 1059 1
7 111 1
424 820 1
982 1147 1
236 628 1
709 1018 1
858 1094 1
521 897 1
575 935 1
406 805 1
663 991 1
608 957 1
768 1050 1
24 205 1
78 368 1
979 1146 1
136 483 1
319 722 1
872 1101 1
22 197 1
784 1058 1
333 736 1
920 1122 1
630 971 1
236 628 1
938 1129 1
57 316 1
523 899 1
504 884 1
812 1072 1
539 910 1
492 875 1
629 970 1
647 981 1
199 579 1
893 1110 1
356 759 1
655 986 1
813 1073 1
379 780 1
401 800 1
369 771 1
796 1064 1
837 1084 1
889 1108 1
173 542 0.038745
162 525 1
405 804 1
748 1039 1
718 1023 1
447 840 1
613 960 1
955 1136 1
719 1023 1
375 777 1
642 978 1
434 829 1
167 533 1
44 278 1
756 1044 1
399 799 1
470 858 1
15 162 1
267 665 1
56 313 1
77 366 1
7 111 1
467 856 1
641 978 1
458 849 1
543 913 1
240 633 1
387 788 1
609 958 1
596 949 1
778 1055 1
85 384 1
371 773 1
925 1124 1
178 549 1
887 1107 1
322 725 1
889 1108 1
3 73 1
345 748 1
514 892 1
379 780 1
833 1082 1
888 1108 1
298 700 1
529 903 1
300 702 1
201 582 1
680 1001 1
992 1151 1
70 349 1
532 905 1
592 946 1
425 821 1
152 509 1
409 807 1
317 720 1
655 986 1
745 1038 1
93 401 1
502 883 1
158 519 1
174 543 1
398 798 1
698 1012 1
181 554 1
402 801 1
58 318 1
332 735 1
724 1026 1
927 1125 1
900 1113 1
463 853 1
422 819 1
579 938 1
471 859 1
145 498 1
392 792 1
588 944 1
920 1122 1
140 490 1
96 408 1
228 618 1
335 738 1
136 483 1
302 704 1
645 980 1
782 1057 1
642 978 1
397 797 1
708 1017 1
760 1046 1
912 1118 1
450 842 1
794 1063 1
963 1140 1
826 1079 1
412 810 1
374 776 1
918 1121 1
458 849 1
474 861 0.02439
667 994 1
979 1146 1
236 628 1
728 1028 1
88 391 1
173 542 1
358 761 1
33 241 1
915 1120 1
435 830 1
281 681 1
157 517 1
404 803 1
611 959 1
45 281 1
221 609 1
328 731 1
583 940 1
448 840 1
930 1126 1
931 1126 1
787 1060 1
488 872 1
449 841 1
308 710 1
828 1080 1
212 597 1
873 1101 1
236 628 1
130 472 1
886 1107 1
514 892 1
183 557 1
254 650 1
347 750 1
743 1037 1
368 770 1
860 1095 1
576 936 1
133 478 1
185 560 1
306 708 1
679 1001 1
321 724 1
288 689 1
87 388 1
1000 1154 1
469 857 1
923 1123 1
932 1127 1
264 662 1
324 727 1
733 1031 1
477 864 1
572 933 1
945 1132 1
253 649 1
33 241 1
662 991 1
859 1095 1
830 1081 1
541 911 1
327 730 1
260 657 1
329 732 1
165 530 1
747 1039 1
188 564 1
756 1044 1
411 809 1
391 791 1
802 1067 1
622 966 1
477 864 1
262 659 1
227 616 1
24 205 1
650 983 1
351 754 1
792 1062 1
45 281 1
565 928 1
352 755 0.027815
660 989 1
290 691 1
936 1128 1
678 1000 1
267 665 1
550 918 1
658 988 1
354 757 1
940 1130 1
818 1075 1
161 524 1
397 797 1
616 962 1
522 898 1
288 689 1
563 927 1
960 1138 1
874 1101 1
482 868 1
628 970 1
114 443 1
394 794 1
964 1140 1
6 103 1
51 299 1
666 993 1
782 1057 1
196 575 1
534 906 1
493 876 1
714 1021 1
441 835 1
499 881 0.023837
882 1105 1
451 843 1
165 530 1
208 592 1
526 901 1
23 201 1
926 1124 1
508 887 1
306 708 1
805 1069 1
664 992 1
686 1005 1
371 773 1
80 373 1
989 1150 1
114 443 1
636 975 1
881 1105 1
237 629 1
187 562 1
501 882 1
976 1145 1
263 660 1
697 1011 0.020772
383 784 1
363 766 1
525 900 1
805 1069 1
878 1103 1
196 575 1
124 462 1
856 1093 1
869 1099 1
159 520 1
649 983 1
863 1096 1
612 959 1
265 663 1
324 727 1
425 821 1
901 1113 1
362 765 1
680 1001 1
934 1128 1
978 1146 1
67 342 1
784 1058 1
537 909 1
913 1119 1
96 408 1
996 1153 1
543 913 1
871 1100 1
831 1081 1
521 897 1
70 349 0.060172
440 834 1
335 738 1
476 863 1
862 1096 1
725 1027 1
761 1046 1
815 1074 1
499 881 0.023837
411 809 1
842 1087 1
802 1067 1
848 1089 1
546 915 1
710 1018 1
363 766 1
348 751 1
747 1039 1
150 506 1
613 960 1
481 867 1
289 690 1
11 139 1
637 975 1
759 1045 1
472 860 1
608 957 1
223 611 1
253 649 1
665 992 1
851 1091 1
77 366 1
792 1062 1
35 248 1
283 683 1
360 763 1
450 842 1
747 1039 1
771 1051 1
572 933 1
691 1008 1
157 517 1
237 629 1
824 1078 1
907 1116 1
535 907 1
576 936 1
99 414 1
70 349 1
468 857 1
10 133 1
160 522 1
789 1061 1
919 1121 1
270 669 1
490 874 1
555 921 1
827 1079 1
535 907 1
768 1050 1
877 1103 1
362 765 1
562 926 1
562 926 1
249 644 1
594 948 1
216 602 1
385 786 1
943 1131 1
904 1115 1
961 1139 1
226 615 1
723 1026 1
305 707 1
545 914 1
235 627 1
840 1086 1
44 278 1
574 934 1
868 1099 1
493 876 1
321 724 1
951 1135 1
887 1107 1
436 831 1
28 222 1
550 918 1
137 484 1
117 449 1
290 691 1
71 352 1
734 1032 1
87 388 1
481 867 1
950 1134 1
327 730 0.028767
887 1107 1
836 1084 1
724 1026 1
751 1041 1
927 1125 1
661 990 1
995 1152 1
377 779 1
528 902 1
65 337 1
317 720 1
172 540 1
863 1096 1
79 371 1
672 996 1
239 632 1
859 1095 1
368 770 1
300 702 1
84 382 1
564 928 1
624 967 1
682 1002 1
16 168 1
246 640 1
291 692 1
710 1018 0.020629
697 1011 1
483 868 1
440 834 1
246 640 1
966 1141 1
28 222 1
649 983 1
297 699 1
714 1021 1
513 891 1
521 897 1
409 807 1
761 1046 1
931 1126 0.01865
428 824 1
144 496 1
537 909 1
192 570 1
745 1038 1
342 745 1
762 1047 1
951 1135 1
107 430 1
529 903 1
926 1124 1
887 1107 1
19 183 1
250 645 1
633 973 1
340 743 1
375 777 1
454 845 1
961 1139 1
338 741 1
614 961 1
650 983 1
814 1073 1
343 746 1
873 1101 1
486 871 0.02411
747 1039 1
629 970 1
699 1012 1
283 683 1
659 989 1
797 1065 1
970 1142 1
612 959 1
884 1106 1
228 618 1
115 445 1
384 785 1
807 1070 1
89 393 1
113 441 1
638 976 1
741 1036 1
316 719 1
789 1061 1
198 578 1
883 1106 1
713 1020 1
287 688 1
566 929 1
598 950 1
530 904 1
203 585 1
947 1133 1
295 696 1
544 914 1
757 1044 1
507 887 1
128 469 1
627 969 1
301 703 1
65 337 1
733 1031 1
204 586 1
395 795 1
272 671 1
148 503 1
778 1055 1
604 954 1
350 753 1
244 638 1
865 1097 1
489 873 1
747 1039 1
465 854 1
436 831 1
223 611 1
575 935 1
238 630 1
811 1072 1
729 1029 1
598 950 1
529 903 0.023256
581 939 1
824 1078 1
455 846 1
546 915 1
279 679 1
211 596 1
288 689 1
227 616 0.034091
99 414 1
54 307 1
11 139 1
433 828 1
666 993 1
103 422 1
12 145 1
185 560 1
249 644 1
315 718 1
601 952 1
587 943 1
199 579 1
101 418 1
304 706 1
674 998 1
957 1137 1
104 424 1
75 361 1
602 953 1
356 759 1
95 406 1
327 730 1
328 731 1
354 757 1
955 1136 1
711 1019 1
989 1150 1
53 304 1
388 789 1
781 1057 1
971 1143 1
845 1088 1
14 157 1
594 948 1
837 1084 1
534 906 1
22 197 1
505 885 1
499 881 1
811 1072 1
890 1109 1
791 1062 1
315 718 1
772 1052 1
492 875 1
261 658 1
457 848 1
72 354 1
519 896 1
500 881 1
79 371 1
683 1003 1
992 1151 1
951 1135 1
301 703 1
209 593 1
246 640 1
652 984 1
490 874 1
648 982 1
873 1101 1
891 1109 1
304 706 1
626 968 1
774 1053 1
765 1048 1
939 1130 1
632 972 1
241 634 1
565 928 1
194 572 1
351 754 1
784 1058 1
866 1098 1
836 1084 1
790 1061 1
479 865 1
699 1012 1
436 831 1
382 783 1
342 745 1
881 1105 1
893 1110 1
56 313 1
444 837 1
151 508 1
294 695 1
938 1129 1
895 1111 1
765 1048 1
287 688 1
762 1047 1
673 997 1
664 992 1
130 472 1
600 952 1
692 1008 1
131 474 1
18 178 1
192 570 1
366 768 1
314 717 1
526 901 1
221 609 1
534 906 1
961 1139 1
934 1128 1
895 1111 1
468 857 1
528 902 1
117 449 1
365 767 1
692 1008 1
113 441 1
981 1147 1
891 1109 1
595 948 1
168 534 1
653 985 1
445 838 1
80 373 1
858 1094 1
790 1061 1
361 764 1
940 1130 1
638 976 1
945 1132 1
609 958 1
338 741 1
398 798 1
42 271 1
126 465 1
39 262 1
302 704 1
792 1062 1
965 1140 1
858 1094 1
980 1146 1
962 1139 1
510 889 1
708 1017 1
294 695 1
970 1142 1
895 1111 1
705 1016 1
150 506 1
846 1088 1
541 911 1
85 384 1
33 241 1
265 663 1
394 794 1
512 890 1
571 932 1
334 737 1
847 1089 1
786 1059 1
260 657 1
605 955 1
380 781 1
782 1057 1
773 1052 1
275 674 1
562 926 1
59 321 1
315 718 1
886 1107 1
184 558 1
157 517 1
619 964 1
294 695 1
162 525 1
840 1086 1
348 751 1
309 711 1
475 862 1
469 857 1
567 930 1
215 601 1
692 1008 1
987 1149 1
418 815 1
578 937 1
826 1079 1
687 1005 1
376 778 1
39 262 1
123 460 1
531 904 1
410 808 1
135 481 1
689 1006 1
866 1098 1
529 903 1
150 506 1
109 434 1
778 1055 1
320 723 0.029046
482 868 1
900 1113 1
736 1033 1
358 761 1
924 1123 1
421 818 1
319 722 1
234 625 1
309 711 1
985 1148 1
561 925 1
933 1127 1
482 868 1
273 672 1
243 636 1
99 414 1
937 1129 1
331 734 1
269 667 1
321 724 1
153 511 1
341 744 1
991 1151 1
536 908 1
669 995 1
448 840 1
77 366 1
584 941 1
345 748 1
862 1096 1
348 751 1
333 736 1
411 809 1
843 1087 1
474 861 1
829 1080 1
923 1123 1
983 1148 1
441 835 1
224 613 1
594 948 1
337 740 1
915 1120 1
438 832 1
126 465 1
381 782 1
783 1058 1
628 970 1
308 710 1
31 233 1
570 932 1
446 839 1
380 781 1
149 504 1
847 1089 1
518 895 1
737 1033 1
577 936 1
639 976 1
891 1109 1
134 479 1
140 490 1
993 1151 1
546 915 1
609 958 1
580 938 1
227 616 1
873 1101 1
506 886 1
838 1085 1
294 695 1
990 1150 1
845 1088 1
451 843 1
429 825 1
147 501 1
627 969 1
415 813 1
246 640 1
269 667 1
149 504 1
37 255 1
647 981 1
352 755 1
753 1042 1
204 586 1
921 1122 1
868 1099 1
730 1030 1
28 222 1
512 890 1
843 1087 1
43 274 1
321 724 1
433 828 1
832 1082 1
380 781 1
439 833 1
618 963 1
24 205 0.102439
547 916 1
427 823 1
550 918 1
260 657 1
500 881 1
736 1033 1
766 1049 1
509 888 1
529 903 1
423 820 1
455 846 1
494 877 1
66 339 1
253 649 1
66 339 1
494 877 1
430 825 1
296 698 1
559 924 1
770 1051 1
711 1019 1
778 1055 1
953 1136 1
886 1107 0.01897
378 780 1
452 844 1
924 1123 1
581 939 1
868 1099 1
60 324 1
26 214 1
508 887 1
885 1106 0.018987
391 791 1
353 756 1
611 959 1
192 570 1
182 555 1
21 192 1
779 1056 1
417 814 1
765 1048 1
972 1143 1
152 509 1
397 797 1
255 651 1
477 864 1
631 972 1
397 797 1
395 795 1
80 373 1
105 426 1
602 953 1
673 997 1
96 408 1
54 307 1
298 700 1
909 1117 1
211 596 1
387 788 1
385 786 1
787 1060 1
840 1086 1
844 1088 1
73 356 1
248 643 1
879 1104 1
409 807 1
34 244 1
783 1058 1
468 857 1
245 639 1
449 841 1
929 1126 1
908 1117 1
377 779 1
749 1040 1
675 998 1
439 833 1
837 1084 1
789 1061 1
540 911 1
444 837 1
312 715 1
275 674 1
11 139 1
343 746 1
994 1152 1
515 893 1
780 1056 1
149 504 1
56 313 1
820 1076 1
156 516 1
869 1099 1
16 168 1
677 999 1
216 602 1
753 1042 1
24 205 1
409 807 1
986 1149 1
635 974 1
235 627 1
867 1098 1
427 823 1
136 483 1
643 979 1
50 296 1
905 1115 1
983 1148 1
471 859 1
414 812 1
58 318 1
771 1051 1
702 1014 1
560 925 0.022703
447 840 1
356 759 1
786 1059 1
901 1113 1
810 1071 1
666 993 1
822 1077 1
139 488 1
351 754 1
538 909 1
200 581 1
682 1002 1
766 1049 1
373 775 1
535 907 1
196 575 1
695 1010 0.020792
224 613 1
573 934 1
758 1045 1
84 382 1
982 1147 1
549 917 1
972 1143 1
954 1136 1
159 520 1
477 864 1
904 1115 1
695 1010 1
181 554 1
981 1147 1
466 855 1
101 418 1
385 786 1
854 1092 1
416 814 1
141 491 1
969 1142 1
532 905 1
512 890 1
925 1124 1
109 434 1
812 1072 1
321 724 1
322 725 1
565 928 1
934 1128 1
93 401 1
254 650 1
780 1056 1
947 1133 1
330 733 1
346 749 1
672 996 1
935 1128 1
803 1068 1
620 965 1
823 1077 1
424 820 1
411 809 1
594 948 1
490 874 1
140 490 1
10 133 1
349 752 1
677 999 1
439 833 1
429 825 1
847 1089 1
93 401 1
922 1123 1
394 794 1
372 774 1
8 119 1
412 810 0.025926
57 316 1
236 628 1
784 1058 1
901 1113 1
900 1113 1
215 601 1
24 205 1
949 1134 1
855 1093 1
215 601 1
84 382 1
905 1115 1
696 1010 1
937 1129 1
357 760 1
566 929 1
935 1128 1
956 1137 1
578 937 1
859 1095 1
15 162 1
343 746 1
680 1001 1
443 836 1
522 898 1
551 919 1
459 849 1
448 840 1
529 903 1
86 386 1
866 1098 1
929 1126 1
481 867 1
68 344 1
478 865 1
180 552 1
719 1023 1
850 1090 1
986 1149 1
620 965 1
765 1048 1
322 725 1
132 476 1
763 1047 1
9 126 1
464 853 1
826 1079 1
880 1104 1
492 875 1
491 875 1
614 961 1
819 1076 1
656 987 1
740 1035 1
986 1149 1
379 780 1
401 800 1
668 994 1
660 989 1
974 1144 1
453 845 1
346 749 1
723 1026 1
977 1145 1
883 1106 1
331 734 1
823 1077 1
531 904 1
775 1053 1
743 1037 1
284 684 1
254 650 1
476 863 1
683 1003 1
935 1128 1
862 1096 1
736 1033 1
849 1090 1
743 1037 1
543 913 1
323 726 1
256 652 1
781 1057 0.019868
274 673 1
847 1089 1
282 682 1
243 636 1
448 840 1
705 1016 1
264 662 1
144 496 1
429 825 1
670 995 1
800 1066 1
603 954 1
670 995 1
615 961 1
295 696 1
667 994 1
283 683 1
85 384 1
831 1081 1
77 366 1
829 1080 1
604 954 1
250 645 1
725 1027 1
360 763 1
75 361 1
708 1017 1
282 682 1
82 377 1
122 458 1
988 1150 1
142 493 1
954 1136 1
955 1136 1
467 856 1
92 399 1
953 1136 1
850 1090 0.019266
762 1047 1
576 936 1
75 361 1
684 1004 1
392 792 1
778 1055 1
759 1045 1
779 1056 1
266 664 1
738 1034 1
458 849 1
743 1037 1
817 1075 1
349 752 1
40 265 1
614 961 1
543 913 1
846 1088 1
603 954 1
276 675 1
9 126 1
117 449 1
145 498 1
891 1109 1
406 805 1
491 875 1
49 293 1
956 1137 1
541 911 1
491 875 1
446 839 1
372 774 1
387 788 1
995 1152 1
586 942 1
704 1015 1
498 880 1
576 936 1
860 1095 1
184 558 1
99 414 1
357 760 1
98 412 1
183 557 1
628 970 1
212 597 1
735 1032 1
560 925 1
82 377 1
242 635 1
53 304 1
442 836 1
16 168 1
975 1144 1
716 1022 1
933 1127 1
21 192 1
331 734 1
937 1129 1
739 1034 1
698 1012 1
130 472 1
783 1058 1
183 557 1
641 978 1
296 698 1
137 484 0.043388
440 834 1
791 1062 1
526 901 1
237 629 1
799 1066 1
522 898 1
466 855 1
674 998 1
524 899 1
474 861 1
658 988 1
890 1109 1
268 666 1
731 1030 1
170 537 1
440 834 1
789 1061 1
962 1139 1
592 946 1
355 758 1
176 546 1
267 665 1
14 157 1
105 426 1
966 1141 1
897 1112 1
984 1148 1
684 1004 1
91 397 1
517 894 1
569 931 1
712 1020 1
638 976 1
901 1113 1
522 898 1
90 395 1
526 901 1
607 956 1
987 1149 1
770 1051 1
414 812 1
418 815 1
631 972 1
569 931 1
193 571 1
419 816 1
564 928 1
571 932 1
686 1005 1
461 851 1
984 1148 1
758 1045 1
348 751 1
535 907 0.023153
437 831 1
937 1129 1
671 996 1
938 1129 1
197 577 1
669 995 1
993 1151 1
912 1118 1
749 1040 1
375 777 1
161 524 1
54 307 1
966 1141 1
219 606 1
895 1111 1
378 780 1
559 924 1
434 829 1
501 882 1
148 503 1
308 710 1
668 994 1
423 820 1
193 571 1
282 682 1
6 103 1
435 830 1
307 709 1
39 262 1
357 760 1
178 549 1
778 1055 1
54 307 1
817 1075 1
940 1130 1
405 804 1
465 854 1
443 836 1
103 422 1
9 126 1
893 1110 1
342 745 1
881 1105 1
904 1115 1
993 1151 1
785 1059 1
657 988 1
755 1043 1
70 349 1
978 1146 1
97 410 1
249 644 1
343 746 1
700 1013 1
774 1053 1
876 1102 1
586 942 1
642 978 1
438 832 1
411 809 1
262 659 1
297 699 1
40 265 1
666 993 1
403 802 1
793 1063 1
871 1100 1
563 927 1
740 1035 1
948 1133 1
679 1001 1
112 439 1
487 871 1
77 366 1
998 1153 1
701 1013 1
787 1060 1
90 395 1
244 638 1
282 682 1
280 680 1
154 513 1
234 625 0.0336
679 1001 1
626 968 1
415 813 1
206 589 1
598 950 1
974 1144 1
613 960 1
797 1065 1
69 347 1
779 1056 1
81 375 1
631 972 1
776 1054 1
642 978 1
506 886 1
599 951 1
178 549 1
494 877 1
282 682 1
480 866 1
557 923 1
956 1137 1
597 950 1
456 847 1
300 702 1
44 278 1
984 1148 1
248 643 1
712 1020 1
469 857 1
891 1109 1
393 793 1
224 613 1
756 1044 1
471 859 1
152 509 1
214 600 1
669 995 1
296 698 1
602 953 1
841 1086 1
376 778 1
260 657 1
144 496 1
517 894 1
549 917 1
674 998 1
20 188 1
892 1110 0.018919
544 914 1
980 1146 1
906 1116 1
424 820 1
909 1117 1
388 789 1
327 730 1
93 401 1
404 803 1
706 1016 1
701 1013 1
387 788 1
942 1131 1
123 460 1
84 382 1
498 880 1
565 928 1
411 809 1
402 801 1
125 463 1
791 1062 1
796 1064 1
524 899 1
879 1104 1
916 1120 1
908 1117 1
818 1075 1
136 483 1
235 627 1
499 881 1
590 945 1
863 1096 1
192 570 1
345 748 1
341 744 1
569 931 1
1 42 1
540 911 1
164 528 1
905 1115 1
683 1003 1
112 439 1
379 780 1
413 811 1
793 1063 1
820 1076 1
757 1044 1
223 611 1
773 1052 1
915 1120 1
262 659 1
465 854 1
269 667 1
120 454 1
811 1072 1
631 972 1
903 1114 1
184 558 1
829 1080 1
232 623 1
612 959 1
28 222 1
277 677 1
317 720 1
176 546 1
564 928 1
465 854 1
512 890 1
767 1049 1
428 824 1
557 923 1
446 839 1
946 1133 1
402 801 1
611 959 1
565 928 1
944 1132 1
989 1150 1
611 959 1
702 1014 1
740 1035 1
663 991 1
314 717 1
43 274 1
773 1052 1
28 222 1
359 762 1
402 801 1
81 375 1
576 936 1
777 1054 1
831 1081 1
344 747 1
380 781 1
538 909 1
717 1022 1
631 972 1
610 958 1
70 349 1
646 981 1
609 958 1
76 364 1
204 586 1
334 737 1
799 1066 1
816 1074 1
107 430 1
579 938 1
81 375 1
118 451 1
862 1096 1
327 730 1
187 562 1
295 696 0.030172
696 1010 1
60 324 1
272 671 1
200 581 1
344 747 1
174 543 1
762 1047 1
404 803 1
102 420 1
828 1080 1
431 826 1
533 906 1
443 836 1
79 371 1
621 965 1
132 476 1
197 577 1
945 1132 1
446 839 1
724 1026 1
48 290 1
719 1023 1
644 980 1
890 1109 1
485 870 1
239 632 1
166 531 1
119 453 1
846 1088 1
178 549 1
824 1078 1
916 1120 0.01875
687 1005 1
274 673 1
87 388 1
204 586 1
303 705 1
53 304 1
714 1021 1
477 864 1
228 618 1
128 469 1
634 973 1
535 907 1
74 359 1
380 781 1
170 537 1
890 1109 1
828 1080 1
3 73 1
991 1151 1
604 954 1
225 614 1
483 868 1
904 1115 1
625 968 1
32 237 1
841 1086 1
846 1088 1
184 558 1
755 1043 1
999 1154 1
605 955 1
764 1048 1
863 1096 1
199 579 1
505 885 1
784 1058 1
994 1152 1
910 1117 1
905 1115 1
769 1050 1
380 781 1
617 963 1
991 1151 1
352 755 1
526 901 1
690 1007 1
318 721 1
757 1044 1
501 882 1
971 1143 1
58 318 1
332 735 1
623 966 1
337 740 1
579 938 1
619 964 1
404 803 1
162 525 1
249 644 1
905 1115 1
510 889 1
383 784 1
177 548 1
601 952 1
161 524 1
386 787 1
774 1053 1
708 1017 1
715 1021 1
240 633 1
216 602 1
906 1116 1
28 222 1
240 633 1
608 957 1
209 593 1
887 1107 1
58 318 1
89 393 1
740 1035 1
119 453 1
305 707 1
424 820 1
269 667 1
354 757 1
897 1112 1
821 1077 1
954 1136 1
809 1071 1
632 972 1
111 438 1
659 989 1
77 366 1
512 890 1
251 646 0.032508
961 1139 1
203 585 1
443 836 1
598 950 1
177 548 1
576 936 1
102 420 1
61 326 1
775 1053 1
998 1153 1
334 737 1
108 432 1
75 361 1
605 955 1
117 449 1
555 921 1
46 284 1
146 500 1
645 980 1
370 772 1
677 999 1
138 486 1
611 959 1
958 1138 1
613 960 1
935 1128 1
893 1110 1
393 793 1
605 955 1
466 855 1
172 540 1
941 1131 1
494 877 1
190 567 1
554 921 1
137 484 1
253 649 1
995 1152 1
381 782 1
874 1101 1
720 1024 1
737 1033 1
930 1126 1
243 636 1
708 1017 1
696 1010 1
898 1112 1
741 1036 1
45 281 1
598 950 1
31 233 1
895 1111 1
