1000 412251
756 1056 1
797 997 1
134 334 1
450 750 1
608 808 1
807 1007 1
456 756 1
362 562 1
77 277 1
825 1025 1
989 1189 1
593 793 1
633 833 0.843246
984 1284 1
429 629 1
930 1230 1
316 516 1
760 960 1
889 1089 1
320 520 1
472 672 0.921189
493 693 1
898 1098 1
590 790 1
79 279 0.741981
221 421 1
502 702 1
942 1242 1
528 828 1
335 535 1
51 251 1
582 882 1
898 1098 0.830426
869 1069 1
946 1146 1
643 843 1
215 415 1
397 597 1
29 229 1
114 414 1
754 954 1
556 756 1
920 1120 1
961 1161 1
417 617 1
17 217 1
643 843 1
83 283 1
467 667 1
376 576 1
453 653 1
673 873 1
137 337 1
531 731 1
90 390 1
64 264 1
665 865 1
810 1110 1
678 978 1
57 257 1
662 862 1
404 604 1
112 312 1
340 540 1
817 1017 1
675 875 1
919 1119 1
140 340 1
523 723 1
76 276 1
871 1071 1
909 1109 1
951 1151 1
140 340 1
381 581 1
104 304 1
428 628 1
67 267 0.809917
358 558 1
734 934 1
97 297 1
132 432 1
260 460 1
200 400 1
495 695 1
587 787 1
48 348 1
965 1165 1
706 906 1
525 725 1
208 408 1
396 696 1
592 792 1
595 795 0.715107
530 730 1
541 741 1
791 991 1
934 1134 1
559 759 1
371 571 1
315 515 0.825527
580 780 1
513 713 1
652 852 0.832253
653 853 1
529 729 1
244 444 1
23 223 1
44 244 1
103 303 1
176 376 1
180 480 1
16 216 1
158 358 1
996 1296 1
983 1183 1
737 937 1
723 923 1
212 412 1
429 629 1
588 888 1
829 1029 1
700 900 1
749 949 1
638 838 1
83 283 1
227 427 1
832 1032 1
446 646 1
863 1063 1
601 801 1
169 369 1
294 594 1
445 645 1
736 936 1
198 498 1
307 507 1
36 336 1
61 261 1
620 820 1
592 792 1
947 1147 1
528 828 1
62 262 0.75693
222 522 1
805 1005 1
407 607 1
13 213 1
991 1191 1
277 477 1
887 1087 1
9 209 1
110 310 1
402 702 0.963913
11 211 1
110 310 1
360 660 1
203 403 1
842 1042 1
975 1175 1
173 373 1
828 1128 1
796 996 1
935 1135 1
383 583 1
263 463 1
173 373 1
778 978 1
920 1120 1
651 851 1
985 1185 1
960 1260 1
544 744 1
88 288 1
701 901 1
338 538 1
733 933 1
112 312 1
884 1084 1
595 795 0.79688
665 865 0.82203
272 472 1
231 431 1
551 751 1
799 999 1
860 1060 0.63291
211 411 1
198 498 1
38 238 1
69 269 1
31 231 1
218 418 1
4 204 1
566 766 1
146 346 1
732 1032 1
739 939 1
850 1050 1
105 305 1
690 990 1
718 918 1
760 960 1
22 222 1
844 1044 1
452 652 1
807 1007 1
73 273 1
586 786 1
204 504 1
425 625 1
451 651 1
767 967 1
335 535 1
451 651 1
926 1126 1
345 545 1
617 817 1
331 531 1
654 954 1
917 1117 1
120 420 1
745 945 1
690 990 1
103 303 1
747 947 1
774 1074 1
858 1158 1
632 832 1
883 1083 0.970055
87 287 1
930 1230 1
653 853 1
652 852 1
282 582 1
22 222 1
71 271 1
853 1053 1
455 655 1
604 804 1
205 405 1
635 835 1
143 343 1
884 1084 1
586 786 1
618 918 1
112 312 1
42 342 1
877 1077 1
683 883 1
648 948 1
170 370 1
356 556 1
342 642 1
149 349 1
667 867 1
79 279 1
498 798 1
386 586 1
53 253 1
43 243 1
543 743 1
500 700 1
442 642 1
268 468 1
939 1139 1
209 409 1
920 1120 1
897 1097 1
545 745 1
111 311 1
188 388 1
187 387 1
226 426 1
459 659 0.943197
576 876 1
725 925 1
176 376 1
311 511 1
533 733 1
157 357 1
806 1006 1
97 297 1
313 513 1
825 1025 1
297 497 1
298 498 1
866 1066 1
723 923 1
841 1041 1
996 1296 1
601 801 0.690092
357 557 1
656 856 1
635 835 1
120 420 1
197 397 1
97 297 1
277 477 1
83 283 1
529 729 1
266 466 1
41 241 1
34 234 1
388 588 1
146 346 1
579 779 1
421 621 1
519 719 1
123 323 1
222 522 1
870 1170 1
56 256 1
792 1092 1
88 288 1
914 1114 1
870 1170 1
375 575 1
385 585 1
728 928 1
929 1129 1
184 384 1
67 267 1
359 559 1
678 978 1
925 1125 1
219 419 1
988 1188 1
913 1113 1
607 807 1
382 582 1
497 697 1
298 498 1
382 582 1
820 1020 1
839 1039 1
640 840 1
265 465 1
49 249 1
564 864 1
152 352 1
441 641 1
470 670 1
117 317 1
638 838 1
747 947 1
835 1035 1
669 869 1
649 849 1
514 714 0.941578
600 900 1
267 467 1
555 755 1
248 448 1
767 967 1
72 372 1
535 735 1
165 365 1
300 600 1
974 1174 1
185 385 1
422 622 1
964 1164 1
577 777 1
433 633 1
855 1055 1
265 465 1
337 537 1
87 287 1
401 601 1
683 883 1
702 1002 1
472 672 1
676 876 1
424 624 1
42 342 1
735 935 1
853 1053 1
796 996 0.632636
170 370 1
12 312 1
609 809 1
281 481 1
325 525 1
192 492 1
464 664 1
768 1068 1
539 739 1
726 1026 1
874 1074 1
886 1086 1
294 594 1
460 660 1
149 349 1
8 208 1
124 324 1
7 207 1
348 648 1
494 694 1
602 802 1
714 1014 1
928 1128 1
827 1027 1
466 666 1
351 551 1
179 379 1
882 1182 1
254 454 1
563 763 1
256 456 1
418 618 1
498 798 1
54 354 1
140 340 1
611 811 1
429 629 1
280 480 1
287 487 0.716245
791 991 1
288 588 1
917 1117 1
155 355 1
553 753 1
44 244 1
177 377 1
443 643 1
248 448 1
720 1020 1
189 389 1
13 213 1
628 828 1
825 1025 1
727 927 1
144 444 1
816 1116 1
144 444 1
29 229 0.890892
510 810 1
958 1158 1
7 207 1
602 802 1
611 811 1
621 821 1
947 1147 1
423 623 1
707 907 1
942 1242 1
275 475 1
299 499 1
831 1031 1
282 582 1
918 1218 1
659 859 1
112 312 1
77 277 1
649 849 1
570 870 1
18 318 1
998 1198 1
807 1007 1
761 961 1
890 1090 1
268 468 1
86 286 1
448 648 0.790017
56 256 1
242 442 1
184 384 1
650 850 1
622 822 1
291 491 1
406 606 1
149 349 1
550 750 1
206 406 1
335 535 1
295 495 1
886 1086 1
26 226 1
7 207 1
874 1074 1
999 1199 1
899 1099 1
952 1152 1
864 1164 1
546 846 0.921957
51 251 1
684 984 1
262 462 1
449 649 1
529 729 1
959 1159 1
501 701 1
404 604 1
885 1085 1
905 1105 1
164 364 1
328 528 1
705 905 1
498 798 1
727 927 1
81 281 1
697 897 1
276 576 1
19 219 1
593 793 1
211 411 1
900 1200 1
206 406 1
534 834 1
47 247 1
521 721 1
323 523 1
887 1087 1
192 492 1
699 899 1
836 1036 1
335 535 1
393 593 0.915282
500 700 1
134 334 1
416 616 1
17 217 1
378 678 1
816 1116 1
289 489 0.737306
663 863 1
2 202 1
251 451 1
785 985 0.777068
957 1157 1
790 990 1
498 798 1
376 576 1
208 408 1
56 256 1
275 475 1
196 396 1
558 858 1
252 552 1
853 1053 1
817 1017 0.676799
142 342 1
385 585 1
1000 1200 1
152 352 1
27 227 1
584 784 1
735 935 1
793 993 1
201 401 0.841297
819 1019 1
800 1000 1
688 888 1
862 1062 1
399 599 1
58 258 1
619 819 1
362 562 1
858 1158 1
853 1053 1
529 729 1
310 510 1
981 1181 1
981 1181 1
724 924 1
304 504 0.790013
90 390 1
759 959 1
895 1095 1
173 373 1
870 1170 1
154 354 1
753 953 1
253 453 1
208 408 1
367 567 1
232 432 1
91 291 1
192 492 1
81 281 1
278 478 1
970 1170 1
584 784 1
949 1149 1
127 327 1
696 996 1
862 1062 1
931 1131 1
496 696 1
94 294 1
703 903 1
530 730 1
681 881 1
421 621 1
709 909 1
95 295 1
788 988 0.890326
370 570 1
234 534 1
934 1134 1
715 915 1
810 1110 1
42 342 1
175 375 1
301 501 1
422 622 1
324 624 1
402 702 1
193 393 1
728 928 1
409 609 1
987 1187 1
728 928 1
380 580 1
27 227 1
702 1002 1
967 1167 1
879 1079 1
335 535 1
627 827 1
18 318 1
11 211 1
611 811 1
706 906 1
26 226 1
576 876 1
344 544 1
888 1188 1
663 863 1
100 300 1
192 492 1
1000 1200 1
247 447 1
644 844 1
896 1096 1
955 1155 1
133 333 1
168 468 1
159 359 1
608 808 1
121 321 1
386 586 1
245 445 1
835 1035 1
150 450 1
991 1191 0.901702
348 648 1
418 618 1
878 1078 1
92 292 1
714 1014 0.923186
466 666 1
88 288 1
145 345 1
253 453 1
494 694 0.869268
811 1011 1
489 689 1
845 1045 1
136 336 1
479 679 1
896 1096 1
188 388 0.937632
566 766 1
530 730 1
675 875 1
993 1193 1
13 213 1
553 753 1
307 507 1
624 924 1
889 1089 1
794 994 1
625 825 1
611 811 1
99 299 1
920 1120 1
147 347 1
12 312 1
528 828 1
70 270 1
597 797 1
271 471 1
393 593 1
498 798 1
681 881 1
517 717 1
21 221 1
923 1123 1
463 663 1
707 907 1
151 351 0.83017
204 504 1
628 828 1
719 919 1
470 670 1
254 454 1
95 295 1
51 251 1
711 911 1
89 289 1
807 1007 1
359 559 1
333 533 1
307 507 1
630 930 1
259 459 1
82 282 1
102 402 1
552 852 1
489 689 1
578 778 1
238 438 1
308 508 1
783 983 1
310 510 0.916581
624 924 1
321 521 1
147 347 1
78 378 0.872709
276 576 1
122 322 1
652 852 1
150 450 0.889492
12 312 1
618 918 1
215 415 1
393 593 1
218 418 1
864 1164 1
960 1260 1
817 1017 1
941 1141 1
780 1080 1
956 1156 1
668 868 1
860 1060 1
743 943 1
981 1181 1
319 519 1
624 924 1
351 551 1
85 285 1
823 1023 1
542 742 1
928 1128 1
401 601 1
291 491 1
331 531 0.845034
979 1179 1
831 1031 1
219 419 1
693 893 1
994 1194 1
984 1284 1
883 1083 1
384 684 1
521 721 1
862 1062 1
616 816 1
6 306 1
255 455 1
918 1218 1
449 649 1
45 245 1
514 714 1
671 871 0.819797
575 775 1
509 709 0.797425
214 414 1
777 977 1
445 645 1
719 919 1
526 726 1
263 463 1
800 1000 1
270 570 1
601 801 1
900 1200 1
383 583 1
841 1041 1
22 222 1
905 1105 1
339 539 1
527 727 0.863123
63 263 1
917 1117 1
536 736 1
833 1033 1
481 681 1
435 635 1
226 426 1
866 1066 1
602 802 0.879153
439 639 1
416 616 1
346 546 1
234 534 1
584 784 1
500 700 1
478 678 1
554 754 1
231 431 1
57 257 1
977 1177 1
455 655 1
534 834 1
803 1003 1
751 951 0.992114
7 207 1
82 282 1
402 702 1
468 768 1
786 1086 1
433 633 1
894 1194 0.785115
72 372 1
882 1182 1
4 204 1
883 1083 1
933 1133 1
603 803 1
702 1002 0.893609
167 367 1
671 871 1
971 1171 1
610 810 1
39 239 1
682 882 1
66 366 1
672 972 1
909 1109 1
496 696 1
51 251 1
152 352 1
524 724 0.957445
968 1168 1
777 977 1
372 672 1
873 1073 1
783 983 1
2 202 1
898 1098 1
860 1060 1
306 606 1
351 551 1
680 880 1
548 748 1
305 505 1
297 497 1
286 486 1
310 510 1
526 726 0.605471
165 365 1
271 471 1
679 879 1
915 1115 1
784 984 1
511 711 1
364 564 1
647 847 1
628 828 1
549 749 1
921 1121 1
169 369 1
657 857 1
474 774 1
862 1062 1
411 611 1
588 888 1
512 712 1
451 651 1
432 732 1
890 1090 1
620 820 1
285 485 1
493 693 1
173 373 1
12 312 1
438 738 1
475 675 1
38 238 1
945 1145 1
88 288 1
867 1067 1
568 768 1
982 1182 1
58 258 1
504 804 1
667 867 1
6 306 1
353 553 1
888 1188 1
702 1002 1
721 921 1
736 936 1
851 1051 1
28 228 1
375 575 1
232 432 1
266 466 1
24 324 0.75996
395 595 1
591 791 1
632 832 1
128 328 1
441 641 1
621 821 1
724 924 1
332 532 1
199 399 1
474 774 1
957 1157 1
615 815 1
583 783 1
33 233 1
764 964 1
189 389 1
523 723 1
976 1176 1
573 773 1
899 1099 1
95 295 1
677 877 1
789 989 1
410 610 1
91 291 1
394 594 1
189 389 1
884 1084 1
702 1002 1
177 377 1
141 341 1
925 1125 1
699 899 1
447 647 1
49 249 1
530 730 1
631 831 1
77 277 1
279 479 1
805 1005 1
136 336 1
490 690 1
134 334 1
734 934 1
103 303 1
850 1050 1
793 993 1
739 939 1
238 438 1
121 321 1
745 945 1
672 972 1
419 619 1
784 984 1
6 306 1
471 671 1
91 291 1
23 223 1
462 762 0.938724
874 1074 1
207 407 1
944 1144 1
908 1108 1
355 555 1
849 1049 1
898 1098 1
322 522 1
394 594 1
799 999 1
291 491 1
478 678 1
422 622 1
79 279 1
124 324 1
320 520 1
74 274 0.917818
49 249 1
961 1161 1
314 514 1
242 442 1
792 1092 1
934 1134 1
598 798 1
483 683 1
192 492 1
170 370 1
971 1171 1
29 229 1
73 273 1
887 1087 1
424 624 1
812 1012 1
210 510 1
311 511 1
879 1079 1
34 234 1
486 786 1
264 564 0.873824
