5000 2487472
431 432 1
971 972 1
249 249 1
201 201 1
258 258 1
22 24 1
938 939 1
800 801 0.843246
775 777 1
911 912 0.921189
152 153 1
672 672 1
748 750 1
47 48 1
808 810 1
385 387 1
7 9 1
823 825 1
731 732 1
118 120 0.741981
586 588 1
916 918 1
517 519 1
429 429 1
418 420 1
91 93 1
737 738 1
644 645 1
147 147 1
989 990 1
758 759 1
317 318 1
253 255 1
324 324 1
140 141 1
218 219 1
874 876 1
28 30 0.830426
639 639 1
320 321 0.809917
13 15 1
106 108 1
834 834 0.715107
64 66 0.825527
715 717 0.832253
904 906 1
965 966 1
289 291 1
293 294 1
270 270 1
400 402 1
167 168 1
740 741 1
826 828 1
805 807 1
847 849 0.75693
779 780 1
945 945 1
977 978 1
336 336 0.963913
393 393 1
731 732 0.79688
266 267 0.82203
34 36 1
131 132 1
122 123 1
786 786 1
874 876 0.63291
485 486 0.970055
226 228 1
642 642 0.943197
236 237 1
210 210 1
234 234 1
855 855 1
95 96 1
391 393 1
482 483 0.690092
369 369 1
276 276 1
300 300 0.941578
771 771 1
270 270 1
191 192 1
834 834 1
577 579 1
603 603 1
676 678 1
981 981 1
835 837 1
27 27 1
210 210 1
442 444 1
945 945 1
869 870 1
99 99 1
826 828 1
749 750 0.632636
689 690 1
497 498 0.716245
693 693 1
2 3 0.890892
755 756 1
682 684 1
448 450 1
120 120 1
999 999 0.790017
573 573 1
527 528 1
957 957 0.921957
458 459 1
843 843 1
194 195 1
940 942 1
559 561 0.915282
102 102 1
404 405 1
650 651 1
807 807 0.737306
516 516 1
974 975 1
627 627 0.777068
287 288 1
452 453 1
224 225 1
193 195 1
149 150 1
127 129 0.676799
848 849 1
381 381 0.841297
939 939 1
280 282 1
369 369 1
483 483 1
98 99 1
452 453 1
621 621 1
354 354 1
80 81 1
970 972 1
531 531 0.790013
361 363 1
562 564 1
772 774 1
337 339 0.890326
619 621 1
186 186 1
20 21 1
513 513 1
147 147 0.901702
177 177 1
975 975 1
184 186 1
696 696 0.923186
997 999 0.869268
93 93 1
202 204 1
138 138 1
820 822 1
902 903 1
479 480 1
50 51 1
639 639 1
518 519 0.937632
601 603 1
206 207 1
232 234 1
657 657 1
835 837 1
450 450 1
163 165 1
919 921 1
251 252 1
687 687 1
512 513 1
521 522 1
752 753 0.83017
631 633 1
367 369 1
673 675 1
620 621 1
214 216 1
330 330 1
310 312 1
762 762 0.916581
762 762 1
670 672 1
893 894 1
208 210 1
924 924 1
257 258 1
344 345 1
230 231 0.872709
805 807 0.889492
789 789 1
930 930 1
661 663 0.845034
577 579 1
123 123 1
881 882 1
113 114 1
366 366 1
169 171 1
379 381 0.819797
671 672 1
69 69 1
284 285 1
512 513 1
807 807 1
160 162 1
654 654 0.797425
230 231 0.863123
586 588 1
362 363 1
752 753 1
567 567 0.879153
940 942 1
650 651 0.992114
448 450 1
796 798 1
594 594 1
647 648 1
76 78 0.785115
317 318 1
853 855 1
300 300 1
245 246 1
542 543 0.893609
941 942 1
717 717 1
749 750 1
724 726 0.957445
855 855 1
896 897 1
264 264 0.605471
717 717 1
55 57 1
717 717 1
326 327 1
995 996 1
566 567 1
390 390 1
647 648 1
577 579 1
372 372 1
303 303 1
325 327 0.75996
644 645 1
110 111 1
590 591 1
197 198 1
930 930 1
353 354 1
203 204 1
493 495 1
942 942 1
868 870 1
785 786 1
183 183 1
713 714 1
634 636 0.938724
803 804 0.917818
884 885 0.873824
74 75 1
373 375 1
311 312 0.723872
890 891 1
407 408 1
636 636 1
566 567 1
782 783 1
401 402 1
885 885 0.946951
353 354 1
266 267 0.791146
460 462 1
283 285 1
213 213 1
456 456 1
659 660 1
56 57 0.776326
920 921 0.746151
908 909 1
296 297 0.817446
979 981 1
345 345 1
133 135 1
113 114 0.937745
804 804 1
163 165 1
475 477 1
140 141 1
138 138 1
970 972 1
346 348 0.847476
827 828 1
987 987 0.674555
867 867 1
438 438 1
168 168 0.887673
524 525 1
32 33 1
405 405 1
490 492 1
292 294 1
42 42 0.899197
583 585 1
45 45 0.916878
69 69 1
36 36 1
777 777 1
190 192 1
507 507 1
798 798 1
557 558 1
180 180 1
418 420 1
591 591 0.633618
154 156 1
400 402 0.837996
899 900 1
210 210 1
626 627 1
877 879 1
383 384 1
889 891 1
86 87 1
688 690 1
274 276 0.821032
36 36 1
748 750 1
896 897 1
521 522 1
251 252 0.767186
137 138 1
182 183 1
372 372 1
487 489 1
215 216 1
942 942 1
60 60 1
517 519 1
456 456 1
412 414 1
837 837 0.914055
842 843 1
224 225 0.897964
80 81 1
861 861 1
815 816 1
646 648 1
330 330 0.89207
58 60 1
110 111 1
435 435 0.729308
53 54 0.965265
592 594 0.913634
850 852 1
16 18 0.862669
359 360 1
984 984 1
483 483 0.527196
852 852 0.89082
687 687 1
610 612 0.80839
543 543 0.725142
204 204 1
174 174 1
651 651 0.775445
994 996 1
441 441 1
478 480 1
791 792 1
734 735 0.742697
69 69 1
565 567 0.940553
856 858 1
203 204 0.659046
237 237 0.900544
587 588 1
756 756 1
384 384 0.755363
815 816 0.79512
815 816 1
602 603 1
791 792 1
997 999 1
125 126 1
133 135 1
804 804 1
985 987 1
522 522 1
471 471 1
414 414 0.786718
462 462 1
478 480 0.775512
239 240 1
884 885 1
629 630 1
296 297 0.90542
163 165 1
393 393 0.981048
660 660 0.660497
301 303 1
254 255 1
313 315 0.769367
32 33 1
274 276 1
682 684 1
433 435 1
172 174 1
484 486 1
839 840 1
514 516 1
911 912 1
967 969 1
522 522 1
637 639 1
194 195 1
355 357 1
574 576 0.963382
623 624 1
719 720 1
552 552 0.964257
894 894 1
791 792 1
427 429 0.946743
651 651 1
936 936 1
899 900 1
91 93 1
550 552 1
267 267 1
454 456 1
690 690 1
131 132 1
1 3 1
780 780 0.93518
409 411 1
777 777 1
541 543 1
796 798 1
6 6 0.773129
461 462 1
614 615 1
885 885 1
997 999 1
938 939 0.845254
762 762 1
761 762 1
625 627 1
953 954 1
187 189 1
972 972 1
627 627 1
913 915 1
357 357 1
500 501 1
801 801 1
856 858 1
173 174 1
747 747 1
920 921 0.928357
751 753 1
683 684 1
608 609 1
506 507 1
537 537 1
624 624 0.825986
249 249 1
409 411 1
779 780 1
40 42 0.898749
196 198 1
697 699 1
382 384 1
561 561 0.69957
929 930 1
937 939 0.849219
320 321 1
114 114 0.631751
425 426 0.828802
866 867 1
726 726 1
940 942 1
441 441 1
214 216 1
813 813 1
588 588 0.896364
39 39 1
722 723 1
83 84 0.921851
102 102 1
699 699 1
884 885 1
34 36 0.96347
731 732 0.832694
943 945 0.830952
196 198 1
157 159 1
387 387 0.569503
895 897 1
719 720 1
505 507 1
619 621 1
370 372 1
575 576 1
525 525 1
440 441 1
214 216 1
51 51 1
809 810 0.824572
210 210 1
847 849 1
525 525 1
690 690 0.932166
178 180 0.733822
840 840 1
167 168 1
68 69 1
11 12 0.713264
159 159 0.956325
4 6 0.905504
958 960 1
836 837 1
501 501 1
189 189 1
273 273 0.899074
595 597 0.984486
995 996 1
937 939 1
713 714 1
67 69 1
926 927 0.919409
178 180 0.738923
130 132 1
711 711 0.82998
340 342 1
983 984 1
275 276 1
324 324 1
556 558 1
572 573 1
78 78 0.930004
890 891 1
553 555 1
731 732 1
549 549 1
379 381 1
559 561 0.852591
486 486 1
174 174 0.933978
842 843 1
780 780 1
249 249 0.906611
696 696 1
877 879 1
64 66 1
916 918 1
811 813 1
91 93 1
917 918 1
879 879 1
348 348 1
222 222 1
535 537 1
940 942 1
198 198 1
122 123 0.690225
380 381 0.705761
193 195 1
945 945 1
131 132 1
228 228 1
178 180 1
558 558 1
779 780 1
841 843 1
66 66 0.894884
832 834 0.784977
369 369 0.78104
688 690 1
99 99 1
756 756 1
450 450 1
462 462 1
856 858 1
217 219 1
411 411 1
60 60 1
842 843 1
649 651 1
404 405 1
851 852 1
136 138 1
405 405 1
806 807 0.877554
928 930 1
372 372 1
285 285 1
149 150 1
992 993 0.909737
229 231 1
933 933 0.690058
375 375 1
653 654 1
279 279 1
248 249 1
123 123 1
718 720 1
68 69 1
897 897 1
955 957 1
498 498 1
518 519 1
516 516 1
457 459 1
438 438 1
657 657 1
577 579 0.947879
613 615 1
793 795 1
877 879 1
57 57 1
972 972 0.902286
519 519 1
250 252 1
62 63 1
258 258 1
219 219 1
931 933 1
351 351 1
657 657 1
402 402 1
307 309 1
673 675 1
335 336 1
678 678 0.588147
314 315 1
326 327 1
252 252 0.932704
945 945 1
799 801 0.936126
786 786 1
904 906 1
493 495 1
279 279 1
48 48 1
985 987 1
962 963 1
165 165 1
609 609 1
411 411 1
504 504 1
295 297 1
996 996 1
405 405 1
120 120 1
711 711 1
927 927 1
50 51 1
222 222 1
999 999 0.777039
708 708 0.837621
309 309 1
713 714 1
427 429 1
76 78 1
867 867 0.841842
801 801 1
618 618 1
663 663 1
124 126 1
392 393 0.772284
821 822 1
569 570 1
466 468 1
961 963 0.875153
774 774 1
719 720 1
41 42 1
524 525 1
914 915 1
527 528 1
381 381 1
879 879 1
527 528 1
91 93 1
302 303 0.949541
797 798 1
190 192 1
382 384 1
86 87 1
931 933 1
881 882 0.615213
660 660 1
417 417 0.939837
461 462 1
397 399 1
190 192 1
755 756 1
725 726 1
497 498 1
372 372 1
373 375 1
204 204 1
237 237 1
208 210 1
169 171 0.90198
199 201 1
812 813 1
657 657 1
769 771 1
258 258 1
241 243 1
45 45 1
275 276 1
832 834 1
861 861 1
629 630 0.689468
935 936 0.887883
312 312 0.755252
879 879 1
476 477 1
238 240 1
433 435 1
114 114 1
296 297 1
53 54 1
359 360 1
842 843 1
823 825 1
751 753 1
186 186 1
966 966 1
203 204 0.723942
30 30 0.936116
390 390 1
839 840 1
838 840 0.856308
755 756 0.935617
293 294 1
623 624 1
998 999 1
73 75 1
798 798 1
915 915 1
153 153 1
37 39 1
425 426 1
177 177 1
658 660 0.881513
840 840 1
976 978 1
314 315 1
386 387 1
275 276 1
152 153 1
392 393 1
599 600 1
721 723 1
725 726 1
105 105 1
135 135 1
344 345 1
857 858 1
2 3 1
453 453 1
687 687 0.687324
508 510 1
627 627 1
395 396 1
625 627 1
821 822 1
9 9 1
918 918 1
745 747 1
455 456 1
975 975 1
413 414 1
972 972 0.922123
588 588 1
411 411 1
570 570 0.934942
25 27 1
614 615 1
831 831 1
126 126 1
755 756 1
352 354 1
245 246 1
120 120 1
997 999 1
649 651 1
433 435 1
327 327 1
436 438 1
992 993 1
699 699 1
243 243 1
809 810 0.895738
384 384 1
890 891 1
79 81 1
540 540 1
101 102 1
113 114 1
241 243 1
505 507 1
189 189 1
133 135 1
208 210 1
470 471 1
160 162 1
468 468 1
669 669 1
202 204 1
264 264 1
863 864 1
546 546 1
840 840 1
201 201 1
600 600 1
861 861 1
673 675 1
889 891 1
300 300 0.669505
405 405 1
69 69 0.907106
49 51 1
106 108 0.649001
59 60 0.829412
602 603 0.800435
265 267 1
434 435 1
562 564 1
882 882 1
71 72 1
687 687 1
944 945 1
658 660 1
728 729 1
253 255 1
562 564 1
5 6 1
373 375 1
858 858 1
763 765 1
356 357 0.641925
208 210 1
272 273 1
509 510 1
64 66 1
99 99 1
225 225 1
821 822 0.919834
870 870 1
623 624 1
929 930 1
459 459 1
738 738 0.902327
674 675 1
912 912 1
695 696 0.836569
564 564 1
767 768 1
845 846 1
165 165 1
485 486 1
66 66 1
99 99 1
49 51 1
306 306 1
601 603 0.915002
223 225 0.754599
571 573 1
144 144 1
243 243 1
143 144 0.942227
836 837 1
389 390 1
12 12 1
420 420 1
415 417 1
325 327 1
567 567 1
360 360 1
704 705 0.886826
410 411 1
874 876 1
273 273 1
488 489 0.825654
995 996 1
333 333 1
636 636 0.926027
966 966 0.828014
877 879 1
506 507 1
354 354 0.913552
646 648 0.860456
180 180 1
814 816 0.734047
125 126 0.979979
550 552 1
243 243 1
486 486 0.941168
499 501 1
692 693 1
607 609 1
707 708 1
986 987 0.720492
297 297 1
447 447 1
326 327 1
786 786 1
208 210 1
774 774 1
748 750 1
206 207 1
942 942 0.890734
55 57 1
266 267 1
66 66 1
556 558 1
480 480 1
825 825 1
253 255 1
288 288 1
783 783 1
515 516 1
456 456 1
855 855 1
39 39 1
99 99 0.762872
374 375 0.764873
126 126 1
524 525 1
777 777 1
265 267 1
347 348 1
162 162 1
891 891 0.890137
531 531 1
472 474 0.531898
865 867 1
693 693 1
42 42 1
368 369 1
275 276 1
417 417 1
265 267 1
632 633 1
756 756 1
799 801 1
389 390 1
151 153 1
105 105 0.897685
902 903 1
917 918 1
109 111 1
393 393 1
456 456 1
257 258 1
991 993 1
454 456 0.863583
930 930 1
252 252 1
945 945 1
588 588 1
344 345 1
42 42 1
394 396 0.897336
449 450 1
837 837 1
522 522 1
147 147 1
723 723 1
577 579 1
316 318 1
447 447 1
532 534 1
424 426 1
603 603 1
972 972 0.871114
953 954 1
961 963 1
547 549 1
105 105 1
150 150 1
740 741 1
995 996 0.932469
13 15 0.982624
291 291 1
403 405 1
724 726 0.96502
134 135 1
498 498 1
321 321 1
33 33 1
911 912 0.830689
421 423 0.949362
925 927 1
781 783 1
551 552 1
460 462 1
183 183 1
263 264 1
769 771 1
973 975 1
650 651 1
32 33 1
238 240 1
18 18 1
760 762 1
474 474 1
84 84 1
118 120 1
793 795 1
43 45 0.900887
482 483 1
735 735 0.631691
787 789 1
24 24 1
681 681 0.75618
581 582 1
42 42 0.814256
802 804 1
980 981 0.961909
881 882 1
937 939 0.981223
475 477 0.89448
528 528 0.957639
31 33 1
823 825 0.819569
241 243 1
692 693 1
836 837 0.846356
715 717 1
210 210 1
570 570 1
759 759 0.820131
48 48 1
646 648 1
428 429 1
627 627 1
881 882 1
408 408 0.778114
679 681 0.717476
875 876 0.874361
413 414 1
284 285 1
730 732 0.769466
389 390 1
172 174 0.728055
514 516 1
815 816 1
551 552 1
519 519 1
785 786 1
545 546 0.736737
845 846 1
459 459 1
420 420 1
380 381 1
896 897 1
766 768 1
912 912 1
448 450 1
463 465 1
928 930 1
107 108 1
542 543 1
482 483 0.895175
371 372 1
70 72 0.87305
352 354 1
81 81 1
659 660 1
196 198 1
885 885 0.933547
201 201 1
207 207 1
904 906 1
282 282 1
990 990 1
261 261 1
490 492 1
873 873 1
898 900 1
465 465 0.708757
666 666 0.770168
429 429 1
180 180 1
46 48 0.781016
995 996 1
820 822 1
161 162 1
26 27 1
969 969 1
675 675 1
711 711 1
750 750 0.81939
699 699 1
437 438 0.927534
532 534 1
228 228 1
121 123 1
68 69 1
347 348 1
63 63 0.849918
318 318 0.968345
206 207 0.810398
294 294 1
749 750 1
118 120 1
936 936 1
460 462 1
952 954 0.767202
417 417 0.668264
574 576 1
916 918 1
128 129 1
982 984 0.950308
289 291 0.849382
760 762 1
826 828 1
384 384 1
974 975 1
667 669 1
860 861 1
908 909 1
237 237 1
35 36 1
230 231 1
744 744 1
919 921 0.894719
887 888 1
649 651 1
286 288 1
983 984 1
32 33 1
747 747 0.908021
702 702 0.955971
818 819 1
140 141 0.93159
537 537 1
223 225 0.723012
694 696 1
286 288 0.865889
756 756 1
150 150 1
454 456 1
607 609 1
708 708 1
276 276 1
979 981 1
920 921 1
183 183 1
395 396 1
908 909 1
21 21 1
98 99 1
385 387 1
943 945 1
554 555 1
78 78 1
908 909 1
981 981 1
17 18 0.827124
164 165 1
828 828 0.93486
697 699 1
170 171 1
209 210 1
916 918 1
353 354 1
553 555 1
202 204 1
241 243 1
499 501 1
388 390 1
504 504 1
560 561 1
497 498 1
282 282 0.966247
533 534 1
588 588 1
205 207 1
572 573 1
125 126 0.874554
517 519 1
397 399 1
638 639 1
414 414 1
81 81 1
503 504 1
727 729 1
295 297 1
190 192 1
677 678 1
660 660 1
796 798 0.953706
437 438 1
922 924 1
488 489 1
144 144 1
865 867 1
75 75 1
919 921 1
824 825 1
485 486 1
655 657 1
6 6 1
726 726 1
849 849 1
919 921 1
197 198 1
404 405 1
277 279 1
782 783 1
412 414 1
748 750 1
660 660 1
377 378 1
104 105 1
86 87 1
658 660 1
943 945 1
743 744 0.911337
74 75 1
454 456 1
369 369 1
551 552 1
737 738 0.892203
616 618 1
35 36 1
427 429 1
479 480 1
747 747 1
377 378 1
413 414 1
508 510 1
732 732 1
746 747 1
908 909 1
62 63 1
640 642 0.927069
864 864 0.891159
984 984 1
295 297 1
42 42 1
814 816 0.857148
152 153 0.570055
669 669 1
930 930 0.709991
192 192 1
738 738 1
796 798 1
102 102 1
789 789 1
435 435 1
358 360 1
924 924 0.922194
280 282 1
962 963 1
803 804 1
341 342 1
578 579 1
417 417 1
264 264 1
580 582 1
241 243 0.917174
563 564 1
628 630 1
253 255 1
524 525 1
47 48 0.451374
518 519 1
582 582 0.832552
125 126 1
515 516 1
992 993 1
616 618 1
485 486 1
665 666 1
126 126 1
654 654 1
810 810 1
668 669 1
511 513 1
852 852 1
955 957 1
91 93 1
866 867 0.954591
536 537 0.920898
562 564 1
373 375 0.854916
762 762 0.859307
333 333 1
641 642 0.869687
539 540 1
467 468 1
739 741 1
213 213 1
650 651 1
178 180 1
575 576 1
654 654 1
181 183 1
767 768 0.74549
857 858 1
956 957 1
454 456 1
446 447 1
264 264 1
707 708 1
277 279 1
537 537 1
975 975 0.850782
895 897 1
983 984 0.946519
807 807 0.856378
668 669 1
400 402 1
944 945 0.885575
832 834 1
667 669 0.917868
327 327 0.923447
129 129 0.767195
263 264 0.754771
590 591 1
719 720 1
978 978 1
390 390 1
896 897 1
36 36 1
792 792 1
188 189 1
932 933 1
126 126 1
176 177 1
874 876 0.876759
314 315 0.933893
327 327 1
537 537 1
993 993 1
11 12 0.77067
32 33 1
94 96 1
365 366 1
599 600 1
664 666 1
273 273 1
876 876 1
942 942 0.668597
540 540 1
809 810 1
903 903 1
955 957 1
591 591 1
932 933 1
856 858 1
138 138 1
491 492 1
389 390 1
2 3 1
387 387 1
38 39 1
414 414 1
660 660 1
843 843 1
182 183 1
335 336 0.980009
709 711 1
450 450 1
853 855 0.639504
469 471 1
593 594 1
895 897 1
885 885 1
171 171 0.827379
850 852 1
374 375 1
315 315 0.765948
668 669 1
431 432 1
330 330 1
384 384 0.85133
990 990 1
888 888 1
858 858 1
131 132 1
384 384 1
231 231 1
87 87 0.82781
399 399 1
940 942 1
824 825 0.806744
732 732 0.898591
651 651 1
621 621 1
993 993 0.87455
500 501 1
845 846 1
281 282 1
506 507 1
64 66 1
221 222 1
560 561 1
814 816 1
438 438 0.632323
240 240 1
660 660 0.876001
168 168 1
802 804 1
770 771 1
790 792 1
534 534 1
648 648 1
170 171 1
150 150 1
409 411 1
295 297 1
897 897 1
539 540 1
114 114 1
447 447 1
187 189 1
503 504 1
430 432 1
771 771 1
731 732 0.899181
780 780 0.920657
203 204 1
768 768 1
19 21 1
768 768 1
912 912 1
67 69 1
65 66 1
156 156 1
896 897 1
663 663 1
91 93 0.856588
161 162 1
223 225 1
396 396 1
276 276 1
25 27 1
515 516 1
920 921 1
571 573 1
748 750 1
603 603 0.749801
378 378 1
107 108 1
383 384 1
35 36 1
769 771 1
61 63 1
518 519 1
462 462 1
65 66 1
439 441 0.864822
19 21 1
530 531 0.795256
741 741 1
904 906 1
324 324 1
255 255 1
317 318 1
689 690 1
152 153 1
968 969 1
146 147 1
597 597 1
930 930 0.839755
279 279 1
125 126 1
617 618 1
652 654 1
844 846 0.860726
859 861 1
268 270 0.985947
21 21 1
7 9 1
291 291 1
423 423 1
211 213 1
105 105 1
189 189 0.764303
766 768 1
65 66 1
63 63 1
796 798 0.837146
789 789 1
42 42 1
422 423 1
573 573 1
860 861 1
699 699 0.656265
71 72 0.547161
597 597 1
579 579 1
540 540 1
876 876 1
511 513 0.895727
613 615 1
223 225 1
337 339 1
883 885 1
953 954 1
175 177 1
467 468 1
31 33 0.877721
268 270 1
898 900 1
836 837 0.890007
730 732 1
223 225 0.849335
575 576 1
844 846 1
435 435 1
215 216 1
88 90 1
305 306 1
702 702 1
655 657 0.7854
97 99 1
672 672 0.813542
910 912 1
407 408 1
934 936 0.765727
305 306 1
572 573 0.992433
368 369 0.897121
104 105 1
286 288 1
894 894 1
189 189 1
624 624 0.70863
235 237 1
472 474 1
92 93 1
802 804 1
447 447 1
110 111 1
954 954 1
219 219 0.691025
234 234 1
15 15 1
306 306 1
83 84 1
196 198 1
99 99 1
622 624 1
812 813 1
804 804 1
502 504 1
548 549 1
320 321 1
166 168 1
194 195 1
857 858 1
926 927 0.791001
603 603 1
944 945 0.832184
945 945 1
845 846 1
628 630 1
375 375 1
861 861 1
750 750 1
151 153 1
131 132 1
914 915 0.87409
78 78 1
584 585 1
383 384 0.851196
640 642 1
465 465 1
137 138 0.907438
410 411 0.903166
280 282 1
40 42 1
530 531 0.867124
822 822 1
133 135 1
379 381 1
672 672 1
651 651 1
443 444 0.842068
175 177 1
314 315 1
920 921 1
787 789 1
721 723 1
46 48 1
994 996 0.871725
460 462 1
89 90 1
728 729 1
619 621 1
211 213 1
920 921 1
580 582 1
156 156 1
468 468 1
649 651 1
774 774 1
362 363 1
29 30 1
99 99 1
345 345 1
652 654 1
857 858 0.715938
252 252 1
420 420 0.641635
34 36 1
371 372 0.853191
39 39 1
606 606 0.738102
599 600 1
630 630 1
567 567 1
618 618 0.742536
760 762 1
252 252 1
617 618 0.889634
915 915 1
803 804 0.877407
563 564 1
797 798 1
985 987 1
16 18 1
456 456 1
981 981 1
362 363 1
555 555 1
512 513 1
429 429 1
858 858 1
415 417 1
354 354 0.83182
177 177 1
210 210 1
796 798 1
302 303 1
553 555 1
532 534 1
377 378 1
240 240 1
775 777 1
364 366 1
362 363 1
173 174 1
918 918 1
464 465 0.709672
58 60 1
731 732 1
869 870 1
945 945 0.915988
962 963 1
117 117 1
554 555 1
8 9 1
616 618 1
181 183 1
103 105 1
433 435 1
432 432 1
144 144 1
720 720 1
506 507 1
718 720 1
13 15 0.910213
162 162 1
884 885 1
569 570 1
309 309 0.858162
781 783 0.717858
577 579 0.904881
506 507 1
300 300 1
851 852 1
332 333 1
602 603 0.622315
230 231 1
406 408 1
627 627 1
367 369 1
818 819 1
21 21 1
920 921 1
734 735 1
74 75 1
583 585 1
83 84 1
738 738 1
633 633 0.848757
421 423 0.874753
729 729 1
875 876 1
867 867 1
316 318 0.405914
192 192 1
600 600 1
71 72 1
361 363 1
480 480 1
453 453 1
576 576 1
778 780 1
722 723 0.916458
741 741 1
743 744 0.596498
323 324 1
228 228 1
384 384 1
938 939 1
454 456 1
587 588 0.9164
173 174 1
632 633 0.916704
89 90 1
400 402 0.62484
481 483 1
666 666 1
676 678 1
691 693 1
318 318 1
43 45 1
768 768 1
354 354 1
869 870 1
337 339 0.801611
856 858 1
898 900 1
963 963 0.639458
185 186 1
315 315 0.767641
548 549 1
447 447 1
502 504 1
951 951 1
561 561 1
402 402 1
353 354 1
759 759 1
382 384 1
837 837 1
906 906 1
198 198 1
161 162 1
558 558 1
445 447 1
65 66 0.924072
545 546 1
50 51 1
398 399 1
385 387 0.611607
929 930 1
516 516 1
157 159 1
382 384 1
125 126 1
596 597 1
610 612 0.897116
228 228 1
914 915 1
569 570 1
626 627 1
305 306 1
658 660 1
31 33 1
638 639 1
276 276 1
566 567 1
521 522 1
435 435 0.858156
927 927 1
25 27 1
912 912 1
732 732 1
510 510 1
283 285 1
744 744 1
866 867 1
574 576 1
259 261 1
970 972 0.701481
764 765 1
366 366 1
771 771 1
68 69 1
910 912 1
168 168 1
800 801 1
882 882 1
414 414 1
216 216 1
831 831 1
928 930 1
625 627 0.886107
571 573 1
753 753 1
110 111 0.861764
218 219 1
561 561 1
471 471 0.853557
466 468 1
171 171 1
988 990 1
741 741 1
336 336 1
866 867 1
582 582 1
171 171 1
693 693 0.72329
637 639 1
606 606 0.939306
951 951 1
127 129 0.528155
773 774 1
747 747 1
507 507 1
478 480 1
838 840 1
287 288 1
157 159 1
22 24 1
221 222 1
836 837 0.932256
345 345 1
354 354 1
576 576 1
98 99 1
553 555 0.932401
386 387 1
73 75 1
103 105 1
93 93 1
69 69 1
971 972 1
357 357 1
587 588 0.897528
847 849 1
651 651 0.869743
775 777 1
687 687 1
12 12 1
592 594 1
595 597 1
739 741 0.870285
26 27 1
434 435 1
113 114 1
880 882 1
547 549 1
990 990 1
825 825 1
747 747 1
752 753 1
288 288 1
937 939 1
136 138 0.984912
30 30 0.935153
550 552 1
549 549 0.908141
738 738 1
244 246 1
284 285 1
532 534 1
113 114 1
779 780 1
538 540 1
73 75 0.744708
657 657 1
908 909 1
711 711 1
79 81 1
865 867 1
485 486 1
89 90 1
732 732 1
97 99 1
644 645 1
802 804 1
526 528 1
50 51 1
977 978 1
100 102 0.722625
624 624 1
386 387 0.94486
144 144 1
365 366 1
117 117 0.785808
605 606 1
996 996 1
732 732 1
635 636 1
580 582 1
245 246 1
737 738 1
354 354 1
953 954 1
259 261 0.958014
912 912 1
842 843 0.952917
736 738 1
231 231 1
470 471 1
144 144 1
800 801 1
752 753 1
34 36 0.823956
160 162 1
231 231 1
564 564 1
645 645 1
396 396 1
153 153 1
546 546 1
34 36 1
419 420 1
850 852 1
806 807 1
454 456 1
266 267 1
406 408 1
637 639 1
704 705 1
174 174 0.403066
543 543 1
532 534 1
841 843 1
208 210 1
335 336 1
124 126 1
957 957 1
519 519 1
393 393 0.878985
561 561 1
768 768 1
800 801 1
108 108 0.716207
718 720 1
786 786 1
65 66 1
199 201 1
954 954 1
723 723 1
81 81 1
198 198 1
421 423 1
78 78 1
546 546 1
779 780 0.82337
659 660 1
338 339 1
543 543 0.899474
181 183 1
487 489 1
355 357 1
573 573 1
740 741 1
449 450 1
261 261 1
581 582 1
386 387 1
608 609 1
817 819 1
680 681 0.655025
99 99 1
72 72 1
94 96 1
673 675 1
237 237 1
701 702 1
169 171 1
207 207 1
520 522 1
229 231 1
164 165 1
175 177 1
391 393 1
506 507 0.715742
970 972 0.962833
149 150 1
605 606 1
197 198 1
976 978 0.989284
36 36 1
856 858 0.806693
900 900 1
398 399 0.816521
881 882 1
761 762 1
772 774 1
804 804 1
603 603 1
722 723 0.703751
822 822 1
45 45 1
341 342 1
150 150 1
334 336 1
134 135 0.726038
586 588 1
747 747 1
727 729 1
39 39 0.906363
16 18 0.950312
3 3 0.874799
856 858 1
920 921 1
637 639 1
214 216 1
993 993 1
309 309 1
821 822 1
928 930 1
502 504 1
51 51 1
33 33 0.788007
145 147 0.70133
378 378 1
392 393 1
632 633 1
664 666 0.992539
613 615 1
982 984 1
281 282 1
383 384 1
6 6 1
823 825 0.831599
239 240 0.868373
666 666 1
121 123 0.945991
186 186 1
883 885 0.902057
151 153 1
90 90 1
876 876 0.976151
661 663 1
294 294 1
888 888 0.905042
432 432 1
251 252 1
273 273 1
178 180 1
351 351 0.945307
632 633 1
269 270 1
972 972 1
232 234 1
798 798 1
839 840 1
123 123 1
792 792 1
19 21 1
512 513 0.799851
12 12 1
131 132 0.973496
712 714 1
625 627 1
505 507 1
625 627 1
76 78 1
631 633 1
19 21 1
768 768 1
773 774 1
719 720 1
176 177 1
825 825 1
375 375 1
234 234 1
486 486 1
146 147 1
234 234 1
202 204 0.84751
486 486 1
64 66 1
487 489 1
971 972 1
217 219 1
664 666 1
259 261 1
666 666 1
430 432 1
856 858 1
435 435 1
945 945 1
369 369 1
387 387 1
902 903 1
848 849 1
597 597 1
850 852 1
446 447 1
13 15 1
947 948 0.912021
914 915 0.913703
710 711 1
93 93 1
960 960 1
164 165 1
636 636 1
416 417 1
394 396 1
64 66 1
864 864 0.662209
928 930 0.932388
811 813 1
985 987 0.754552
147 147 1
73 75 1
908 909 1
947 948 1
129 129 1
762 762 1
707 708 1
752 753 0.94848
999 999 1
899 900 0.630285
621 621 0.889086
630 630 0.957979
452 453 1
861 861 1
596 597 1
713 714 0.646524
379 381 0.940714
444 444 0.852394
993 993 0.832023
367 369 0.71907
679 681 1
967 969 1
834 834 1
823 825 0.942196
326 327 1
526 528 1
277 279 1
25 27 1
271 273 0.715031
563 564 1
371 372 1
96 96 0.757492
51 51 1
745 747 1
493 495 0.764574
442 444 0.703875
598 600 1
816 816 1
514 516 0.740796
638 639 1
926 927 1
942 942 1
735 735 0.733246
44 45 1
147 147 1
222 222 1
500 501 0.724378
120 120 1
205 207 1
757 759 1
765 765 1
287 288 1
49 51 1
879 879 1
398 399 1
616 618 0.959826
84 84 1
30 30 1
670 672 1
132 132 0.705611
589 591 1
739 741 1
572 573 0.887045
623 624 0.880472
703 705 1
682 684 1
581 582 1
836 837 1
988 990 0.955985
250 252 1
51 51 0.882089
715 717 0.598409
642 642 0.836333
226 228 0.655555
766 768 1
534 534 1
922 924 1
741 741 1
679 681 1
910 912 1
275 276 1
134 135 1
992 993 1
923 924 0.739699
971 972 1
308 309 1
701 702 0.906524
401 402 1
990 990 1
279 279 1
845 846 1
924 924 1
220 222 1
968 969 1
984 984 0.816362
972 972 1
839 840 1
661 663 1
178 180 1
920 921 1
26 27 1
194 195 1
262 264 1
719 720 1
562 564 1
296 297 1
884 885 0.845821
402 402 1
872 873 0.9083
937 939 1
588 588 1
964 966 1
941 942 1
177 177 1
160 162 1
545 546 1
117 117 1
750 750 1
909 909 1
377 378 1
396 396 0.925928
129 129 0.905704
881 882 1
558 558 1
403 405 1
563 564 1
678 678 1
409 411 1
875 876 1
760 762 1
845 846 1
688 690 1
912 912 1
654 654 1
204 204 1
147 147 1
791 792 1
862 864 1
192 192 0.736455
298 300 0.798011
399 399 1
122 123 1
331 333 0.840716
680 681 1
164 165 1
581 582 1
534 534 1
947 948 1
551 552 1
238 240 1
727 729 0.931476
768 768 1
782 783 1
820 822 1
61 63 1
811 813 1
466 468 0.957402
466 468 1
190 192 0.925909
117 117 1
603 603 1
500 501 1
815 816 1
819 819 1
478 480 1
440 441 0.971902
28 30 1
278 279 0.717568
319 321 1
142 144 1
986 987 1
421 423 1
390 390 1
632 633 1
260 261 1
500 501 1
902 903 1
674 675 1
619 621 1
847 849 1
697 699 1
290 291 1
892 894 1
247 249 1
709 711 1
120 120 1
166 168 0.860494
795 795 1
817 819 1
295 297 1
520 522 0.927007
456 456 1
464 465 0.849311
186 186 1
615 615 0.974483
714 714 1
20 21 1
975 975 0.874605
821 822 1
224 225 1
603 603 1
455 456 1
347 348 1
939 939 1
542 543 1
379 381 0.636762
247 249 1
502 504 0.90782
12 12 0.657968
920 921 1
54 54 0.805017
215 216 1
923 924 0.892855
556 558 1
707 708 1
196 198 1
255 255 0.680772
326 327 1
885 885 1
831 831 1
664 666 0.819069
49 51 1
621 621 0.968391
498 498 1
416 417 1
105 105 1
365 366 1
859 861 1
394 396 1
43 45 0.66831
65 66 1
73 75 1
588 588 1
681 681 1
921 921 1
668 669 1
717 717 1
668 669 1
925 927 1
272 273 1
407 408 1
983 984 1
551 552 1
906 906 1
445 447 0.750767
586 588 1
772 774 1
961 963 1
150 150 1
636 636 1
106 108 0.707466
581 582 1
592 594 1
680 681 1
35 36 1
347 348 1
93 93 1
216 216 1
929 930 1
927 927 1
265 267 1
372 372 1
351 351 1
521 522 0.63091
105 105 1
92 93 1
102 102 1
368 369 0.853378
92 93 0.968725
865 867 1
668 669 1
505 507 1
422 423 1
408 408 1
318 318 1
456 456 1
384 384 1
118 120 1
639 639 1
172 174 0.961016
865 867 1
628 630 1
86 87 1
103 105 1
695 696 1
220 222 1
396 396 1
316 318 1
382 384 1
769 771 1
683 684 1
319 321 1
375 375 1
259 261 1
663 663 1
432 432 0.832
129 129 0.897833
984 984 1
816 816 0.961288
599 600 1
636 636 1
44 45 1
422 423 1
401 402 0.851338
505 507 1
449 450 1
819 819 1
489 489 0.810087
786 786 1
151 153 1
68 69 0.73952
287 288 1
439 441 1
749 750 1
512 513 1
860 861 1
687 687 0.899858
877 879 1
942 942 1
363 363 1
514 516 1
403 405 1
491 492 1
786 786 0.85799
30 30 0.8492
974 975 1
865 867 1
702 702 0.947677
542 543 1
574 576 0.842276
289 291 1
786 786 1
428 429 1
179 180 1
506 507 1
504 504 1
463 465 1
284 285 0.736499
966 966 1
741 741 1
973 975 1
813 813 0.84038
859 861 1
681 681 1
402 402 1
79 81 1
664 666 1
300 300 1
207 207 1
99 99 1
899 900 0.82816
746 747 1
476 477 0.837667
111 111 1
297 297 1
559 561 1
133 135 1
271 273 1
214 216 1
644 645 1
375 375 0.590389
564 564 0.721338
712 714 1
303 303 1
780 780 0.953549
560 561 1
504 504 0.870706
510 510 1
923 924 1
424 426 1
112 114 1
997 999 1
920 921 0.997991
672 672 1
877 879 1
362 363 0.82458
601 603 0.957231
890 891 1
190 192 1
935 936 1
807 807 1
679 681 1
762 762 1
280 282 1
561 561 0.863135
403 405 1
334 336 1
984 984 1
492 492 1
500 501 0.850675
20 21 0.707487
264 264 1
989 990 1
516 516 1
421 423 1
16 18 1
564 564 0.945061
274 276 0.853452
416 417 1
339 339 1
394 396 1
284 285 0.919235
471 471 1
527 528 1
835 837 1
664 666 1
168 168 1
594 594 1
413 414 1
174 174 1
442 444 0.989259
798 798 1
975 975 0.979844
695 696 1
907 909 1
925 927 1
906 906 0.898563
392 393 1
184 186 1
228 228 1
739 741 1
407 408 0.890611
341 342 1
292 294 1
86 87 0.75701
884 885 0.821839
448 450 1
540 540 0.730324
804 804 1
681 681 0.795894
906 906 1
416 417 1
965 966 1
890 891 1
477 477 1
557 558 1
422 423 1
638 639 1
350 351 1
729 729 0.789858
452 453 1
251 252 1
76 78 1
751 753 0.928153
55 57 1
613 615 1
647 648 0.5964
57 57 1
687 687 1
191 192 1
409 411 1
388 390 1
458 459 1
367 369 0.860131
704 705 1
167 168 1
883 885 1
918 918 1
169 171 1
603 603 1
348 348 1
77 78 1
982 984 1
619 621 0.979624
493 495 1
209 210 1
729 729 1
581 582 1
465 465 1
104 105 1
958 960 0.764653
712 714 1
792 792 1
953 954 0.912526
324 324 1
660 660 1
799 801 1
120 120 1
364 366 1
988 990 1
361 363 0.864457
222 222 1
544 546 1
782 783 0.822956
577 579 1
356 357 0.758226
29 30 1
649 651 1
189 189 1
225 225 1
33 33 1
429 429 1
172 174 1
399 399 1
124 126 1
630 630 1
816 816 1
682 684 1
339 339 1
657 657 0.559385
789 789 1
904 906 1
360 360 1
381 381 0.909259
311 312 1
113 114 1
659 660 0.946294
283 285 1
943 945 1
919 921 1
99 99 1
118 120 1
39 39 1
631 633 1
549 549 1
123 123 1
376 378 1
662 663 1
940 942 1
578 579 1
395 396 1
85 87 1
438 438 1
738 738 0.637787
525 525 1
949 951 1
437 438 1
760 762 1
776 777 1
83 84 1
131 132 1
488 489 0.955499
256 258 1
484 486 1
932 933 1
450 450 1
331 333 0.914833
978 978 0.903735
887 888 1
622 624 1
104 105 1
44 45 1
157 159 1
816 816 1
608 609 0.92072
529 531 0.713363
928 930 1
988 990 0.952183
1000 1002 1
30 30 1
749 750 1
362 363 1
140 141 0.627836
898 900 1
178 180 1
491 492 1
813 813 1
745 747 1
952 954 1
881 882 1
900 900 0.849192
230 231 1
681 681 0.806286
946 948 1
852 852 1
742 744 0.903867
90 90 1
742 744 1
195 195 1
355 357 1
754 756 1
580 582 1
528 528 1
711 711 0.936532
865 867 0.971156
504 504 1
286 288 1
932 933 1
353 354 1
920 921 1
640 642 1
898 900 1
888 888 1
913 915 1
370 372 0.837942
729 729 1
547 549 1
414 414 0.758284
222 222 1
954 954 1
844 846 1
969 969 1
244 246 1
17 18 0.516502
637 639 1
280 282 1
208 210 1
181 183 1
994 996 0.9118
880 882 1
79 81 1
78 78 1
451 453 1
541 543 1
649 651 1
270 270 1
302 303 1
664 666 1
504 504 1
72 72 0.946639
665 666 1
262 264 1
575 576 1
20 21 1
181 183 1
848 849 1
876 876 1
112 114 1
963 963 1
981 981 1
423 423 1
767 768 1
435 435 1
912 912 1
312 312 1
542 543 1
823 825 1
160 162 1
915 915 1
521 522 1
405 405 1
762 762 0.789448
231 231 1
562 564 1
42 42 0.865473
801 801 1
826 828 1
482 483 1
942 942 1
447 447 1
638 639 1
566 567 1
614 615 1
496 498 1
831 831 1
930 930 1
101 102 1
117 117 1
235 237 1
889 891 1
601 603 0.820461
350 351 0.765132
16 18 1
666 666 1
468 468 1
935 936 1
424 426 1
780 780 1
904 906 1
771 771 1
175 177 1
331 333 1
561 561 1
420 420 1
531 531 0.855184
39 39 1
503 504 1
24 24 1
371 372 0.866528
292 294 1
905 906 1
205 207 1
185 186 1
604 606 1
690 690 1
949 951 1
39 39 1
926 927 1
398 399 1
922 924 0.942196
61 63 1
130 132 1
77 78 1
931 933 1
769 771 1
523 525 0.884101
175 177 1
524 525 1
996 996 1
715 717 1
199 201 1
570 570 1
523 525 0.581595
513 513 0.940017
272 273 1
612 612 1
444 444 1
998 999 1
26 27 1
851 852 1
708 708 0.93868
978 978 1
717 717 1
522 522 1
791 792 1
836 837 0.903963
739 741 0.849601
902 903 1
624 624 1
471 471 1
58 60 1
166 168 0.734928
587 588 1
797 798 1
320 321 1
91 93 1
826 828 1
688 690 1
901 903 1
625 627 1
141 141 1
955 957 1
467 468 1
308 309 1
768 768 0.896515
117 117 1
153 153 1
219 219 0.606511
696 696 1
293 294 1
827 828 1
176 177 1
38 39 1
758 759 0.919243
747 747 1
622 624 1
426 426 1
436 438 1
267 267 1
769 771 1
544 546 0.714478
405 405 1
288 288 1
897 897 0.859169
686 687 1
193 195 1
480 480 1
894 894 1
883 885 1
162 162 1
284 285 0.9504
204 204 1
825 825 1
388 390 1
718 720 1
265 267 1
892 894 1
701 702 0.924065
948 948 1
658 660 1
817 819 1
62 63 0.723215
275 276 1
529 531 1
855 855 1
407 408 1
140 141 1
929 930 0.847687
176 177 1
278 279 1
233 234 1
199 201 1
192 192 0.948032
8 9 0.809089
1000 1002 1
291 291 1
917 918 1
742 744 1
167 168 1
988 990 1
165 165 1
618 618 1
950 951 1
863 864 1
946 948 1
510 510 1
759 759 1
449 450 1
57 57 0.87593
859 861 1
705 705 1
447 447 1
933 933 1
951 951 0.816256
280 282 1
581 582 1
200 201 1
389 390 1
718 720 1
243 243 1
243 243 0.869936
305 306 1
821 822 1
209 210 1
369 369 1
849 849 1
978 978 0.874878
916 918 1
431 432 1
676 678 1
939 939 0.918086
222 222 1
422 423 1
982 984 1
921 921 1
873 873 1
15 15 1
370 372 1
71 72 1
948 948 0.889227
29 30 1
758 759 1
752 753 0.714112
508 510 1
190 192 1
210 210 0.928874
844 846 1
404 405 1
2 3 1
304 306 1
451 453 1
533 534 1
266 267 0.865334
989 990 1
119 120 1
214 216 1
705 705 1
262 264 1
238 240 0.73402
780 780 1
790 792 1
580 582 1
70 72 1
298 300 1
144 144 1
752 753 0.818372
895 897 1
74 75 1
592 594 1
311 312 1
292 294 1
658 660 1
770 771 1
6 6 1
457 459 1
792 792 1
315 315 0.918438
854 855 1
974 975 1
46 48 1
148 150 0.921678
841 843 1
530 531 0.851402
934 936 1
437 438 0.625843
882 882 1
8 9 1
749 750 1
762 762 0.776848
785 786 0.838013
317 318 1
292 294 1
153 153 1
956 957 1
455 456 1
514 516 1
618 618 1
991 993 1
719 720 1
923 924 1
317 318 1
444 444 1
623 624 1
515 516 1
927 927 0.81093
851 852 0.837539
437 438 0.810772
459 459 0.873268
916 918 1
115 117 1
702 702 0.808398
19 21 0.809743
302 303 1
398 399 1
955 957 1
605 606 1
468 468 1
785 786 1
366 366 1
864 864 0.882362
979 981 1
104 105 1
397 399 1
962 963 0.993578
161 162 1
598 600 1
606 606 0.916246
108 108 1
372 372 0.702166
115 117 1
489 489 1
674 675 1
814 816 1
627 627 1
81 81 1
992 993 1
300 300 1
869 870 1
26 27 0.901611
37 39 1
874 876 1
841 843 1
236 237 1
643 645 0.925949
504 504 1
865 867 1
846 846 1
76 78 1
655 657 0.78471
288 288 1
843 843 1
70 72 0.757306
596 597 1
205 207 1
944 945 1
952 954 1
300 300 1
625 627 1
35 36 1
954 954 1
470 471 0.72053
124 126 1
557 558 1
552 552 1
732 732 1
291 291 0.936711
368 369 1
208 210 1
513 513 1
453 453 1
722 723 1
70 72 1
755 756 1
528 528 1
152 153 1
766 768 1
514 516 1
120 120 1
499 501 1
810 810 1
839 840 0.860157
361 363 0.85261
774 774 1
207 207 0.884584
133 135 1
15 15 1
485 486 1
597 597 1
667 669 0.742729
84 84 1
718 720 0.3891
491 492 1
312 312 1
210 210 1
859 861 1
758 759 1
693 693 0.767326
356 357 1
70 72 1
194 195 1
950 951 1
969 969 1
476 477 0.686488
807 807 1
497 498 0.660368
673 675 1
906 906 1
637 639 0.616363
180 180 0.968519
581 582 1
818 819 0.945682
376 378 1
586 588 1
714 714 1
182 183 1
628 630 0.893967
375 375 0.916957
966 966 1
475 477 1
721 723 1
103 105 1
705 705 1
416 417 0.901857
647 648 1
162 162 0.958821
461 462 1
692 693 1
811 813 1
347 348 1
238 240 1
938 939 1
240 240 0.800976
603 603 1
667 669 0.879579
16 18 1
614 615 1
882 882 0.950158
146 147 1
667 669 1
687 687 1
663 663 1
175 177 1
252 252 1
596 597 1
626 627 1
213 213 1
933 933 1
123 123 1
784 786 1
58 60 1
964 966 1
156 156 1
887 888 1
783 783 1
551 552 1
783 783 1
477 477 0.830432
942 942 1
806 807 1
87 87 1
252 252 0.929027
882 882 1
964 966 1
625 627 1
537 537 1
361 363 1
206 207 0.96075
253 255 1
344 345 0.922545
77 78 0.826281
297 297 1
987 987 1
329 330 1
878 879 0.837225
399 399 1
135 135 1
614 615 1
825 825 1
795 795 1
694 696 1
370 372 1
60 60 1
223 225 1
414 414 1
586 588 1
111 111 0.937115
653 654 0.901434
305 306 1
199 201 1
683 684 1
827 828 0.86827
634 636 1
698 699 1
942 942 1
788 789 1
493 495 1
206 207 1
277 279 0.691792
246 246 0.950814
411 411 1
82 84 0.802133
881 882 1
662 663 1
155 156 0.914444
44 45 1
698 699 1
125 126 1
530 531 1
574 576 1
446 447 1
470 471 1
3 3 1
459 459 0.911841
338 339 1
941 942 0.927274
679 681 1
634 636 1
223 225 0.68272
521 522 1
326 327 1
378 378 1
478 480 1
114 114 1
828 828 1
412 414 1
644 645 1
299 300 1
708 708 1
748 750 1
446 447 1
616 618 1
800 801 1
632 633 1
429 429 0.904263
81 81 1
630 630 1
294 294 1
739 741 1
229 231 1
299 300 1
362 363 1
380 381 1
487 489 1
156 156 1
741 741 1
830 831 1
324 324 1
120 120 1
758 759 0.749108
264 264 1
434 435 0.560606
399 399 0.878438
821 822 0.863771
694 696 1
299 300 1
829 831 1
666 666 0.724469
491 492 0.773027
919 921 1
903 903 0.88155
474 474 1
428 429 1
285 285 1
868 870 1
458 459 1
260 261 0.891737
570 570 1
516 516 1
361 363 1
122 123 0.761171
551 552 0.931826
44 45 0.912915
522 522 1
691 693 1
759 759 1
144 144 1
31 33 0.903341
510 510 1
878 879 1
647 648 1
919 921 1
763 765 1
794 795 0.923908
459 459 1
240 240 1
707 708 1
86 87 1
597 597 0.755111
292 294 1
595 597 0.945472
274 276 1
564 564 1
984 984 1
536 537 1
939 939 0.825559
423 423 1
400 402 1
859 861 1
713 714 0.877513
870 870 0.813095
212 213 1
757 759 1
59 60 1
492 492 1
462 462 0.799008
100 102 0.95252
588 588 1
743 744 1
25 27 1
780 780 1
569 570 1
998 999 0.669128
675 675 0.880172
911 912 0.815008
913 915 1
681 681 1
843 843 1
429 429 0.78187
499 501 1
877 879 1
779 780 1
915 915 1
706 708 1
501 501 0.981162
246 246 0.747138
376 378 0.97919
372 372 0.840757
169 171 1
683 684 0.928092
403 405 1
22 24 1
826 828 1
495 495 1
94 96 1
369 369 0.890316
419 420 0.85558
7 9 1
917 918 1
408 408 1
81 81 1
187 189 1
407 408 1
783 783 1
428 429 1
539 540 1
219 219 1
69 69 1
251 252 1
190 192 1
212 213 1
266 267 0.744756
795 795 1
109 111 1
766 768 1
769 771 1
809 810 1
420 420 1
310 312 0.695152
423 423 0.875973
98 99 1
649 651 0.97318
516 516 1
153 153 0.903511
714 714 0.776631
315 315 1
884 885 1
473 474 1
761 762 1
339 339 1
120 120 1
314 315 0.947229
119 120 1
790 792 0.952208
791 792 1
423 423 1
913 915 1
280 282 1
977 978 0.595105
831 831 1
689 690 1
17 18 1
369 369 1
243 243 1
209 210 1
220 222 1
169 171 1
622 624 1
104 105 1
763 765 1
408 408 1
948 948 1
963 963 0.863782
892 894 1
831 831 1
571 573 0.685016
596 597 0.834203
694 696 1
287 288 1
84 84 0.841369
175 177 1
620 621 1
700 702 1
978 978 1
335 336 1
568 570 1
788 789 1
929 930 0.836974
317 318 1
41 42 1
377 378 1
992 993 1
849 849 1
213 213 0.97349
82 84 1
271 273 1
942 942 1
479 480 1
837 837 1
585 585 1
778 780 1
145 147 1
88 90 1
291 291 1
787 789 1
754 756 1
330 330 1
698 699 1
618 618 0.677599
178 180 1
111 111 1
776 777 0.9519
211 213 1
920 921 1
265 267 1
656 657 1
331 333 1
939 939 1
687 687 0.703508
557 558 1
472 474 0.867335
765 765 1
145 147 1
302 303 1
372 372 1
224 225 1
457 459 1
717 717 1
250 252 1
965 966 1
171 171 1
770 771 1
647 648 1
560 561 1
653 654 1
372 372 0.924318
457 459 1
45 45 1
679 681 1
464 465 1
723 723 0.886689
525 525 1
260 261 1
159 159 1
111 111 1
201 201 1
327 327 1
868 870 1
393 393 1
477 477 1
966 966 1
627 627 0.90971
170 171 0.87565
958 960 0.935078
850 852 1
291 291 1
859 861 1
156 156 1
68 69 1
860 861 0.974895
477 477 1
720 720 1
945 945 1
457 459 1
679 681 1
575 576 1
695 696 0.942189
335 336 0.760467
119 120 1
12 12 0.732302
685 687 1
460 462 1
823 825 1
377 378 1
278 279 1
656 657 1
393 393 1
182 183 0.705903
910 912 1
398 399 1
979 981 1
960 960 1
395 396 0.578773
572 573 0.759905
68 69 1
467 468 1
356 357 1
878 879 1
140 141 1
240 240 1
317 318 1
726 726 1
455 456 1
551 552 1
137 138 1
255 255 1
578 579 1
69 69 1
406 408 0.828207
460 462 1
996 996 0.645646
175 177 0.94535
564 564 1
478 480 1
286 288 1
533 534 1
30 30 0.579012
35 36 1
939 939 1
144 144 1
422 423 1
335 336 1
400 402 1
75 75 1
612 612 0.571707
62 63 1
852 852 1
180 180 1
600 600 1
607 609 1
337 339 1
924 924 1
211 213 1
770 771 1
337 339 1
459 459 0.896583
898 900 1
242 243 1
577 579 1
700 702 0.98008
914 915 1
636 636 1
144 144 1
887 888 1
820 822 1
438 438 0.834291
40 42 1
737 738 0.723947
178 180 1
720 720 1
996 996 1
213 213 1
440 441 1
301 303 0.822815
128 129 1
230 231 1
459 459 0.866042
531 531 0.640042
268 270 1
226 228 1
981 981 1
86 87 1
249 249 0.728702
464 465 0.922655
654 654 0.538462
1000 1002 1
57 57 1
914 915 0.979353
740 741 1
660 660 1
898 900 0.859937
924 924 1
476 477 1
150 150 1
212 213 1
634 636 1
94 96 0.831013
692 693 1
478 480 1
133 135 1
580 582 1
255 255 1
84 84 1
46 48 1
402 402 1
970 972 1
603 603 1
89 90 1
975 975 1
65 66 0.750759
515 516 1
843 843 1
499 501 1
155 156 0.867852
532 534 0.766236
836 837 1
294 294 1
785 786 1
401 402 1
869 870 1
391 393 1
284 285 1
727 729 1
635 636 1
466 468 0.781938
986 987 0.957883
662 663 0.858534
722 723 1
104 105 1
592 594 0.953367
494 495 1
929 930 1
939 939 1
273 273 1
883 885 1
996 996 1
222 222 0.913305
821 822 1
178 180 1
260 261 0.845098
960 960 0.910982
274 276 1
449 450 0.738663
521 522 1
730 732 0.875878
95 96 1
434 435 1
449 450 0.930028
284 285 0.880697
147 147 1
343 345 1
749 750 0.909507
211 213 1
178 180 1
495 495 1
610 612 1
862 864 1
735 735 1
655 657 1
101 102 1
83 84 0.804078
211 213 0.631564
754 756 1
622 624 1
726 726 0.765296
596 597 1
961 963 0.869834
613 615 1
747 747 1
182 183 1
283 285 1
656 657 0.986461
446 447 1
189 189 0.899403
398 399 1
282 282 1
490 492 1
616 618 1
275 276 1
229 231 1
710 711 0.796476
160 162 1
829 831 1
337 339 1
169 171 1
950 951 1
322 324 1
322 324 1
110 111 1
71 72 1
560 561 1
581 582 1
544 546 0.836439
379 381 1
313 315 1
834 834 1
719 720 1
34 36 1
487 489 1
531 531 1
9 9 1
997 999 1
960 960 0.787721
355 357 1
378 378 0.856155
10 12 1
890 891 1
592 594 0.772551
523 525 1
952 954 0.975312
711 711 1
274 276 1
534 534 1
894 894 1
754 756 1
705 705 1
375 375 0.782746
680 681 1
536 537 1
961 963 1
268 270 0.761932
538 540 1
544 546 1
481 483 1
126 126 0.770038
346 348 0.660292
411 411 1
71 72 1
334 336 0.688371
193 195 0.803239
75 75 1
957 957 0.958739
104 105 1
562 564 1
847 849 1
383 384 1
666 666 1
186 186 1
53 54 0.757125
282 282 1
805 807 1
910 912 1
559 561 1
350 351 1
83 84 1
807 807 1
454 456 0.677396
757 759 1
295 297 0.763618
352 354 1
529 531 0.800775
729 729 1
863 864 1
846 846 0.897846
263 264 1
961 963 1
301 303 1
175 177 0.7632
864 864 1
732 732 1
337 339 0.828874
619 621 0.731898
439 441 0.63691
323 324 1
912 912 0.920088
414 414 1
130 132 1
859 861 0.605934
696 696 0.87069
979 981 0.80633
760 762 1
576 576 0.932714
649 651 1
249 249 1
657 657 1
19 21 1
220 222 1
458 459 0.764871
218 219 0.851005
93 93 1
399 399 1
903 903 1
158 159 1
273 273 1
855 855 1
436 438 1
37 39 1
557 558 0.913239
693 693 0.832102
690 690 1
384 384 1
985 987 1
769 771 1
967 969 1
650 651 1
549 549 0.769306
913 915 0.669665
127 129 1
168 168 1
895 897 1
146 147 0.884517
78 78 1
849 849 0.831456
786 786 1
181 183 1
211 213 1
687 687 1
720 720 1
667 669 1
719 720 0.740969
708 708 1
729 729 0.982403
905 906 1
827 828 1
477 477 1
209 210 1
565 567 1
357 357 1
658 660 0.764489
333 333 0.847434
254 255 1
995 996 0.854965
795 795 1
958 960 1
423 423 1
669 669 0.874616
668 669 1
684 684 1
268 270 0.864979
439 441 0.880853
153 153 1
163 165 1
378 378 0.963241
636 636 1
858 858 1
217 219 1
979 981 1
12 12 1
800 801 1
957 957 1
48 48 1
22 24 0.895178
541 543 1
433 435 0.711137
308 309 1
462 462 1
504 504 0.887975
441 441 1
919 921 1
944 945 1
38 39 0.835228
593 594 1
112 114 1
242 243 0.796923
881 882 1
843 843 1
234 234 1
397 399 0.78154
373 375 1
526 528 1
215 216 1
276 276 1
973 975 1
79 81 0.777157
431 432 1
700 702 1
954 954 0.889098
387 387 1
18 18 1
194 195 1
260 261 0.811869
322 324 1
977 978 1
39 39 1
830 831 1
270 270 1
184 186 0.871507
711 711 1
942 942 1
745 747 1
95 96 1
524 525 1
898 900 1
802 804 1
516 516 1
31 33 0.744928
371 372 1
856 858 1
641 642 1
328 330 1
381 381 1
92 93 1
36 36 1
296 297 1
341 342 1
195 195 0.901466
529 531 1
430 432 1
249 249 1
762 762 1
482 483 1
710 711 0.814765
659 660 1
152 153 0.690899
935 936 0.89724
811 813 1
46 48 1
110 111 1
606 606 1
94 96 1
710 711 1
321 321 1
643 645 1
331 333 1
180 180 0.615207
583 585 1
320 321 1
891 891 1
72 72 1
813 813 0.892859
510 510 1
652 654 1
436 438 1
879 879 1
866 867 1
738 738 1
183 183 1
152 153 1
960 960 0.805704
58 60 1
615 615 1
388 390 1
595 597 1
41 42 1
565 567 1
317 318 1
587 588 1
896 897 0.761174
389 390 1
355 357 0.898578
820 822 1
763 765 1
794 795 1
202 204 1
773 774 1
268 270 1
326 327 1
703 705 0.941699
294 294 0.953919
668 669 1
567 567 0.81937
27 27 1
904 906 1
611 612 1
459 459 1
38 39 1
833 834 1
842 843 1
893 894 1
540 540 1
405 405 1
872 873 1
708 708 1
267 267 1
141 141 1
449 450 1
730 732 1
115 117 1
123 123 1
976 978 1
715 717 1
620 621 1
83 84 0.912537
318 318 1
2 3 1
979 981 0.775206
76 78 1
408 408 1
806 807 1
252 252 1
484 486 1
780 780 1
882 882 1
648 648 1
535 537 1
67 69 1
168 168 1
169 171 1
401 402 1
881 882 0.94772
597 597 1
145 147 1
934 936 1
112 114 1
16 18 1
702 702 1
936 936 1
632 633 1
859 861 1
880 882 1
409 411 0.943814
178 180 0.923322
432 432 1
577 579 1
220 222 1
295 297 0.746268
636 636 1
683 684 1
744 744 1
229 231 0.932321
574 576 0.954729
853 855 0.779767
404 405 1
722 723 1
56 57 1
334 336 1
476 477 1
534 534 0.85723
493 495 1
376 378 1
682 684 1
341 342 1
585 585 1
222 222 1
277 279 1
722 723 0.929771
356 357 1
197 198 1
765 765 1
741 741 1
287 288 1
406 408 1
444 444 1
909 909 1
68 69 1
874 876 1
686 687 0.930387
918 918 1
25 27 0.84757
988 990 1
177 177 1
940 942 1
773 774 1
962 963 1
165 165 1
198 198 1
577 579 1
932 933 1
317 318 1
515 516 1
481 483 0.65546
123 123 0.99796
900 900 1
543 543 1
992 993 0.933461
267 267 1
528 528 1
663 663 1
151 153 1
744 744 1
26 27 1
616 618 1
869 870 1
620 621 1
796 798 1
956 957 1
823 825 1
95 96 1
785 786 1
652 654 1
482 483 1
21 21 1
671 672 1
950 951 0.725375
307 309 1
908 909 1
192 192 1
456 456 1
542 543 1
802 804 0.912565
4 6 1
650 651 0.668401
124 126 1
226 228 1
583 585 0.743871
944 945 1
810 810 0.700045
768 768 0.824987
649 651 1
653 654 1
48 48 1
728 729 1
553 555 1
577 579 1
951 951 1
938 939 1
129 129 1
780 780 1
666 666 1
800 801 1
373 375 1
128 129 1
893 894 0.877165
686 687 1
499 501 1
194 195 1
81 81 1
361 363 1
827 828 0.487833
240 240 1
853 855 1
88 90 1
335 336 1
940 942 1
854 855 1
182 183 1
204 204 1
519 519 1
751 753 1
501 501 1
55 57 1
310 312 1
321 321 0.451945
147 147 0.550034
321 321 1
536 537 1
372 372 1
64 66 1
459 459 1
910 912 1
523 525 1
830 831 1
602 603 1
281 282 0.940389
508 510 0.872977
895 897 1
419 420 0.958383
951 951 1
445 447 1
554 555 1
983 984 1
6 6 1
208 210 1
567 567 1
216 216 1
63 63 1
431 432 1
629 630 0.843561
82 84 0.950591
412 414 1
968 969 0.838573
106 108 1
826 828 1
545 546 1
417 417 1
995 996 0.834714
906 906 1
910 912 1
852 852 0.939874
519 519 1
322 324 1
306 306 0.856137
740 741 0.801058
1000 1002 1
688 690 1
993 993 0.826068
166 168 1
825 825 1
641 642 1
591 591 0.982077
561 561 1
280 282 1
757 759 1
347 348 1
525 525 0.994697
981 981 1
222 222 1
724 726 1
671 672 1
209 210 1
369 369 1
975 975 1
907 909 1
856 858 1
882 882 1
342 342 1
424 426 1
654 654 0.80917
260 261 1
257 258 1
935 936 1
965 966 1
39 39 1
217 219 1
444 444 0.898215
581 582 1
831 831 0.88801
511 513 1
739 741 1
970 972 1
99 99 0.959105
857 858 0.90134
315 315 0.816008
226 228 1
11 12 1
973 975 0.817487
350 351 1
179 180 1
193 195 0.87013
908 909 1
567 567 0.705136
145 147 1
368 369 1
648 648 1
450 450 1
165 165 1
16 18 1
389 390 1
854 855 1
102 102 1
695 696 0.810062
427 429 1
846 846 1
212 213 1
56 57 0.954888
481 483 1
235 237 1
935 936 1
568 570 0.955802
860 861 1
947 948 1
172 174 0.787252
59 60 1
901 903 1
269 270 1
96 96 0.775873
523 525 1
78 78 1
866 867 1
514 516 1
513 513 1
230 231 1
21 21 1
37 39 1
993 993 0.821115
879 879 0.897466
883 885 0.868037
371 372 1
242 243 1
862 864 1
284 285 1
426 426 1
835 837 1
851 852 0.89636
607 609 1
10 12 1
855 855 1
508 510 1
673 675 1
461 462 1
457 459 1
734 735 1
30 30 1
902 903 1
752 753 1
876 876 1
342 342 1
586 588 1
628 630 1
733 735 1
769 771 1
209 210 1
582 582 1
129 129 1
555 555 1
805 807 0.864621
260 261 1
420 420 1
328 330 1
529 531 1
954 954 1
586 588 1
256 258 1
962 963 1
777 777 1
329 330 1
372 372 1
937 939 1
3 3 1
753 753 1
494 495 1
999 999 1
908 909 1
142 144 1
925 927 1
111 111 1
450 450 1
660 660 1
878 879 1
568 570 1
246 246 1
482 483 1
51 51 1
584 585 1
273 273 1
807 807 1
272 273 1
65 66 1
623 624 1
128 129 1
128 129 1
662 663 1
798 798 1
455 456 1
452 453 1
934 936 1
455 456 1
853 855 0.892229
659 660 1
664 666 1
236 237 0.71785
816 816 1
923 924 1
309 309 1
504 504 1
421 423 1
166 168 1
289 291 0.633174
746 747 1
519 519 1
973 975 1
946 948 1
761 762 1
565 567 1
104 105 1
191 192 1
464 465 1
663 663 1
275 276 1
657 657 1
299 300 1
785 786 0.790498
451 453 1
388 390 1
360 360 1
959 960 1
414 414 1
359 360 1
447 447 1
455 456 1
326 327 1
15 15 1
42 42 1
801 801 1
6 6 1
352 354 0.83098
781 783 0.943206
753 753 1
299 300 1
244 246 1
38 39 1
651 651 1
955 957 1
256 258 1
757 759 0.874738
982 984 1
385 387 1
326 327 0.876796
845 846 0.789308
986 987 0.963275
870 870 0.969276
325 327 1
369 369 0.901662
25 27 1
857 858 1
283 285 1
159 159 1
777 777 1
192 192 0.820431
619 621 1
104 105 1
559 561 1
220 222 1
470 471 1
269 270 0.600456
885 885 1
513 513 1
886 888 1
251 252 1
956 957 0.93648
194 195 1
926 927 1
48 48 1
82 84 1
185 186 1
107 108 1
483 483 1
541 543 0.808144
228 228 1
933 933 1
807 807 1
102 102 1
801 801 1
182 183 1
328 330 1
623 624 1
426 426 0.773757
89 90 1
859 861 1
532 534 1
297 297 1
844 846 1
770 771 1
709 711 1
917 918 0.751882
582 582 1
478 480 1
906 906 1
34 36 0.858683
281 282 1
594 594 0.935713
933 933 1
285 285 1
40 42 1
14 15 1
979 981 1
413 414 1
658 660 0.859393
113 114 1
747 747 1
803 804 1
181 183 1
478 480 1
892 894 1
626 627 0.825951
619 621 0.641627
719 720 0.718065
3 3 1
447 447 0.875847
911 912 1
740 741 1
218 219 1
465 465 1
544 546 1
909 909 0.874907
394 396 0.898755
666 666 1
61 63 1
723 723 0.975109
706 708 1
411 411 0.81749
231 231 1
451 453 1
820 822 1
763 765 1
451 453 0.896542
90 90 0.820841
422 423 0.841708
761 762 0.934003
68 69 1
929 930 1
486 486 1
989 990 0.819136
60 60 0.888818
442 444 1
877 879 0.795562
786 786 1
483 483 1
400 402 0.845214
653 654 1
14 15 1
838 840 0.938509
139 141 0.840575
715 717 1
792 792 1
985 987 1
681 681 0.608456
892 894 1
889 891 1
373 375 1
846 846 1
187 189 0.937818
11 12 1
98 99 1
252 252 0.931749
321 321 1
340 342 1
149 150 1
179 180 0.476118
547 549 1
844 846 1
915 915 1
162 162 1
872 873 1
506 507 1
676 678 1
187 189 1
736 738 1
450 450 1
224 225 1
106 108 0.946068
453 453 0.883987
9 9 0.967563
69 69 1
686 687 1
93 93 1
671 672 1
238 240 1
303 303 0.891999
333 333 1
659 660 1
349 351 1
613 615 1
239 240 0.540414
626 627 1
505 507 0.961554
783 783 1
197 198 1
865 867 1
600 600 1
633 633 1
787 789 1
333 333 1
870 870 0.730943
52 54 1
216 216 1
82 84 1
371 372 1
817 819 1
37 39 1
161 162 1
241 243 1
542 543 1
972 972 1
111 111 0.604114
251 252 1
223 225 1
665 666 1
748 750 1
375 375 1
501 501 0.937982
68 69 1
321 321 1
492 492 1
890 891 1
269 270 1
929 930 1
444 444 1
483 483 1
142 144 0.852275
312 312 0.738287
235 237 1
972 972 1
484 486 1
206 207 1
773 774 1
407 408 0.767758
750 750 1
645 645 1
843 843 1
213 213 1
524 525 0.696876
750 750 0.824347
150 150 1
66 66 1
856 858 0.923466
248 249 1
602 603 1
620 621 0.981115
408 408 1
41 42 0.888167
404 405 1
293 294 1
89 90 1
842 843 1
180 180 1
660 660 1
245 246 1
894 894 1
404 405 1
183 183 1
918 918 0.772353
875 876 1
862 864 1
220 222 1
128 129 1
775 777 1
953 954 0.850301
595 597 1
610 612 1
963 963 0.786669
739 741 1
621 621 1
669 669 1
867 867 1
664 666 1
367 369 0.605269
419 420 1
492 492 0.891153
305 306 1
871 873 0.899215
832 834 0.857873
364 366 1
582 582 1
261 261 1
396 396 1
613 615 1
900 900 1
963 963 1
463 465 1
26 27 0.832954
591 591 1
589 591 0.896196
163 165 1
72 72 1
689 690 1
282 282 1
621 621 1
518 519 0.736994
120 120 1
872 873 1
548 549 1
69 69 1
411 411 0.949065
643 645 1
544 546 1
63 63 1
381 381 0.864801
510 510 1
499 501 1
683 684 0.746436
457 459 1
975 975 1
939 939 1
623 624 1
171 171 1
215 216 1
829 831 1
868 870 1
701 702 0.836664
504 504 0.912919
707 708 1
14 15 0.910878
646 648 1
188 189 1
183 183 1
481 483 1
668 669 0.813479
508 510 1
397 399 1
532 534 1
107 108 1
198 198 1
684 684 1
721 723 0.630841
468 468 0.921997
942 942 1
733 735 1
146 147 0.845343
143 144 1
245 246 1
114 114 0.724674
501 501 1
344 345 1
556 558 0.915801
616 618 1
769 771 1
341 342 0.89424
50 51 1
261 261 1
823 825 1
773 774 1
649 651 0.959241
194 195 1
777 777 0.881751
338 339 1
965 966 1
345 345 0.79678
909 909 1
583 585 1
956 957 1
567 567 1
594 594 1
995 996 1
558 558 1
43 45 1
305 306 1
812 813 1
517 519 1
493 495 1
445 447 1
588 588 1
830 831 0.778358
959 960 1
155 156 1
511 513 1
390 390 1
711 711 1
970 972 1
690 690 0.775687
62 63 1
658 660 1
100 102 1
781 783 0.725925
271 273 1
610 612 1
891 891 1
42 42 1
670 672 1
337 339 1
892 894 0.938334
163 165 1
16 18 1
155 156 1
22 24 1
23 24 1
375 375 1
127 129 1
819 819 0.906006
429 429 1
130 132 1
134 135 1
982 984 1
798 798 0.838405
808 810 1
474 474 1
387 387 0.748331
271 273 1
974 975 1
608 609 1
226 228 1
268 270 1
395 396 1
342 342 1
756 756 1
454 456 1
923 924 1
477 477 1
276 276 1
670 672 1
769 771 1
447 447 1
510 510 1
159 159 1
314 315 0.82429
833 834 1
682 684 1
839 840 1
768 768 1
338 339 1
601 603 1
781 783 1
101 102 1
250 252 1
215 216 1
972 972 1
115 117 1
227 228 1
695 696 0.852587
886 888 0.887165
690 690 1
123 123 1
882 882 1
90 90 1
234 234 1
40 42 1
288 288 1
143 144 1
444 444 1
66 66 1
628 630 0.840752
325 327 0.688933
884 885 1
291 291 1
355 357 1
282 282 1
401 402 1
514 516 1
613 615 1
291 291 0.922898
907 909 1
667 669 1
490 492 0.904533
182 183 1
316 318 1
792 792 0.917553
734 735 1
838 840 1
223 225 1
747 747 1
750 750 1
910 912 1
852 852 0.927742
609 609 1
8 9 1
460 462 1
665 666 1
448 450 0.607635
662 663 1
999 999 1
369 369 1
640 642 0.903136
339 339 1
354 354 1
273 273 1
270 270 1
59 60 1
646 648 1
773 774 1
316 318 1
559 561 0.930387
795 795 1
567 567 1
642 642 1
671 672 0.862874
959 960 0.596377
392 393 1
304 306 1
533 534 0.831408
268 270 1
773 774 0.873885
136 138 1
736 738 1
894 894 1
690 690 1
24 24 1
742 744 1
426 426 1
458 459 1
278 279 1
968 969 1
248 249 1
660 660 1
89 90 0.789644
457 459 1
170 171 1
743 744 1
62 63 1
607 609 1
578 579 1
911 912 1
745 747 1
72 72 1
7 9 1
124 126 1
551 552 0.874716
70 72 1
408 408 1
970 972 1
882 882 1
531 531 1
454 456 1
299 300 1
732 732 1
413 414 1
902 903 1
222 222 1
162 162 0.910088
194 195 1
685 687 1
339 339 1
586 588 1
213 213 0.93059
537 537 0.84541
989 990 1
805 807 1
79 81 1
542 543 1
894 894 1
21 21 1
926 927 1
350 351 1
301 303 1
719 720 1
864 864 1
663 663 1
939 939 0.9422
450 450 0.886561
320 321 1
489 489 1
641 642 1
230 231 1
608 609 1
349 351 1
283 285 1
486 486 1
277 279 0.935807
694 696 1
415 417 0.848421
541 543 1
910 912 1
339 339 1
654 654 1
940 942 1
797 798 1
851 852 1
290 291 1
378 378 1
483 483 1
135 135 1
974 975 1
786 786 1
615 615 1
2 3 1
9 9 1
576 576 0.770374
496 498 1
724 726 1
114 114 0.733401
675 675 1
686 687 1
730 732 0.786156
420 420 1
148 150 1
12 12 1
71 72 0.928057
403 405 1
557 558 0.857206
984 984 1
359 360 1
229 231 1
219 219 1
657 657 1
446 447 1
818 819 1
740 741 1
896 897 1
164 165 1
820 822 1
9 9 1
703 705 0.589893
75 75 1
239 240 1
797 798 1
940 942 0.960207
359 360 0.864711
929 930 1
331 333 1
790 792 0.622577
796 798 1
763 765 1
915 915 1
846 846 1
324 324 1
205 207 1
117 117 0.813511
568 570 1
822 822 1
765 765 1
819 819 1
447 447 1
135 135 1
608 609 1
155 156 1
707 708 0.890507
596 597 1
95 96 0.778283
339 339 1
294 294 1
349 351 1
644 645 1
435 435 1
778 780 1
268 270 1
337 339 1
198 198 0.913911
860 861 1
619 621 1
479 480 1
152 153 1
404 405 1
49 51 0.845876
884 885 1
656 657 1
2 3 1
797 798 1
715 717 0.778372
143 144 1
258 258 1
57 57 1
328 330 1
568 570 1
80 81 1
112 114 0.70707
697 699 0.925378
733 735 1
452 453 1
879 879 1
637 639 1
351 351 1
703 705 1
599 600 0.702862
752 753 1
342 342 1
500 501 1
785 786 1
789 789 1
709 711 1
551 552 1
848 849 0.910097
378 378 1
799 801 1
769 771 1
458 459 1
215 216 1
676 678 0.798858
777 777 0.8817
527 528 1
478 480 1
340 342 1
908 909 0.926084
688 690 0.970944
900 900 1
906 906 0.882999
725 726 1
