5000 160455
60 100 0.843246
270 450 1
55 155 1
33 93 1
11 31 1
180 300 0.921189
33 93 1
44 124 1
60 100 1
120 200 1
240 400 1
150 250 0.741981
55 155 0.830426
11 31 1
300 500 1
22 62 1
60 100 1
11 31 0.809917
88 248 0.715107
11 31 1
44 124 1
55 155 1
77 217 1
88 248 1
90 150 0.825527
88 248 1
44 124 1
22 62 1
11 31 1
88 248 1
66 186 1
270 450 1
270 450 1
120 200 0.832253
270 450 0.75693
180 300 1
88 248 1
120 200 1
120 200 1
240 400 1
88 248 1
22 62 1
180 300 1
22 62 1
30 50 0.963913
77 217 1
33 93 0.79688
66 186 1
77 217 0.82203
60 100 1
44 124 1
120 200 1
99 279 0.63291
150 250 1
99 279 1
99 279 1
110 310 1
66 186 1
44 124 1
120 200 1
90 150 1
30 50 0.970055
110 310 0.943197
11 31 1
180 300 0.690092
300 500 1
240 400 1
60 100 1
33 93 1
22 62 1
240 400 1
240 400 1
120 200 1
150 250 1
77 217 1
90 150 1
55 155 1
33 93 1
180 300 1
77 217 1
22 62 1
22 62 1
150 250 1
270 450 1
240 400 1
270 450 1
66 186 0.941578
300 500 1
60 100 1
44 124 1
240 400 1
77 217 1
55 155 1
60 100 0.632636
55 155 1
90 150 1
60 100 0.716245
33 93 1
120 200 1
210 350 1
110 310 1
88 248 1
120 200 0.890892
22 62 1
11 31 0.790017
11 31 1
300 500 1
300 500 1
11 31 1
22 62 1
99 279 1
30 50 1
30 50 1
90 150 1
110 310 1
22 62 1
120 200 0.921957
150 250 1
44 124 1
99 279 1
30 50 1
44 124 1
77 217 1
22 62 1
44 124 1
77 217 1
60 100 1
44 124 0.915282
22 62 1
33 93 1
66 186 1
240 400 0.737306
60 100 1
110 310 1
180 300 1
300 500 1
180 300 1
77 217 0.777068
66 186 1
44 124 0.676799
210 350 0.841297
22 62 1
77 217 0.790013
88 248 0.890326
55 155 1
110 310 1
270 450 1
77 217 1
88 248 0.901702
77 217 1
66 186 1
150 250 1
44 124 0.923186
88 248 1
120 200 0.869268
11 31 1
44 124 0.937632
150 250 1
150 250 0.83017
77 217 1
77 217 1
150 250 1
210 350 1
150 250 1
30 50 1
110 310 1
120 200 1
240 400 1
66 186 1
22 62 1
30 50 1
30 50 1
110 310 1
150 250 1
90 150 1
90 150 1
60 100 1
270 450 1
77 217 1
33 93 1
110 310 1
300 500 1
30 50 0.916581
300 500 1
60 100 1
300 500 1
30 50 1
55 155 1
30 50 1
60 100 1
60 100 1
22 62 0.872709
240 400 1
99 279 1
99 279 0.889492
110 310 1
300 500 1
180 300 1
99 279 1
44 124 0.845034
77 217 1
11 31 1
33 93 1
30 50 1
44 124 0.819797
55 155 0.797425
60 100 0.863123
240 400 1
77 217 1
44 124 1
11 31 1
44 124 1
90 150 1
66 186 1
270 450 1
30 50 1
88 248 1
44 124 1
30 50 0.879153
99 279 1
30 50 1
180 300 1
110 310 1
88 248 1
60 100 1
77 217 1
30 50 1
11 31 1
150 250 1
110 310 0.992114
33 93 1
150 250 0.785115
120 200 0.893609
88 248 1
90 150 1
60 100 1
110 310 1
33 93 1
270 450 0.957445
33 93 1
240 400 1
180 300 1
55 155 1
110 310 1
33 93 1
22 62 1
88 248 1
30 50 1
90 150 1
90 150 1
77 217 1
150 250 0.605471
60 100 1
99 279 1
66 186 1
11 31 1
88 248 1
300 500 1
60 100 0.75996
120 200 1
30 50 1
66 186 1
77 217 1
150 250 0.938724
150 250 1
77 217 0.917818
22 62 1
33 93 1
120 200 1
180 300 1
210 350 1
66 186 0.873824
120 200 1
55 155 1
180 300 1
210 350 0.723872
180 300 1
180 300 1
55 155 1
11 31 0.946951
88 248 1
11 31 0.791146
11 31 1
60 100 1
180 300 1
150 250 1
110 310 0.776326
30 50 0.746151
150 250 1
300 500 0.817446
88 248 1
30 50 1
22 62 1
110 310 1
99 279 0.937745
33 93 1
120 200 0.847476
22 62 0.674555
210 350 1
300 500 1
180 300 1
99 279 0.887673
120 200 1
240 400 1
77 217 1
55 155 1
110 310 1
77 217 1
60 100 1
77 217 0.899197
77 217 0.916878
44 124 1
180 300 1
240 400 0.633618
99 279 0.837996
210 350 1
30 50 1
180 300 1
180 300 1
99 279 1
88 248 0.821032
11 31 1
33 93 1
66 186 1
66 186 0.767186
60 100 1
33 93 1
88 248 0.914055
120 200 1
44 124 1
300 500 0.897964
22 62 1
180 300 0.89207
180 300 1
300 500 1
150 250 1
90 150 0.729308
180 300 1
150 250 1
270 450 0.965265
120 200 1
60 100 1
240 400 1
110 310 1
90 150 1
11 31 1
120 200 0.913634
88 248 1
150 250 0.862669
60 100 1
110 310 1
300 500 1
180 300 1
60 100 1
180 300 0.527196
66 186 1
99 279 1
22 62 1
88 248 1
11 31 1
30 50 1
77 217 0.89082
55 155 1
180 300 1
300 500 0.80839
60 100 1
77 217 1
88 248 0.725142
55 155 0.775445
33 93 1
240 400 0.742697
33 93 1
60 100 1
270 450 1
120 200 0.940553
110 310 0.659046
110 310 1
44 124 1
30 50 1
30 50 1
180 300 1
11 31 1
270 450 1
120 200 1
110 310 1
99 279 0.900544
110 310 1
90 150 1
55 155 1
22 62 0.755363
55 155 1
150 250 1
150 250 1
210 350 1
77 217 1
77 217 1
240 400 1
66 186 1
11 31 1
240 400 0.79512
270 450 1
150 250 1
66 186 1
150 250 0.786718
33 93 0.775512
55 155 0.90542
11 31 0.981048
270 450 1
11 31 1
88 248 1
88 248 1
180 300 1
88 248 1
90 150 0.660497
110 310 0.769367
11 31 1
60 100 1
44 124 0.963382
99 279 1
270 450 1
66 186 1
88 248 1
88 248 0.964257
180 300 1
90 150 0.946743
99 279 1
11 31 1
180 300 1
90 150 1
30 50 1
60 100 1
180 300 1
270 450 1
210 350 1
180 300 1
270 450 1
99 279 1
11 31 0.93518
44 124 0.773129
11 31 1
30 50 1
11 31 1
240 400 0.845254
270 450 1
77 217 1
60 100 1
77 217 1
99 279 1
150 250 1
180 300 1
11 31 0.928357
22 62 1
300 500 1
55 155 0.825986
77 217 1
210 350 1
60 100 1
30 50 1
210 350 0.898749
99 279 1
150 250 1
30 50 1
44 124 1
300 500 0.69957
88 248 1
33 93 1
120 200 0.849219
150 250 1
30 50 0.631751
66 186 1
180 300 1
150 250 1
120 200 1
270 450 0.828802
110 310 1
270 450 1
44 124 0.896364
66 186 1
300 500 1
210 350 0.921851
11 31 1
55 155 1
33 93 0.96347
66 186 1
150 250 1
90 150 1
210 350 1
270 450 1
210 350 1
30 50 1
77 217 1
30 50 1
11 31 1
300 500 1
120 200 1
30 50 1
77 217 1
240 400 1
88 248 1
120 200 1
77 217 1
66 186 1
33 93 1
30 50 1
30 50 1
30 50 1
180 300 0.832694
60 100 0.830952
240 400 1
30 50 0.569503
30 50 0.824572
120 200 1
99 279 1
90 150 1
240 400 1
60 100 1
270 450 1
300 500 1
88 248 1
11 31 1
55 155 1
77 217 1
88 248 0.932166
180 300 1
99 279 1
88 248 1
110 310 1
150 250 1
300 500 1
210 350 1
33 93 0.733822
60 100 1
44 124 0.713264
44 124 1
210 350 1
22 62 1
120 200 1
270 450 1
22 62 1
180 300 1
270 450 1
88 248 1
99 279 0.956325
66 186 1
270 450 1
77 217 1
11 31 0.905504
110 310 1
120 200 1
30 50 1
270 450 0.899074
60 100 1
88 248 0.984486
60 100 0.919409
150 250 1
66 186 1
33 93 1
210 350 0.738923
300 500 0.82998
88 248 1
90 150 1
110 310 1
300 500 1
33 93 1
180 300 1
33 93 1
99 279 1
22 62 1
180 300 1
270 450 0.930004
150 250 1
30 50 1
300 500 1
22 62 1
55 155 1
11 31 1
120 200 1
30 50 0.852591
60 100 1
120 200 1
22 62 1
90 150 1
44 124 1
44 124 1
240 400 1
55 155 1
120 200 1
55 155 1
180 300 1
240 400 1
270 450 1
55 155 1
99 279 0.933978
55 155 1
120 200 1
55 155 1
99 279 1
99 279 1
99 279 1
11 31 0.906611
30 50 1
99 279 1
66 186 1
210 350 1
30 50 1
270 450 1
150 250 1
240 400 1
55 155 1
11 31 1
210 350 1
22 62 1
90 150 1
77 217 1
77 217 1
110 310 1
180 300 1
55 155 1
120 200 1
44 124 1
66 186 1
300 500 1
210 350 1
11 31 0.690225
88 248 1
60 100 1
55 155 1
60 100 1
99 279 1
210 350 1
270 450 1
300 500 1
300 500 1
11 31 1
33 93 1
90 150 1
60 100 1
22 62 1
120 200 1
270 450 1
210 350 1
240 400 0.705761
30 50 1
88 248 1
44 124 1
77 217 1
270 450 1
270 450 1
88 248 1
180 300 0.894884
44 124 1
77 217 1
88 248 1
55 155 0.784977
44 124 1
300 500 1
22 62 0.78104
150 250 1
77 217 1
90 150 1
66 186 0.877554
300 500 1
270 450 1
77 217 0.909737
66 186 1
240 400 1
88 248 1
210 350 1
44 124 0.690058
270 450 1
300 500 0.947879
180 300 0.902286
77 217 0.588147
99 279 1
150 250 1
77 217 1
77 217 1
180 300 0.932704
110 310 1
240 400 1
300 500 1
180 300 0.936126
120 200 1
44 124 1
150 250 1
120 200 0.777039
110 310 1
270 450 1
88 248 1
11 31 1
270 450 1
99 279 0.837621
270 450 1
44 124 0.841842
90 150 1
30 50 1
22 62 1
30 50 1
44 124 1
55 155 1
30 50 1
99 279 1
77 217 1
180 300 1
60 100 1
150 250 1
88 248 1
55 155 1
33 93 1
33 93 1
210 350 1
240 400 1
99 279 0.772284
33 93 1
210 350 1
33 93 1
33 93 0.875153
210 350 0.949541
270 450 1
30 50 1
44 124 1
77 217 0.615213
90 150 0.939837
22 62 1
66 186 1
240 400 1
90 150 1
44 124 1
270 450 1
44 124 1
240 400 0.90198
210 350 1
88 248 1
11 31 0.689468
300 500 1
11 31 1
33 93 1
33 93 1
120 200 1
88 248 1
90 150 1
180 300 1
55 155 0.887883
99 279 1
30 50 0.755252
88 248 1
77 217 1
44 124 1
110 310 0.723942
55 155 1
150 250 0.936116
90 150 1
11 31 1
90 150 1
110 310 0.856308
22 62 0.935617
180 300 0.881513
30 50 1
30 50 1
99 279 1
120 200 0.687324
55 155 0.922123
30 50 1
270 450 1
11 31 1
22 62 1
210 350 1
300 500 1
210 350 1
300 500 1
77 217 1
180 300 1
11 31 1
66 186 0.934942
88 248 1
88 248 1
55 155 1
60 100 1
120 200 1
44 124 1
60 100 1
150 250 1
150 250 1
60 100 1
99 279 1
270 450 1
33 93 1
33 93 1
300 500 1
90 150 1
55 155 0.895738
33 93 1
88 248 1
240 400 1
270 450 1
240 400 0.669505
44 124 1
210 350 1
33 93 1
55 155 1
270 450 1
99 279 1
55 155 1
270 450 1
110 310 1
88 248 1
240 400 1
44 124 1
90 150 1
180 300 1
22 62 1
240 400 1
55 155 0.907106
110 310 1
77 217 0.649001
77 217 1
150 250 1
210 350 1
300 500 0.829412
44 124 1
120 200 1
90 150 1
55 155 1
180 300 1
120 200 1
210 350 1
88 248 1
88 248 1
210 350 1
110 310 1
99 279 1
11 31 1
66 186 1
99 279 1
77 217 1
22 62 1
77 217 0.800435
55 155 1
210 350 1
120 200 1
33 93 1
110 310 1
77 217 1
240 400 1
150 250 1
99 279 0.641925
150 250 1
60 100 0.919834
150 250 1
33 93 1
60 100 1
33 93 0.902327
44 124 1
66 186 1
270 450 1
90 150 1
150 250 1
77 217 1
55 155 1
33 93 1
44 124 1
55 155 1
90 150 1
30 50 1
77 217 1
300 500 1
22 62 1
150 250 1
66 186 1
55 155 0.836569
88 248 1
210 350 1
66 186 0.915002
66 186 1
77 217 1
11 31 1
300 500 0.754599
60 100 0.942227
110 310 0.886826
120 200 1
110 310 0.825654
110 310 1
210 350 0.926027
30 50 1
240 400 1
300 500 1
270 450 1
11 31 1
11 31 0.828014
110 310 1
55 155 1
77 217 1
11 31 1
77 217 1
150 250 1
90 150 1
120 200 1
110 310 1
150 250 1
60 100 0.913552
30 50 0.860456
44 124 1
90 150 1
30 50 0.734047
300 500 0.979979
240 400 1
11 31 0.941168
44 124 1
110 310 1
55 155 1
300 500 1
44 124 1
33 93 1
110 310 1
110 310 1
88 248 0.720492
88 248 1
240 400 1
120 200 1
270 450 0.890734
270 450 0.762872
240 400 0.764873
270 450 1
22 62 1
270 450 1
55 155 1
99 279 1
88 248 1
120 200 1
150 250 0.890137
33 93 1
11 31 1
66 186 0.531898
90 150 1
55 155 1
150 250 1
150 250 0.897685
60 100 0.863583
77 217 1
33 93 0.897336
77 217 1
33 93 1
55 155 1
99 279 0.871114
99 279 0.932469
77 217 1
99 279 1
300 500 0.982624
88 248 1
11 31 1
66 186 1
60 100 1
210 350 1
120 200 1
33 93 1
22 62 0.96502
88 248 0.830689
88 248 0.949362
44 124 1
110 310 1
99 279 0.900887
150 250 1
60 100 0.631691
22 62 1
150 250 1
210 350 0.75618
150 250 0.814256
22 62 1
240 400 1
30 50 1
22 62 0.961909
210 350 0.981223
110 310 1
55 155 0.89448
44 124 1
60 100 1
33 93 1
44 124 1
11 31 1
240 400 0.957639
110 310 1
11 31 0.819569
270 450 1
88 248 1
22 62 1
120 200 1
77 217 1
60 100 0.846356
99 279 1
270 450 0.820131
44 124 1
150 250 1
60 100 1
11 31 1
60 100 1
11 31 1
120 200 1
99 279 0.778114
180 300 0.717476
150 250 1
22 62 1
90 150 1
55 155 1
210 350 1
22 62 0.874361
60 100 1
120 200 0.769466
150 250 1
60 100 0.728055
66 186 0.736737
99 279 1
55 155 1
240 400 1
99 279 1
66 186 1
44 124 0.895175
240 400 1
300 500 0.87305
240 400 1
88 248 1
88 248 0.933547
240 400 1
11 31 0.708757
11 31 1
33 93 1
180 300 1
150 250 0.770168
77 217 1
11 31 1
120 200 1
55 155 0.781016
210 350 1
99 279 1
110 310 1
44 124 0.81939
30 50 1
90 150 0.927534
11 31 1
210 350 1
77 217 0.849918
99 279 1
60 100 1
210 350 1
33 93 0.968345
110 310 0.810398
110 310 1
120 200 1
88 248 1
300 500 0.767202
77 217 1
30 50 1
60 100 0.668264
270 450 1
30 50 1
33 93 0.950308
110 310 0.849382
270 450 0.894719
150 250 0.908021
66 186 0.955971
180 300 0.93159
22 62 0.723012
66 186 1
33 93 1
210 350 1
99 279 1
11 31 1
66 186 1
30 50 1
300 500 1
88 248 1
270 450 1
30 50 1
90 150 1
300 500 1
22 62 1
33 93 1
110 310 0.865889
77 217 1
77 217 0.827124
240 400 0.93486
33 93 1
77 217 1
60 100 1
66 186 1
11 31 0.966247
30 50 1
240 400 1
30 50 1
44 124 1
22 62 1
300 500 0.874554
300 500 1
99 279 1
66 186 1
300 500 1
180 300 1
55 155 1
99 279 1
88 248 1
90 150 1
30 50 1
110 310 1
210 350 1
44 124 1
55 155 1
270 450 1
110 310 1
77 217 1
44 124 1
44 124 1
33 93 1
120 200 1
66 186 1
66 186 1
33 93 1
88 248 0.953706
300 500 0.911337
66 186 1
66 186 1
240 400 1
120 200 1
33 93 1
44 124 1
99 279 0.892203
270 450 1
30 50 0.927069
44 124 1
180 300 1
150 250 1
110 310 1
22 62 0.891159
77 217 1
110 310 1
300 500 1
300 500 1
11 31 1
99 279 1
180 300 0.857148
60 100 1
60 100 0.570055
77 217 1
22 62 1
110 310 0.709991
180 300 1
210 350 1
55 155 1
210 350 1
90 150 1
210 350 0.922194
88 248 1
66 186 0.917174
22 62 0.451374
240 400 1
300 500 1
30 50 1
210 350 1
120 200 1
99 279 0.832552
88 248 1
120 200 1
270 450 1
99 279 1
110 310 1
88 248 1
88 248 1
66 186 1
300 500 1
88 248 0.954591
240 400 1
30 50 1
44 124 1
22 62 1
99 279 1
60 100 0.920898
210 350 1
55 155 1
300 500 1
22 62 1
30 50 1
90 150 1
270 450 0.854916
55 155 1
300 500 1
22 62 1
11 31 1
120 200 1
240 400 1
11 31 1
270 450 1
150 250 0.859307
77 217 1
77 217 1
240 400 1
99 279 1
11 31 1
110 310 0.869687
77 217 1
55 155 0.74549
11 31 0.850782
88 248 1
300 500 1
240 400 1
110 310 1
88 248 1
77 217 1
300 500 1
150 250 1
33 93 1
60 100 1
33 93 1
55 155 0.946519
300 500 1
120 200 0.856378
210 350 1
44 124 0.885575
30 50 1
44 124 0.917868
22 62 1
120 200 1
55 155 1
22 62 1
300 500 1
33 93 1
33 93 1
110 310 1
150 250 1
44 124 1
90 150 1
120 200 1
120 200 1
22 62 0.923447
240 400 1
110 310 1
77 217 1
60 100 1
77 217 1
150 250 1
55 155 1
44 124 1
90 150 1
300 500 1
77 217 1
240 400 1
66 186 1
210 350 1
44 124 1
99 279 0.767195
110 310 0.754771
60 100 1
77 217 1
110 310 0.876759
33 93 1
180 300 1
180 300 1
110 310 1
77 217 1
66 186 1
55 155 0.933893
270 450 1
30 50 1
77 217 0.77067
55 155 1
150 250 1
90 150 0.668597
66 186 1
88 248 0.980009
88 248 1
150 250 1
240 400 0.639504
240 400 1
88 248 1
66 186 0.827379
30 50 1
88 248 1
55 155 1
11 31 1
55 155 1
60 100 1
90 150 0.765948
77 217 0.85133
240 400 0.82781
11 31 1
180 300 1
11 31 0.806744
30 50 1
110 310 1
44 124 1
99 279 0.898591
300 500 1
150 250 1
30 50 1
77 217 0.87455
110 310 1
210 350 0.632323
66 186 1
22 62 0.876001
150 250 0.899181
22 62 1
110 310 1
110 310 1
120 200 0.920657
44 124 1
180 300 0.856588
99 279 1
240 400 0.749801
22 62 1
110 310 1
120 200 0.864822
66 186 1
110 310 1
110 310 1
90 150 0.795256
210 350 1
120 200 1
99 279 1
33 93 0.839755
210 350 1
270 450 1
240 400 1
270 450 1
99 279 1
55 155 1
44 124 1
55 155 0.860726
270 450 1
270 450 1
60 100 1
110 310 1
99 279 1
11 31 1
22 62 0.985947
11 31 1
55 155 1
33 93 1
55 155 1
210 350 1
11 31 1
110 310 1
55 155 1
210 350 0.764303
44 124 0.837146
90 150 0.656265
99 279 1
30 50 1
150 250 1
300 500 1
240 400 1
33 93 0.547161
60 100 0.895727
270 450 1
99 279 1
66 186 1
11 31 1
66 186 1
120 200 1
22 62 1
44 124 1
99 279 1
120 200 1
300 500 1
240 400 0.877721
110 310 0.890007
88 248 1
88 248 1
90 150 1
90 150 1
210 350 1
22 62 1
22 62 1
88 248 1
33 93 1
90 150 1
270 450 1
110 310 1
55 155 1
11 31 1
240 400 1
30 50 0.849335
90 150 1
180 300 0.7854
33 93 1
150 250 1
11 31 0.813542
90 150 1
30 50 1
110 310 1
150 250 1
33 93 1
210 350 1
240 400 0.765727
110 310 0.992433
60 100 1
11 31 1
77 217 1
88 248 1
210 350 1
60 100 0.897121
99 279 1
88 248 1
33 93 1
22 62 1
44 124 1
30 50 0.70863
33 93 1
90 150 1
55 155 1
99 279 0.691025
44 124 1
210 350 1
120 200 1
110 310 1
88 248 1
60 100 1
44 124 1
180 300 1
300 500 1
66 186 1
99 279 1
11 31 1
22 62 1
44 124 1
77 217 0.791001
110 310 0.832184
30 50 1
300 500 1
180 300 1
270 450 0.87409
120 200 1
120 200 1
120 200 1
88 248 1
150 250 1
240 400 1
66 186 1
33 93 1
44 124 1
270 450 1
55 155 1
110 310 1
300 500 1
270 450 1
44 124 0.851196
44 124 0.907438
90 150 1
60 100 1
150 250 1
30 50 1
66 186 1
150 250 1
88 248 1
240 400 1
99 279 1
120 200 1
88 248 1
60 100 1
44 124 0.903166
33 93 1
300 500 1
30 50 1
55 155 1
210 350 1
270 450 1
120 200 0.867124
240 400 1
11 31 0.842068
270 450 0.871725
66 186 1
300 500 1
44 124 1
90 150 1
300 500 0.715938
110 310 1
77 217 1
11 31 1
240 400 1
22 62 1
150 250 1
44 124 1
99 279 1
22 62 0.641635
90 150 1
33 93 1
270 450 0.853191
77 217 0.738102
11 31 1
240 400 0.742536
270 450 1
30 50 1
77 217 1
270 450 1
33 93 0.889634
180 300 1
33 93 1
210 350 1
99 279 1
90 150 0.877407
55 155 1
99 279 1
150 250 1
66 186 1
180 300 1
88 248 0.83182
270 450 1
60 100 1
99 279 1
33 93 0.709672
11 31 1
22 62 1
22 62 1
55 155 1
110 310 1
77 217 0.915988
11 31 1
60 100 1
270 450 1
66 186 1
110 310 1
110 310 1
180 300 1
33 93 1
30 50 0.910213
55 155 1
110 310 0.858162
33 93 1
300 500 1
88 248 0.717858
150 250 1
22 62 1
30 50 0.904881
180 300 1
88 248 1
66 186 0.622315
300 500 0.848757
22 62 1
99 279 1
240 400 1
300 500 1
88 248 1
99 279 1
270 450 1
33 93 1
180 300 1
44 124 0.874753
180 300 0.405914
60 100 1
270 450 1
77 217 1
180 300 1
150 250 1
88 248 1
77 217 1
30 50 1
210 350 1
66 186 1
88 248 1
210 350 1
66 186 1
210 350 1
44 124 0.916458
44 124 1
44 124 1
150 250 1
33 93 0.596498
150 250 1
60 100 1
210 350 1
110 310 0.9164
90 150 1
270 450 1
66 186 0.916704
110 310 1
300 500 1
33 93 1
66 186 1
210 350 1
110 310 1
210 350 0.62484
210 350 0.801611
55 155 0.639458
270 450 1
66 186 1
11 31 1
88 248 1
60 100 1
55 155 0.767641
180 300 1
300 500 1
88 248 1
55 155 1
150 250 1
55 155 1
33 93 0.924072
150 250 1
44 124 1
150 250 1
180 300 1
77 217 1
55 155 1
90 150 1
270 450 1
77 217 1
88 248 1
11 31 0.611607
150 250 1
180 300 1
30 50 1
120 200 0.897116
90 150 0.858156
33 93 1
90 150 0.701481
150 250 1
99 279 1
66 186 1
300 500 1
44 124 1
99 279 1
88 248 1
180 300 0.886107
44 124 0.861764
22 62 1
270 450 1
180 300 1
270 450 0.853557
11 31 1
66 186 1
33 93 0.72329
99 279 1
90 150 1
55 155 1
77 217 0.939306
180 300 1
33 93 1
44 124 1
44 124 1
60 100 1
44 124 0.528155
300 500 1
90 150 1
110 310 1
22 62 1
110 310 1
22 62 1
22 62 1
90 150 1
99 279 1
150 250 1
120 200 1
150 250 1
88 248 1
99 279 1
60 100 1
33 93 1
60 100 1
33 93 1
30 50 1
90 150 1
11 31 1
30 50 1
33 93 1
210 350 0.932256
55 155 0.932401
33 93 1
77 217 0.897528
210 350 1
110 310 1
44 124 1
44 124 1
66 186 0.869743
11 31 1
33 93 0.870285
33 93 0.984912
300 500 1
55 155 1
88 248 1
77 217 1
11 31 1
120 200 1
99 279 0.935153
88 248 1
150 250 1
11 31 0.908141
99 279 1
120 200 1
33 93 1
90 150 1
210 350 1
44 124 1
11 31 0.744708
150 250 1
44 124 0.722625
88 248 1
30 50 1
90 150 0.94486
11 31 0.785808
30 50 1
66 186 1
88 248 0.958014
99 279 1
60 100 1
270 450 0.952917
180 300 1
110 310 1
150 250 1
88 248 0.823956
66 186 1
60 100 1
110 310 1
60 100 1
300 500 0.403066
90 150 1
300 500 1
77 217 1
22 62 1
300 500 1
120 200 1
30 50 1
22 62 1
180 300 1
11 31 0.878985
120 200 0.716207
66 186 1
240 400 1
88 248 1
33 93 1
33 93 0.82337
180 300 1
150 250 1
90 150 1
55 155 1
77 217 0.899474
240 400 1
22 62 1
55 155 1
99 279 1
88 248 1
90 150 1
60 100 1
90 150 1
30 50 1
99 279 1
210 350 1
22 62 1
22 62 1
60 100 1
99 279 1
60 100 0.655025
120 200 1
210 350 0.715742
22 62 0.962833
90 150 1
44 124 1
180 300 1
88 248 0.989284
180 300 1
99 279 1
11 31 0.806693
77 217 1
210 350 1
150 250 1
180 300 1
44 124 1
99 279 1
90 150 1
120 200 1
55 155 0.816521
11 31 1
210 350 1
60 100 1
55 155 1
99 279 1
270 450 1
210 350 1
77 217 1
150 250 0.703751
30 50 0.726038
55 155 1
77 217 1
99 279 1
55 155 1
11 31 1
120 200 1
30 50 1
210 350 1
99 279 0.906363
210 350 0.950312
66 186 1
99 279 1
11 31 1
30 50 1
210 350 1
33 93 0.874799
44 124 1
44 124 1
99 279 1
210 350 1
60 100 1
33 93 1
44 124 1
77 217 1
99 279 1
22 62 1
88 248 1
270 450 1
99 279 1
88 248 1
120 200 1
180 300 1
33 93 0.788007
60 100 0.70133
66 186 1
240 400 0.992539
30 50 1
60 100 0.831599
88 248 1
150 250 1
11 31 1
270 450 1
22 62 0.868373
88 248 1
90 150 1
77 217 1
44 124 1
88 248 1
300 500 1
300 500 1
99 279 1
33 93 1
90 150 1
99 279 1
120 200 1
88 248 1
30 50 1
77 217 1
90 150 0.945991
33 93 1
33 93 0.902057
66 186 1
11 31 1
90 150 1
270 450 1
150 250 1
90 150 0.976151
180 300 1
60 100 1
30 50 1
11 31 1
55 155 1
33 93 1
90 150 0.905042
30 50 1
180 300 1
120 200 1
55 155 1
210 350 0.945307
300 500 1
210 350 1
210 350 1
30 50 1
300 500 1
33 93 1
120 200 1
66 186 1
210 350 1
30 50 1
99 279 1
120 200 1
110 310 0.799851
60 100 1
77 217 1
150 250 1
44 124 1
30 50 1
300 500 0.973496
66 186 1
77 217 0.84751
44 124 1
66 186 1
33 93 1
88 248 0.912021
270 450 1
150 250 0.913703
11 31 0.662209
33 93 1
110 310 0.932388
90 150 1
150 250 1
150 250 0.754552
88 248 1
33 93 1
30 50 1
120 200 1
270 450 1
30 50 1
90 150 1
180 300 1
55 155 0.94848
60 100 1
55 155 1
90 150 1
60 100 1
210 350 1
33 93 1
110 310 1
66 186 1
110 310 1
240 400 1
33 93 1
66 186 1
11 31 1
44 124 1
210 350 1
300 500 0.630285
270 450 1
120 200 0.889086
90 150 1
55 155 0.957979
55 155 1
22 62 1
22 62 1
90 150 1
44 124 1
300 500 1
77 217 1
30 50 0.646524
22 62 1
44 124 1
90 150 1
30 50 1
150 250 0.940714
22 62 0.852394
22 62 1
11 31 1
60 100 1
66 186 1
88 248 1
150 250 1
120 200 0.832023
90 150 1
180 300 0.71907
33 93 1
240 400 1
90 150 1
33 93 0.942196
90 150 0.715031
300 500 1
30 50 1
180 300 1
55 155 1
270 450 1
77 217 1
110 310 1
33 93 1
30 50 1
150 250 1
110 310 1
90 150 1
77 217 0.757492
88 248 0.764574
270 450 1
22 62 1
55 155 0.703875
33 93 0.740796
150 250 0.733246
180 300 1
44 124 1
90 150 0.724378
120 200 1
180 300 1
270 450 1
110 310 0.959826
55 155 1
22 62 1
90 150 1
77 217 1
180 300 1
33 93 1
120 200 1
99 279 1
55 155 1
30 50 0.705611
270 450 1
33 93 1
270 450 0.887045
66 186 1
300 500 1
66 186 1
120 200 1
33 93 1
120 200 0.880472
270 450 0.955985
240 400 1
120 200 1
77 217 1
77 217 0.882089
11 31 1
30 50 0.598409
60 100 1
110 310 1
180 300 1
300 500 1
110 310 1
150 250 1
210 350 1
110 310 1
180 300 1
22 62 1
22 62 1
44 124 1
240 400 1
11 31 1
120 200 0.836333
30 50 0.655555
55 155 1
55 155 0.739699
55 155 1
110 310 1
60 100 1
77 217 0.906524
99 279 0.816362
90 150 1
99 279 0.845821
240 400 1
77 217 1
44 124 1
240 400 1
300 500 1
90 150 1
33 93 1
33 93 1
99 279 1
66 186 1
99 279 1
120 200 1
44 124 1
11 31 1
270 450 1
33 93 1
99 279 1
22 62 1
55 155 0.9083
180 300 1
66 186 1
120 200 0.925928
11 31 0.905704
270 450 1
11 31 1
210 350 0.736455
88 248 1
90 150 0.798011
88 248 1
60 100 1
66 186 1
180 300 0.840716
120 200 1
44 124 1
270 450 0.931476
11 31 1
60 100 1
77 217 1
150 250 1
99 279 1
33 93 1
11 31 0.957402
88 248 1
110 310 1
120 200 1
110 310 1
88 248 1
44 124 1
90 150 1
150 250 1
110 310 1
99 279 1
33 93 1
240 400 0.925909
90 150 1
240 400 0.971902
30 50 1
33 93 0.717568
99 279 1
240 400 1
270 450 1
110 310 1
22 62 1
30 50 0.860494
150 250 0.927007
210 350 1
55 155 1
30 50 1
240 400 0.849311
120 200 1
22 62 1
90 150 1
60 100 0.974483
120 200 1
33 93 1
150 250 1
110 310 0.874605
110 310 1
270 450 0.636762
120 200 1
33 93 1
77 217 1
99 279 1
77 217 0.90782
270 450 0.657968
44 124 1
55 155 1
22 62 1
120 200 1
110 310 1
210 350 0.805017
210 350 1
90 150 1
33 93 1
210 350 0.892855
210 350 1
110 310 1
44 124 1
77 217 1
44 124 1
270 450 1
44 124 1
90 150 1
90 150 1
110 310 1
99 279 0.680772
55 155 1
240 400 1
210 350 1
90 150 0.819069
110 310 0.968391
66 186 1
110 310 1
180 300 1
22 62 1
90 150 1
30 50 0.66831
66 186 0.750767
120 200 1
120 200 1
240 400 1
66 186 0.707466
33 93 1
90 150 1
22 62 0.63091
11 31 1
210 350 1
11 31 1
66 186 0.853378
90 150 1
66 186 1
60 100 1
99 279 1
90 150 1
120 200 1
88 248 1
33 93 0.968725
300 500 1
270 450 1
90 150 1
22 62 0.961016
90 150 1
33 93 1
120 200 1
88 248 1
66 186 1
99 279 1
22 62 1
210 350 0.832
150 250 1
270 450 1
270 450 1
55 155 1
210 350 1
300 500 1
77 217 1
11 31 1
30 50 1
240 400 1
210 350 1
33 93 1
55 155 1
210 350 1
120 200 1
150 250 1
55 155 1
88 248 1
60 100 1
120 200 1
90 150 1
33 93 1
210 350 1
120 200 0.897833
210 350 1
30 50 1
270 450 1
270 450 1
180 300 1
99 279 1
33 93 1
210 350 1
22 62 1
60 100 1
30 50 1
90 150 1
120 200 1
90 150 1
66 186 1
120 200 1
180 300 1
99 279 0.961288
22 62 1
99 279 1
33 93 1
270 450 1
22 62 1
88 248 0.851338
22 62 1
270 450 1
44 124 1
240 400 1
77 217 1
300 500 0.810087
66 186 1
66 186 1
110 310 0.73952
60 100 0.899858
120 200 1
66 186 1
55 155 1
120 200 1
270 450 1
90 150 0.85799
30 50 1
300 500 1
33 93 1
99 279 1
240 400 1
150 250 1
30 50 1
150 250 1
240 400 1
22 62 1
22 62 1
210 350 0.8492
60 100 1
33 93 1
120 200 1
270 450 1
22 62 1
270 450 1
44 124 1
300 500 1
77 217 0.947677
270 450 1
33 93 1
240 400 0.842276
55 155 1
270 450 1
90 150 1
60 100 0.736499
33 93 1
99 279 1
77 217 1
150 250 0.84038
77 217 1
90 150 1
22 62 1
180 300 1
99 279 1
30 50 1
90 150 1
99 279 0.82816
110 310 1
30 50 0.837667
77 217 0.590389
11 31 1
180 300 1
66 186 1
150 250 1
110 310 1
33 93 1
44 124 1
88 248 1
60 100 1
33 93 1
30 50 1
66 186 1
88 248 1
110 310 0.721338
77 217 0.953549
33 93 0.870706
180 300 0.997991
22 62 1
90 150 1
60 100 1
240 400 1
150 250 1
44 124 1
110 310 1
90 150 1
55 155 1
270 450 1
11 31 1
210 350 1
44 124 1
44 124 0.82458
240 400 1
66 186 1
66 186 1
66 186 1
77 217 1
30 50 1
30 50 1
44 124 1
300 500 1
30 50 1
110 310 1
210 350 0.957231
22 62 1
30 50 1
150 250 1
33 93 1
300 500 0.863135
11 31 1
11 31 1
33 93 1
150 250 1
240 400 1
270 450 1
77 217 1
210 350 1
66 186 1
99 279 1
66 186 0.850675
60 100 1
180 300 1
66 186 1
90 150 1
99 279 1
66 186 1
270 450 1
300 500 1
77 217 1
66 186 1
60 100 1
120 200 1
300 500 1
44 124 1
66 186 1
270 450 1
90 150 1
88 248 1
77 217 1
240 400 1
240 400 0.707487
90 150 1
30 50 0.945061
30 50 1
11 31 1
210 350 1
270 450 1
33 93 1
77 217 1
44 124 1
270 450 1
270 450 0.853452
33 93 1
77 217 1
240 400 1
150 250 1
30 50 1
90 150 1
88 248 1
11 31 0.919235
44 124 1
60 100 1
210 350 1
88 248 1
180 300 0.989259
11 31 1
33 93 1
110 310 1
99 279 1
11 31 0.979844
210 350 1
66 186 1
90 150 1
88 248 0.898563
66 186 1
110 310 0.890611
150 250 1
180 300 1
44 124 1
270 450 1
44 124 1
240 400 1
22 62 1
55 155 1
270 450 0.75701
90 150 1
88 248 1
44 124 1
300 500 1
22 62 1
30 50 0.821839
110 310 1
99 279 0.730324
11 31 1
110 310 1
180 300 1
240 400 1
77 217 1
120 200 0.795894
44 124 1
30 50 1
90 150 1
110 310 1
120 200 1
99 279 1
11 31 0.789858
88 248 1
180 300 1
180 300 1
210 350 1
11 31 1
270 450 1
44 124 1
240 400 1
120 200 1
33 93 1
33 93 0.928153
30 50 1
180 300 0.5964
110 310 1
180 300 0.860131
88 248 1
240 400 1
99 279 1
33 93 1
90 150 1
240 400 1
22 62 1
180 300 1
270 450 1
30 50 1
77 217 1
11 31 0.979624
99 279 1
110 310 0.764653
300 500 1
120 200 1
60 100 1
210 350 1
270 450 0.912526
88 248 0.864457
33 93 1
22 62 1
55 155 0.822956
30 50 1
150 250 1
33 93 1
33 93 1
90 150 1
22 62 1
300 500 1
33 93 1
99 279 1
55 155 0.758226
33 93 1
150 250 0.559385
55 155 1
210 350 1
22 62 1
60 100 1
240 400 1
11 31 1
99 279 1
150 250 1
11 31 1
180 300 0.909259
210 350 0.946294
88 248 0.637787
88 248 1
90 150 1
60 100 1
150 250 0.955499
22 62 0.914833
120 200 1
300 500 1
88 248 1
60 100 1
120 200 0.903735
22 62 1
22 62 1
300 500 1
210 350 1
120 200 1
55 155 1
90 150 0.92072
44 124 0.713363
88 248 1
110 310 1
66 186 1
30 50 1
60 100 0.952183
77 217 1
270 450 1
240 400 1
180 300 1
60 100 0.627836
180 300 1
60 100 1
120 200 1
77 217 0.849192
55 155 0.806286
300 500 1
120 200 1
150 250 1
88 248 1
66 186 1
240 400 0.903867
22 62 1
60 100 1
300 500 1
300 500 1
77 217 1
110 310 1
110 310 0.936532
240 400 1
150 250 1
88 248 1
60 100 0.971156
88 248 1
240 400 1
270 450 1
270 450 1
33 93 1
30 50 0.837942
99 279 1
77 217 1
88 248 0.758284
210 350 1
11 31 1
55 155 0.516502
110 310 1
99 279 1
55 155 1
66 186 1
210 350 1
30 50 1
150 250 1
110 310 1
180 300 1
99 279 1
77 217 1
11 31 1
150 250 0.9118
210 350 1
33 93 0.946639
210 350 1
30 50 0.789448
66 186 1
22 62 0.865473
90 150 1
55 155 1
30 50 1
90 150 1
55 155 1
33 93 1
300 500 1
99 279 1
66 186 1
60 100 1
60 100 0.820461
240 400 1
11 31 1
30 50 1
90 150 1
66 186 1
120 200 0.765132
30 50 1
99 279 0.855184
270 450 0.866528
120 200 1
44 124 0.942196
77 217 1
66 186 0.884101
11 31 0.581595
99 279 1
11 31 1
240 400 0.940017
110 310 1
33 93 0.93868
88 248 1
33 93 1
180 300 1
44 124 0.903963
300 500 1
270 450 0.849601
66 186 1
240 400 1
88 248 1
55 155 1
110 310 1
99 279 1
66 186 1
33 93 1
270 450 1
150 250 1
240 400 1
300 500 1
90 150 1
270 450 1
60 100 0.734928
210 350 1
66 186 1
33 93 1
66 186 1
77 217 1
22 62 1
77 217 1
150 250 1
270 450 0.896515
90 150 1
77 217 1
66 186 0.606511
180 300 1
300 500 1
150 250 1
270 450 0.919243
88 248 1
33 93 1
120 200 1
55 155 1
60 100 0.714478
120 200 1
77 217 1
300 500 1
270 450 1
99 279 1
90 150 1
22 62 1
90 150 1
30 50 1
300 500 1
270 450 1
88 248 1
120 200 0.859169
88 248 1
44 124 1
77 217 0.9504
22 62 1
90 150 0.924065
110 310 0.723215
66 186 1
110 310 0.847687
180 300 0.948032
270 450 1
55 155 1
110 310 1
60 100 1
30 50 1
30 50 1
33 93 1
210 350 1
88 248 1
240 400 0.809089
77 217 1
110 310 0.87593
110 310 1
60 100 1
55 155 0.816256
240 400 1
30 50 1
60 100 1
77 217 1
22 62 1
88 248 1
11 31 1
60 100 1
90 150 1
110 310 0.869936
88 248 1
240 400 1
270 450 1
11 31 0.874878
44 124 1
150 250 0.918086
60 100 0.889227
270 450 1
55 155 1
11 31 0.714112
22 62 1
22 62 1
210 350 0.928874
240 400 1
30 50 1
55 155 1
60 100 0.865334
180 300 1
90 150 0.73402
90 150 1
300 500 0.818372
120 200 1
11 31 1
22 62 1
30 50 0.918438
88 248 1
210 350 1
55 155 0.921678
66 186 1
11 31 1
30 50 0.851402
300 500 1
33 93 1
30 50 1
300 500 1
33 93 1
44 124 0.625843
11 31 1
77 217 1
99 279 1
300 500 0.776848
210 350 1
77 217 1
240 400 1
110 310 1
30 50 0.838013
270 450 1
55 155 1
150 250 1
99 279 0.81093
120 200 1
210 350 1
60 100 1
60 100 1
300 500 0.837539
99 279 1
30 50 1
120 200 1
99 279 1
33 93 1
55 155 0.810772
88 248 1
120 200 1
180 300 1
110 310 1
30 50 0.873268
99 279 1
30 50 0.808398
77 217 1
60 100 1
110 310 1
88 248 1
55 155 1
88 248 1
88 248 0.809743
60 100 1
90 150 1
77 217 1
120 200 1
99 279 1
33 93 1
66 186 1
66 186 1
210 350 1
180 300 1
30 50 1
55 155 1
300 500 1
88 248 1
88 248 1
90 150 1
60 100 1
60 100 1
120 200 1
33 93 0.882362
88 248 1
30 50 1
99 279 1
120 200 0.993578
150 250 1
110 310 1
44 124 0.916246
120 200 0.702166
240 400 1
44 124 1
30 50 1
22 62 1
66 186 1
22 62 0.901611
44 124 1
44 124 0.925949
66 186 1
66 186 0.78471
110 310 0.757306
33 93 1
210 350 1
90 150 1
33 93 1
99 279 1
90 150 0.72053
33 93 1
33 93 1
110 310 0.936711
120 200 0.860157
55 155 1
240 400 1
77 217 1
240 400 1
240 400 1
30 50 1
270 450 1
22 62 1
60 100 0.85261
60 100 1
60 100 1
210 350 0.884584
44 124 1
77 217 1
99 279 1
55 155 1
60 100 1
60 100 1
270 450 0.742729
33 93 1
240 400 1
300 500 1
99 279 1
11 31 1
210 350 1
55 155 1
99 279 1
240 400 0.3891
66 186 1
77 217 1
180 300 0.767326
180 300 1
33 93 0.686488
77 217 1
22 62 1
77 217 1
150 250 1
60 100 1
66 186 1
270 450 1
240 400 1
66 186 1
22 62 1
11 31 1
180 300 1
99 279 0.660368
210 350 1
55 155 1
90 150 1
120 200 1
210 350 1
300 500 1
33 93 1
30 50 0.616363
210 350 1
44 124 1
33 93 1
88 248 1
11 31 0.968519
270 450 1
22 62 1
99 279 1
270 450 1
240 400 1
150 250 1
110 310 1
120 200 0.945682
210 350 0.893967
22 62 1
270 450 1
22 62 1
210 350 1
33 93 1
300 500 1
60 100 1
60 100 0.916957
240 400 1
88 248 0.901857
300 500 0.958821
90 150 1
66 186 1
66 186 1
88 248 1
60 100 1
150 250 1
30 50 1
66 186 0.800976
66 186 1
99 279 1
60 100 1
30 50 0.879579
55 155 1
88 248 1
60 100 1
30 50 1
210 350 1
66 186 1
120 200 1
110 310 1
300 500 1
150 250 1
11 31 1
240 400 0.950158
77 217 1
88 248 1
90 150 1
270 450 1
77 217 1
270 450 0.830432
66 186 1
210 350 1
120 200 0.929027
180 300 1
44 124 0.96075
120 200 1
99 279 1
66 186 1
33 93 1
240 400 1
210 350 1
240 400 1
180 300 1
55 155 0.922545
120 200 1
240 400 1
44 124 1
270 450 1
150 250 1
90 150 1
270 450 1
210 350 1
120 200 1
240 400 0.826281
30 50 0.837225
120 200 0.937115
240 400 0.901434
90 150 1
33 93 1
88 248 0.86827
180 300 1
88 248 1
110 310 1
210 350 1
110 310 1
240 400 0.691792
22 62 1
300 500 1
55 155 1
110 310 1
240 400 1
33 93 1
300 500 1
30 50 1
30 50 1
11 31 1
66 186 1
180 300 1
66 186 1
110 310 0.950814
90 150 1
55 155 1
99 279 0.802133
210 350 1
30 50 0.914444
99 279 1
30 50 1
77 217 1
270 450 0.911841
30 50 1
300 500 1
90 150 1
150 250 1
150 250 0.927274
60 100 1
180 300 1
60 100 0.68272
99 279 1
22 62 1
99 279 0.904263
77 217 0.749108
33 93 0.560606
110 310 1
300 500 0.878438
240 400 1
33 93 1
120 200 1
270 450 1
30 50 1
120 200 1
90 150 1
180 300 0.863771
60 100 1
60 100 1
150 250 1
150 250 0.724469
150 250 1
60 100 0.773027
22 62 1
55 155 0.88155
120 200 1
88 248 1
150 250 1
88 248 1
88 248 1
120 200 0.891737
210 350 1
120 200 1
90 150 0.761171
66 186 0.931826
210 350 0.912915
90 150 1
150 250 1
66 186 1
120 200 1
99 279 1
30 50 1
90 150 0.903341
110 310 1
88 248 1
55 155 1
180 300 1
180 300 0.923908
270 450 0.755111
22 62 1
99 279 1
55 155 1
210 350 1
55 155 1
300 500 1
300 500 1
66 186 1
88 248 1
210 350 0.945472
44 124 1
11 31 1
110 310 1
60 100 0.825559
44 124 1
270 450 1
240 400 1
44 124 1
210 350 1
240 400 1
300 500 1
22 62 1
210 350 0.877513
66 186 1
210 350 1
44 124 1
22 62 1
77 217 1
11 31 1
110 310 1
90 150 1
66 186 1
180 300 1
88 248 1
55 155 0.813095
110 310 0.799008
210 350 1
270 450 1
22 62 1
33 93 1
180 300 0.95252
110 310 1
30 50 1
22 62 1
30 50 1
60 100 1
270 450 0.669128
44 124 1
180 300 1
44 124 1
88 248 1
44 124 1
270 450 1
210 350 1
66 186 1
22 62 1
88 248 0.880172
210 350 0.815008
33 93 1
300 500 1
99 279 0.78187
300 500 1
110 310 1
44 124 1
210 350 1
180 300 1
240 400 1
270 450 1
99 279 0.981162
88 248 0.747138
33 93 0.97919
44 124 1
300 500 0.840757
120 200 1
150 250 1
90 150 1
240 400 0.928092
22 62 1
88 248 0.890316
180 300 0.85558
180 300 1
77 217 0.744756
270 450 1
90 150 1
30 50 1
300 500 0.695152
55 155 1
88 248 1
30 50 1
77 217 0.875973
33 93 0.97318
55 155 1
11 31 1
33 93 1
30 50 0.903511
150 250 1
22 62 1
270 450 1
66 186 1
22 62 1
150 250 0.776631
55 155 1
90 150 0.947229
300 500 0.952208
270 450 1
77 217 1
110 310 1
210 350 1
44 124 0.595105
240 400 1
77 217 1
55 155 1
77 217 1
88 248 1
77 217 0.863782
270 450 1
30 50 1
33 93 1
270 450 1
110 310 1
30 50 1
210 350 1
110 310 0.685016
180 300 0.834203
99 279 1
22 62 1
30 50 1
33 93 1
110 310 1
88 248 0.841369
210 350 1
99 279 1
150 250 0.836974
77 217 1
33 93 1
33 93 1
120 200 1
210 350 1
110 310 1
240 400 1
120 200 0.97349
22 62 1
60 100 1
11 31 1
30 50 1
44 124 1
110 310 1
55 155 1
11 31 1
90 150 1
300 500 1
44 124 0.677599
44 124 1
210 350 0.9519
22 62 0.703508
270 450 1
99 279 0.867335
77 217 1
300 500 1
270 450 1
88 248 0.924318
66 186 1
180 300 1
77 217 1
110 310 1
22 62 1
180 300 1
55 155 1
60 100 1
90 150 1
150 250 1
99 279 0.886689
99 279 1
77 217 1
110 310 1
33 93 1
11 31 1
55 155 1
77 217 1
30 50 1
240 400 1
88 248 1
30 50 1
77 217 0.90971
110 310 1
110 310 1
77 217 1
60 100 1
150 250 1
90 150 1
110 310 1
99 279 1
55 155 1
110 310 1
150 250 0.87565
33 93 1
88 248 1
11 31 1
150 250 1
150 250 0.935078
120 200 1
110 310 1
300 500 1
99 279 1
150 250 1
270 450 1
120 200 0.974895
300 500 1
60 100 1
60 100 1
33 93 1
240 400 1
22 62 1
11 31 1
210 350 1
90 150 1
44 124 1
88 248 0.942189
66 186 1
22 62 1
22 62 1
22 62 1
22 62 1
55 155 1
30 50 0.760467
77 217 1
180 300 1
90 150 1
33 93 1
11 31 0.732302
110 310 1
44 124 1
99 279 0.705903
33 93 1
33 93 0.578773
110 310 1
210 350 1
99 279 1
270 450 0.759905
300 500 1
22 62 1
210 350 1
55 155 1
11 31 1
270 450 1
240 400 1
60 100 1
60 100 1
300 500 0.828207
120 200 0.645646
88 248 0.94535
210 350 1
300 500 1
150 250 0.579012
150 250 1
60 100 1
11 31 1
88 248 1
300 500 1
88 248 1
270 450 1
44 124 1
240 400 1
44 124 1
180 300 1
150 250 1
88 248 0.571707
30 50 0.896583
99 279 1
90 150 1
210 350 1
55 155 1
60 100 1
99 279 1
33 93 1
300 500 1
270 450 1
11 31 1
44 124 1
11 31 1
77 217 0.98008
180 300 1
11 31 1
88 248 1
30 50 1
300 500 1
88 248 1
30 50 1
120 200 1
66 186 1
30 50 0.834291
55 155 1
300 500 1
240 400 1
120 200 1
90 150 1
90 150 0.723947
30 50 0.822815
22 62 1
30 50 1
77 217 1
22 62 1
33 93 1
77 217 0.866042
55 155 1
22 62 1
99 279 1
180 300 1
88 248 1
66 186 1
99 279 1
90 150 0.640042
240 400 1
11 31 0.728702
270 450 1
22 62 1
99 279 1
44 124 1
300 500 1
60 100 1
120 200 1
22 62 1
210 350 1
120 200 1
88 248 1
90 150 1
60 100 1
22 62 1
210 350 0.922655
60 100 1
30 50 1
240 400 1
44 124 1
44 124 0.538462
240 400 1
33 93 1
22 62 1
270 450 1
11 31 1
55 155 1
99 279 0.979353
30 50 1
33 93 1
110 310 1
11 31 1
90 150 1
300 500 1
30 50 1
88 248 0.859937
33 93 1
150 250 0.831013
90 150 1
88 248 0.750759
11 31 0.867852
150 250 1
77 217 1
240 400 1
210 350 1
55 155 1
99 279 0.766236
30 50 1
60 100 0.781938
120 200 1
66 186 1
300 500 1
150 250 1
30 50 1
110 310 1
44 124 1
99 279 0.957883
110 310 1
60 100 1
22 62 1
110 310 1
22 62 1
88 248 1
99 279 1
66 186 1
180 300 1
44 124 0.858534
55 155 1
210 350 1
66 186 1
210 350 1
60 100 1
77 217 0.953367
270 450 1
150 250 0.913305
22 62 1
44 124 1
180 300 1
66 186 1
60 100 1
150 250 1
30 50 1
110 310 0.845098
180 300 1
77 217 0.910982
180 300 1
110 310 1
66 186 1
270 450 0.738663
22 62 0.875878
240 400 1
55 155 0.930028
11 31 1
180 300 1
120 200 1
210 350 1
150 250 1
60 100 1
110 310 1
22 62 1
60 100 1
210 350 1
88 248 1
33 93 1
180 300 0.880697
99 279 0.909507
150 250 1
60 100 0.804078
66 186 1
30 50 1
22 62 1
150 250 1
180 300 0.631564
22 62 1
99 279 1
33 93 0.765296
120 200 1
33 93 1
270 450 1
11 31 0.869834
55 155 1
11 31 1
270 450 0.986461
60 100 1
88 248 1
90 150 1
150 250 1
44 124 1
77 217 1
110 310 1
150 250 1
30 50 1
300 500 1
77 217 0.899403
22 62 0.796476
11 31 1
270 450 1
270 450 1
270 450 1
270 450 1
44 124 0.836439
33 93 1
88 248 1
110 310 1
180 300 1
77 217 1
90 150 1
210 350 0.787721
44 124 0.856155
120 200 1
120 200 1
99 279 1
270 450 1
240 400 1
270 450 1
11 31 0.772551
270 450 1
90 150 1
99 279 1
11 31 1
90 150 1
22 62 1
33 93 1
240 400 1
150 250 1
77 217 1
300 500 1
110 310 1
88 248 1
88 248 0.975312
120 200 0.782746
180 300 1
150 250 1
150 250 1
240 400 1
180 300 1
44 124 1
44 124 1
44 124 1
240 400 1
30 50 1
88 248 1
66 186 1
77 217 1
66 186 0.761932
11 31 1
55 155 1
11 31 1
44 124 1
66 186 1
66 186 1
210 350 0.770038
240 400 1
77 217 1
11 31 0.660292
33 93 1
77 217 0.688371
55 155 0.803239
150 250 0.958739
99 279 1
150 250 1
44 124 0.757125
270 450 1
270 450 1
99 279 1
99 279 1
120 200 1
240 400 0.677396
66 186 1
22 62 1
150 250 1
33 93 1
150 250 1
99 279 1
210 350 1
88 248 1
30 50 1
180 300 1
240 400 0.763618
88 248 0.800775
66 186 1
180 300 0.897846
77 217 1
66 186 1
99 279 1
150 250 1
44 124 1
150 250 1
240 400 1
60 100 1
150 250 0.7632
180 300 1
44 124 1
11 31 1
300 500 1
150 250 1
11 31 1
22 62 1
55 155 1
77 217 1
270 450 1
99 279 0.828874
270 450 1
44 124 1
88 248 0.731898
30 50 1
11 31 1
270 450 1
270 450 0.63691
270 450 1
66 186 1
240 400 1
210 350 1
210 350 1
120 200 0.920088
90 150 1
55 155 1
300 500 1
44 124 1
120 200 1
120 200 0.605934
33 93 1
120 200 1
30 50 1
240 400 1
22 62 1
210 350 1
88 248 1
110 310 1
77 217 1
22 62 0.87069
22 62 1
240 400 1
88 248 1
90 150 1
33 93 0.80633
60 100 1
33 93 0.932714
300 500 1
30 50 1
33 93 0.764871
99 279 1
66 186 0.851005
210 350 1
88 248 1
60 100 1
210 350 1
270 450 1
90 150 1
270 450 0.913239
270 450 1
44 124 1
150 250 1
77 217 1
90 150 1
77 217 1
11 31 1
210 350 1
30 50 1
66 186 1
60 100 1
210 350 0.832102
150 250 1
33 93 1
22 62 1
33 93 1
210 350 1
44 124 1
210 350 1
120 200 1
270 450 1
60 100 0.769306
33 93 1
33 93 1
22 62 1
77 217 1
99 279 0.669665
99 279 0.884517
210 350 1
90 150 1
60 100 1
44 124 0.831456
66 186 1
55 155 1
150 250 0.740969
44 124 1
55 155 1
270 450 0.982403
210 350 1
60 100 0.764489
150 250 1
66 186 0.847434
120 200 0.854965
120 200 1
120 200 1
90 150 0.874616
33 93 1
66 186 1
77 217 0.864979
99 279 1
90 150 0.880853
300 500 1
55 155 0.963241
11 31 1
150 250 1
22 62 1
55 155 1
240 400 1
210 350 1
180 300 1
88 248 0.895178
180 300 1
300 500 0.711137
99 279 1
180 300 1
11 31 1
99 279 1
270 450 1
44 124 1
150 250 1
77 217 1
66 186 1
210 350 1
44 124 0.887975
120 200 1
60 100 0.835228
55 155 0.796923
11 31 1
90 150 1
110 310 0.78154
60 100 1
180 300 1
210 350 1
66 186 1
66 186 0.777157
33 93 1
300 500 1
44 124 1
180 300 0.889098
150 250 1
66 186 1
180 300 0.811869
300 500 1
60 100 1
270 450 1
210 350 1
90 150 0.871507
77 217 0.744928
150 250 0.901466
55 155 1
300 500 1
210 350 0.814765
240 400 1
55 155 1
240 400 1
99 279 0.690899
22 62 1
99 279 1
90 150 0.89724
60 100 0.615207
99 279 1
33 93 1
55 155 0.892859
77 217 1
99 279 1
11 31 1
44 124 1
55 155 1
60 100 1
240 400 0.805704
33 93 1
88 248 0.761174
300 500 1
180 300 1
33 93 0.898578
110 310 1
110 310 1
300 500 1
60 100 1
99 279 1
180 300 1
60 100 1
77 217 1
210 350 0.941699
30 50 1
210 350 1
77 217 1
120 200 1
22 62 0.953919
180 300 1
180 300 1
33 93 1
300 500 1
99 279 1
33 93 1
90 150 1
120 200 1
110 310 1
44 124 0.81937
120 200 0.912537
300 500 1
150 250 0.775206
60 100 1
11 31 1
99 279 1
99 279 1
150 250 1
150 250 1
150 250 1
88 248 1
180 300 1
270 450 1
88 248 1
11 31 1
60 100 1
60 100 1
11 31 1
210 350 1
88 248 1
66 186 1
99 279 1
30 50 1
210 350 1
110 310 0.94772
77 217 1
110 310 1
66 186 1
66 186 1
90 150 1
60 100 1
66 186 1
300 500 1
180 300 1
99 279 1
240 400 1
270 450 1
22 62 0.943814
99 279 1
44 124 1
110 310 1
30 50 1
180 300 1
99 279 1
33 93 0.923322
240 400 0.746268
55 155 1
88 248 1
77 217 1
77 217 0.932321
11 31 1
90 150 1
60 100 1
77 217 1
300 500 1
33 93 1
44 124 1
33 93 1
11 31 1
22 62 1
120 200 0.954729
240 400 1
11 31 1
66 186 1
88 248 1
150 250 0.779767
110 310 0.85723
60 100 1
77 217 1
110 310 1
22 62 1
33 93 1
44 124 1
22 62 1
180 300 1
240 400 0.929771
270 450 1
22 62 1
240 400 1
99 279 0.930387
300 500 1
180 300 1
77 217 1
33 93 0.84757
44 124 0.65546
270 450 1
44 124 1
11 31 0.99796
99 279 0.933461
60 100 0.725375
88 248 1
30 50 1
180 300 0.912565
44 124 1
66 186 1
11 31 1
270 450 1
150 250 1
150 250 1
44 124 1
11 31 1
33 93 1
110 310 1
88 248 0.668401
44 124 1
30 50 1
44 124 1
99 279 0.743871
33 93 1
60 100 1
150 250 0.700045
210 350 1
270 450 1
90 150 0.824987
300 500 0.877165
99 279 1
55 155 0.487833
30 50 1
180 300 1
300 500 0.451945
33 93 0.550034
240 400 1
99 279 1
88 248 1
30 50 0.940389
180 300 1
11 31 1
110 310 0.872977
120 200 1
11 31 1
180 300 1
33 93 0.958383
60 100 1
99 279 0.843561
300 500 0.950591
210 350 1
66 186 0.838573
66 186 1
270 450 1
22 62 1
11 31 1
300 500 1
33 93 1
180 300 1
33 93 1
210 350 1
240 400 1
150 250 1
30 50 1
99 279 0.834714
270 450 1
270 450 1
120 200 1
66 186 1
270 450 1
300 500 1
90 150 0.939874
110 310 1
90 150 1
99 279 0.856137
44 124 1
66 186 1
150 250 1
44 124 0.801058
60 100 0.826068
33 93 1
300 500 1
240 400 0.982077
77 217 1
22 62 1
30 50 1
33 93 1
300 500 1
30 50 1
120 200 0.994697
150 250 1
110 310 0.80917
60 100 1
77 217 1
11 31 1
60 100 1
120 200 1
120 200 1
66 186 1
88 248 1
77 217 1
60 100 1
60 100 1
30 50 1
110 310 1
99 279 1
120 200 1
44 124 1
99 279 0.898215
60 100 1
150 250 1
90 150 1
180 300 1
150 250 1
240 400 1
180 300 1
66 186 1
88 248 1
180 300 1
180 300 1
120 200 1
99 279 1
30 50 1
77 217 1
150 250 0.88801
110 310 1
66 186 0.959105
300 500 1
110 310 1
99 279 0.90134
11 31 1
120 200 0.816008
300 500 0.817487
120 200 0.87013
210 350 1
55 155 1
44 124 1
33 93 0.705136
66 186 1
77 217 0.810062
90 150 1
55 155 1
240 400 1
300 500 1
22 62 1
55 155 1
110 310 1
44 124 0.954888
33 93 0.955802
300 500 1
270 450 1
11 31 1
11 31 1
30 50 1
180 300 1
270 450 0.787252
240 400 1
60 100 1
33 93 1
22 62 1
88 248 1
240 400 1
90 150 1
120 200 1
270 450 1
60 100 1
77 217 1
180 300 1
110 310 0.775873
300 500 1
99 279 1
90 150 1
11 31 1
99 279 1
180 300 1
90 150 1
150 250 1
270 450 1
88 248 1
120 200 1
300 500 1
44 124 1
11 31 0.821115
66 186 1
240 400 0.897466
30 50 1
110 310 1
300 500 1
180 300 1
44 124 1
110 310 1
66 186 0.868037
300 500 1
300 500 0.89636
99 279 1
150 250 1
90 150 1
44 124 1
66 186 1
88 248 1
300 500 1
30 50 1
44 124 1
180 300 1
300 500 1
120 200 1
88 248 0.864621
11 31 1
77 217 0.892229
240 400 1
30 50 1
66 186 0.71785
110 310 1
180 300 1
99 279 1
90 150 1
120 200 1
240 400 1
88 248 1
33 93 0.633174
33 93 0.790498
270 450 1
120 200 1
270 450 1
240 400 0.83098
55 155 1
150 250 0.943206
240 400 1
240 400 1
22 62 1
300 500 1
180 300 1
60 100 1
90 150 1
120 200 0.874738
60 100 1
150 250 1
66 186 1
22 62 0.876796
90 150 1
150 250 0.789308
300 500 1
30 50 1
99 279 1
120 200 1
44 124 0.963275
99 279 1
150 250 1
240 400 1
22 62 1
30 50 1
150 250 1
44 124 1
120 200 1
44 124 1
88 248 1
30 50 1
90 150 1
99 279 1
210 350 1
270 450 0.969276
150 250 1
180 300 1
55 155 1
88 248 1
120 200 0.901662
66 186 1
110 310 1
99 279 0.820431
300 500 1
99 279 0.600456
55 155 1
210 350 1
44 124 1
44 124 1
88 248 1
22 62 1
150 250 1
77 217 1
110 310 0.93648
240 400 1
210 350 1
30 50 1
270 450 0.808144
210 350 1
110 310 1
120 200 1
180 300 1
90 150 0.773757
88 248 1
33 93 1
77 217 1
120 200 1
150 250 0.751882
210 350 1
99 279 0.858683
60 100 1
33 93 0.935713
33 93 1
88 248 0.859393
210 350 0.825951
270 450 1
60 100 0.641627
150 250 1
120 200 1
150 250 1
30 50 1
240 400 1
240 400 1
11 31 1
22 62 1
110 310 1
55 155 0.718065
120 200 1
110 310 1
44 124 1
60 100 1
240 400 1
270 450 1
110 310 0.875847
11 31 1
99 279 1
110 310 1
60 100 0.874907
300 500 0.898755
110 310 1
180 300 0.975109
88 248 1
90 150 1
55 155 1
66 186 1
270 450 1
300 500 1
90 150 1
270 450 1
180 300 1
120 200 1
60 100 0.81749
88 248 0.896542
180 300 1
99 279 1
120 200 1
90 150 0.820841
210 350 1
300 500 1
300 500 1
270 450 1
270 450 1
110 310 1
110 310 1
270 450 1
180 300 1
55 155 1
30 50 0.841708
90 150 1
110 310 1
22 62 1
44 124 1
180 300 1
77 217 1
88 248 1
180 300 1
22 62 1
66 186 0.934003
99 279 1
270 450 1
120 200 0.819136
60 100 1
60 100 0.888818
30 50 1
66 186 1
66 186 0.795562
11 31 0.845214
77 217 1
55 155 1
300 500 1
210 350 1
44 124 1
180 300 0.938509
270 450 0.840575
30 50 1
120 200 1
88 248 0.608456
11 31 1
66 186 1
11 31 1
300 500 1
88 248 1
11 31 1
180 300 1
110 310 1
99 279 1
90 150 1
99 279 1
22 62 0.937818
44 124 1
90 150 0.931749
88 248 1
88 248 1
270 450 1
44 124 1
77 217 1
180 300 1
30 50 1
120 200 1
300 500 1
110 310 1
30 50 1
210 350 1
180 300 1
33 93 1
66 186 1
99 279 1
110 310 1
88 248 1
55 155 1
240 400 1
33 93 1
270 450 1
77 217 1
240 400 1
60 100 1
270 450 1
180 300 1
210 350 1
90 150 1
150 250 1
60 100 1
60 100 1
150 250 1
110 310 1
30 50 1
22 62 1
90 150 1
60 100 0.476118
270 450 0.946068
90 150 1
99 279 1
44 124 1
90 150 1
66 186 0.883987
11 31 1
99 279 0.967563
55 155 1
90 150 1
88 248 1
150 250 1
22 62 1
210 350 0.891999
110 310 0.540414
99 279 0.961554
33 93 1
300 500 1
22 62 1
240 400 1
55 155 0.730943
240 400 0.604114
44 124 1
210 350 1
11 31 1
55 155 1
110 310 1
22 62 0.937982
66 186 1
88 248 1
30 50 1
180 300 1
180 300 0.852275
44 124 1
90 150 1
110 310 1
240 400 1
77 217 1
66 186 1
150 250 0.738287
55 155 1
66 186 1
11 31 1
77 217 1
270 450 0.767758
90 150 1
150 250 1
99 279 1
11 31 1
44 124 1
77 217 1
270 450 1
210 350 1
88 248 1
11 31 1
210 350 1
77 217 1
77 217 0.696876
210 350 1
60 100 1
66 186 1
120 200 1
22 62 1
240 400 1
120 200 1
180 300 1
88 248 1
99 279 1
22 62 1
110 310 1
90 150 1
210 350 0.824347
240 400 1
60 100 1
33 93 0.923466
270 450 0.981115
110 310 0.888167
88 248 1
22 62 1
33 93 1
300 500 1
210 350 1
270 450 1
210 350 1
88 248 0.772353
270 450 1
99 279 1
60 100 1
210 350 1
55 155 1
88 248 1
30 50 1
120 200 1
300 500 1
30 50 1
210 350 0.850301
270 450 1
88 248 0.786669
300 500 1
150 250 0.605269
240 400 1
180 300 1
99 279 1
150 250 1
210 350 1
55 155 1
88 248 0.891153
110 310 1
60 100 1
180 300 1
44 124 1
210 350 1
99 279 0.899215
22 62 1
44 124 1
77 217 1
150 250 1
44 124 0.857873
300 500 1
270 450 1
300 500 1
90 150 1
300 500 1
300 500 1
66 186 1
60 100 1
66 186 0.832954
180 300 1
88 248 1
270 450 1
55 155 1
210 350 0.896196
88 248 1
77 217 1
150 250 0.736994
88 248 1
240 400 1
88 248 0.949065
150 250 1
120 200 1
22 62 1
210 350 1
110 310 1
99 279 1
30 50 0.864801
90 150 0.746436
270 450 1
210 350 0.836664
180 300 0.912919
55 155 1
33 93 1
210 350 1
120 200 1
120 200 1
90 150 1
77 217 1
110 310 0.910878
22 62 1
120 200 1
30 50 1
210 350 1
99 279 1
110 310 0.813479
55 155 1
120 200 1
33 93 1
300 500 1
44 124 1
99 279 0.630841
210 350 1
110 310 1
30 50 1
88 248 1
90 150 0.921997
240 400 1
240 400 1
90 150 1
22 62 1
60 100 1
11 31 1
60 100 1
150 250 1
90 150 1
210 350 1
66 186 1
180 300 1
30 50 1
150 250 1
120 200 1
240 400 0.845343
60 100 1
66 186 1
33 93 0.724674
240 400 1
60 100 1
44 124 1
22 62 0.915801
60 100 0.89424
240 400 1
30 50 1
77 217 1
120 200 1
120 200 1
30 50 0.959241
240 400 1
240 400 0.881751
77 217 1
55 155 0.79678
270 450 0.778358
180 300 1
77 217 1
240 400 1
150 250 0.775687
120 200 1
88 248 0.725925
66 186 0.938334
88 248 1
240 400 0.906006
210 350 1
90 150 1
180 300 1
180 300 1
66 186 1
150 250 0.838405
30 50 1
270 450 1
66 186 0.748331
77 217 1
110 310 1
88 248 1
99 279 1
120 200 1
210 350 1
66 186 0.82429
90 150 0.852587
22 62 1
150 250 1
77 217 1
44 124 1
22 62 0.887165
120 200 1
90 150 1
30 50 1
150 250 1
150 250 0.840752
44 124 0.688933
77 217 0.922898
210 350 0.904533
11 31 0.917553
55 155 1
99 279 1
33 93 1
55 155 0.927742
60 100 1
77 217 1
55 155 1
150 250 0.607635
90 150 1
44 124 1
300 500 1
110 310 0.903136
77 217 1
88 248 1
66 186 1
33 93 1
33 93 0.930387
210 350 1
110 310 1
30 50 1
90 150 1
150 250 1
90 150 1
30 50 1
150 250 1
110 310 1
55 155 1
30 50 1
44 124 0.862874
210 350 1
33 93 1
270 450 1
66 186 1
210 350 1
110 310 1
30 50 1
55 155 1
22 62 1
150 250 1
180 300 1
150 250 1
90 150 1
77 217 1
44 124 1
77 217 1
150 250 1
33 93 0.596377
11 31 1
66 186 1
150 250 1
110 310 1
300 500 1
300 500 0.831408
33 93 0.873885
270 450 1
11 31 1
120 200 1
300 500 1
44 124 1
11 31 1
240 400 1
30 50 1
60 100 1
300 500 1
22 62 1
11 31 1
88 248 1
60 100 1
99 279 1
30 50 1
55 155 1
90 150 1
66 186 1
66 186 1
270 450 1
55 155 1
240 400 1
66 186 1
77 217 1
90 150 0.789644
77 217 0.874716
11 31 1
300 500 1
120 200 1
90 150 1
30 50 1
88 248 0.910088
90 150 1
150 250 1
55 155 1
120 200 1
150 250 0.93059
99 279 1
270 450 1
77 217 1
99 279 1
210 350 1
22 62 1
210 350 1
66 186 1
99 279 1
55 155 1
210 350 1
33 93 0.84541
240 400 1
77 217 0.9422
150 250 1
210 350 0.886561
44 124 0.935807
33 93 1
30 50 0.848421
22 62 1
44 124 1
99 279 1
210 350 0.770374
90 150 1
90 150 1
30 50 1
66 186 0.733401
99 279 1
240 400 0.786156
44 124 1
66 186 1
55 155 1
77 217 1
60 100 1
60 100 1
120 200 1
240 400 1
210 350 0.928057
55 155 1
33 93 0.857206
30 50 1
55 155 0.589893
120 200 1
270 450 1
11 31 1
300 500 1
210 350 1
44 124 1
120 200 1
77 217 1
300 500 1
90 150 0.960207
22 62 1
30 50 1
240 400 1
90 150 1
110 310 1
44 124 0.864711
66 186 1
240 400 1
99 279 1
240 400 0.622577
88 248 1
11 31 1
180 300 1
33 93 1
150 250 1
150 250 1
99 279 1
210 350 1
110 310 1
33 93 0.813511
60 100 1
88 248 1
150 250 1
66 186 1
66 186 1
90 150 1
60 100 1
90 150 1
60 100 0.890507
90 150 1
44 124 1
240 400 1
77 217 1
99 279 1
77 217 1
240 400 1
210 350 1
150 250 1
270 450 1
270 450 1
55 155 1
88 248 1
11 31 1
270 450 1
240 400 1
240 400 1
33 93 1
77 217 1
210 350 1
44 124 1
300 500 1
30 50 1
60 100 1
60 100 1
44 124 1
150 250 1
180 300 1
110 310 1
110 310 0.778283
55 155 1
270 450 1
120 200 1
55 155 0.913911
150 250 1
77 217 0.845876
60 100 1
11 31 0.778372
33 93 1
240 400 1
30 50 1
150 250 1
270 450 1
99 279 0.70707
66 186 1
44 124 1
120 200 1
180 300 1
240 400 0.925378
150 250 1
270 450 1
11 31 0.702862
270 450 1
180 300 1
90 150 1
60 100 1
30 50 1
11 31 1
180 300 1
44 124 1
110 310 1
240 400 1
240 400 1
33 93 1
110 310 1
77 217 1
60 100 1
210 350 1
90 150 1
33 93 1
22 62 1
90 150 1
270 450 1
88 248 0.910097
99 279 0.798858
88 248 1
180 300 0.8817
150 250 1
60 100 1
180 300 1
66 186 0.926084
99 279 1
11 31 1
180 300 1
33 93 0.970944
90 150 1
77 217 1
210 350 0.882999
150 250 1
120 200 1
180 300 0.945622
66 186 1
180 300 0.721308
33 93 1
150 250 1
90 150 0.837483
60 100 1
33 93 1
66 186 0.768629
180 300 1
77 217 1
90 150 1
90 150 1
110 310 0.907002
30 50 1
99 279 1
110 310 1
11 31 1
44 124 1
99 279 1
120 200 1
77 217 1
44 124 1
210 350 0.882849
90 150 1
22 62 1
88 248 1
120 200 1
22 62 1
99 279 1
270 450 0.806318
120 200 1
180 300 1
55 155 0.956549
300 500 1
55 155 1
60 100 0.949303
55 155 1
150 250 1
110 310 0.850329
66 186 1
11 31 1
99 279 1
77 217 1
11 31 1
33 93 1
210 350 1
150 250 1
30 50 0.809455
210 350 1
270 450 1
66 186 0.921617
99 279 1
180 300 0.869364
11 31 1
60 100 1
44 124 1
60 100 1
240 400 0.870425
270 450 1
55 155 0.754184
240 400 1
55 155 1
180 300 1
33 93 1
33 93 1
90 150 1
44 124 1
150 250 0.756798
66 186 1
210 350 0.835467
180 300 1
300 500 1
30 50 1
240 400 1
60 100 1
60 100 1
110 310 1
22 62 1
110 310 1
44 124 1
30 50 1
66 186 1
210 350 1
44 124 1
11 31 1
300 500 1
110 310 0.874337
300 500 1
55 155 1
180 300 1
180 300 1
120 200 1
22 62 1
270 450 1
110 310 1
240 400 1
300 500 1
110 310 0.798982
11 31 0.783593
30 50 1
77 217 0.909969
90 150 1
30 50 1
110 310 1
300 500 1
150 250 0.924018
55 155 1
44 124 1
30 50 0.671291
90 150 1
110 310 1
55 155 1
180 300 0.868281
240 400 1
270 450 1
150 250 1
77 217 1
11 31 1
99 279 1
22 62 1
60 100 1
300 500 1
11 31 1
180 300 1
90 150 1
88 248 1
240 400 1
33 93 0.797711
30 50 1
88 248 1
150 250 1
22 62 1
60 100 1
44 124 1
77 217 1
77 217 0.960682
88 248 1
77 217 1
180 300 1
90 150 1
66 186 1
99 279 1
300 500 0.83156
88 248 0.894514
30 50 1
11 31 1
22 62 1
66 186 1
150 250 1
11 31 1
240 400 1
210 350 1
90 150 1
120 200 1
210 350 1
33 93 1
55 155 1
77 217 1
77 217 1
210 350 0.820465
44 124 1
77 217 1
44 124 0.985852
44 124 1
33 93 1
270 450 1
77 217 1
210 350 1
180 300 0.747518
180 300 1
210 350 1
33 93 1
11 31 1
270 450 0.722349
300 500 1
66 186 0.948761
240 400 1
55 155 0.722497
22 62 0.866413
55 155 1
150 250 1
90 150 1
66 186 1
33 93 1
