5000 2487472
431 432 1
971 972 1
249 249 1
201 201 1
258 258 1
22 24 1
938 939 1
800 801 1
775 777 1
911 912 1
152 153 1
672 672 1
748 750 1
47 48 0.843246
808 810 1
385 387 1
7 9 1
823 825 0.921189
731 732 1
118 120 1
586 588 1
916 918 1
517 519 1
429 429 0.741981
418 420 1
91 93 0.830426
737 738 0.809917
644 645 1
147 147 1
989 990 1
758 759 1
317 318 1
253 255 1
324 324 0.715107
140 141 1
218 219 0.825527
874 876 1
28 30 1
639 639 1
320 321 1
13 15 1
106 108 1
834 834 1
64 66 1
715 717 1
904 906 1
965 966 1
289 291 1
293 294 1
270 270 0.832253
400 402 1
167 168 1
740 741 1
826 828 1
805 807 1
847 849 1
779 780 1
945 945 0.75693
977 978 0.963913
336 336 1
393 393 1
731 732 1
266 267 1
34 36 1
131 132 1
122 123 1
786 786 1
874 876 1
485 486 1
226 228 1
642 642 1
236 237 0.79688
210 210 1
234 234 1
855 855 1
95 96 1
391 393 1
482 483 1
369 369 0.82203
276 276 1
300 300 0.63291
771 771 1
270 270 0.970055
191 192 1
834 834 1
577 579 1
603 603 0.943197
676 678 1
981 981 0.690092
835 837 1
27 27 1
210 210 1
442 444 1
945 945 1
869 870 0.941578
99 99 1
826 828 1
749 750 1
689 690 1
497 498 1
693 693 1
2 3 1
755 756 1
682 684 1
448 450 1
120 120 1
999 999 1
573 573 1
527 528 0.632636
957 957 1
458 459 1
843 843 0.716245
194 195 0.890892
940 942 1
559 561 1
102 102 1
404 405 0.790017
650 651 0.921957
807 807 1
516 516 0.915282
974 975 1
627 627 1
287 288 1
452 453 1
224 225 0.737306
193 195 1
149 150 1
127 129 1
848 849 1
381 381 1
939 939 1
280 282 1
369 369 1
483 483 1
98 99 1
452 453 0.777068
621 621 1
354 354 1
80 81 0.676799
970 972 1
531 531 1
361 363 1
562 564 0.841297
772 774 1
337 339 1
619 621 1
186 186 0.790013
20 21 1
513 513 1
147 147 1
177 177 0.890326
975 975 1
184 186 1
696 696 1
997 999 0.901702
93 93 1
202 204 1
138 138 0.923186
820 822 0.869268
902 903 1
479 480 1
50 51 1
639 639 1
518 519 1
601 603 1
206 207 1
232 234 1
657 657 0.937632
835 837 0.83017
450 450 1
163 165 1
919 921 1
251 252 1
687 687 0.916581
512 513 1
521 522 0.872709
752 753 1
631 633 1
367 369 0.889492
673 675 1
620 621 1
214 216 0.845034
330 330 1
310 312 1
762 762 0.819797
762 762 1
670 672 0.797425
893 894 1
208 210 0.863123
924 924 1
257 258 1
344 345 1
230 231 0.879153
805 807 1
789 789 1
930 930 1
661 663 1
577 579 0.992114
123 123 0.785115
881 882 1
113 114 0.893609
366 366 0.957445
169 171 1
379 381 1
671 672 1
69 69 1
284 285 1
512 513 0.605471
807 807 1
160 162 1
654 654 1
230 231 0.75996
586 588 1
362 363 1
752 753 1
567 567 0.938724
940 942 1
650 651 1
448 450 0.917818
796 798 1
594 594 1
647 648 0.873824
76 78 0.723872
317 318 1
853 855 1
300 300 1
245 246 1
542 543 1
941 942 1
717 717 1
749 750 1
724 726 1
855 855 1
896 897 0.946951
264 264 1
717 717 1
55 57 0.791146
717 717 1
326 327 1
995 996 1
566 567 1
390 390 1
647 648 1
577 579 1
372 372 0.776326
303 303 0.746151
325 327 1
644 645 1
110 111 1
590 591 0.817446
197 198 1
930 930 1
353 354 1
203 204 1
493 495 1
942 942 0.937745
868 870 1
785 786 1
183 183 1
713 714 0.847476
634 636 0.674555
803 804 0.887673
884 885 1
74 75 1
373 375 1
311 312 1
890 891 1
407 408 1
636 636 0.899197
566 567 0.916878
782 783 1
401 402 0.633618
885 885 0.837996
353 354 1
266 267 1
460 462 1
283 285 1
213 213 1
456 456 1
659 660 0.821032
56 57 1
920 921 1
908 909 1
296 297 0.767186
979 981 0.914055
345 345 0.897964
133 135 1
113 114 0.89207
804 804 1
163 165 1
475 477 1
140 141 1
138 138 0.729308
970 972 1
346 348 1
827 828 1
987 987 1
867 867 1
438 438 1
168 168 1
524 525 1
32 33 1
405 405 0.965265
490 492 1
292 294 0.913634
42 42 1
583 585 0.862669
45 45 1
69 69 1
36 36 1
777 777 1
190 192 1
507 507 1
798 798 1
557 558 1
180 180 1
418 420 1
591 591 1
154 156 1
400 402 0.527196
899 900 0.89082
210 210 1
626 627 1
877 879 1
383 384 1
889 891 1
86 87 1
688 690 1
274 276 1
36 36 1
748 750 1
896 897 1
521 522 1
251 252 1
137 138 1
182 183 1
372 372 1
487 489 1
215 216 0.80839
942 942 1
60 60 1
517 519 0.725142
456 456 1
412 414 1
837 837 1
842 843 1
224 225 1
80 81 0.775445
861 861 1
815 816 1
646 648 1
330 330 1
58 60 1
110 111 0.742697
435 435 1
53 54 1
592 594 1
850 852 1
16 18 1
359 360 1
984 984 1
483 483 1
852 852 1
687 687 1
610 612 1
543 543 1
204 204 1
174 174 1
651 651 0.940553
994 996 1
441 441 1
478 480 1
791 792 1
734 735 1
69 69 0.659046
565 567 1
856 858 1
203 204 1
237 237 0.900544
587 588 1
756 756 1
384 384 1
815 816 0.755363
815 816 1
602 603 1
791 792 1
997 999 0.79512
125 126 0.786718
133 135 1
804 804 1
985 987 1
522 522 1
471 471 0.775512
414 414 1
462 462 1
478 480 1
239 240 1
884 885 1
629 630 1
296 297 1
163 165 0.90542
393 393 1
660 660 0.981048
301 303 1
254 255 0.660497
313 315 1
32 33 1
274 276 0.769367
682 684 1
433 435 1
172 174 0.963382
484 486 1
839 840 0.964257
514 516 1
911 912 0.946743
967 969 1
522 522 1
637 639 1
194 195 1
355 357 1
574 576 1
623 624 1
719 720 1
552 552 0.93518
894 894 1
791 792 0.773129
427 429 1
651 651 0.845254
936 936 0.928357
899 900 1
91 93 1
550 552 1
267 267 1
454 456 1
690 690 1
131 132 1
1 3 0.825986
780 780 1
409 411 1
777 777 1
541 543 0.898749
796 798 1
6 6 1
461 462 1
614 615 1
885 885 1
997 999 1
938 939 1
762 762 0.69957
761 762 1
625 627 1
953 954 1
187 189 0.849219
972 972 1
627 627 0.631751
913 915 1
357 357 0.828802
500 501 1
801 801 0.896364
856 858 1
173 174 0.921851
747 747 1
920 921 1
751 753 1
683 684 1
608 609 1
506 507 0.96347
537 537 1
624 624 1
249 249 1
409 411 1
779 780 1
40 42 1
196 198 1
697 699 0.832694
382 384 1
561 561 1
929 930 1
937 939 1
320 321 0.830952
114 114 1
425 426 0.569503
866 867 1
726 726 1
940 942 1
441 441 1
214 216 1
813 813 0.824572
588 588 1
39 39 0.932166
722 723 1
83 84 1
102 102 1
699 699 0.733822
884 885 1
34 36 1
731 732 1
943 945 1
196 198 1
157 159 1
387 387 1
895 897 1
719 720 1
505 507 1
619 621 1
370 372 1
575 576 1
525 525 1
440 441 0.713264
214 216 1
51 51 1
809 810 1
210 210 1
847 849 1
525 525 1
690 690 1
178 180 1
840 840 1
167 168 1
68 69 1
11 12 0.956325
159 159 1
4 6 0.905504
958 960 1
836 837 1
501 501 1
189 189 1
273 273 1
595 597 1
995 996 1
937 939 0.899074
713 714 1
67 69 0.984486
926 927 1
178 180 1
130 132 1
711 711 0.919409
340 342 1
983 984 0.738923
275 276 0.82998
324 324 1
556 558 1
572 573 0.930004
78 78 1
890 891 1
553 555 1
731 732 1
549 549 0.852591
379 381 1
559 561 0.933978
486 486 1
174 174 1
842 843 0.906611
780 780 1
249 249 1
696 696 1
877 879 1
64 66 1
916 918 1
811 813 1
91 93 0.690225
917 918 1
879 879 1
348 348 0.705761
222 222 1
535 537 1
940 942 1
198 198 1
122 123 1
380 381 0.894884
193 195 1
945 945 1
131 132 1
228 228 1
178 180 0.784977
558 558 1
779 780 1
841 843 1
66 66 1
832 834 0.78104
369 369 1
688 690 1
99 99 1
756 756 1
450 450 1
462 462 1
856 858 1
217 219 1
411 411 1
60 60 1
842 843 1
649 651 1
404 405 0.877554
851 852 1
136 138 1
405 405 0.909737
806 807 1
928 930 1
372 372 1
285 285 1
149 150 1
992 993 1
229 231 1
933 933 1
375 375 0.690058
653 654 1
279 279 1
248 249 1
123 123 1
718 720 1
68 69 1
897 897 0.947879
955 957 1
498 498 0.902286
518 519 1
516 516 1
457 459 1
438 438 1
657 657 0.588147
577 579 1
613 615 1
793 795 0.932704
877 879 1
57 57 1
972 972 1
519 519 1
250 252 1
62 63 1
258 258 0.936126
219 219 1
931 933 0.777039
351 351 0.837621
657 657 1
402 402 1
307 309 1
673 675 1
335 336 1
678 678 1
314 315 1
326 327 1
252 252 1
945 945 1
799 801 1
786 786 0.841842
904 906 1
493 495 0.772284
279 279 1
48 48 0.875153
985 987 0.949541
962 963 1
165 165 1
609 609 1
411 411 1
504 504 1
295 297 1
996 996 1
405 405 1
120 120 1
711 711 1
927 927 1
50 51 1
222 222 1
999 999 1
708 708 1
309 309 1
713 714 0.615213
427 429 0.939837
76 78 0.90198
867 867 1
801 801 1
618 618 1
663 663 1
124 126 1
392 393 0.689468
821 822 1
569 570 1
466 468 1
961 963 1
774 774 1
719 720 1
41 42 1
524 525 1
914 915 1
527 528 1
381 381 0.887883
879 879 1
527 528 1
91 93 1
302 303 1
797 798 1
190 192 1
382 384 1
86 87 1
931 933 1
881 882 1
660 660 1
417 417 1
461 462 1
397 399 1
190 192 1
755 756 0.755252
725 726 1
497 498 0.723942
372 372 0.936116
373 375 1
204 204 1
237 237 0.856308
208 210 1
169 171 1
199 201 1
812 813 1
657 657 1
769 771 1
258 258 1
241 243 1
45 45 1
275 276 1
832 834 0.935617
861 861 1
629 630 1
935 936 1
312 312 1
879 879 1
476 477 1
238 240 1
433 435 1
114 114 1
296 297 1
53 54 1
359 360 0.881513
842 843 1
823 825 1
751 753 1
186 186 1
966 966 0.687324
203 204 1
30 30 1
390 390 0.922123
839 840 1
838 840 1
755 756 1
293 294 1
623 624 0.934942
998 999 1
73 75 0.895738
798 798 1
915 915 1
153 153 1
37 39 1
425 426 1
177 177 1
658 660 1
840 840 0.669505
976 978 1
314 315 1
386 387 1
275 276 0.907106
152 153 1
392 393 1
599 600 1
721 723 1
725 726 0.649001
105 105 1
135 135 1
344 345 1
857 858 0.829412
2 3 0.800435
453 453 1
687 687 1
508 510 0.641925
627 627 1
395 396 1
625 627 1
821 822 1
9 9 1
918 918 1
745 747 1
455 456 0.919834
975 975 0.902327
413 414 0.836569
972 972 1
588 588 1
411 411 1
570 570 0.915002
25 27 0.754599
614 615 1
831 831 1
126 126 1
755 756 1
352 354 1
245 246 0.942227
120 120 1
997 999 1
649 651 1
433 435 0.886826
327 327 1
436 438 1
992 993 1
699 699 1
243 243 1
809 810 0.825654
384 384 1
890 891 1
79 81 1
540 540 1
101 102 1
113 114 1
241 243 0.926027
505 507 1
189 189 1
133 135 1
208 210 1
470 471 1
160 162 0.828014
468 468 0.913552
669 669 1
202 204 1
264 264 1
863 864 1
546 546 1
840 840 0.860456
201 201 1
600 600 1
861 861 1
673 675 1
889 891 1
300 300 1
405 405 1
69 69 1
49 51 1
106 108 1
59 60 1
602 603 1
265 267 1
434 435 0.734047
562 564 1
882 882 1
71 72 1
687 687 1
944 945 1
658 660 0.979979
728 729 1
253 255 1
562 564 1
5 6 1
373 375 0.941168
858 858 1
763 765 1
356 357 1
208 210 1
272 273 1
509 510 1
64 66 1
99 99 1
225 225 1
821 822 1
870 870 1
623 624 0.720492
929 930 1
459 459 1
738 738 0.890734
674 675 1
912 912 1
695 696 1
564 564 0.762872
767 768 1
845 846 0.764873
165 165 1
485 486 0.890137
66 66 0.531898
99 99 1
49 51 1
306 306 1
601 603 1
223 225 1
571 573 1
144 144 1
243 243 1
143 144 1
836 837 1
389 390 1
12 12 1
420 420 1
415 417 1
325 327 1
567 567 1
360 360 1
704 705 1
410 411 1
874 876 1
273 273 1
488 489 1
995 996 1
333 333 1
636 636 0.897685
966 966 1
877 879 1
506 507 1
354 354 0.863583
646 648 1
180 180 1
814 816 0.897336
125 126 1
550 552 1
243 243 1
486 486 0.871114
499 501 1
692 693 1
607 609 1
707 708 1
986 987 1
297 297 0.932469
447 447 0.982624
326 327 1
786 786 1
208 210 1
774 774 1
748 750 1
206 207 1
942 942 1
55 57 1
266 267 1
66 66 1
556 558 1
480 480 0.96502
825 825 0.830689
253 255 0.949362
288 288 0.900887
783 783 1
515 516 1
456 456 1
855 855 0.631691
39 39 1
99 99 1
374 375 1
126 126 1
524 525 1
777 777 1
265 267 0.75618
347 348 1
162 162 1
891 891 1
531 531 1
472 474 1
865 867 1
693 693 1
42 42 0.814256
368 369 0.961909
275 276 1
417 417 1
265 267 1
632 633 0.981223
756 756 1
799 801 0.89448
389 390 1
151 153 0.957639
105 105 1
902 903 1
917 918 1
109 111 1
393 393 0.819569
456 456 0.846356
257 258 1
991 993 1
454 456 1
930 930 1
252 252 1
945 945 0.820131
588 588 1
344 345 0.778114
42 42 1
394 396 1
449 450 1
837 837 1
522 522 1
147 147 0.717476
723 723 0.874361
577 579 1
316 318 1
447 447 1
532 534 1
424 426 1
603 603 1
972 972 1
953 954 1
961 963 1
547 549 1
105 105 0.769466
150 150 1
740 741 1
995 996 1
13 15 1
291 291 1
403 405 0.728055
724 726 1
134 135 1
498 498 0.736737
321 321 1
33 33 1
911 912 1
421 423 1
925 927 1
781 783 1
551 552 1
460 462 1
183 183 1
263 264 1
769 771 1
973 975 1
650 651 1
32 33 0.895175
238 240 1
18 18 1
760 762 0.87305
474 474 0.933547
84 84 0.708757
118 120 1
793 795 0.770168
43 45 1
482 483 1
735 735 1
787 789 1
24 24 1
681 681 1
581 582 1
42 42 1
802 804 1
980 981 1
881 882 1
937 939 0.781016
475 477 0.81939
528 528 1
31 33 1
823 825 0.927534
241 243 1
692 693 1
836 837 1
715 717 1
210 210 1
570 570 0.849918
759 759 0.968345
48 48 1
646 648 1
428 429 1
627 627 1
881 882 1
408 408 1
679 681 1
875 876 1
413 414 1
284 285 1
730 732 0.810398
389 390 1
172 174 1
514 516 1
815 816 0.767202
551 552 1
519 519 1
785 786 1
545 546 1
845 846 0.668264
459 459 1
420 420 1
380 381 1
896 897 1
766 768 0.950308
912 912 1
448 450 1
463 465 1
928 930 0.849382
107 108 1
542 543 1
482 483 1
371 372 0.894719
70 72 1
352 354 1
81 81 1
659 660 1
196 198 0.908021
885 885 1
201 201 1
207 207 1
904 906 1
282 282 0.955971
990 990 1
261 261 0.93159
490 492 0.723012
873 873 1
898 900 1
465 465 1
666 666 1
429 429 0.865889
180 180 0.827124
46 48 1
995 996 1
820 822 1
161 162 1
26 27 1
969 969 1
675 675 1
711 711 0.93486
750 750 1
699 699 0.966247
437 438 0.874554
532 534 0.953706
228 228 0.911337
121 123 1
68 69 1
347 348 0.892203
63 63 0.927069
318 318 1
206 207 1
294 294 1
749 750 1
118 120 1
936 936 0.891159
460 462 1
952 954 1
417 417 1
574 576 1
916 918 1
128 129 1
982 984 1
289 291 1
760 762 1
826 828 1
384 384 1
974 975 1
667 669 1
860 861 0.857148
908 909 1
237 237 0.570055
35 36 0.709991
230 231 1
744 744 0.922194
919 921 1
887 888 0.917174
649 651 1
286 288 0.451374
983 984 0.832552
32 33 1
747 747 1
702 702 0.954591
818 819 1
140 141 0.920898
537 537 1
223 225 1
694 696 1
286 288 1
756 756 1
150 150 0.854916
454 456 0.859307
607 609 1
708 708 0.869687
276 276 1
979 981 1
920 921 1
183 183 1
395 396 1
908 909 1
21 21 1
98 99 1
385 387 1
943 945 1
554 555 0.74549
78 78 1
908 909 0.850782
981 981 1
17 18 1
164 165 0.946519
828 828 1
697 699 1
170 171 0.856378
209 210 1
916 918 1
353 354 1
553 555 1
202 204 1
241 243 1
499 501 1
388 390 1
504 504 1
560 561 1
497 498 0.885575
282 282 0.917868
533 534 1
588 588 0.923447
205 207 1
572 573 1
125 126 1
517 519 1
397 399 1
638 639 1
414 414 1
81 81 1
503 504 1
727 729 1
295 297 1
190 192 1
677 678 1
660 660 1
796 798 1
437 438 0.767195
922 924 1
488 489 0.754771
144 144 1
865 867 0.876759
75 75 1
919 921 1
824 825 1
485 486 1
655 657 1
6 6 1
726 726 0.933893
849 849 1
919 921 1
197 198 1
404 405 1
277 279 1
782 783 0.77067
412 414 0.668597
748 750 1
660 660 1
377 378 1
104 105 1
86 87 1
658 660 1
943 945 1
743 744 1
74 75 1
454 456 1
369 369 1
551 552 0.980009
737 738 1
616 618 0.639504
35 36 0.827379
427 429 1
479 480 1
747 747 1
377 378 1
413 414 1
508 510 1
732 732 0.765948
746 747 1
908 909 1
62 63 0.85133
640 642 1
864 864 0.82781
984 984 0.806744
295 297 1
42 42 1
814 816 0.898591
152 153 1
669 669 1
930 930 1
192 192 1
738 738 1
796 798 1
102 102 1
789 789 1
435 435 1
358 360 0.87455
924 924 0.632323
280 282 1
962 963 1
803 804 1
341 342 1
578 579 1
417 417 1
264 264 1
580 582 1
241 243 1
563 564 1
628 630 0.876001
253 255 1
524 525 1
47 48 1
518 519 1
582 582 0.899181
125 126 1
515 516 1
992 993 1
616 618 1
485 486 0.920657
665 666 0.856588
126 126 1
654 654 0.749801
810 810 1
668 669 1
511 513 1
852 852 1
955 957 1
91 93 1
866 867 1
536 537 1
562 564 1
373 375 1
762 762 1
333 333 1
641 642 1
539 540 1
467 468 1
739 741 1
213 213 0.864822
650 651 1
178 180 1
575 576 1
654 654 1
181 183 0.795256
767 768 1
857 858 0.839755
956 957 0.860726
454 456 0.985947
446 447 1
264 264 1
707 708 1
277 279 1
537 537 1
975 975 0.764303
895 897 1
983 984 1
807 807 1
668 669 1
400 402 0.837146
944 945 1
832 834 1
667 669 1
327 327 1
129 129 1
263 264 0.656265
590 591 1
719 720 1
978 978 1
390 390 0.547161
896 897 1
36 36 1
792 792 1
188 189 1
932 933 1
126 126 1
176 177 1
874 876 1
314 315 0.895727
327 327 1
537 537 1
993 993 0.877721
11 12 1
32 33 1
94 96 1
365 366 1
599 600 1
664 666 1
273 273 1
876 876 1
942 942 1
540 540 1
809 810 1
903 903 1
955 957 1
591 591 0.890007
932 933 1
856 858 1
138 138 0.849335
491 492 1
389 390 1
2 3 1
387 387 1
38 39 0.7854
414 414 1
660 660 1
843 843 1
182 183 1
335 336 1
709 711 0.813542
450 450 1
853 855 1
469 471 1
593 594 1
895 897 1
885 885 1
171 171 1
850 852 0.765727
374 375 1
315 315 1
668 669 1
431 432 0.992433
330 330 1
384 384 1
990 990 1
888 888 1
858 858 1
131 132 1
384 384 1
231 231 1
87 87 1
399 399 1
940 942 1
824 825 1
732 732 0.897121
651 651 1
621 621 1
993 993 1
500 501 1
845 846 0.70863
281 282 1
506 507 1
64 66 1
221 222 0.691025
560 561 1
814 816 1
438 438 1
240 240 0.791001
660 660 1
168 168 1
802 804 1
770 771 1
790 792 1
534 534 1
648 648 0.832184
170 171 1
150 150 1
409 411 1
295 297 0.87409
897 897 0.851196
539 540 1
114 114 1
447 447 1
187 189 0.907438
503 504 0.903166
430 432 1
771 771 1
731 732 0.867124
780 780 1
203 204 1
768 768 0.842068
19 21 1
768 768 1
912 912 1
67 69 1
65 66 1
156 156 1
896 897 1
663 663 0.871725
91 93 1
161 162 1
223 225 1
396 396 1
276 276 1
25 27 1
515 516 1
920 921 1
571 573 1
748 750 1
603 603 1
378 378 1
107 108 1
383 384 1
35 36 1
769 771 0.715938
61 63 1
518 519 1
462 462 1
65 66 0.641635
439 441 1
19 21 1
530 531 1
741 741 1
904 906 1
324 324 1
255 255 1
317 318 1
689 690 1
152 153 1
968 969 1
146 147 1
597 597 1
930 930 0.853191
279 279 1
125 126 0.738102
617 618 1
652 654 1
844 846 0.742536
859 861 1
268 270 1
21 21 1
7 9 1
291 291 0.889634
423 423 0.877407
211 213 1
105 105 1
189 189 1
766 768 1
65 66 1
63 63 1
796 798 1
789 789 1
42 42 0.83182
422 423 1
573 573 1
860 861 1
699 699 1
71 72 1
597 597 1
579 579 0.709672
540 540 0.915988
876 876 1
511 513 1
613 615 1
223 225 1
337 339 1
883 885 1
953 954 1
175 177 0.910213
467 468 1
31 33 1
268 270 1
898 900 0.858162
836 837 1
730 732 1
223 225 1
575 576 1
844 846 1
435 435 1
215 216 1
88 90 1
305 306 1
702 702 1
655 657 0.717858
97 99 1
672 672 1
910 912 0.904881
407 408 1
934 936 1
305 306 0.622315
572 573 0.848757
368 369 1
104 105 1
286 288 1
894 894 1
189 189 1
624 624 0.874753
235 237 1
472 474 1
92 93 1
802 804 1
447 447 0.405914
110 111 1
954 954 1
219 219 1
234 234 1
15 15 0.916458
306 306 1
83 84 0.596498
196 198 1
99 99 0.9164
622 624 1
812 813 1
804 804 1
502 504 1
548 549 1
320 321 1
166 168 1
194 195 1
857 858 1
926 927 1
603 603 1
944 945 1
945 945 1
845 846 0.916704
628 630 1
375 375 0.62484
861 861 1
750 750 0.801611
151 153 1
131 132 1
914 915 1
78 78 1
584 585 1
383 384 1
640 642 1
465 465 1
137 138 1
410 411 1
280 282 1
40 42 1
530 531 1
822 822 1
133 135 1
379 381 1
672 672 1
651 651 1
443 444 1
175 177 1
314 315 1
920 921 0.639458
787 789 1
721 723 0.767641
46 48 1
994 996 1
460 462 1
89 90 1
728 729 1
619 621 0.924072
211 213 1
920 921 1
580 582 1
156 156 1
468 468 1
649 651 0.611607
774 774 1
362 363 1
29 30 1
99 99 1
345 345 1
652 654 0.897116
857 858 1
252 252 1
420 420 1
34 36 1
371 372 1
39 39 1
606 606 1
599 600 1
630 630 1
567 567 1
618 618 1
760 762 1
252 252 1
617 618 0.858156
915 915 1
803 804 0.701481
563 564 1
797 798 0.886107
985 987 0.861764
16 18 1
456 456 1
981 981 1
362 363 0.853557
555 555 1
512 513 0.72329
429 429 1
858 858 1
415 417 1
354 354 1
177 177 1
210 210 1
796 798 1
302 303 1
553 555 1
532 534 1
377 378 1
240 240 1
775 777 1
364 366 1
362 363 1
173 174 0.939306
918 918 1
464 465 1
58 60 0.528155
731 732 1
869 870 1
945 945 1
962 963 1
117 117 1
554 555 1
8 9 1
616 618 1
181 183 1
103 105 0.932256
433 435 1
432 432 1
144 144 0.932401
720 720 1
506 507 1
718 720 1
13 15 1
162 162 0.897528
884 885 1
569 570 1
309 309 0.869743
781 783 1
577 579 1
506 507 1
300 300 1
851 852 1
332 333 1
602 603 0.870285
230 231 1
406 408 1
627 627 1
367 369 1
818 819 1
21 21 1
920 921 1
734 735 1
74 75 1
583 585 1
83 84 1
738 738 1
633 633 0.984912
421 423 1
729 729 1
875 876 1
867 867 1
316 318 1
192 192 1
600 600 1
71 72 1
361 363 1
480 480 0.935153
453 453 0.908141
576 576 1
778 780 1
722 723 1
741 741 1
743 744 1
323 324 1
228 228 1
384 384 1
938 939 1
454 456 0.744708
587 588 1
173 174 1
632 633 0.722625
89 90 1
400 402 1
481 483 1
666 666 1
676 678 1
691 693 1
318 318 1
43 45 1
768 768 1
354 354 1
869 870 1
337 339 1
856 858 1
898 900 1
963 963 1
185 186 1
315 315 1
548 549 0.94486
447 447 1
502 504 1
951 951 1
561 561 1
402 402 1
353 354 1
759 759 1
382 384 1
837 837 1
906 906 1
198 198 1
161 162 1
558 558 1
445 447 1
65 66 1
545 546 0.785808
50 51 1
398 399 1
385 387 1
929 930 1
516 516 1
157 159 1
382 384 0.958014
125 126 1
596 597 1
610 612 1
228 228 1
914 915 1
569 570 0.952917
626 627 1
305 306 1
658 660 1
31 33 1
638 639 1
276 276 1
566 567 1
521 522 0.823956
435 435 1
927 927 1
25 27 1
912 912 1
732 732 1
510 510 1
283 285 1
744 744 1
866 867 0.403066
574 576 1
259 261 1
970 972 0.878985
764 765 0.716207
366 366 1
771 771 0.82337
68 69 1
910 912 0.899474
168 168 1
800 801 1
882 882 0.655025
414 414 1
216 216 1
831 831 1
928 930 1
625 627 1
571 573 0.715742
753 753 1
110 111 1
218 219 1
561 561 1
471 471 1
466 468 0.962833
171 171 1
988 990 0.989284
741 741 1
336 336 1
866 867 1
582 582 1
171 171 1
693 693 1
637 639 1
606 606 1
951 951 0.806693
127 129 1
773 774 0.816521
747 747 0.703751
507 507 1
478 480 1
838 840 1
287 288 1
157 159 1
22 24 1
221 222 1
836 837 1
345 345 1
354 354 1
576 576 1
98 99 1
553 555 0.726038
386 387 1
73 75 0.906363
103 105 1
93 93 0.950312
69 69 0.874799
971 972 1
357 357 1
587 588 0.788007
847 849 0.70133
651 651 1
775 777 1
687 687 1
12 12 1
592 594 1
595 597 1
739 741 0.992539
26 27 0.831599
434 435 1
113 114 1
880 882 1
547 549 1
990 990 1
825 825 1
747 747 1
752 753 1
288 288 1
937 939 1
136 138 1
30 30 0.868373
550 552 1
549 549 0.945991
738 738 1
244 246 1
284 285 1
532 534 1
113 114 1
779 780 1
538 540 1
73 75 1
657 657 1
908 909 1
711 711 1
79 81 1
865 867 1
485 486 1
89 90 1
732 732 1
97 99 0.902057
644 645 1
802 804 0.976151
526 528 1
50 51 0.905042
977 978 1
100 102 0.945307
624 624 1
386 387 1
144 144 1
365 366 1
117 117 1
605 606 1
996 996 1
732 732 1
635 636 1
580 582 0.799851
245 246 1
737 738 0.973496
354 354 1
953 954 1
259 261 1
912 912 0.84751
842 843 1
736 738 1
231 231 1
470 471 1
144 144 1
800 801 1
752 753 0.912021
34 36 1
160 162 1
231 231 1
564 564 1
645 645 1
396 396 1
153 153 1
546 546 0.913703
34 36 1
419 420 1
850 852 0.662209
806 807 1
454 456 1
266 267 1
406 408 1
637 639 1
704 705 1
174 174 1
543 543 1
532 534 0.932388
841 843 1
208 210 1
335 336 0.754552
124 126 1
957 957 1
519 519 1
393 393 1
561 561 1
768 768 1
800 801 1
108 108 1
718 720 1
786 786 1
65 66 1
199 201 1
954 954 1
723 723 1
81 81 1
198 198 0.94848
421 423 1
78 78 1
546 546 1
779 780 1
659 660 1
338 339 1
543 543 1
181 183 1
487 489 1
355 357 1
573 573 0.630285
740 741 1
449 450 1
261 261 1
581 582 0.889086
386 387 1
608 609 1
817 819 1
680 681 1
99 99 1
72 72 1
94 96 1
673 675 1
237 237 1
701 702 1
169 171 1
207 207 1
520 522 1
229 231 1
164 165 1
175 177 1
391 393 1
506 507 1
970 972 1
149 150 0.957979
605 606 0.646524
197 198 1
976 978 1
36 36 0.940714
856 858 1
900 900 0.852394
398 399 1
881 882 1
761 762 1
772 774 0.832023
804 804 1
603 603 1
722 723 1
822 822 0.71907
45 45 0.942196
341 342 1
150 150 1
334 336 1
134 135 1
586 588 0.715031
747 747 1
727 729 0.757492
39 39 1
16 18 1
3 3 1
856 858 1
920 921 1
637 639 1
214 216 0.764574
993 993 1
309 309 1
821 822 1
928 930 1
502 504 1
51 51 1
33 33 1
145 147 1
378 378 1
392 393 1
632 633 1
664 666 1
613 615 1
982 984 1
281 282 1
383 384 1
6 6 1
823 825 1
239 240 1
666 666 1
121 123 1
186 186 1
883 885 1
151 153 1
90 90 0.703875
876 876 1
661 663 1
294 294 1
888 888 1
432 432 1
251 252 1
273 273 1
178 180 1
351 351 0.740796
632 633 1
269 270 1
972 972 1
232 234 1
798 798 1
839 840 1
123 123 1
792 792 0.733246
19 21 1
512 513 0.724378
12 12 1
131 132 1
712 714 1
625 627 1
505 507 1
625 627 0.959826
76 78 1
631 633 1
19 21 1
768 768 1
773 774 1
719 720 1
176 177 1
825 825 1
375 375 0.705611
234 234 1
486 486 1
146 147 0.887045
234 234 1
202 204 1
486 486 1
64 66 0.880472
487 489 1
971 972 1
217 219 1
664 666 1
259 261 1
666 666 0.955985
430 432 1
856 858 1
435 435 1
945 945 1
369 369 1
387 387 0.882089
902 903 1
848 849 1
597 597 1
850 852 1
446 447 1
13 15 1
947 948 0.598409
914 915 1
710 711 1
93 93 1
960 960 1
164 165 1
636 636 1
416 417 0.836333
394 396 1
64 66 1
864 864 1
928 930 1
811 813 1
985 987 0.655555
147 147 1
73 75 1
908 909 1
947 948 1
129 129 1
762 762 1
707 708 1
752 753 1
999 999 1
899 900 1
621 621 1
630 630 0.739699
452 453 1
861 861 1
596 597 1
713 714 0.906524
379 381 1
444 444 1
993 993 0.816362
367 369 0.845821
679 681 1
967 969 1
834 834 0.9083
823 825 1
326 327 1
526 528 1
277 279 1
25 27 1
271 273 1
563 564 1
371 372 1
96 96 1
51 51 1
745 747 1
493 495 0.925928
442 444 1
598 600 1
816 816 0.905704
514 516 0.736455
638 639 1
926 927 1
942 942 1
735 735 1
44 45 1
147 147 1
222 222 1
500 501 0.798011
120 120 0.840716
205 207 1
757 759 0.931476
765 765 0.957402
287 288 1
49 51 1
879 879 0.925909
398 399 0.971902
616 618 1
84 84 1
30 30 1
670 672 1
132 132 0.717568
589 591 0.860494
739 741 1
572 573 1
623 624 1
703 705 1
682 684 1
581 582 1
836 837 1
988 990 1
250 252 1
51 51 1
715 717 1
642 642 1
226 228 1
766 768 1
534 534 0.927007
922 924 1
741 741 1
679 681 1
910 912 1
275 276 1
134 135 1
992 993 1
923 924 1
971 972 1
308 309 1
701 702 1
401 402 1
990 990 0.849311
279 279 1
845 846 1
924 924 1
220 222 1
968 969 0.974483
984 984 1
972 972 1
839 840 0.874605
661 663 1
178 180 1
920 921 1
26 27 1
194 195 0.636762
262 264 0.90782
719 720 1
562 564 1
296 297 1
884 885 1
402 402 1
872 873 1
937 939 1
588 588 1
964 966 1
941 942 1
177 177 1
160 162 0.657968
545 546 1
117 117 0.805017
750 750 1
909 909 1
377 378 0.892855
396 396 1
129 129 1
881 882 1
558 558 1
403 405 0.680772
563 564 1
678 678 0.819069
409 411 1
875 876 1
760 762 0.968391
845 846 1
688 690 1
912 912 1
654 654 1
204 204 1
147 147 1
791 792 0.66831
862 864 1
192 192 1
298 300 0.750767
399 399 1
122 123 1
331 333 1
680 681 0.707466
164 165 1
581 582 0.63091
534 534 1
947 948 0.853378
551 552 1
238 240 1
727 729 1
768 768 1
782 783 1
820 822 1
61 63 1
811 813 1
466 468 0.968725
466 468 1
190 192 1
117 117 1
603 603 1
500 501 1
815 816 1
819 819 1
478 480 1
440 441 1
28 30 1
278 279 1
319 321 1
142 144 1
986 987 1
421 423 1
390 390 1
632 633 1
260 261 1
500 501 1
902 903 1
674 675 1
619 621 1
847 849 1
697 699 0.961016
290 291 1
892 894 1
247 249 1
709 711 1
120 120 1
166 168 0.832
795 795 1
817 819 1
295 297 1
520 522 0.897833
456 456 1
464 465 1
186 186 1
615 615 1
714 714 1
20 21 0.961288
975 975 1
821 822 1
224 225 0.851338
603 603 1
455 456 1
347 348 1
939 939 0.810087
542 543 1
379 381 1
247 249 1
502 504 0.73952
12 12 1
920 921 1
54 54 1
215 216 1
923 924 1
556 558 1
707 708 1
196 198 1
255 255 0.899858
326 327 0.85799
885 885 1
831 831 1
664 666 1
49 51 1
621 621 1
498 498 1
416 417 0.8492
105 105 1
365 366 1
859 861 1
394 396 0.947677
43 45 1
65 66 0.842276
73 75 1
588 588 1
681 681 1
921 921 1
668 669 1
717 717 1
668 669 1
925 927 1
272 273 1
407 408 0.736499
983 984 1
551 552 1
906 906 0.84038
445 447 1
586 588 1
772 774 1
961 963 0.82816
150 150 1
636 636 1
106 108 1
581 582 1
592 594 1
680 681 0.837667
35 36 1
347 348 1
93 93 1
216 216 1
929 930 1
927 927 1
265 267 1
372 372 1
351 351 1
521 522 1
105 105 1
92 93 1
102 102 1
368 369 1
92 93 1
865 867 0.590389
668 669 1
505 507 1
422 423 1
408 408 1
318 318 0.721338
456 456 0.953549
384 384 1
118 120 1
639 639 1
172 174 1
865 867 1
628 630 1
86 87 1
103 105 1
695 696 1
220 222 1
396 396 1
316 318 1
382 384 1
769 771 1
683 684 1
319 321 1
375 375 1
259 261 1
663 663 1
432 432 1
129 129 1
984 984 0.870706
816 816 1
599 600 1
636 636 1
44 45 1
422 423 0.997991
401 402 0.82458
505 507 1
449 450 0.957231
819 819 1
489 489 0.863135
786 786 1
151 153 1
68 69 1
287 288 1
439 441 0.850675
749 750 1
512 513 1
860 861 0.707487
687 687 1
877 879 1
942 942 1
363 363 0.945061
514 516 1
403 405 1
491 492 1
786 786 1
30 30 1
974 975 1
865 867 1
702 702 0.853452
542 543 1
574 576 1
289 291 1
786 786 1
428 429 0.919235
179 180 1
506 507 0.989259
504 504 1
463 465 1
284 285 1
966 966 1
741 741 1
973 975 1
813 813 1
859 861 1
681 681 1
402 402 0.979844
79 81 0.898563
664 666 1
300 300 0.890611
207 207 1
99 99 1
899 900 1
746 747 1
476 477 1
111 111 1
297 297 0.75701
559 561 1
133 135 1
271 273 1
214 216 1
644 645 0.821839
375 375 1
564 564 1
712 714 1
303 303 1
780 780 1
560 561 1
504 504 1
510 510 1
923 924 1
424 426 0.730324
112 114 1
997 999 1
920 921 1
672 672 1
877 879 1
362 363 1
601 603 1
890 891 0.795894
190 192 0.789858
935 936 1
807 807 1
679 681 0.928153
762 762 0.5964
280 282 0.860131
561 561 1
403 405 0.979624
334 336 1
984 984 1
492 492 1
500 501 0.764653
20 21 1
264 264 1
989 990 1
516 516 1
421 423 1
16 18 1
564 564 1
274 276 1
416 417 0.912526
339 339 1
394 396 1
284 285 0.864457
471 471 1
527 528 0.822956
835 837 1
664 666 1
168 168 1
594 594 0.758226
413 414 1
174 174 1
442 444 1
798 798 0.559385
975 975 1
695 696 1
907 909 1
925 927 1
906 906 1
392 393 1
184 186 1
228 228 1
739 741 1
407 408 1
341 342 1
292 294 1
86 87 1
884 885 1
448 450 1
540 540 1
804 804 1
681 681 1
906 906 1
416 417 1
965 966 1
890 891 1
477 477 1
557 558 1
422 423 1
638 639 0.909259
350 351 1
729 729 0.946294
452 453 1
251 252 0.637787
76 78 1
751 753 1
55 57 1
613 615 1
647 648 1
57 57 1
687 687 0.955499
191 192 1
409 411 1
388 390 1
458 459 1
367 369 1
704 705 0.914833
167 168 0.903735
883 885 0.92072
918 918 1
169 171 1
603 603 1
348 348 1
77 78 1
982 984 0.713363
619 621 0.952183
493 495 1
209 210 1
729 729 0.627836
581 582 1
465 465 1
104 105 1
958 960 1
712 714 1
792 792 1
953 954 1
324 324 1
660 660 1
799 801 1
120 120 1
364 366 1
988 990 1
361 363 1
222 222 0.849192
544 546 1
782 783 1
577 579 1
356 357 1
29 30 1
649 651 1
189 189 1
225 225 0.806286
33 33 1
429 429 1
172 174 1
399 399 0.903867
124 126 1
630 630 0.936532
816 816 0.971156
682 684 1
339 339 1
657 657 1
789 789 0.837942
904 906 1
360 360 1
381 381 1
311 312 1
113 114 1
659 660 1
283 285 1
943 945 1
919 921 1
99 99 0.758284
118 120 1
39 39 1
631 633 1
549 549 1
123 123 1
376 378 0.516502
662 663 1
940 942 1
578 579 1
395 396 1
85 87 1
438 438 1
738 738 1
525 525 1
949 951 0.9118
437 438 1
760 762 1
776 777 1
83 84 0.946639
131 132 1
488 489 1
256 258 1
484 486 1
932 933 1
450 450 1
331 333 1
978 978 1
887 888 0.789448
622 624 1
104 105 1
44 45 0.865473
157 159 0.820461
816 816 1
608 609 1
529 531 1
928 930 1
988 990 1
1000 1002 1
30 30 1
749 750 1
362 363 1
140 141 1
898 900 1
178 180 1
491 492 0.765132
813 813 1
745 747 0.855184
952 954 1
881 882 1
900 900 1
230 231 1
681 681 1
946 948 1
852 852 1
742 744 1
90 90 1
742 744 1
195 195 1
355 357 1
754 756 1
580 582 1
528 528 1
711 711 1
865 867 1
504 504 1
286 288 1
932 933 0.866528
353 354 1
920 921 1
640 642 1
898 900 1
888 888 1
913 915 0.942196
370 372 1
729 729 1
547 549 0.884101
414 414 0.581595
222 222 1
954 954 1
844 846 1
969 969 1
244 246 1
17 18 0.940017
637 639 1
280 282 1
208 210 0.93868
181 183 1
994 996 1
880 882 1
79 81 1
78 78 0.903963
451 453 0.849601
541 543 1
649 651 1
270 270 1
302 303 1
664 666 1
504 504 1
72 72 1
665 666 0.734928
262 264 1
575 576 1
20 21 0.896515
181 183 1
848 849 1
876 876 1
112 114 0.606511
963 963 1
981 981 0.919243
423 423 1
767 768 1
435 435 1
912 912 1
312 312 1
542 543 1
823 825 1
160 162 1
915 915 0.714478
521 522 1
405 405 0.859169
762 762 1
231 231 1
562 564 1
42 42 0.9504
801 801 1
826 828 0.924065
482 483 1
942 942 1
447 447 1
638 639 1
566 567 0.723215
614 615 0.847687
496 498 1
831 831 0.948032
930 930 1
101 102 1
117 117 1
235 237 1
889 891 0.809089
601 603 1
350 351 1
16 18 1
666 666 1
468 468 0.87593
935 936 1
424 426 1
780 780 1
904 906 1
771 771 1
175 177 0.816256
331 333 1
561 561 1
420 420 0.869936
531 531 1
39 39 1
503 504 1
24 24 1
371 372 0.874878
292 294 1
905 906 1
205 207 0.918086
185 186 0.889227
604 606 1
690 690 1
949 951 1
39 39 1
926 927 1
398 399 1
922 924 0.714112
61 63 1
130 132 1
77 78 1
931 933 0.928874
769 771 1
523 525 0.865334
175 177 1
524 525 1
996 996 1
715 717 1
199 201 1
570 570 1
523 525 0.73402
513 513 1
272 273 1
612 612 1
444 444 0.818372
998 999 1
26 27 1
851 852 1
708 708 1
978 978 0.918438
717 717 1
522 522 1
791 792 1
836 837 1
739 741 1
902 903 1
624 624 1
471 471 1
58 60 1
166 168 1
587 588 1
797 798 1
320 321 1
91 93 1
826 828 1
688 690 1
901 903 0.921678
625 627 0.851402
141 141 1
955 957 0.625843
467 468 1
308 309 1
768 768 1
117 117 1
153 153 1
219 219 1
696 696 1
293 294 1
827 828 1
176 177 1
38 39 1
758 759 0.776848
747 747 0.838013
622 624 1
426 426 0.81093
436 438 0.837539
267 267 0.810772
769 771 1
544 546 1
405 405 1
288 288 0.873268
897 897 1
686 687 1
193 195 1
480 480 1
894 894 1
883 885 0.808398
162 162 1
284 285 1
204 204 0.809743
825 825 1
388 390 1
718 720 1
265 267 1
892 894 1
701 702 1
948 948 0.882362
658 660 0.993578
817 819 1
62 63 1
275 276 1
529 531 1
855 855 1
407 408 1
140 141 1
929 930 0.916246
176 177 1
278 279 1
233 234 1
199 201 0.702166
192 192 1
8 9 1
1000 1002 0.901611
291 291 1
917 918 1
742 744 0.925949
167 168 1
988 990 0.78471
165 165 0.757306
618 618 1
950 951 1
863 864 1
946 948 1
510 510 1
759 759 1
449 450 1
57 57 1
859 861 0.72053
705 705 1
447 447 1
933 933 1
951 951 1
280 282 1
581 582 1
200 201 1
389 390 1
718 720 1
243 243 1
243 243 1
305 306 1
821 822 1
209 210 1
369 369 0.936711
849 849 1
978 978 1
916 918 0.860157
431 432 1
676 678 0.85261
939 939 1
222 222 1
422 423 1
982 984 1
921 921 0.884584
873 873 1
15 15 1
370 372 1
71 72 1
948 948 1
29 30 1
758 759 1
752 753 0.742729
508 510 1
190 192 1
210 210 0.3891
844 846 1
404 405 1
2 3 1
304 306 1
451 453 0.767326
533 534 1
266 267 1
989 990 1
119 120 1
214 216 1
705 705 1
262 264 1
238 240 1
780 780 1
790 792 1
580 582 0.686488
70 72 1
298 300 0.660368
144 144 1
752 753 1
895 897 1
74 75 1
592 594 1
311 312 0.616363
292 294 1
658 660 1
770 771 1
6 6 1
457 459 1
792 792 1
315 315 1
854 855 1
974 975 0.968519
46 48 1
148 150 1
841 843 1
530 531 1
934 936 1
437 438 1
882 882 1
8 9 1
749 750 1
762 762 1
785 786 1
317 318 1
292 294 0.945682
153 153 1
956 957 0.893967
455 456 1
514 516 0.916957
618 618 1
991 993 1
719 720 1
923 924 1
317 318 1
444 444 1
623 624 1
515 516 1
927 927 0.901857
851 852 1
437 438 1
459 459 1
916 918 0.958821
115 117 1
702 702 1
19 21 1
302 303 1
398 399 1
955 957 1
605 606 1
468 468 1
785 786 1
366 366 1
864 864 1
979 981 0.800976
104 105 0.879579
397 399 1
962 963 1
161 162 0.950158
598 600 0.830432
606 606 1
108 108 0.929027
372 372 1
115 117 0.96075
489 489 1
674 675 0.922545
814 816 1
627 627 1
81 81 0.826281
992 993 0.837225
300 300 1
869 870 0.937115
26 27 1
37 39 0.901434
874 876 1
841 843 0.86827
236 237 1
643 645 1
504 504 0.691792
865 867 0.950814
846 846 0.802133
76 78 1
655 657 1
288 288 1
843 843 1
70 72 0.914444
596 597 1
205 207 0.911841
944 945 1
952 954 1
300 300 0.927274
625 627 1
35 36 1
954 954 0.68272
470 471 1
124 126 1
557 558 0.904263
552 552 1
732 732 1
291 291 1
368 369 1
208 210 0.749108
513 513 1
453 453 1
722 723 0.560606
70 72 1
755 756 1
528 528 1
152 153 0.878438
766 768 1
514 516 1
120 120 1
499 501 1
810 810 1
839 840 0.863771
361 363 1
774 774 1
207 207 1
133 135 1
15 15 1
485 486 1
597 597 1
667 669 1
84 84 1
718 720 1
491 492 1
312 312 1
210 210 1
859 861 1
758 759 1
693 693 1
356 357 0.724469
70 72 1
194 195 1
950 951 1
969 969 0.773027
476 477 1
807 807 1
497 498 1
673 675 1
906 906 1
637 639 0.88155
180 180 0.891737
581 582 1
818 819 1
376 378 0.761171
586 588 1
714 714 1
182 183 1
628 630 0.931826
375 375 1
966 966 1
475 477 1
721 723 1
103 105 0.912915
705 705 1
416 417 1
647 648 1
162 162 1
461 462 0.903341
692 693 1
811 813 1
347 348 0.923908
238 240 1
938 939 1
240 240 1
603 603 1
667 669 1
16 18 1
614 615 1
882 882 0.755111
146 147 1
667 669 1
687 687 1
663 663 1
175 177 1
252 252 1
596 597 1
626 627 1
213 213 0.945472
933 933 1
123 123 1
784 786 1
58 60 1
964 966 1
156 156 1
887 888 1
783 783 0.825559
551 552 0.877513
783 783 1
477 477 1
942 942 0.813095
806 807 1
87 87 1
252 252 1
882 882 1
964 966 0.799008
625 627 1
537 537 1
361 363 1
206 207 0.95252
253 255 1
344 345 1
77 78 1
297 297 1
987 987 1
329 330 1
878 879 1
399 399 1
135 135 1
614 615 0.669128
825 825 1
795 795 0.880172
694 696 0.815008
370 372 0.78187
60 60 0.981162
223 225 1
414 414 1
586 588 1
111 111 1
653 654 1
305 306 1
199 201 1
683 684 0.747138
827 828 1
634 636 1
698 699 1
942 942 1
788 789 0.97919
493 495 1
206 207 1
277 279 1
246 246 1
411 411 1
82 84 1
881 882 1
662 663 1
155 156 1
44 45 1
698 699 1
125 126 1
530 531 1
574 576 1
446 447 1
470 471 1
3 3 1
459 459 1
338 339 1
941 942 1
679 681 0.840757
634 636 1
223 225 1
521 522 0.928092
326 327 1
378 378 1
478 480 1
114 114 1
828 828 1
412 414 0.890316
644 645 1
299 300 1
708 708 1
748 750 1
446 447 1
616 618 1
800 801 1
632 633 1
429 429 1
81 81 1
630 630 1
294 294 0.85558
739 741 1
229 231 0.744756
299 300 0.695152
362 363 1
380 381 1
487 489 1
156 156 1
741 741 1
830 831 1
324 324 1
120 120 1
758 759 1
264 264 0.875973
434 435 1
399 399 1
821 822 1
694 696 1
299 300 1
829 831 1
666 666 1
491 492 1
919 921 1
903 903 1
474 474 1
428 429 1
285 285 0.97318
868 870 1
458 459 1
260 261 0.903511
570 570 0.776631
516 516 1
361 363 1
122 123 1
551 552 1
44 45 1
522 522 1
691 693 1
759 759 1
144 144 1
31 33 1
510 510 1
878 879 1
647 648 0.947229
919 921 0.952208
763 765 1
794 795 1
459 459 1
240 240 1
707 708 1
86 87 1
597 597 1
292 294 1
595 597 0.595105
274 276 1
564 564 1
984 984 1
536 537 1
939 939 1
423 423 0.863782
400 402 0.685016
859 861 1
713 714 1
870 870 1
212 213 0.834203
757 759 1
59 60 1
492 492 1
462 462 0.841369
100 102 1
588 588 0.836974
743 744 1
25 27 1
780 780 1
569 570 0.97349
998 999 1
675 675 0.677599
911 912 1
913 915 1
681 681 1
843 843 0.9519
429 429 1
499 501 1
877 879 1
779 780 0.703508
915 915 1
706 708 1
501 501 0.867335
246 246 1
376 378 1
372 372 0.924318
169 171 1
683 684 1
403 405 1
22 24 1
826 828 1
495 495 1
94 96 1
369 369 0.886689
419 420 0.90971
7 9 1
917 918 1
408 408 0.87565
81 81 1
187 189 1
407 408 0.935078
783 783 1
428 429 1
539 540 1
219 219 1
69 69 1
251 252 1
190 192 1
212 213 0.974895
266 267 1
795 795 1
109 111 0.942189
766 768 0.760467
769 771 1
809 810 1
420 420 1
310 312 1
423 423 1
98 99 0.732302
649 651 1
516 516 1
153 153 0.705903
714 714 1
315 315 1
884 885 1
473 474 1
761 762 0.578773
339 339 0.759905
120 120 1
314 315 0.828207
119 120 1
790 792 1
791 792 1
423 423 1
913 915 0.645646
280 282 1
977 978 1
831 831 1
689 690 0.94535
17 18 1
369 369 1
243 243 1
209 210 1
220 222 0.579012
169 171 0.571707
622 624 1
104 105 1
763 765 1
408 408 0.896583
948 948 1
963 963 1
892 894 1
831 831 1
571 573 1
596 597 1
694 696 1
287 288 1
84 84 1
175 177 0.98008
620 621 1
700 702 0.834291
978 978 1
335 336 1
568 570 1
788 789 1
929 930 1
317 318 1
41 42 1
377 378 1
992 993 1
849 849 1
213 213 1
82 84 1
271 273 1
942 942 1
479 480 1
837 837 0.723947
585 585 0.822815
778 780 1
145 147 1
88 90 1
291 291 0.866042
787 789 0.640042
754 756 1
330 330 1
698 699 1
618 618 0.728702
178 180 0.922655
111 111 1
776 777 1
211 213 1
920 921 1
265 267 0.538462
656 657 1
331 333 1
939 939 0.979353
687 687 1
557 558 1
472 474 1
765 765 0.859937
145 147 1
302 303 1
372 372 1
224 225 1
457 459 1
717 717 1
250 252 0.831013
965 966 1
171 171 1
770 771 1
647 648 1
560 561 1
653 654 1
372 372 1
457 459 1
45 45 1
679 681 1
464 465 1
723 723 0.750759
525 525 1
260 261 1
159 159 1
111 111 1
201 201 0.867852
327 327 1
868 870 1
393 393 0.766236
477 477 1
966 966 1
627 627 1
170 171 1
958 960 1
850 852 1
291 291 1
859 861 1
156 156 1
68 69 0.781938
860 861 1
477 477 0.957883
720 720 1
945 945 1
457 459 1
679 681 1
575 576 1
695 696 1
335 336 1
119 120 1
12 12 1
685 687 1
460 462 1
823 825 1
377 378 0.858534
278 279 1
656 657 1
393 393 1
182 183 1
910 912 1
398 399 1
979 981 0.953367
960 960 1
395 396 1
572 573 1
68 69 1
467 468 1
356 357 1
878 879 1
140 141 0.913305
240 240 1
317 318 1
726 726 0.845098
455 456 1
551 552 1
137 138 0.910982
255 255 1
578 579 1
69 69 1
406 408 1
460 462 1
996 996 1
175 177 1
564 564 1
478 480 1
286 288 1
533 534 1
30 30 1
35 36 1
939 939 1
144 144 1
422 423 1
335 336 1
400 402 1
75 75 1
612 612 1
62 63 1
852 852 0.738663
180 180 1
600 600 1
607 609 0.875878
337 339 1
924 924 0.930028
211 213 1
770 771 1
337 339 0.880697
459 459 0.909507
898 900 0.804078
242 243 1
577 579 1
700 702 1
914 915 1
636 636 1
144 144 0.631564
887 888 1
820 822 1
438 438 1
40 42 1
737 738 1
178 180 0.765296
720 720 1
996 996 1
213 213 0.869834
440 441 1
301 303 1
128 129 1
230 231 1
459 459 1
531 531 1
268 270 1
226 228 1
981 981 1
86 87 1
249 249 1
464 465 1
654 654 1
1000 1002 1
57 57 1
914 915 1
740 741 1
660 660 1
898 900 1
924 924 1
476 477 1
150 150 0.986461
212 213 1
634 636 0.899403
94 96 1
692 693 1
478 480 1
133 135 1
580 582 1
255 255 1
84 84 1
46 48 1
402 402 1
970 972 0.796476
603 603 1
89 90 1
975 975 1
65 66 0.836439
515 516 1
843 843 1
499 501 1
155 156 0.787721
532 534 1
836 837 1
294 294 1
785 786 1
401 402 1
869 870 0.856155
391 393 1
284 285 1
727 729 0.772551
635 636 1
466 468 0.975312
986 987 1
662 663 1
722 723 0.782746
104 105 1
592 594 1
494 495 1
929 930 1
939 939 1
273 273 1
883 885 1
996 996 1
222 222 1
821 822 1
178 180 1
260 261 1
960 960 1
274 276 1
449 450 1
521 522 0.761932
730 732 1
95 96 1
434 435 1
449 450 0.770038
284 285 1
147 147 1
343 345 1
749 750 1
211 213 0.660292
178 180 1
495 495 1
610 612 1
862 864 1
735 735 1
655 657 1
101 102 1
83 84 1
211 213 1
754 756 1
622 624 0.688371
726 726 1
596 597 1
961 963 1
613 615 1
747 747 1
182 183 0.803239
283 285 0.958739
656 657 1
446 447 1
189 189 0.757125
398 399 1
282 282 1
490 492 1
616 618 1
275 276 1
229 231 1
710 711 0.677396
160 162 0.763618
829 831 1
337 339 0.800775
169 171 1
950 951 0.897846
322 324 1
322 324 1
110 111 1
71 72 1
560 561 1
581 582 1
544 546 1
379 381 1
313 315 0.7632
834 834 1
719 720 1
34 36 1
487 489 1
531 531 1
9 9 1
997 999 0.828874
960 960 1
355 357 1
378 378 1
10 12 1
890 891 1
592 594 0.731898
523 525 1
952 954 1
711 711 1
274 276 1
534 534 1
894 894 1
754 756 1
705 705 1
375 375 1
680 681 1
536 537 1
961 963 0.63691
268 270 1
538 540 0.920088
544 546 0.605934
481 483 0.87069
126 126 1
346 348 1
411 411 1
71 72 1
334 336 1
193 195 0.80633
75 75 0.932714
957 957 1
104 105 0.764871
562 564 0.851005
847 849 0.913239
383 384 1
666 666 1
186 186 0.832102
53 54 1
282 282 1
805 807 1
910 912 0.769306
559 561 0.669665
350 351 0.884517
83 84 0.831456
807 807 1
454 456 1
757 759 0.740969
295 297 1
352 354 1
529 531 1
729 729 1
863 864 0.982403
846 846 0.764489
263 264 1
961 963 1
301 303 1
175 177 1
864 864 1
732 732 1
337 339 1
619 621 1
439 441 1
323 324 0.847434
912 912 0.854965
414 414 0.874616
130 132 1
859 861 1
696 696 1
979 981 1
760 762 1
576 576 0.864979
649 651 1
249 249 1
657 657 1
19 21 1
220 222 1
458 459 1
218 219 1
93 93 1
399 399 0.880853
903 903 1
158 159 0.963241
273 273 1
855 855 0.895178
436 438 1
37 39 1
557 558 1
693 693 1
690 690 0.711137
384 384 1
985 987 1
769 771 1
967 969 1
650 651 0.887975
549 549 1
913 915 1
127 129 0.835228
168 168 0.796923
895 897 1
146 147 1
78 78 0.78154
849 849 1
786 786 1
181 183 0.777157
211 213 1
687 687 1
720 720 0.889098
667 669 0.811869
719 720 1
708 708 1
729 729 1
905 906 1
827 828 1
477 477 1
209 210 1
565 567 1
357 357 1
658 660 1
333 333 1
254 255 1
995 996 1
795 795 0.871507
958 960 1
423 423 1
669 669 1
668 669 1
684 684 1
268 270 1
439 441 1
153 153 1
163 165 1
378 378 1
636 636 0.744928
858 858 1
217 219 0.901466
979 981 1
12 12 1
800 801 1
957 957 1
48 48 1
22 24 1
541 543 1
433 435 1
308 309 0.814765
462 462 1
504 504 1
441 441 1
919 921 1
944 945 1
38 39 1
593 594 1
112 114 1
242 243 0.690899
881 882 1
843 843 1
234 234 0.89724
397 399 1
373 375 0.615207
526 528 1
215 216 1
276 276 0.892859
973 975 1
79 81 0.805704
431 432 0.761174
700 702 1
954 954 1
387 387 1
18 18 1
194 195 0.898578
260 261 1
322 324 1
977 978 1
39 39 1
830 831 1
270 270 0.941699
184 186 1
711 711 1
942 942 1
745 747 1
95 96 1
524 525 1
898 900 1
802 804 1
516 516 1
31 33 1
371 372 1
856 858 1
641 642 1
328 330 1
381 381 0.953919
92 93 1
36 36 1
296 297 1
341 342 1
195 195 1
529 531 0.81937
430 432 1
249 249 1
762 762 1
482 483 1
710 711 1
659 660 1
152 153 0.912537
935 936 1
811 813 1
46 48 1
110 111 1
606 606 0.775206
94 96 1
710 711 1
321 321 1
643 645 1
331 333 0.94772
180 180 1
583 585 1
320 321 1
891 891 1
72 72 1
813 813 1
510 510 1
652 654 0.943814
436 438 1
879 879 1
866 867 1
738 738 1
183 183 1
152 153 0.923322
960 960 1
58 60 1
615 615 1
388 390 1
595 597 1
41 42 1
565 567 1
317 318 1
587 588 1
896 897 1
389 390 0.746268
355 357 1
820 822 1
763 765 0.932321
794 795 1
202 204 1
773 774 1
268 270 0.954729
326 327 1
703 705 0.779767
294 294 1
668 669 1
567 567 1
27 27 1
904 906 0.85723
611 612 1
459 459 1
38 39 1
833 834 1
842 843 1
893 894 0.929771
540 540 1
405 405 1
872 873 1
708 708 1
267 267 1
141 141 1
449 450 1
730 732 1
115 117 1
123 123 1
976 978 1
715 717 1
620 621 1
83 84 1
318 318 1
2 3 1
979 981 0.930387
76 78 1
408 408 0.84757
806 807 1
252 252 1
484 486 0.65546
780 780 1
882 882 1
648 648 1
535 537 1
67 69 1
168 168 1
169 171 1
401 402 1
881 882 1
597 597 1
145 147 1
934 936 1
112 114 0.99796
16 18 0.933461
702 702 1
936 936 0.725375
632 633 1
859 861 1
880 882 1
409 411 1
178 180 0.912565
432 432 1
577 579 1
220 222 1
295 297 1
636 636 1
683 684 1
744 744 1
229 231 1
574 576 1
853 855 0.668401
404 405 1
722 723 1
56 57 1
334 336 1
476 477 1
534 534 1
493 495 0.743871
376 378 1
682 684 1
341 342 1
585 585 1
222 222 1
277 279 1
722 723 0.700045
356 357 1
197 198 1
765 765 1
741 741 1
287 288 1
406 408 1
444 444 1
909 909 1
68 69 1
874 876 1
686 687 1
918 918 1
25 27 0.824987
988 990 1
177 177 1
940 942 1
773 774 1
962 963 1
165 165 0.877165
198 198 1
577 579 1
932 933 0.487833
317 318 1
515 516 1
481 483 1
123 123 1
900 900 0.451945
543 543 1
992 993 1
267 267 1
528 528 1
663 663 1
151 153 1
744 744 1
26 27 1
616 618 1
869 870 1
620 621 1
796 798 1
956 957 1
823 825 1
95 96 0.550034
785 786 1
652 654 1
482 483 0.940389
21 21 1
671 672 1
950 951 1
307 309 1
908 909 1
192 192 1
456 456 1
542 543 1
802 804 1
4 6 1
650 651 1
124 126 1
226 228 1
583 585 1
944 945 0.872977
810 810 1
768 768 0.958383
649 651 1
653 654 1
48 48 1
728 729 1
553 555 1
577 579 1
951 951 1
938 939 0.843561
129 129 1
780 780 0.950591
666 666 1
800 801 1
373 375 1
128 129 1
893 894 1
686 687 1
499 501 1
194 195 1
81 81 1
361 363 1
827 828 1
240 240 1
853 855 1
88 90 1
335 336 1
940 942 0.838573
854 855 1
182 183 0.834714
204 204 1
519 519 0.939874
751 753 1
501 501 0.856137
55 57 1
310 312 1
321 321 1
147 147 1
321 321 1
536 537 1
372 372 1
64 66 0.801058
459 459 1
910 912 1
523 525 1
830 831 1
602 603 0.826068
281 282 0.982077
508 510 1
895 897 1
419 420 1
951 951 1
445 447 0.994697
554 555 1
983 984 0.80917
6 6 0.898215
208 210 1
567 567 0.88801
216 216 0.959105
63 63 1
431 432 1
629 630 1
82 84 1
412 414 1
968 969 1
106 108 1
826 828 1
545 546 0.90134
417 417 0.816008
995 996 1
906 906 1
910 912 1
852 852 1
519 519 1
322 324 1
306 306 0.817487
740 741 0.87013
1000 1002 1
688 690 1
993 993 1
166 168 1
825 825 1
641 642 1
591 591 1
561 561 1
280 282 1
757 759 1
347 348 1
525 525 1
981 981 0.705136
222 222 0.810062
724 726 1
671 672 1
209 210 1
369 369 1
975 975 1
907 909 1
856 858 1
882 882 1
342 342 0.954888
424 426 1
654 654 1
260 261 1
257 258 1
935 936 1
965 966 1
39 39 0.955802
217 219 0.787252
444 444 1
581 582 1
831 831 1
511 513 1
739 741 1
970 972 1
99 99 0.775873
857 858 1
315 315 1
226 228 1
11 12 1
973 975 1
350 351 1
179 180 1
193 195 1
908 909 1
567 567 1
145 147 1
368 369 1
648 648 0.821115
450 450 1
165 165 1
16 18 1
389 390 1
854 855 1
102 102 1
695 696 1
427 429 1
846 846 1
212 213 1
56 57 0.897466
481 483 1
235 237 0.868037
935 936 1
568 570 1
860 861 1
947 948 0.89636
172 174 1
59 60 1
901 903 1
269 270 1
96 96 1
523 525 1
78 78 1
866 867 0.864621
514 516 1
513 513 0.892229
230 231 1
21 21 0.71785
37 39 1
993 993 1
879 879 1
883 885 1
371 372 1
242 243 1
862 864 1
284 285 0.633174
426 426 1
835 837 1
851 852 1
607 609 0.790498
10 12 1
855 855 1
508 510 1
673 675 1
461 462 1
457 459 1
734 735 1
30 30 1
902 903 1
752 753 1
876 876 1
342 342 1
586 588 1
628 630 0.83098
733 735 1
769 771 1
209 210 1
582 582 1
129 129 1
555 555 1
805 807 0.943206
260 261 1
420 420 0.874738
328 330 1
529 531 1
954 954 1
586 588 1
256 258 1
962 963 1
777 777 1
329 330 1
372 372 0.876796
937 939 0.789308
3 3 1
753 753 1
494 495 0.963275
999 999 1
908 909 0.969276
142 144 1
925 927 1
111 111 1
450 450 1
660 660 1
878 879 1
568 570 0.901662
246 246 1
482 483 1
51 51 1
584 585 1
273 273 1
807 807 1
272 273 0.820431
65 66 1
623 624 1
128 129 1
128 129 1
662 663 1
798 798 1
455 456 1
452 453 1
934 936 1
455 456 1
853 855 1
659 660 0.600456
664 666 1
236 237 1
816 816 1
923 924 1
309 309 0.93648
504 504 0.808144
421 423 1
166 168 1
289 291 1
746 747 1
519 519 1
973 975 1
946 948 1
761 762 1
565 567 1
104 105 1
191 192 1
464 465 1
663 663 0.773757
275 276 1
657 657 0.751882
299 300 1
785 786 1
451 453 1
388 390 1
360 360 1
959 960 1
414 414 0.858683
359 360 1
447 447 1
455 456 1
326 327 0.935713
15 15 1
42 42 0.859393
801 801 0.825951
6 6 0.641627
352 354 1
781 783 1
753 753 0.718065
299 300 1
244 246 1
38 39 0.875847
651 651 1
955 957 1
256 258 1
757 759 0.874907
982 984 1
385 387 1
326 327 1
845 846 1
986 987 1
870 870 1
325 327 0.898755
369 369 1
25 27 1
857 858 1
283 285 1
159 159 1
777 777 1
192 192 1
619 621 1
104 105 0.975109
559 561 1
220 222 1
470 471 0.81749
269 270 1
885 885 1
513 513 1
886 888 1
251 252 1
956 957 1
194 195 1
926 927 1
48 48 1
82 84 0.896542
185 186 1
107 108 0.820841
483 483 1
541 543 1
228 228 1
933 933 0.841708
807 807 1
102 102 1
801 801 1
182 183 1
328 330 1
623 624 1
426 426 1
89 90 1
859 861 1
532 534 1
297 297 1
844 846 0.934003
770 771 0.819136
709 711 1
917 918 1
582 582 0.888818
478 480 0.795562
906 906 0.845214
34 36 1
281 282 1
594 594 1
933 933 1
285 285 1
40 42 0.938509
14 15 1
979 981 0.840575
413 414 1
658 660 1
113 114 1
747 747 1
803 804 1
181 183 1
478 480 1
892 894 1
626 627 1
619 621 1
719 720 1
3 3 1
447 447 1
911 912 1
740 741 1
218 219 1
465 465 1
544 546 0.608456
909 909 1
394 396 0.937818
666 666 1
61 63 1
723 723 0.931749
706 708 1
411 411 1
231 231 1
451 453 0.476118
820 822 1
763 765 1
451 453 1
90 90 1
422 423 1
761 762 1
68 69 0.946068
929 930 1
486 486 1
989 990 0.883987
60 60 1
442 444 0.967563
877 879 0.891999
786 786 1
483 483 0.540414
400 402 1
653 654 0.961554
14 15 1
838 840 1
139 141 1
715 717 1
792 792 0.730943
985 987 1
681 681 1
892 894 1
889 891 1
373 375 1
846 846 1
187 189 1
11 12 1
98 99 1
252 252 1
321 321 0.604114
340 342 0.937982
149 150 1
179 180 1
547 549 1
844 846 1
915 915 1
162 162 1
872 873 1
506 507 1
676 678 1
187 189 1
736 738 1
450 450 0.852275
224 225 1
106 108 1
453 453 0.738287
9 9 1
69 69 1
686 687 1
93 93 1
671 672 1
238 240 1
303 303 1
333 333 1
659 660 1
349 351 0.767758
613 615 1
239 240 1
626 627 0.696876
505 507 1
783 783 0.824347
197 198 1
865 867 0.923466
600 600 1
633 633 1
787 789 1
333 333 1
870 870 1
52 54 1
216 216 0.981115
82 84 1
371 372 1
817 819 0.888167
37 39 1
161 162 1
241 243 0.772353
542 543 1
972 972 1
111 111 1
251 252 1
223 225 1
665 666 1
748 750 1
375 375 1
501 501 1
68 69 1
321 321 1
492 492 1
890 891 1
269 270 1
929 930 1
444 444 0.850301
483 483 1
142 144 1
312 312 1
235 237 0.786669
972 972 0.605269
484 486 1
206 207 1
773 774 0.891153
407 408 1
750 750 0.899215
645 645 1
843 843 1
213 213 1
524 525 1
750 750 1
150 150 1
66 66 0.857873
856 858 1
248 249 1
602 603 1
620 621 1
408 408 1
41 42 0.832954
404 405 1
293 294 1
89 90 1
842 843 1
180 180 1
660 660 1
245 246 0.896196
894 894 1
404 405 1
183 183 1
918 918 1
875 876 0.736994
862 864 1
220 222 0.949065
128 129 0.864801
775 777 1
953 954 0.746436
595 597 1
610 612 1
963 963 0.836664
739 741 1
621 621 1
669 669 1
867 867 1
664 666 1
367 369 1
419 420 1
492 492 1
305 306 1
871 873 1
832 834 1
364 366 1
582 582 1
261 261 1
396 396 1
613 615 0.912919
900 900 1
963 963 1
463 465 0.910878
26 27 1
591 591 1
589 591 1
163 165 1
72 72 1
689 690 1
282 282 1
621 621 1
518 519 1
120 120 0.813479
872 873 1
548 549 1
69 69 1
411 411 1
643 645 0.630841
544 546 1
63 63 1
381 381 1
510 510 0.921997
499 501 1
683 684 1
457 459 1
975 975 1
939 939 1
623 624 1
171 171 0.845343
215 216 0.724674
829 831 1
868 870 0.915801
701 702 1
504 504 1
707 708 1
14 15 1
646 648 1
188 189 1
183 183 0.89424
481 483 1
668 669 1
508 510 0.959241
397 399 1
532 534 1
107 108 0.881751
198 198 0.79678
684 684 0.778358
721 723 1
468 468 1
942 942 0.775687
733 735 0.725925
146 147 1
143 144 1
245 246 1
114 114 1
501 501 1
344 345 1
556 558 1
616 618 1
769 771 1
341 342 1
50 51 1
261 261 1
823 825 1
773 774 0.938334
649 651 1
194 195 1
777 777 1
338 339 1
965 966 0.906006
345 345 1
909 909 1
583 585 1
956 957 1
567 567 1
594 594 1
995 996 1
558 558 1
43 45 1
305 306 1
812 813 0.838405
517 519 1
493 495 1
445 447 1
588 588 1
830 831 1
959 960 1
155 156 1
511 513 1
390 390 0.748331
711 711 1
970 972 1
690 690 1
62 63 1
658 660 1
100 102 1
781 783 0.82429
271 273 1
610 612 0.852587
891 891 1
42 42 1
670 672 1
337 339 0.887165
892 894 1
163 165 1
16 18 0.840752
155 156 1
22 24 1
23 24 1
375 375 1
127 129 1
819 819 1
429 429 1
130 132 1
134 135 0.688933
982 984 1
798 798 0.922898
808 810 0.904533
474 474 0.917553
387 387 1
271 273 1
974 975 1
608 609 1
226 228 1
268 270 1
395 396 1
342 342 0.927742
756 756 1
454 456 1
923 924 1
477 477 1
276 276 1
670 672 1
769 771 0.607635
447 447 0.903136
510 510 0.930387
159 159 1
314 315 1
833 834 1
682 684 0.862874
839 840 1
768 768 1
338 339 1
601 603 0.596377
781 783 1
101 102 1
250 252 0.831408
215 216 1
972 972 1
115 117 1
227 228 0.873885
695 696 1
886 888 0.789644
690 690 0.874716
123 123 1
882 882 0.910088
90 90 1
234 234 0.93059
40 42 1
288 288 0.84541
143 144 0.9422
444 444 1
66 66 0.886561
628 630 1
325 327 1
884 885 1
291 291 1
355 357 0.935807
282 282 1
401 402 1
514 516 0.848421
613 615 0.770374
291 291 1
907 909 1
667 669 1
490 492 0.733401
182 183 1
316 318 1
792 792 1
734 735 1
838 840 1
223 225 1
747 747 0.786156
750 750 0.928057
910 912 1
852 852 1
609 609 1
8 9 0.857206
460 462 1
665 666 1
448 450 1
662 663 1
999 999 0.589893
369 369 1
640 642 1
339 339 1
354 354 0.960207
273 273 1
270 270 1
59 60 0.864711
646 648 1
773 774 1
316 318 0.622577
559 561 1
795 795 1
567 567 1
642 642 1
671 672 1
959 960 1
392 393 1
304 306 1
533 534 1
268 270 1
773 774 1
136 138 1
736 738 1
894 894 1
690 690 1
24 24 1
742 744 1
426 426 1
458 459 1
278 279 1
968 969 0.813511
248 249 1
660 660 1
89 90 1
457 459 0.890507
170 171 0.778283
743 744 0.913911
62 63 1
607 609 1
578 579 0.845876
911 912 1
745 747 0.778372
72 72 1
7 9 1
124 126 0.70707
551 552 1
70 72 1
408 408 1
970 972 0.925378
882 882 1
531 531 1
454 456 1
299 300 0.702862
732 732 0.910097
413 414 1
902 903 1
222 222 0.798858
162 162 1
194 195 1
685 687 1
339 339 1
586 588 1
213 213 1
537 537 1
989 990 1
805 807 1
79 81 1
542 543 1
894 894 1
21 21 1
926 927 1
350 351 1
301 303 1
719 720 1
864 864 1
663 663 1
939 939 0.8817
450 450 0.926084
320 321 0.970944
489 489 1
641 642 1
230 231 0.882999
608 609 1
349 351 1
283 285 1
486 486 1
277 279 1
694 696 1
415 417 1
541 543 1
910 912 0.945622
339 339 1
654 654 1
940 942 0.721308
797 798 1
851 852 1
290 291 1
378 378 1
483 483 0.837483
135 135 0.768629
974 975 1
786 786 1
615 615 1
2 3 1
9 9 1
576 576 1
496 498 1
724 726 1
114 114 1
675 675 1
686 687 1
730 732 1
420 420 1
148 150 1
12 12 1
71 72 1
403 405 1
557 558 1
984 984 1
359 360 1
229 231 1
219 219 1
657 657 1
446 447 0.907002
818 819 1
740 741 0.882849
896 897 1
164 165 1
820 822 1
9 9 0.806318
703 705 1
75 75 1
239 240 1
797 798 1
940 942 1
359 360 1
929 930 1
331 333 0.956549
790 792 1
796 798 1
763 765 1
915 915 1
846 846 1
324 324 1
205 207 1
117 117 1
568 570 1
822 822 1
765 765 1
819 819 0.949303
447 447 1
135 135 1
608 609 1
155 156 1
707 708 1
596 597 1
95 96 0.850329
339 339 1
294 294 1
349 351 1
644 645 1
435 435 1
778 780 1
268 270 1
337 339 1
198 198 0.809455
860 861 1
619 621 1
479 480 1
152 153 1
404 405 1
49 51 1
884 885 1
656 657 1
2 3 1
797 798 0.921617
715 717 0.869364
143 144 1
258 258 1
57 57 1
328 330 1
568 570 1
80 81 1
112 114 0.870425
697 699 1
733 735 1
452 453 1
879 879 1
637 639 1
351 351 1
703 705 1
599 600 1
752 753 1
342 342 1
500 501 1
785 786 1
789 789 1
709 711 0.754184
551 552 0.756798
848 849 1
378 378 0.835467
799 801 1
769 771 0.874337
458 459 1
215 216 1
676 678 1
777 777 1
527 528 1
478 480 0.798982
340 342 1
908 909 1
688 690 1
900 900 0.783593
906 906 1
725 726 1
