500 239064
711 558 1
79 62 1
158 124 0.843246
632 496 1
540 630 1
790 620 1
432 504 1
540 630 1
216 252 1
216 252 1
553 434 1
79 62 0.921189
316 248 1
324 378 1
108 126 1
540 630 1
395 310 1
648 756 1
553 434 1
648 756 1
79 62 1
395 310 1
864 1008 1
553 434 1
108 126 0.741981
216 252 1
864 1008 1
474 372 1
540 630 1
216 252 1
395 310 1
395 310 1
1080 1260 1
790 620 1
432 504 1
432 504 1
756 882 1
108 126 1
432 504 0.830426
324 378 1
648 756 1
432 504 1
216 252 1
79 62 1
79 62 1
316 248 1
648 756 1
474 372 1
108 126 1
540 630 1
1080 1260 1
553 434 1
316 248 1
395 310 1
395 310 1
432 504 1
324 378 1
972 1134 1
972 1134 1
711 558 1
158 124 1
972 1134 1
553 434 1
108 126 1
540 630 1
648 756 1
1080 1260 1
711 558 0.809917
648 756 1
864 1008 1
972 1134 1
216 252 1
790 620 1
158 124 1
474 372 1
395 310 1
790 620 1
864 1008 1
474 372 1
324 378 1
972 1134 1
316 248 1
79 62 1
216 252 1
790 620 1
1080 1260 1
216 252 1
324 378 1
648 756 1
648 756 1
316 248 1
553 434 0.715107
540 630 1
158 124 1
474 372 1
108 126 1
790 620 1
756 882 1
79 62 1
324 378 1
1080 1260 1
1080 1260 1
756 882 1
158 124 1
632 496 1
432 504 0.825527
1080 1260 1
790 620 1
972 1134 1
553 434 1
395 310 1
632 496 1
395 310 1
540 630 1
108 126 1
972 1134 1
790 620 1
540 630 1
237 186 1
237 186 1
648 756 1
711 558 1
1080 1260 1
432 504 1
158 124 1
540 630 1
648 756 1
756 882 1
395 310 1
216 252 1
540 630 1
1080 1260 1
324 378 1
540 630 1
324 378 1
540 630 1
316 248 1
432 504 1
432 504 1
632 496 1
432 504 0.832253
632 496 1
972 1134 1
316 248 1
648 756 0.75693
158 124 1
553 434 1
1080 1260 1
79 62 1
648 756 0.963913
632 496 1
324 378 1
324 378 1
324 378 1
474 372 1
432 504 1
553 434 1
711 558 1
711 558 0.79688
316 248 1
395 310 1
395 310 1
237 186 1
316 248 1
216 252 1
972 1134 1
648 756 1
864 1008 1
756 882 1
553 434 1
395 310 1
972 1134 1
316 248 1
711 558 0.82203
790 620 1
864 1008 1
790 620 1
395 310 1
474 372 1
648 756 1
756 882 1
316 248 1
648 756 1
324 378 1
432 504 1
395 310 1
158 124 1
79 62 1
324 378 1
864 1008 1
324 378 1
756 882 1
79 62 1
711 558 1
216 252 1
756 882 1
108 126 1
474 372 1
1080 1260 1
553 434 1
79 62 1
474 372 1
632 496 1
864 1008 0.63291
395 310 1
648 756 1
432 504 1
316 248 1
324 378 1
711 558 1
756 882 1
237 186 1
972 1134 1
474 372 1
711 558 1
648 756 1
216 252 1
632 496 1
158 124 1
632 496 1
756 882 1
432 504 1
648 756 1
324 378 1
237 186 1
632 496 1
711 558 1
79 62 1
324 378 1
474 372 1
316 248 1
864 1008 1
1080 1260 1
237 186 1
648 756 1
540 630 0.970055
632 496 1
553 434 1
711 558 0.943197
756 882 1
1080 1260 1
316 248 1
756 882 1
79 62 1
972 1134 0.690092
432 504 1
474 372 1
553 434 1
237 186 1
395 310 1
237 186 1
540 630 1
790 620 1
972 1134 1
237 186 1
1080 1260 1
108 126 1
432 504 1
648 756 1
158 124 1
324 378 1
711 558 1
790 620 1
316 248 1
79 62 1
972 1134 1
711 558 1
864 1008 1
1080 1260 0.941578
316 248 1
216 252 1
756 882 1
790 620 0.632636
756 882 0.716245
158 124 1
756 882 1
864 1008 1
237 186 1
395 310 1
972 1134 1
553 434 1
711 558 1
540 630 0.890892
1080 1260 1
158 124 1
324 378 1
316 248 1
553 434 1
432 504 1
1080 1260 1
790 620 1
108 126 1
972 1134 1
790 620 0.790017
553 434 1
648 756 1
972 1134 1
711 558 1
540 630 1
216 252 1
79 62 1
324 378 0.921957
756 882 1
395 310 1
553 434 1
216 252 1
553 434 1
756 882 1
237 186 1
237 186 1
324 378 1
648 756 1
108 126 1
79 62 1
316 248 1
790 620 1
972 1134 1
108 126 1
632 496 1
324 378 1
316 248 1
790 620 1
108 126 0.915282
540 630 1
648 756 1
395 310 1
108 126 1
432 504 1
648 756 1
432 504 1
756 882 1
324 378 1
108 126 1
1080 1260 1
79 62 1
474 372 1
324 378 1
395 310 1
790 620 1
540 630 1
648 756 1
756 882 1
648 756 1
474 372 1
553 434 1
324 378 1
756 882 1
237 186 1
648 756 1
756 882 1
324 378 1
1080 1260 1
540 630 1
324 378 1
648 756 1
474 372 1
756 882 0.737306
1080 1260 1
553 434 1
237 186 1
474 372 1
711 558 1
756 882 1
756 882 1
324 378 1
632 496 1
216 252 1
395 310 1
711 558 0.777068
216 252 1
158 124 1
324 378 1
395 310 0.676799
324 378 1
648 756 1
324 378 1
648 756 1
474 372 1
316 248 1
108 126 1
237 186 1
237 186 0.841297
648 756 1
540 630 1
158 124 1
540 630 1
316 248 0.790013
158 124 1
216 252 1
237 186 1
237 186 1
790 620 1
316 248 1
158 124 1
237 186 1
1080 1260 0.890326
216 252 1
79 62 0.901702
972 1134 1
395 310 1
395 310 1
324 378 1
237 186 1
158 124 1
395 310 1
395 310 1
711 558 1
790 620 1
1080 1260 1
108 126 1
864 1008 1
324 378 1
711 558 1
972 1134 1
237 186 1
756 882 1
648 756 1
711 558 1
79 62 1
864 1008 1
108 126 1
432 504 1
108 126 1
158 124 1
316 248 1
632 496 1
324 378 1
158 124 1
790 620 1
324 378 1
1080 1260 1
632 496 1
237 186 1
1080 1260 1
316 248 1
632 496 1
711 558 1
864 1008 1
711 558 1
395 310 1
711 558 1
108 126 1
395 310 1
237 186 0.923186
972 1134 1
79 62 1
79 62 1
158 124 1
324 378 1
790 620 1
324 378 1
540 630 1
395 310 1
158 124 1
79 62 1
864 1008 1
553 434 1
158 124 1
553 434 1
474 372 1
790 620 1
108 126 1
648 756 0.869268
648 756 1
395 310 1
864 1008 1
79 62 1
395 310 1
324 378 1
864 1008 1
316 248 1
216 252 1
790 620 1
972 1134 1
158 124 1
756 882 1
756 882 1
972 1134 1
237 186 1
237 186 1
395 310 1
632 496 1
540 630 1
553 434 1
237 186 1
395 310 1
79 62 1
316 248 1
158 124 1
395 310 0.937632
316 248 1
237 186 1
756 882 1
864 1008 1
316 248 1
632 496 1
540 630 0.83017
648 756 1
972 1134 1
632 496 1
