5000 2443084
1700 1900 1
1530 1710 0.843246
459 639 1
357 497 0.921189
255 355 0.741981
1360 1520 0.830426
357 497 0.809917
102 142 1
1360 1520 1
1360 1520 1
680 760 0.715107
170 190 1
153 213 0.825527
255 355 0.832253
1360 1520 1
102 142 0.75693
340 380 0.963913
255 355 1
510 710 0.79688
51 71 1
204 284 0.82203
51 71 1
51 71 0.63291
306 426 1
1190 1330 0.970055
102 142 0.943197
510 710 0.690092
510 710 1
357 497 0.941578
102 142 0.632636
102 142 1
1530 1710 0.716245
1190 1330 0.890892
1700 1900 0.790017
1530 1710 0.921957
1700 1900 1
408 568 1
340 380 0.915282
1360 1520 0.737306
1020 1140 0.777068
102 142 0.676799
306 426 1
1360 1520 0.841297
510 710 1
850 950 1
459 639 1
255 355 0.790013
306 426 1
51 71 0.890326
680 760 0.901702
306 426 0.923186
680 760 0.869268
51 71 1
510 570 0.937632
51 71 0.83017
459 639 0.916581
102 142 0.872709
204 284 1
102 142 1
680 760 0.889492
170 190 1
1190 1330 0.845034
510 710 1
459 639 0.819797
680 760 0.797425
1360 1520 1
340 380 0.863123
1700 1900 1
153 213 0.879153
408 568 1
1020 1140 0.992114
340 380 1
1020 1140 0.785115
1190 1330 1
153 213 0.893609
1530 1710 1
51 71 0.957445
459 639 0.605471
680 760 1
153 213 1
306 426 1
306 426 0.75996
510 570 0.938724
170 190 0.917818
1360 1520 0.873824
1530 1710 1
408 568 1
1360 1520 1
1700 1900 1
510 710 0.723872
340 380 1
153 213 1
357 497 0.946951
680 760 1
51 71 0.791146
170 190 0.776326
1360 1520 1
153 213 1
1360 1520 1
510 570 1
102 142 1
102 142 0.746151
340 380 0.817446
408 568 0.937745
51 71 0.847476
459 639 0.674555
1020 1140 1
1700 1900 0.887673
459 639 0.899197
102 142 0.916878
357 497 0.633618
170 190 1
1530 1710 0.837996
850 950 1
102 142 1
204 284 1
1360 1520 0.821032
850 950 0.767186
102 142 0.914055
153 213 1
510 570 0.897964
510 710 1
459 639 0.89207
204 284 1
102 142 0.729308
255 355 0.965265
1700 1900 0.913634
408 568 1
204 284 1
51 71 1
510 710 0.862669
1020 1140 1
340 380 0.527196
204 284 0.89082
680 760 0.80839
1360 1520 1
1700 1900 1
357 497 1
102 142 0.725142
102 142 1
170 190 0.775445
102 142 1
51 71 1
408 568 0.742697
255 355 0.940553
204 284 1
1530 1710 0.659046
51 71 1
510 710 0.900544
51 71 0.755363
204 284 1
170 190 0.79512
102 142 1
306 426 1
680 760 1
357 497 0.786718
510 710 1
510 570 1
850 950 1
357 497 1
255 355 0.775512
850 950 0.90542
1190 1330 0.981048
1530 1710 1
170 190 1
510 710 0.660497
1020 1140 1
1020 1140 1
408 568 0.769367
102 142 1
510 570 0.963382
850 950 0.964257
102 142 1
170 190 1
1530 1710 1
1190 1330 0.946743
340 380 1
1190 1330 1
51 71 0.93518
357 497 1
102 142 1
680 760 1
510 570 1
1360 1520 1
340 380 1
1360 1520 1
510 570 0.773129
357 497 0.845254
850 950 1
1020 1140 0.928357
1700 1900 0.825986
102 142 0.898749
680 760 1
153 213 0.69957
255 355 1
510 710 0.849219
1360 1520 0.631751
1700 1900 0.828802
153 213 1
306 426 0.896364
459 639 0.921851
51 71 1
459 639 1
170 190 0.96347
510 710 1
357 497 0.832694
680 760 0.830952
680 760 0.569503
153 213 0.824572
510 710 1
459 639 1
510 710 0.932166
1190 1330 1
306 426 1
170 190 0.733822
1190 1330 0.713264
306 426 1
510 710 0.956325
170 190 1
153 213 1
850 950 0.905504
340 380 0.899074
510 710 1
510 710 1
1360 1520 1
255 355 1
1190 1330 1
153 213 1
510 570 0.984486
510 710 1
255 355 1
1190 1330 0.919409
680 760 1
408 568 0.738923
1190 1330 0.82998
1360 1520 1
204 284 0.930004
459 639 1
170 190 1
153 213 0.852591
340 380 0.933978
1700 1900 1
153 213 0.906611
306 426 1
255 355 0.690225
510 710 0.705761
204 284 1
850 950 0.894884
1190 1330 0.784977
1190 1330 0.78104
51 71 0.877554
1530 1710 0.909737
340 380 0.690058
357 497 1
102 142 0.947879
459 639 1
306 426 1
1020 1140 1
1020 1140 0.902286
680 760 1
510 570 0.588147
510 710 1
357 497 1
1190 1330 0.932704
510 570 0.936126
51 71 1
204 284 1
51 71 0.777039
1360 1520 0.837621
1700 1900 1
510 570 0.841842
306 426 1
1700 1900 1
255 355 1
1700 1900 1
170 190 0.772284
680 760 0.875153
1020 1140 1
357 497 1
255 355 0.949541
408 568 1
357 497 0.615213
153 213 0.939837
1360 1520 0.90198
1020 1140 1
510 570 1
306 426 0.689468
170 190 1
1190 1330 1
1360 1520 0.887883
510 710 0.755252
850 950 1
408 568 1
408 568 0.723942
357 497 1
255 355 1
680 760 0.936116
408 568 1
850 950 1
1700 1900 1
1700 1900 0.856308
51 71 1
340 380 0.935617
1360 1520 0.881513
153 213 0.687324
153 213 1
408 568 1
459 639 0.922123
1700 1900 1
459 639 0.934942
357 497 0.895738
102 142 0.669505
680 760 1
340 380 0.907106
357 497 0.649001
1530 1710 1
170 190 1
340 380 1
680 760 0.829412
51 71 0.800435
102 142 1
51 71 0.641925
153 213 0.919834
510 710 0.902327
510 710 1
1020 1140 1
153 213 0.836569
102 142 0.915002
1700 1900 0.754599
204 284 0.942227
680 760 0.886826
510 710 1
1700 1900 0.825654
1020 1140 0.926027
680 760 0.828014
170 190 1
170 190 0.913552
680 760 1
1530 1710 0.860456
1530 1710 1
340 380 1
680 760 0.734047
1020 1140 0.979979
102 142 1
510 570 1
255 355 1
1700 1900 1
510 710 0.941168
1530 1710 0.720492
340 380 1
510 710 0.890734
1020 1140 0.762872
1020 1140 1
1700 1900 0.764873
340 380 1
510 710 0.890137
153 213 1
408 568 1
306 426 1
51 71 1
1530 1710 1
153 213 0.531898
51 71 1
340 380 1
1360 1520 1
1020 1140 0.897685
51 71 0.863583
306 426 0.897336
357 497 0.871114
51 71 0.932469
1360 1520 1
153 213 1
1700 1900 0.982624
1190 1330 1
1700 1900 0.96502
102 142 1
510 710 0.830689
306 426 0.949362
850 950 1
1190 1330 1
1020 1140 0.900887
459 639 0.631691
1190 1330 1
340 380 1
510 710 1
459 639 0.75618
204 284 0.814256
1190 1330 0.961909
51 71 1
510 710 1
357 497 1
850 950 1
170 190 0.981223
170 190 1
255 355 1
459 639 0.89448
1360 1520 0.957639
408 568 1
459 639 1
1360 1520 0.819569
1530 1710 0.846356
850 950 0.820131
306 426 0.778114
1190 1330 0.717476
357 497 0.874361
153 213 1
357 497 1
1190 1330 1
153 213 1
306 426 1
204 284 0.769466
1020 1140 0.728055
306 426 1
1190 1330 0.736737
408 568 1
255 355 0.895175
1360 1520 0.87305
204 284 1
51 71 1
850 950 0.933547
306 426 0.708757
306 426 1
510 710 0.770168
340 380 1
510 570 1
153 213 0.781016
255 355 0.81939
1700 1900 0.927534
510 570 1
850 950 1
340 380 0.849918
1020 1140 1
1530 1710 0.968345
850 950 0.810398
1020 1140 1
1530 1710 0.767202
51 71 1
255 355 0.668264
204 284 0.950308
255 355 1
1190 1330 0.849382
357 497 0.894719
680 760 0.908021
1190 1330 1
357 497 1
340 380 1
51 71 0.955971
51 71 1
1190 1330 1
1700 1900 0.93159
357 497 0.723012
204 284 0.865889
680 760 1
459 639 0.827124
357 497 1
510 570 0.93486
1700 1900 0.966247
850 950 0.874554
170 190 1
459 639 0.953706
170 190 0.911337
1530 1710 0.892203
102 142 1
680 760 0.927069
102 142 1
51 71 1
1360 1520 0.891159
170 190 1
170 190 1
306 426 0.857148
1020 1140 1
1530 1710 1
1700 1900 0.570055
1530 1710 1
408 568 1
510 570 0.709991
102 142 0.922194
510 710 1
680 760 0.917174
510 570 1
459 639 1
153 213 0.451374
357 497 1
510 710 1
170 190 1
510 570 1
510 570 0.832552
510 570 1
510 570 0.954591
850 950 0.920898
255 355 1
170 190 0.854916
255 355 1
1360 1520 0.859307
340 380 0.869687
850 950 1
357 497 1
340 380 0.74549
204 284 1
1700 1900 1
153 213 0.850782
306 426 1
153 213 1
850 950 1
510 570 0.946519
170 190 1
1360 1520 0.856378
340 380 0.885575
1020 1140 1
850 950 1
1530 1710 1
340 380 0.917868
459 639 1
1190 1330 1
340 380 1
680 760 1
170 190 1
1700 1900 0.923447
306 426 0.767195
51 71 0.754771
51 71 1
459 639 1
408 568 0.876759
340 380 0.933893
357 497 0.77067
408 568 1
204 284 1
1530 1710 1
680 760 0.668597
1530 1710 0.980009
51 71 0.639504
1020 1140 0.827379
306 426 1
408 568 1
170 190 0.765948
102 142 0.85133
1360 1520 0.82781
510 570 1
102 142 1
1360 1520 1
850 950 1
102 142 1
357 497 1
306 426 1
510 570 1
255 355 1
357 497 1
102 142 1
340 380 0.806744
510 570 0.898591
510 570 1
680 760 1
306 426 1
340 380 0.87455
1530 1710 1
102 142 0.632323
357 497 0.876001
850 950 1
1360 1520 1
408 568 0.899181
1190 1330 0.920657
102 142 0.856588
340 380 1
51 71 0.749801
1020 1140 1
357 497 0.864822
255 355 0.795256
306 426 0.839755
680 760 1
510 570 0.860726
1530 1710 1
1530 1710 0.985947
1020 1140 0.764303
306 426 0.837146
255 355 0.656265
51 71 0.547161
680 760 0.895727
510 570 1
340 380 1
1360 1520 0.877721
408 568 0.890007
850 950 1
408 568 0.849335
204 284 1
1700 1900 1
153 213 0.7854
680 760 0.813542
51 71 1
340 380 1
1020 1140 0.765727
850 950 1
153 213 0.992433
51 71 0.897121
51 71 1
340 380 1
153 213 1
51 71 1
459 639 1
255 355 1
153 213 0.70863
1530 1710 1
153 213 0.691025
510 710 0.791001
170 190 0.832184
1530 1710 1
850 950 1
850 950 1
1700 1900 1
153 213 1
357 497 1
510 570 1
204 284 0.87409
1530 1710 0.851196
357 497 0.907438
459 639 0.903166
204 284 0.867124
680 760 0.842068
51 71 1
340 380 1
408 568 0.871725
102 142 0.715938
1360 1520 0.641635
850 950 1
255 355 0.853191
408 568 1
1700 1900 0.738102
51 71 1
680 760 1
255 355 1
1530 1710 1
1530 1710 1
1020 1140 1
1020 1140 0.742536
357 497 0.889634
459 639 1
850 950 1
680 760 1
408 568 1
680 760 0.877407
170 190 1
850 950 0.83182
1020 1140 0.709672
170 190 0.915988
408 568 0.910213
102 142 1
51 71 1
170 190 0.858162
850 950 1
204 284 1
1700 1900 0.717858
510 710 1
153 213 0.904881
306 426 1
153 213 0.622315
510 710 0.848757
1020 1140 1
306 426 0.874753
510 570 0.405914
51 71 1
510 570 1
510 710 0.916458
1360 1520 1
170 190 1
51 71 0.596498
408 568 1
1020 1140 1
510 710 1
170 190 1
510 710 0.9164
850 950 1
1700 1900 1
1020 1140 0.916704
357 497 0.62484
357 497 0.801611
1530 1710 1
153 213 1
51 71 1
1700 1900 1
204 284 1
1020 1140 1
1700 1900 0.639458
1360 1520 0.767641
1360 1520 1
510 710 0.924072
850 950 0.611607
1360 1520 0.897116
102 142 1
850 950 1
510 710 0.858156
459 639 1
850 950 0.701481
153 213 0.886107
1190 1330 1
510 710 1
1190 1330 0.861764
510 570 1
510 710 1
510 570 1
204 284 0.853557
357 497 1
1190 1330 0.72329
357 497 0.939306
357 497 0.528155
1360 1520 1
1700 1900 1
1530 1710 0.932256
204 284 0.932401
51 71 0.897528
459 639 1
51 71 0.869743
850 950 0.870285
1700 1900 1
459 639 0.984912
153 213 0.935153
170 190 0.908141
153 213 1
459 639 0.744708
510 570 0.722625
170 190 1
1530 1710 1
204 284 0.94486
357 497 1
850 950 1
306 426 0.785808
306 426 0.958014
1700 1900 0.952917
1190 1330 0.823956
408 568 1
510 570 1
408 568 1
1020 1140 1
1190 1330 1
306 426 1
459 639 0.403066
1700 1900 1
357 497 0.878985
255 355 1
153 213 0.716207
1700 1900 1
306 426 1
1190 1330 1
1700 1900 1
153 213 1
153 213 0.82337
510 570 1
510 710 1
153 213 1
306 426 1
306 426 1
51 71 0.899474
510 570 1
1190 1330 0.655025
153 213 1
850 950 0.715742
102 142 1
306 426 0.962833
1360 1520 1
510 570 1
510 570 1
255 355 1
1700 1900 1
255 355 0.989284
1530 1710 1
510 570 0.806693
255 355 1
102 142 1
850 950 0.816521
340 380 0.703751
850 950 0.726038
340 380 0.906363
357 497 1
1020 1140 0.950312
357 497 0.874799
408 568 0.788007
204 284 1
204 284 0.70133
51 71 0.992539
1700 1900 0.831599
1360 1520 1
408 568 0.868373
1360 1520 1
1190 1330 0.945991
850 950 1
1020 1140 0.902057
153 213 1
510 570 0.976151
255 355 1
153 213 1
1700 1900 0.905042
1530 1710 0.945307
357 497 0.799851
357 497 0.973496
306 426 0.84751
1700 1900 0.912021
1190 1330 0.913703
1700 1900 1
408 568 0.662209
1190 1330 1
153 213 0.932388
51 71 0.754552
510 570 1
357 497 0.94848
357 497 1
850 950 0.630285
306 426 0.889086
306 426 0.957979
1020 1140 1
306 426 1
1530 1710 0.646524
680 760 0.940714
204 284 1
1020 1140 0.852394
459 639 1
510 710 1
357 497 0.832023
51 71 1
170 190 1
1190 1330 0.71907
1020 1140 0.942196
102 142 1
1360 1520 0.715031
850 950 1
357 497 0.757492
1020 1140 1
1360 1520 1
1530 1710 1
102 142 1
306 426 1
1530 1710 0.764574
204 284 1
255 355 1
51 71 0.703875
204 284 0.740796
459 639 0.733246
153 213 0.724378
510 710 0.959826
459 639 1
357 497 0.705611
510 570 1
1360 1520 0.887045
459 639 0.880472
102 142 0.955985
459 639 0.882089
340 380 0.598409
1190 1330 0.836333
51 71 1
1530 1710 0.655555
680 760 0.739699
1190 1330 0.906524
51 71 0.816362
1700 1900 1
255 355 0.845821
306 426 1
510 710 0.9083
850 950 0.925928
510 570 1
170 190 0.905704
153 213 1
51 71 0.736455
459 639 1
306 426 0.798011
357 497 0.840716
510 570 1
850 950 0.931476
459 639 1
340 380 1
510 710 1
170 190 1
510 710 1
255 355 0.957402
408 568 0.925909
1530 1710 0.971902
510 710 0.717568
510 710 1
459 639 0.860494
357 497 1
1360 1520 1
1360 1520 0.927007
102 142 1
1360 1520 0.849311
306 426 0.974483
102 142 0.874605
510 570 0.636762
510 570 0.90782
1700 1900 0.657968
1700 1900 1
1530 1710 0.805017
153 213 0.892855
357 497 0.680772
510 710 1
357 497 1
357 497 1
51 71 0.819069
357 497 1
1530 1710 1
170 190 1
1020 1140 0.968391
306 426 1
170 190 0.66831
1700 1900 0.750767
170 190 0.707466
102 142 0.63091
510 570 0.853378
170 190 0.968725
680 760 0.961016
680 760 0.832
357 497 1
204 284 0.897833
306 426 0.961288
153 213 0.851338
1360 1520 0.810087
510 710 0.73952
459 639 0.899858
408 568 0.85799
204 284 0.8492
408 568 1
204 284 1
1020 1140 0.947677
1700 1900 0.842276
510 570 1
850 950 1
680 760 0.736499
510 570 1
510 710 0.84038
170 190 0.82816
459 639 0.837667
459 639 0.590389
102 142 1
1360 1520 1
850 950 0.721338
153 213 1
357 497 1
102 142 0.953549
510 570 0.870706
153 213 1
1190 1330 0.997991
1190 1330 0.82458
340 380 0.957231
459 639 1
357 497 0.863135
153 213 0.850675
255 355 0.707487
255 355 0.945061
255 355 1
153 213 1
459 639 0.853452
459 639 0.919235
1360 1520 0.989259
306 426 1
459 639 1
204 284 1
1020 1140 1
1530 1710 1
1360 1520 1
255 355 0.979844
408 568 0.898563
204 284 0.890611
102 142 1
408 568 0.75701
510 710 0.821839
459 639 0.730324
850 950 0.795894
1360 1520 0.789858
510 710 1
850 950 0.928153
1530 1710 1
1190 1330 1
204 284 1
1020 1140 0.5964
1530 1710 1
408 568 0.860131
850 950 0.979624
204 284 0.764653
357 497 1
204 284 1
340 380 1
51 71 0.912526
204 284 1
153 213 0.864457
1360 1520 1
510 710 1
357 497 0.822956
850 950 0.758226
204 284 1
306 426 1
680 760 1
459 639 1
1360 1520 0.559385
153 213 1
1530 1710 0.909259
306 426 0.946294
1190 1330 0.637787
1020 1140 0.955499
357 497 1
1020 1140 1
357 497 0.914833
340 380 1
51 71 1
1020 1140 1
170 190 0.903735
408 568 0.92072
170 190 1
255 355 0.713363
1190 1330 0.952183
102 142 0.627836
340 380 0.849192
1360 1520 0.806286
510 570 0.903867
1020 1140 1
102 142 1
51 71 1
255 355 0.936532
1020 1140 1
255 355 0.971156
102 142 1
204 284 0.837942
1360 1520 0.758284
680 760 1
1700 1900 0.516502
102 142 1
510 710 1
1360 1520 1
255 355 1
255 355 0.9118
255 355 0.946639
1700 1900 0.789448
170 190 0.865473
51 71 1
153 213 1
340 380 0.820461
357 497 1
1190 1330 0.765132
459 639 1
306 426 0.855184
102 142 1
850 950 0.866528
510 570 1
153 213 0.942196
1530 1710 1
357 497 1
255 355 1
1700 1900 1
170 190 0.884101
153 213 0.581595
306 426 1
306 426 1
1020 1140 0.940017
204 284 1
340 380 0.93868
153 213 0.903963
1530 1710 1
340 380 0.849601
510 570 1
1530 1710 0.734928
357 497 1
204 284 0.896515
510 570 1
1190 1330 0.606511
204 284 0.919243
1360 1520 1
306 426 1
204 284 0.714478
51 71 0.859169
1190 1330 0.9504
459 639 1
459 639 1
510 710 0.924065
1190 1330 0.723215
340 380 0.847687
204 284 0.948032
170 190 0.809089
850 950 1
1190 1330 1
340 380 0.87593
408 568 1
255 355 0.816256
102 142 1
255 355 1
153 213 0.869936
680 760 1
153 213 1
153 213 0.874878
1700 1900 0.918086
510 710 0.889227
153 213 1
510 570 0.714112
680 760 0.928874
510 570 0.865334
204 284 1
102 142 0.73402
1700 1900 0.818372
1020 1140 1
153 213 0.918438
510 710 0.921678
1700 1900 1
340 380 0.851402
51 71 0.625843
459 639 1
408 568 1
510 570 0.776848
1530 1710 1
408 568 0.838013
510 570 1
204 284 0.81093
459 639 0.837539
510 570 0.810772
306 426 0.873268
255 355 0.808398
204 284 1
510 710 0.809743
459 639 0.882362
1360 1520 1
204 284 0.993578
204 284 1
153 213 1
408 568 0.916246
1360 1520 1
510 710 1
204 284 0.702166
340 380 0.901611
1020 1140 0.925949
357 497 0.78471
102 142 0.757306
459 639 0.72053
850 950 0.936711
850 950 1
306 426 0.860157
340 380 1
170 190 0.85261
408 568 0.884584
306 426 0.742729
255 355 1
510 710 1
1360 1520 1
1020 1140 1
255 355 0.3891
357 497 1
340 380 0.767326
1360 1520 0.686488
340 380 1
255 355 0.660368
306 426 0.616363
204 284 1
1020 1140 0.968519
850 950 0.945682
459 639 1
1190 1330 0.893967
170 190 0.916957
1530 1710 0.901857
510 710 0.958821
306 426 0.800976
204 284 0.879579
1360 1520 1
1360 1520 0.950158
1530 1710 1
850 950 1
340 380 1
51 71 0.830432
102 142 1
1700 1900 1
170 190 1
153 213 1
510 710 0.929027
204 284 1
102 142 0.96075
510 710 1
340 380 0.922545
102 142 1
340 380 0.826281
1530 1710 0.837225
204 284 0.937115
102 142 0.901434
51 71 0.86827
1020 1140 0.691792
850 950 1
255 355 0.950814
1020 1140 1
204 284 1
1530 1710 0.802133
1190 1330 0.914444
850 950 0.911841
153 213 0.927274
680 760 0.68272
510 710 0.904263
153 213 1
680 760 1
680 760 1
459 639 1
1530 1710 0.749108
1190 1330 0.560606
51 71 0.878438
51 71 0.863771
340 380 0.724469
153 213 0.773027
357 497 1
306 426 1
255 355 1
357 497 0.88155
357 497 0.891737
306 426 1
1020 1140 0.761171
1700 1900 1
102 142 1
510 710 1
357 497 1
680 760 1
510 570 0.931826
51 71 0.912915
680 760 0.903341
357 497 1
51 71 0.923908
1700 1900 1
1700 1900 1
170 190 1
510 710 1
1190 1330 0.755111
102 142 0.945472
102 142 1
340 380 1
153 213 1
102 142 0.825559
1700 1900 1
255 355 0.877513
357 497 0.813095
102 142 0.799008
170 190 0.95252
102 142 1
1530 1710 0.669128
680 760 0.880172
1700 1900 1
510 710 0.815008
1020 1140 1
408 568 0.78187
357 497 1
1360 1520 0.981162
153 213 0.747138
1530 1710 1
357 497 1
408 568 0.97919
510 570 1
1360 1520 0.840757
153 213 0.928092
1360 1520 1
306 426 1
510 570 0.890316
204 284 0.85558
51 71 0.744756
306 426 0.695152
340 380 0.875973
153 213 0.97318
204 284 1
357 497 1
1700 1900 1
680 760 1
510 710 1
357 497 0.903511
306 426 0.776631
51 71 0.947229
1190 1330 1
1530 1710 0.952208
153 213 1
51 71 0.595105
1530 1710 1
510 570 1
408 568 0.863782
306 426 0.685016
408 568 1
1190 1330 0.834203
680 760 1
1020 1140 1
408 568 1
102 142 0.841369
1190 1330 1
102 142 1
357 497 1
153 213 0.836974
153 213 1
680 760 1
1530 1710 0.97349
357 497 0.677599
1360 1520 0.9519
357 497 1
1020 1140 0.703508
357 497 1
170 190 0.867335
306 426 1
510 710 1
255 355 1
1020 1140 1
850 950 1
510 570 1
51 71 0.924318
510 710 0.886689
510 570 0.90971
510 710 1
510 710 1
510 570 1
204 284 0.87565
408 568 1
408 568 1
680 760 0.935078
408 568 1
340 380 0.974895
459 639 1
340 380 0.942189
204 284 1
408 568 1
1020 1140 1
204 284 0.760467
306 426 0.732302
306 426 1
170 190 1
850 950 0.705903
1700 1900 0.578773
357 497 1
357 497 1
170 190 0.759905
170 190 0.828207
340 380 1
1190 1330 1
459 639 1
357 497 1
204 284 0.645646
51 71 1
170 190 0.94535
850 950 1
1700 1900 1
306 426 1
255 355 0.579012
51 71 0.571707
102 142 0.896583
153 213 0.98008
357 497 1
153 213 0.834291
51 71 1
850 950 0.723947
153 213 0.822815
408 568 0.866042
153 213 0.640042
170 190 1
204 284 1
510 570 0.728702
459 639 1
1530 1710 1
1530 1710 1
1700 1900 0.922655
680 760 1
459 639 1
340 380 1
1190 1330 0.538462
51 71 0.979353
510 710 0.859937
51 71 1
102 142 0.831013
1360 1520 1
510 710 1
204 284 0.750759
357 497 1
1700 1900 1
1700 1900 0.867852
680 760 0.766236
306 426 0.781938
102 142 1
306 426 1
1190 1330 0.957883
510 570 1
1190 1330 0.858534
306 426 1
510 710 1
510 710 1
459 639 1
850 950 1
170 190 0.953367
306 426 0.913305
357 497 0.845098
459 639 1
1360 1520 0.910982
1190 1330 1
1530 1710 0.738663
680 760 1
255 355 0.875878
510 570 0.930028
357 497 0.880697
1530 1710 0.909507
170 190 1
306 426 0.804078
170 190 0.631564
459 639 0.765296
1190 1330 1
1360 1520 0.869834
510 710 0.986461
1360 1520 1
153 213 0.899403
459 639 0.796476
306 426 1
510 570 0.836439
1700 1900 1
153 213 0.787721
204 284 1
153 213 0.856155
102 142 0.772551
102 142 0.975312
170 190 1
255 355 1
510 570 0.782746
255 355 1
255 355 1
102 142 0.761932
510 570 0.770038
340 380 1
204 284 1
306 426 1
1020 1140 0.660292
510 710 1
340 380 0.688371
1700 1900 0.803239
510 710 0.958739
153 213 0.757125
51 71 0.677396
204 284 1
408 568 0.763618
153 213 1
510 710 0.800775
510 570 1
1360 1520 0.897846
680 760 1
1530 1710 0.7632
1020 1140 0.828874
1360 1520 1
1020 1140 1
510 710 0.731898
510 570 1
1360 1520 1
102 142 1
153 213 1
204 284 1
1190 1330 1
153 213 1
102 142 1
1700 1900 1
850 950 1
510 710 1
510 710 1
510 570 1
1360 1520 1
1190 1330 1
1530 1710 0.63691
102 142 0.920088
850 950 0.605934
408 568 1
1020 1140 1
357 497 1
1020 1140 1
510 710 1
1700 1900 0.87069
102 142 0.80633
51 71 1
1020 1140 0.932714
850 950 1
51 71 0.764871
170 190 1
170 190 1
340 380 0.851005
680 760 1
153 213 0.913239
1530 1710 0.832102
204 284 0.769306
340 380 1
102 142 0.669665
170 190 0.884517
1360 1520 1
408 568 0.831456
459 639 0.740969
459 639 1
1360 1520 1
510 710 1
170 190 0.982403
510 710 0.764489
153 213 0.847434
510 710 0.854965
510 570 1
51 71 1
170 190 0.874616
459 639 1
357 497 1
1360 1520 0.864979
850 950 0.880853
1190 1330 1
51 71 0.963241
1190 1330 1
255 355 1
680 760 1
51 71 1
850 950 1
459 639 1
170 190 1
459 639 0.895178
255 355 0.711137
850 950 1
510 710 0.887975
1020 1140 0.835228
510 710 0.796923
1190 1330 1
1360 1520 1
153 213 0.78154
459 639 1
51 71 1
510 710 1
408 568 1
153 213 1
306 426 1
153 213 0.777157
153 213 0.889098
680 760 0.811869
510 570 1
408 568 1
306 426 1
306 426 0.871507
680 760 0.744928
51 71 1
1530 1710 0.901466
255 355 1
204 284 0.814765
255 355 0.690899
340 380 1
408 568 1
1530 1710 1
510 710 1
170 190 1
1020 1140 1
306 426 1
510 710 0.89724
340 380 0.615207
408 568 1
255 355 0.892859
1700 1900 1
340 380 0.805704
510 710 0.761174
51 71 0.898578
510 570 1
255 355 0.941699
1020 1140 1
306 426 1
1360 1520 0.953919
1700 1900 0.81937
850 950 1
459 639 1
340 380 1
510 570 1
306 426 0.912537
153 213 0.775206
850 950 1
1190 1330 0.94772
306 426 1
510 710 0.943814
1530 1710 1
102 142 0.923322
1530 1710 0.746268
408 568 1
306 426 0.932321
510 710 0.954729
1190 1330 1
153 213 1
850 950 1
1360 1520 0.779767
170 190 0.85723
408 568 1
170 190 1
510 570 1
204 284 0.929771
510 710 0.930387
680 760 1
255 355 0.84757
102 142 1
510 570 0.65546
306 426 0.99796
850 950 0.933461
510 570 1
153 213 0.725375
510 570 1
408 568 1
153 213 0.912565
204 284 1
340 380 0.668401
459 639 1
1700 1900 1
1360 1520 0.743871
306 426 1
459 639 1
1190 1330 0.700045
153 213 1
51 71 0.824987
170 190 1
510 710 0.877165
1190 1330 1
680 760 1
51 71 1
51 71 1
170 190 0.487833
1190 1330 1
255 355 1
306 426 0.451945
153 213 0.550034
1190 1330 1
1360 1520 1
510 570 1
1700 1900 0.940389
850 950 1
51 71 0.872977
170 190 0.958383
170 190 1
357 497 1
102 142 1
340 380 0.843561
306 426 1
459 639 1
102 142 0.950591
680 760 1
510 710 0.838573
204 284 1
850 950 0.834714
340 380 1
510 570 1
255 355 0.939874
510 710 1
459 639 1
51 71 1
1190 1330 1
153 213 0.856137
153 213 1
340 380 1
255 355 0.801058
204 284 1
510 710 1
1360 1520 1
204 284 0.826068
340 380 1
1190 1330 0.982077
306 426 1
306 426 1
510 710 0.994697
102 142 0.80917
204 284 0.898215
1190 1330 1
255 355 1
510 570 1
1020 1140 0.88801
170 190 0.959105
306 426 0.90134
51 71 1
340 380 1
459 639 0.816008
1360 1520 1
459 639 1
510 570 0.817487
1530 1710 1
153 213 0.87013
510 570 1
255 355 1
170 190 1
153 213 1
459 639 0.705136
153 213 0.810062
1530 1710 0.954888
510 710 1
510 710 1
204 284 0.955802
306 426 1
357 497 0.787252
51 71 0.775873
51 71 1
1020 1140 0.821115
51 71 1
510 710 0.897466
51 71 1
51 71 0.868037
1700 1900 0.89636
255 355 0.864621
408 568 0.892229
850 950 1
51 71 1
51 71 1
1360 1520 0.71785
459 639 0.633174
170 190 1
510 570 1
510 710 0.790498
153 213 1
850 950 1
204 284 0.83098
408 568 1
1530 1710 1
170 190 0.943206
153 213 0.874738
1530 1710 0.876796
306 426 0.789308
510 710 0.963275
255 355 0.969276
1360 1520 1
170 190 1
1360 1520 1
510 710 0.901662
1530 1710 1
102 142 1
204 284 0.820431
1700 1900 0.600456
510 710 0.93648
1360 1520 1
340 380 1
1190 1330 0.808144
1700 1900 1
153 213 0.773757
102 142 0.751882
1020 1140 1
1360 1520 0.858683
1530 1710 0.935713
408 568 1
1700 1900 0.859393
255 355 1
1700 1900 1
306 426 1
340 380 0.825951
510 710 0.641627
459 639 1
255 355 0.718065
340 380 1
510 570 1
510 570 1
51 71 0.875847
153 213 0.874907
340 380 1
510 710 1
51 71 1
357 497 1
102 142 0.898755
1530 1710 1
680 760 1
510 570 1
1530 1710 0.975109
255 355 0.81749
1190 1330 0.896542
204 284 0.820841
408 568 0.841708
340 380 1
153 213 1
1020 1140 0.934003
680 760 1
850 950 0.819136
306 426 0.888818
1190 1330 1
306 426 1
340 380 0.795562
510 710 1
1360 1520 1
153 213 1
255 355 1
459 639 0.845214
510 570 1
170 190 1
1700 1900 0.938509
306 426 1
51 71 1
510 570 0.840575
1020 1140 0.608456
153 213 0.937818
255 355 1
170 190 0.931749
680 760 1
459 639 1
459 639 1
510 570 1
1530 1710 1
153 213 0.476118
1530 1710 0.946068
1190 1330 0.883987
357 497 1
51 71 1
357 497 0.967563
357 497 0.891999
357 497 0.540414
1020 1140 1
510 570 0.961554
850 950 1
255 355 0.730943
850 950 0.604114
204 284 0.937982
153 213 1
357 497 1
1190 1330 1
1530 1710 0.852275
153 213 0.738287
102 142 1
102 142 1
357 497 0.767758
1530 1710 0.696876
1700 1900 1
357 497 1
102 142 1
459 639 1
357 497 1
102 142 1
408 568 1
510 570 0.824347
255 355 0.923466
408 568 0.981115
1700 1900 1
1700 1900 0.888167
255 355 1
1360 1520 0.772353
510 710 0.850301
680 760 1
170 190 1
340 380 0.786669
204 284 0.605269
850 950 1
357 497 1
1530 1710 0.891153
408 568 0.899215
102 142 0.857873
850 950 1
153 213 1
306 426 1
510 710 1
1360 1520 0.832954
1360 1520 1
51 71 1
255 355 0.896196
1530 1710 1
153 213 1
1360 1520 0.736994
204 284 1
170 190 1
459 639 1
170 190 0.949065
153 213 1
357 497 1
306 426 0.864801
255 355 1
1530 1710 0.746436
1190 1330 0.836664
510 570 0.912919
510 570 1
680 760 1
1700 1900 0.910878
510 570 0.813479
459 639 0.630841
459 639 1
51 71 1
1190 1330 1
850 950 1
1020 1140 1
1700 1900 1
459 639 1
170 190 0.921997
1360 1520 1
1190 1330 0.845343
510 570 0.724674
1190 1330 0.915801
340 380 1
255 355 1
1700 1900 1
306 426 0.89424
510 570 0.959241
1530 1710 1
255 355 0.881751
340 380 1
306 426 0.79678
1020 1140 1
51 71 0.778358
1190 1330 0.775687
306 426 0.725925
510 570 1
1700 1900 0.938334
510 710 1
255 355 1
102 142 1
510 710 0.906006
255 355 1
510 710 0.838405
1530 1710 0.748331
850 950 1
153 213 1
357 497 0.82429
510 710 1
1190 1330 1
1530 1710 0.852587
170 190 0.887165
408 568 0.840752
51 71 0.688933
850 950 1
1700 1900 0.922898
1530 1710 1
850 950 0.904533
170 190 1
680 760 1
153 213 0.917553
680 760 0.927742
153 213 1
1530 1710 1
1360 1520 1
850 950 0.607635
459 639 1
204 284 0.903136
306 426 0.930387
408 568 1
680 760 0.862874
357 497 0.596377
204 284 1
357 497 0.831408
510 710 1
170 190 0.873885
1020 1140 1
850 950 1
1360 1520 0.789644
1530 1710 0.874716
153 213 0.910088
459 639 1
510 710 0.93059
306 426 0.84541
170 190 1
510 710 0.9422
1700 1900 0.886561
459 639 1
850 950 0.935807
510 710 1
102 142 1
1190 1330 1
1530 1710 1
170 190 0.848421
102 142 0.770374
102 142 0.733401
51 71 0.786156
1360 1520 1
204 284 0.928057
204 284 1
510 570 0.857206
1700 1900 0.589893
1530 1710 0.960207
1700 1900 0.864711
51 71 0.622577
1360 1520 1
1190 1330 0.813511
459 639 0.890507
510 570 1
680 760 0.778283
510 570 0.913911
1700 1900 1
459 639 1
850 950 1
51 71 1
408 568 1
153 213 0.845876
170 190 0.778372
850 950 1
102 142 1
1190 1330 0.70707
459 639 0.925378
204 284 0.702862
170 190 1
408 568 1
153 213 1
153 213 0.910097
510 570 0.798858
340 380 1
510 710 1
1190 1330 0.8817
1700 1900 0.926084
1700 1900 0.970944
1530 1710 0.882999
408 568 1
357 497 1
204 284 0.945622
1190 1330 1
153 213 0.721308
1360 1520 0.837483
255 355 0.768629
1700 1900 1
255 355 1
459 639 0.907002
1530 1710 0.882849
1190 1330 1
153 213 0.806318
1530 1710 1
306 426 0.956549
680 760 1
306 426 1
1700 1900 1
459 639 1
680 760 0.949303
1190 1330 1
1020 1140 0.850329
1360 1520 0.809455
459 639 0.921617
51 71 1
459 639 1
170 190 1
340 380 1
204 284 0.869364
340 380 1
340 380 0.870425
408 568 1
1190 1330 0.754184
1190 1330 1
408 568 1
1360 1520 0.756798
204 284 1
102 142 0.835467
510 710 0.874337
1700 1900 0.798982
255 355 1
1360 1520 1
510 570 0.783593
255 355 1
51 71 1
51 71 0.909969
408 568 1
1700 1900 1
357 497 1
153 213 1
850 950 1
459 639 1
680 760 1
255 355 1
204 284 0.924018
1020 1140 1
1360 1520 0.671291
510 570 0.868281
255 355 1
153 213 1
459 639 0.797711
408 568 0.960682
51 71 1
1360 1520 1
306 426 0.83156
51 71 0.894514
170 190 1
459 639 1
153 213 0.820465
306 426 1
255 355 0.985852
340 380 0.747518
408 568 1
1700 1900 1
255 355 0.722349
1190 1330 0.948761
459 639 0.722497
1530 1710 0.866413
408 568 1
510 570 1
204 284 1
340 380 0.70404
306 426 0.948171
1360 1520 1
680 760 1
510 710 0.876787
510 570 0.784926
255 355 1
680 760 0.829503
153 213 1
1530 1710 0.790795
357 497 1
153 213 1
255 355 0.764034
204 284 1
102 142 1
1700 1900 0.739854
510 710 1
204 284 0.714225
306 426 1
850 950 1
170 190 0.832046
306 426 0.829218
153 213 0.912335
357 497 1
1020 1140 1
850 950 1
1360 1520 0.886986
850 950 1
459 639 1
153 213 0.661567
1360 1520 1
1190 1330 0.918038
408 568 0.884761
408 568 0.92604
1190 1330 1
1530 1710 0.987331
1190 1330 0.891427
51 71 1
510 570 1
680 760 0.83684
1360 1520 1
204 284 1
170 190 1
340 380 0.786949
340 380 1
153 213 0.885056
170 190 0.780691
204 284 1
204 284 0.879326
170 190 1
1020 1140 0.749764
357 497 0.752551
357 497 1
255 355 1
153 213 1
1190 1330 1
408 568 0.962309
153 213 1
204 284 0.953912
680 760 0.897141
204 284 0.830334
510 570 1
510 570 0.579266
1190 1330 1
459 639 1
510 570 0.962524
1190 1330 0.90565
102 142 1
204 284 0.809687
357 497 1
408 568 1
510 570 0.853271
204 284 1
1190 1330 0.825014
170 190 0.872377
204 284 1
357 497 0.739228
153 213 0.866643
1020 1140 0.711767
850 950 1
1530 1710 0.922234
408 568 1
204 284 1
408 568 1
1020 1140 0.785015
204 284 0.69547
1190 1330 0.901628
1530 1710 0.859344
102 142 0.579335
340 380 1
340 380 1
1360 1520 1
510 710 0.801779
51 71 1
850 950 0.958465
102 142 0.887964
255 355 1
850 950 0.837659
51 71 1
510 710 0.698963
850 950 0.90798
204 284 1
340 380 0.760061
153 213 0.598661
170 190 0.888496
680 760 0.81318
306 426 0.889191
51 71 0.746535
1020 1140 0.885463
850 950 0.857698
510 570 0.964318
102 142 0.853667
510 570 1
255 355 0.750315
1700 1900 0.946073
306 426 1
306 426 0.778274
153 213 0.553739
102 142 0.917724
510 570 0.856222
1530 1710 0.973712
850 950 0.814055
510 570 0.928366
255 355 0.918725
510 570 1
680 760 0.662645
357 497 1
51 71 1
850 950 0.966988
1360 1520 0.939835
510 570 0.933056
153 213 0.812072
255 355 0.921681
850 950 0.956002
1360 1520 1
1530 1710 0.880334
357 497 0.876203
102 142 1
1700 1900 1
1020 1140 0.965291
1190 1330 0.678222
357 497 0.869466
1530 1710 1
680 760 0.970867
1190 1330 1
850 950 1
510 570 0.978209
170 190 0.790233
680 760 1
51 71 0.790676
255 355 1
1190 1330 0.817433
408 568 1
680 760 1
510 570 1
850 950 1
1020 1140 0.840572
510 570 1
408 568 0.319816
1020 1140 1
1700 1900 0.68497
255 355 0.854145
102 142 0.863445
51 71 0.944954
255 355 1
1530 1710 0.937153
408 568 1
510 710 1
408 568 1
1190 1330 0.592519
102 142 0.985089
340 380 0.841799
357 497 0.561363
1360 1520 1
510 710 1
306 426 1
102 142 0.879008
1360 1520 1
1020 1140 1
408 568 0.752954
357 497 0.773483
680 760 1
1530 1710 0.817648
1190 1330 1
1190 1330 0.908664
1360 1520 1
357 497 0.911607
255 355 1
1020 1140 1
510 570 1
170 190 1
850 950 1
1700 1900 1
204 284 0.722797
102 142 0.761043
510 570 0.704021
1700 1900 1
51 71 1
1700 1900 1
1530 1710 0.78556
510 710 1
170 190 1
204 284 1
680 760 0.940174
255 355 0.878105
1530 1710 0.669146
459 639 0.834976
340 380 0.871539
459 639 1
850 950 1
850 950 0.582054
680 760 1
459 639 0.815024
357 497 0.628643
51 71 0.853878
1190 1330 0.91949
51 71 0.688323
170 190 1
204 284 0.962793
340 380 0.898253
459 639 0.717236
1530 1710 0.705707
1530 1710 0.860973
51 71 0.815213
204 284 0.84591
510 570 1
357 497 0.877568
153 213 0.774606
1360 1520 1
306 426 0.827655
510 570 1
306 426 1
153 213 1
510 710 1
102 142 1
1360 1520 0.715074
51 71 1
1530 1710 0.915854
510 710 0.835522
204 284 1
102 142 1
51 71 0.610497
51 71 1
340 380 1
204 284 1
1530 1710 0.879426
1360 1520 1
1700 1900 1
170 190 0.979997
102 142 0.862668
510 710 1
170 190 0.675776
255 355 1
1530 1710 0.897352
255 355 1
850 950 1
510 710 1
102 142 0.943617
1360 1520 0.970104
102 142 0.920618
306 426 1
408 568 1
459 639 0.851366
850 950 1
850 950 1
510 710 0.834921
340 380 0.87048
850 950 0.911788
510 710 0.974831
510 570 0.653033
102 142 1
510 570 1
1530 1710 0.886066
51 71 0.853824
1020 1140 1
357 497 1
459 639 0.944315
459 639 1
170 190 0.616408
340 380 1
170 190 0.939855
153 213 1
510 570 0.773135
102 142 0.695879
357 497 0.785233
102 142 1
340 380 1
1700 1900 0.659101
102 142 0.911875
510 570 0.910851
51 71 1
306 426 1
1530 1710 1
1700 1900 0.88019
459 639 1
408 568 0.520233
340 380 0.828863
1360 1520 0.547275
1020 1140 1
306 426 0.670822
408 568 0.767258
1190 1330 0.667839
170 190 1
510 710 0.844614
459 639 1
1700 1900 1
1700 1900 1
170 190 1
850 950 1
170 190 0.890801
153 213 0.940967
850 950 0.959928
170 190 0.814488
459 639 1
153 213 1
510 710 1
510 570 1
170 190 1
459 639 0.796593
459 639 0.883512
680 760 0.856793
1190 1330 1
850 950 0.866033
850 950 0.800634
102 142 1
51 71 0.949031
306 426 1
1700 1900 1
1530 1710 0.790349
204 284 0.838075
1700 1900 0.652173
51 71 1
255 355 1
306 426 0.78615
153 213 0.899595
153 213 0.82932
1530 1710 1
408 568 0.802209
850 950 1
408 568 0.867618
306 426 0.96568
102 142 0.881463
1190 1330 1
340 380 0.989126
408 568 1
1530 1710 1
408 568 1
680 760 1
102 142 0.836062
153 213 1
170 190 0.677365
1190 1330 1
408 568 0.974901
510 710 1
1700 1900 0.757714
102 142 1
850 950 0.918639
204 284 1
51 71 1
255 355 0.685382
204 284 1
340 380 1
680 760 0.686261
459 639 0.853104
680 760 0.834056
204 284 1
850 950 1
510 570 1
306 426 1
1700 1900 1
357 497 1
357 497 0.565819
102 142 0.772575
680 760 0.944719
340 380 1
850 950 0.946014
255 355 0.871228
510 570 1
510 710 0.724483
340 380 1
340 380 1
255 355 1
357 497 0.717885
1530 1710 0.634851
1360 1520 1
408 568 1
1360 1520 0.86422
306 426 0.657514
1360 1520 0.778984
459 639 0.908278
153 213 0.901672
850 950 0.944148
1020 1140 1
306 426 0.873911
1360 1520 0.884251
1530 1710 1
1190 1330 0.956436
459 639 0.926487
51 71 0.869388
357 497 1
510 710 0.893025
1360 1520 0.877229
680 760 0.731118
1360 1520 0.848398
850 950 0.881538
1530 1710 1
306 426 1
153 213 1
204 284 0.940203
255 355 0.696772
850 950 1
1530 1710 0.832458
255 355 0.660635
51 71 1
170 190 0.687348
510 710 0.971723
680 760 1
153 213 0.839197
51 71 1
357 497 1
255 355 0.925058
510 570 0.948006
153 213 1
1190 1330 1
102 142 0.964254
1360 1520 0.861678
1700 1900 0.912081
357 497 0.958896
153 213 1
1530 1710 0.952039
357 497 0.978231
1360 1520 1
850 950 1
204 284 0.982397
306 426 1
510 570 1
1360 1520 1
850 950 0.602566
306 426 1
680 760 1
1360 1520 1
306 426 1
680 760 1
340 380 1
408 568 0.921103
306 426 0.781747
680 760 0.827308
1530 1710 1
1700 1900 0.779
153 213 1
1190 1330 0.906014
102 142 0.897809
408 568 0.942053
204 284 0.971085
204 284 0.597796
1530 1710 0.849674
340 380 0.944488
51 71 1
1530 1710 0.964857
680 760 1
680 760 1
1020 1140 0.804736
340 380 1
1700 1900 1
680 760 1
459 639 0.7871
357 497 0.938195
340 380 1
680 760 0.917625
1190 1330 1
306 426 0.849468
102 142 0.912648
1360 1520 1
204 284 1
340 380 1
680 760 0.90014
1020 1140 0.788678
153 213 0.951959
204 284 1
306 426 1
1020 1140 1
510 570 0.955048
204 284 0.832994
1360 1520 0.762496
102 142 1
1700 1900 0.84867
850 950 1
510 570 0.90537
459 639 1
510 570 1
51 71 0.636603
153 213 1
510 710 0.889858
1190 1330 0.952621
153 213 0.784168
51 71 0.955502
510 710 1
51 71 1
51 71 1
204 284 0.847157
850 950 1
1190 1330 0.863393
1530 1710 0.87982
306 426 1
1360 1520 1
357 497 0.888566
357 497 1
51 71 1
1530 1710 1
1530 1710 1
459 639 1
1190 1330 0.923974
170 190 0.965197
408 568 1
102 142 0.928376
1530 1710 0.747385
51 71 0.781531
1530 1710 0.954488
1190 1330 0.834152
51 71 0.809767
357 497 0.75071
680 760 0.928686
153 213 0.981036
306 426 0.873888
1020 1140 1
1700 1900 1
1360 1520 0.911962
357 497 0.915314
170 190 0.801165
1190 1330 0.871301
204 284 0.80952
1700 1900 1
1190 1330 0.965587
357 497 0.805915
1190 1330 1
340 380 0.794393
102 142 0.816148
153 213 0.970618
510 710 0.731671
459 639 0.879769
51 71 1
51 71 1
1020 1140 0.834028
510 710 1
357 497 0.759988
306 426 0.889811
459 639 0.960563
680 760 1
102 142 0.737137
1700 1900 0.598552
850 950 0.856547
204 284 0.832759
1360 1520 1
306 426 0.844248
357 497 1
510 710 0.813979
357 497 1
204 284 1
51 71 0.921103
850 950 1
170 190 0.911281
340 380 1
1700 1900 0.958207
170 190 1
850 950 0.755054
1020 1140 1
1190 1330 0.681274
102 142 1
357 497 1
102 142 0.623376
153 213 1
204 284 1
153 213 0.890713
1190 1330 1
1530 1710 0.871151
170 190 1
51 71 0.692786
510 710 1
680 760 1
680 760 0.710086
170 190 0.852642
850 950 1
510 710 0.782845
51 71 0.668105
1020 1140 0.87706
357 497 0.860367
680 760 1
680 760 0.956809
357 497 0.75583
1360 1520 0.755285
1190 1330 1
459 639 1
170 190 0.94318
102 142 1
850 950 0.909184
1190 1330 1
680 760 0.759012
1190 1330 0.822115
408 568 1
1360 1520 0.850285
102 142 0.947901
408 568 1
459 639 0.854309
510 710 1
1190 1330 0.769468
408 568 0.780695
204 284 0.691813
306 426 1
680 760 0.732103
1190 1330 0.916913
459 639 1
408 568 1
1360 1520 0.946068
1530 1710 1
1530 1710 0.817576
51 71 0.750189
1190 1330 0.723315
102 142 0.66045
1700 1900 0.9108
255 355 0.898503
510 710 0.853641
306 426 1
680 760 0.940696
255 355 0.801211
680 760 1
850 950 1
340 380 1
255 355 0.967704
102 142 0.946702
204 284 0.870716
255 355 1
680 760 1
1190 1330 1
306 426 1
510 710 0.850322
1020 1140 1
170 190 1
51 71 0.879639
102 142 0.88406
1190 1330 0.900759
340 380 1
850 950 0.863563
51 71 0.956552
459 639 0.753932
204 284 1
510 710 1
170 190 1
340 380 0.985381
1530 1710 1
51 71 0.935262
1360 1520 0.906564
340 380 1
510 570 0.884803
510 570 1
1360 1520 1
340 380 0.894721
357 497 1
306 426 0.921423
850 950 0.857072
510 710 0.711907
1190 1330 1
357 497 1
102 142 1
357 497 1
1190 1330 1
1700 1900 1
459 639 0.640085
850 950 0.835785
1360 1520 1
51 71 1
510 710 0.855409
255 355 0.648114
357 497 0.917545
153 213 1
680 760 0.933284
1530 1710 1
51 71 0.865796
1700 1900 1
204 284 0.753301
170 190 1
170 190 0.855126
153 213 0.910704
510 570 0.735835
255 355 1
1020 1140 0.870991
510 570 0.885632
1700 1900 0.866305
1020 1140 0.743006
680 760 0.765148
459 639 1
510 570 0.478212
680 760 1
51 71 1
255 355 1
51 71 0.944467
102 142 0.9779
340 380 1
680 760 0.637665
102 142 1
850 950 1
51 71 1
1530 1710 1
153 213 0.930644
1700 1900 1
102 142 1
102 142 1
459 639 1
306 426 1
408 568 0.615124
680 760 0.859747
1190 1330 0.882808
153 213 0.708111
1020 1140 1
51 71 1
459 639 0.82642
510 710 0.749509
408 568 1
850 950 0.824855
1360 1520 1
170 190 1
255 355 0.742979
1360 1520 1
306 426 1
102 142 0.80784
510 570 1
340 380 1
1020 1140 1
1700 1900 0.532403
153 213 0.974487
102 142 0.64313
510 570 1
51 71 1
1700 1900 0.702162
510 570 0.909933
204 284 0.712694
408 568 0.767288
1360 1520 1
1700 1900 0.948848
408 568 0.878643
850 950 1
408 568 1
510 710 1
408 568 0.947542
408 568 1
510 710 0.910375
510 710 1
408 568 1
306 426 1
51 71 1
1190 1330 0.751427
1530 1710 1
255 355 1
255 355 1
1530 1710 0.987304
51 71 1
153 213 0.929498
306 426 0.851094
1360 1520 1
153 213 1
340 380 1
153 213 1
680 760 0.595091
1700 1900 1
850 950 0.879894
850 950 1
204 284 1
1700 1900 0.805355
1020 1140 1
1020 1140 1
1190 1330 1
408 568 0.903458
357 497 1
255 355 1
51 71 1
1700 1900 0.867177
1360 1520 0.983762
170 190 0.805726
153 213 0.957044
1360 1520 0.968879
680 760 1
255 355 1
357 497 0.882024
1530 1710 1
51 71 1
153 213 1
1020 1140 0.954013
204 284 1
255 355 1
340 380 0.887332
680 760 0.93269
255 355 1
51 71 1
306 426 1
357 497 0.892123
170 190 1
340 380 0.965944
204 284 1
1190 1330 0.828775
340 380 0.904931
102 142 1
306 426 1
255 355 0.770579
1700 1900 1
255 355 1
1530 1710 1
357 497 0.929424
1530 1710 0.889695
680 760 1
1530 1710 0.89276
340 380 1
153 213 0.854454
510 570 0.910246
510 570 0.880369
204 284 0.83757
255 355 0.927577
102 142 0.786741
153 213 1
170 190 0.714816
510 710 1
255 355 1
510 570 1
680 760 1
1530 1710 1
102 142 0.780845
1360 1520 1
1530 1710 0.829733
306 426 1
850 950 0.911358
306 426 1
510 570 0.650699
357 497 1
680 760 1
1360 1520 1
340 380 0.943763
1360 1520 1
306 426 0.94794
1360 1520 1
850 950 0.914954
408 568 0.878257
408 568 0.913347
204 284 1
680 760 0.869209
1530 1710 1
850 950 0.966322
102 142 0.831111
408 568 1
51 71 1
680 760 0.781252
1530 1710 1
255 355 0.898144
204 284 1
340 380 1
1530 1710 1
1530 1710 0.92376
102 142 1
1020 1140 1
102 142 1
340 380 1
510 570 0.529023
51 71 0.74508
340 380 0.870381
51 71 1
204 284 0.859977
1530 1710 1
510 570 1
459 639 0.762842
170 190 1
510 710 0.911877
170 190 1
340 380 0.96726
340 380 0.556793
102 142 1
1700 1900 1
255 355 1
510 710 0.958809
51 71 1
1360 1520 0.969506
170 190 1
1360 1520 1
1360 1520 1
459 639 0.781788
1360 1520 1
1360 1520 0.893909
102 142 0.590791
850 950 1
850 950 0.681333
850 950 0.882433
510 570 1
850 950 1
1700 1900 0.692986
1700 1900 1
510 570 0.870117
340 380 0.956219
1020 1140 0.826026
510 570 0.802772
357 497 1
204 284 0.955884
680 760 1
204 284 1
408 568 1
850 950 0.845589
510 710 0.842545
1020 1140 1
102 142 1
340 380 0.821522
357 497 1
204 284 0.909038
340 380 1
51 71 0.72446
1360 1520 0.831397
170 190 0.828461
850 950 1
357 497 0.839743
408 568 1
1360 1520 1
510 710 1
510 710 0.818279
1530 1710 1
153 213 1
51 71 0.533064
170 190 1
1530 1710 0.835843
153 213 1
1530 1710 0.829529
255 355 1
510 570 0.759899
1530 1710 1
1700 1900 1
850 950 0.863548
170 190 0.902525
510 570 1
340 380 0.74183
340 380 1
1700 1900 1
357 497 1
306 426 0.895577
51 71 0.835046
255 355 0.885521
255 355 0.926431
408 568 1
1020 1140 1
1020 1140 1
255 355 1
1700 1900 0.77239
1530 1710 1
510 570 1
1360 1520 1
1190 1330 0.932517
1700 1900 1
340 380 1
1360 1520 0.96795
1190 1330 1
1190 1330 0.802484
170 190 1
1020 1140 0.872269
408 568 0.973391
153 213 1
340 380 0.92692
510 710 1
1190 1330 1
306 426 1
306 426 0.824568
680 760 0.973308
170 190 0.827206
1360 1520 1
850 950 1
510 710 1
850 950 0.926286
170 190 0.924067
850 950 1
408 568 1
680 760 1
153 213 0.889999
170 190 0.731851
510 570 1
510 710 1
510 710 1
357 497 1
1360 1520 1
340 380 0.803264
850 950 0.84474
408 568 0.838825
255 355 0.958269
357 497 1
1530 1710 1
459 639 1
1700 1900 0.575311
680 760 1
204 284 0.836174
408 568 1
1530 1710 1
408 568 1
459 639 0.96629
204 284 0.831124
340 380 0.971604
102 142 1
850 950 1
680 760 1
408 568 1
170 190 1
340 380 1
1700 1900 0.82018
306 426 0.938558
170 190 1
306 426 0.946414
1530 1710 1
204 284 1
510 710 1
153 213 0.828712
459 639 1
408 568 1
850 950 1
408 568 1
1360 1520 1
306 426 0.707888
153 213 1
408 568 0.765952
1530 1710 0.81669
1530 1710 1
102 142 0.885314
357 497 1
340 380 1
408 568 0.894283
170 190 1
408 568 0.854524
170 190 1
340 380 0.850169
170 190 0.931103
102 142 1
1360 1520 0.882251
510 710 1
102 142 1
204 284 0.661735
170 190 1
1530 1710 1
510 710 0.880602
510 710 1
408 568 0.897549
170 190 0.732851
255 355 0.924216
1360 1520 1
255 355 1
1360 1520 0.959252
306 426 1
306 426 1
850 950 0.950422
1700 1900 1
680 760 0.681638
170 190 0.923932
51 71 1
408 568 0.914909
357 497 0.860009
306 426 1
340 380 1
680 760 1
1530 1710 0.674032
510 570 0.642727
1700 1900 1
102 142 1
510 710 1
1020 1140 0.937043
1360 1520 1
153 213 1
1530 1710 1
170 190 1
1530 1710 1
1360 1520 1
255 355 0.855702
204 284 0.935354
1530 1710 0.701448
459 639 0.733563
51 71 0.946039
357 497 1
255 355 1
255 355 1
510 570 0.9312
1190 1330 0.913264
510 710 1
1530 1710 0.55264
510 710 1
408 568 1
1190 1330 0.758597
51 71 0.879851
1190 1330 0.779632
1360 1520 0.753229
510 570 0.819057
459 639 0.954405
408 568 1
170 190 1
204 284 1
340 380 0.798329
51 71 0.701222
255 355 0.783888
51 71 0.991785
510 710 1
153 213 0.827396
1190 1330 1
1530 1710 0.833594
153 213 0.959721
170 190 1
306 426 0.863033
1530 1710 0.916107
170 190 0.781334
408 568 1
340 380 0.991633
153 213 1
102 142 0.830615
170 190 1
255 355 1
102 142 0.808476
204 284 0.732103
1530 1710 1
153 213 1
1530 1710 1
153 213 1
153 213 0.712251
459 639 1
1700 1900 0.843708
170 190 1
408 568 0.68033
1360 1520 1
340 380 1
306 426 1
680 760 0.831632
255 355 0.825621
850 950 1
306 426 1
306 426 1
357 497 0.775327
459 639 1
850 950 1
1700 1900 1
306 426 1
408 568 1
170 190 0.892434
510 710 1
850 950 1
255 355 0.887433
459 639 1
1700 1900 1
850 950 0.772436
510 710 0.642613
408 568 0.791226
1700 1900 0.921494
51 71 1
102 142 1
408 568 0.846011
1020 1140 1
459 639 1
1360 1520 1
1190 1330 0.929334
1190 1330 1
51 71 1
357 497 0.859094
153 213 0.928129
204 284 0.75146
255 355 0.863517
51 71 1
51 71 1
459 639 1
1530 1710 0.879651
1020 1140 1
408 568 0.890848
1190 1330 0.770022
255 355 0.93737
204 284 0.794066
510 710 1
153 213 1
680 760 0.871298
850 950 1
1190 1330 0.745301
408 568 1
357 497 1
153 213 1
408 568 0.970907
170 190 0.909476
459 639 1
306 426 1
153 213 0.893252
510 570 1
1190 1330 1
680 760 0.863133
102 142 1
1020 1140 0.721217
153 213 1
850 950 0.928421
170 190 1
340 380 1
1700 1900 1
340 380 1
1700 1900 1
51 71 1
1700 1900 0.79212
510 710 0.929716
51 71 1
850 950 0.625562
510 570 0.907801
102 142 0.820065
102 142 1
102 142 1
204 284 0.865961
204 284 0.874783
306 426 1
510 710 0.866264
51 71 1
510 570 0.787046
153 213 1
1360 1520 0.624438
850 950 0.822618
357 497 1
357 497 0.978783
204 284 1
408 568 1
357 497 1
51 71 0.784438
51 71 0.973912
306 426 0.775032
850 950 0.821245
459 639 0.77098
1190 1330 0.749855
340 380 1
306 426 1
1530 1710 1
153 213 1
255 355 0.809747
1190 1330 0.837372
680 760 1
1700 1900 1
1700 1900 0.82957
1020 1140 0.790393
1360 1520 1
408 568 1
510 570 0.942409
680 760 1
850 950 1
850 950 1
1700 1900 0.640039
357 497 0.811086
204 284 0.861053
680 760 0.851704
204 284 0.850324
510 570 0.782278
306 426 1
1020 1140 1
204 284 0.81669
680 760 1
1530 1710 1
306 426 0.688677
850 950 0.965459
153 213 0.627581
1530 1710 1
510 570 1
51 71 1
680 760 1
51 71 0.860318
357 497 0.64801
1020 1140 0.886624
1190 1330 0.757172
357 497 1
102 142 0.883247
459 639 1
51 71 1
680 760 0.677266
51 71 1
204 284 0.922667
1530 1710 1
340 380 0.883435
510 710 0.915677
510 570 0.76906
1020 1140 1
510 710 1
850 950 1
51 71 0.789111
340 380 0.667353
1020 1140 1
340 380 0.863398
170 190 1
1530 1710 1
510 570 1
510 710 1
1190 1330 0.814827
51 71 0.615543
510 710 1
357 497 1
51 71 0.858023
153 213 1
306 426 0.633368
153 213 1
340 380 1
408 568 1
306 426 1
153 213 0.82647
170 190 1
1020 1140 0.639558
459 639 0.976854
510 570 0.899279
204 284 1
51 71 1
102 142 0.894027
340 380 0.726587
340 380 1
1700 1900 0.774582
408 568 0.737292
1190 1330 0.807463
1020 1140 1
306 426 1
1530 1710 1
1700 1900 1
408 568 0.750975
1190 1330 1
1020 1140 0.910199
850 950 1
340 380 0.964161
102 142 0.752179
306 426 0.920143
680 760 1
459 639 1
102 142 0.786518
1530 1710 1
459 639 1
51 71 1
357 497 1
850 950 1
255 355 1
408 568 1
459 639 0.761263
1530 1710 1
680 760 1
850 950 1
510 710 1
459 639 1
1530 1710 0.73164
170 190 1
102 142 0.662394
51 71 1
1530 1710 0.943484
459 639 0.723641
680 760 1
510 570 0.938661
153 213 1
51 71 0.676812
850 950 0.825895
680 760 1
1360 1520 1
204 284 1
680 760 1
510 570 1
510 570 1
102 142 1
510 710 0.99363
51 71 0.745583
306 426 0.806247
1360 1520 1
306 426 1
510 710 1
306 426 1
408 568 0.729035
153 213 0.771505
102 142 1
1020 1140 1
408 568 1
255 355 0.659723
850 950 0.778525
102 142 1
1530 1710 0.788693
340 380 1
255 355 0.845729
510 570 1
510 570 0.953744
510 710 0.926769
306 426 1
1020 1140 1
408 568 1
1360 1520 0.933527
170 190 0.861041
510 570 1
306 426 0.992201
680 760 1
255 355 1
1020 1140 0.962759
408 568 1
102 142 0.87919
1530 1710 0.863058
408 568 1
680 760 1
459 639 0.734854
51 71 1
340 380 1
1360 1520 0.638122
170 190 0.834283
510 570 0.89513
1360 1520 1
408 568 1
204 284 1
1360 1520 0.832797
850 950 1
408 568 0.84504
51 71 0.778152
1360 1520 0.828989
255 355 1
1530 1710 0.849957
340 380 0.901412
102 142 1
850 950 0.676254
408 568 0.692014
1530 1710 0.934011
340 380 1
510 710 0.970776
459 639 1
153 213 0.868223
1020 1140 1
255 355 1
510 570 1
153 213 1
51 71 1
357 497 1
170 190 0.829255
1360 1520 1
306 426 1
1530 1710 1
1530 1710 0.545
204 284 0.828087
153 213 0.863897
408 568 0.837214
1190 1330 0.810463
170 190 1
1360 1520 0.910147
255 355 0.845887
408 568 0.990664
255 355 1
170 190 0.879582
1190 1330 0.874209
1530 1710 1
1530 1710 0.992959
510 710 0.981041
357 497 1
204 284 1
306 426 1
1020 1140 1
51 71 1
850 950 1
170 190 1
204 284 1
1020 1140 1
1360 1520 0.869929
153 213 1
850 950 0.65218
1020 1140 0.959106
850 950 1
459 639 1
170 190 0.594868
510 570 0.592051
459 639 0.852025
357 497 0.727825
1530 1710 0.908291
102 142 1
357 497 0.89522
1700 1900 1
850 950 0.88051
153 213 1
340 380 0.780466
306 426 1
102 142 0.905591
204 284 1
1360 1520 0.973088
1700 1900 0.88413
850 950 1
1530 1710 1
680 760 1
340 380 0.905339
204 284 0.937566
102 142 0.950106
408 568 1
1700 1900 0.929816
850 950 1
306 426 1
102 142 1
357 497 1
408 568 1
153 213 0.691442
255 355 0.855573
255 355 0.784579
102 142 1
408 568 1
510 710 0.906587
1190 1330 1
1700 1900 1
255 355 0.708891
255 355 1
255 355 0.739983
357 497 0.749798
51 71 1
510 570 1
357 497 1
1190 1330 1
306 426 1
850 950 1
1530 1710 1
153 213 0.952597
255 355 0.590152
340 380 0.900081
1360 1520 1
102 142 0.608251
408 568 0.8385
170 190 0.795138
153 213 0.834597
510 570 0.599646
51 71 0.947517
170 190 0.865498
306 426 1
1530 1710 0.693148
1700 1900 0.823438
680 760 1
408 568 1
408 568 0.752147
1360 1520 0.745733
357 497 1
306 426 0.946183
255 355 1
1190 1330 1
204 284 1
1530 1710 1
1700 1900 1
1020 1140 1
850 950 1
1360 1520 0.890834
102 142 0.914455
459 639 0.868646
340 380 1
850 950 1
255 355 0.973188
510 710 0.935148
153 213 1
357 497 1
1530 1710 0.784127
357 497 0.850938
170 190 1
408 568 1
306 426 0.656786
510 570 1
51 71 1
850 950 1
1190 1330 1
170 190 0.795865
306 426 0.857864
1700 1900 0.753684
170 190 1
510 570 0.761031
1360 1520 1
510 570 0.846811
459 639 0.782809
680 760 0.919217
510 710 0.850837
1020 1140 0.913403
340 380 1
153 213 0.927207
1360 1520 0.832168
1190 1330 0.904189
1020 1140 1
510 710 0.898231
1530 1710 1
408 568 0.731506
306 426 0.872954
459 639 0.867347
204 284 1
102 142 0.916865
680 760 1
510 710 1
850 950 1
51 71 0.815801
340 380 0.78631
459 639 0.888422
1700 1900 0.97465
1530 1710 0.652833
255 355 1
255 355 0.854903
204 284 0.937564
170 190 1
408 568 0.648088
340 380 0.893924
170 190 1
170 190 0.844103
1190 1330 0.87142
1530 1710 1
510 570 0.904603
408 568 1
1530 1710 0.458789
459 639 1
850 950 0.864439
459 639 1
153 213 0.788652
1530 1710 0.670883
850 950 0.863709
510 710 1
1020 1140 1
1530 1710 1
1190 1330 0.774591
459 639 1
306 426 0.889451
51 71 0.872185
850 950 0.85973
306 426 0.769879
1530 1710 0.877612
1020 1140 0.845475
510 570 0.686793
1020 1140 0.771899
357 497 1
255 355 1
204 284 1
153 213 0.855803
51 71 0.938109
459 639 0.955582
170 190 0.708632
1190 1330 0.662869
1360 1520 0.905837
408 568 1
204 284 0.964271
255 355 1
170 190 0.609961
102 142 0.823591
357 497 0.87891
510 570 1
170 190 0.711526
1700 1900 0.685432
1190 1330 0.72504
510 710 1
680 760 1
1360 1520 1
1700 1900 0.628328
850 950 0.966021
459 639 0.927695
306 426 1
357 497 1
459 639 1
170 190 1
1700 1900 0.706188
51 71 0.737008
255 355 0.886531
1190 1330 1
204 284 0.800155
459 639 0.585596
340 380 1
170 190 0.984309
1360 1520 0.784662
510 710 1
1700 1900 0.882822
1020 1140 0.824408
255 355 1
1360 1520 1
459 639 1
459 639 1
170 190 1
204 284 1
1190 1330 0.839905
51 71 0.894895
204 284 0.882386
1530 1710 1
510 710 1
680 760 0.880514
1360 1520 1
51 71 0.765018
255 355 1
170 190 0.674459
510 710 1
1020 1140 1
340 380 1
170 190 1
204 284 0.844175
510 710 1
153 213 1
1700 1900 1
306 426 1
680 760 1
1530 1710 1
102 142 1
1020 1140 1
340 380 1
1700 1900 1
850 950 0.6093
1530 1710 0.973108
170 190 1
357 497 0.825083
850 950 0.986965
255 355 1
340 380 0.83462
170 190 1
1360 1520 1
153 213 1
680 760 0.907957
51 71 1
510 710 1
153 213 0.871268
510 570 1
680 760 0.829114
153 213 0.808609
255 355 0.945416
51 71 1
357 497 1
255 355 0.82477
255 355 0.823235
204 284 1
459 639 1
1360 1520 1
1360 1520 1
255 355 0.92527
306 426 1
340 380 0.925457
1360 1520 0.826689
459 639 0.943073
102 142 1
102 142 0.724076
340 380 0.872974
1360 1520 1
153 213 1
680 760 1
1020 1140 1
357 497 1
1530 1710 0.884162
170 190 0.738684
850 950 1
51 71 0.827634
680 760 1
408 568 1
1020 1140 1
1020 1140 0.925749
255 355 1
1360 1520 0.815275
51 71 0.966688
255 355 0.859371
850 950 0.930134
1700 1900 1
306 426 0.895274
408 568 0.653927
1700 1900 0.839665
1700 1900 0.522923
510 570 1
340 380 1
459 639 1
459 639 1
357 497 0.702924
1190 1330 0.913235
1190 1330 0.799425
1190 1330 0.668221
102 142 1
1360 1520 1
170 190 1
408 568 1
153 213 0.867985
1020 1140 1
1020 1140 0.941848
459 639 1
510 570 1
408 568 0.960309
510 710 0.863317
255 355 0.819829
1530 1710 0.890642
850 950 1
510 710 0.812678
255 355 0.871923
306 426 1
408 568 1
102 142 1
510 570 0.81664
340 380 1
306 426 0.978154
1020 1140 1
340 380 0.871179
153 213 0.94493
1020 1140 1
170 190 1
102 142 1
51 71 1
510 710 0.772795
204 284 1
510 570 1
1020 1140 1
459 639 1
51 71 1
1020 1140 0.965866
51 71 1
408 568 0.895035
51 71 1
153 213 0.742367
255 355 0.635513
1190 1330 0.811281
1360 1520 1
459 639 0.892131
1700 1900 1
459 639 0.975213
306 426 0.93792
255 355 1
51 71 0.789633
102 142 1
340 380 1
1700 1900 1
255 355 0.898376
306 426 0.887732
102 142 0.886006
170 190 0.792052
408 568 0.732024
1360 1520 0.885115
459 639 0.960076
204 284 0.783089
408 568 1
153 213 0.779378
102 142 1
102 142 0.563124
1020 1140 0.945774
1700 1900 0.551479
1530 1710 0.681223
510 710 0.919345
680 760 0.85402
51 71 1
680 760 1
1020 1140 1
357 497 1
357 497 0.880072
204 284 1
1190 1330 1
102 142 0.741936
459 639 1
255 355 0.890109
1020 1140 0.728935
510 710 1
170 190 0.903179
1700 1900 1
306 426 1
306 426 1
459 639 1
510 570 0.693495
850 950 0.904025
850 950 0.819718
306 426 0.849226
459 639 1
459 639 0.973208
204 284 0.877807
408 568 1
102 142 1
1530 1710 1
510 710 0.806106
255 355 0.852275
153 213 0.848036
1360 1520 0.913388
850 950 1
170 190 1
850 950 0.993484
510 570 0.82278
1020 1140 1
51 71 0.920601
51 71 1
1190 1330 1
1700 1900 0.963645
1020 1140 0.973113
153 213 0.918328
680 760 0.910789
459 639 1
510 710 0.635101
850 950 1
340 380 1
255 355 1
306 426 0.89151
680 760 0.813473
357 497 0.794091
1700 1900 1
255 355 0.813626
340 380 1
357 497 0.763225
1700 1900 0.891362
1530 1710 1
102 142 0.949955
102 142 1
1530 1710 1
102 142 1
255 355 1
1700 1900 0.587017
459 639 1
1360 1520 1
459 639 0.910321
850 950 0.808678
1360 1520 0.977711
1190 1330 0.909892
850 950 0.898851
357 497 1
1190 1330 1
1190 1330 1
1360 1520 1
204 284 1
170 190 0.851349
680 760 0.725405
1530 1710 1
510 710 0.480154
170 190 0.940708
357 497 1
102 142 0.903523
306 426 1
170 190 0.800056
306 426 0.796092
1020 1140 1
255 355 1
680 760 1
1700 1900 1
153 213 1
510 710 0.898114
170 190 0.906509
459 639 1
1020 1140 1
850 950 0.820745
340 380 1
170 190 1
510 710 1
1360 1520 0.810961
255 355 0.862562
357 497 1
1360 1520 0.919171
1700 1900 1
1700 1900 0.724629
204 284 0.911476
102 142 0.762654
357 497 0.893474
340 380 0.909535
680 760 0.858371
850 950 1
306 426 1
153 213 0.882809
680 760 1
408 568 1
153 213 0.92969
1020 1140 1
510 570 0.902232
850 950 0.8877
1700 1900 1
1190 1330 0.673311
340 380 1
1360 1520 0.834679
102 142 0.985163
204 284 0.659453
1020 1140 0.956512
1020 1140 0.714676
1360 1520 0.988406
255 355 1
1530 1710 0.875545
255 355 1
1190 1330 1
408 568 0.890964
204 284 0.956104
680 760 1
408 568 0.853431
153 213 0.632787
153 213 1
1700 1900 0.894518
1700 1900 1
1360 1520 0.892206
510 570 1
459 639 1
408 568 1
357 497 0.96147
204 284 1
153 213 0.684523
510 570 0.831076
357 497 0.77931
1700 1900 1
1360 1520 0.803358
204 284 1
459 639 1
510 710 1
102 142 0.86646
357 497 1
680 760 1
850 950 0.88738
255 355 1
153 213 1
1530 1710 1
1700 1900 1
510 570 0.771945
340 380 0.913753
1360 1520 1
459 639 0.87149
408 568 0.778791
102 142 1
1020 1140 1
850 950 1
1360 1520 1
510 570 0.858258
680 760 0.956437
357 497 0.947485
1360 1520 1
510 710 1
1700 1900 0.77164
357 497 0.905302
170 190 0.956946
153 213 1
255 355 1
1360 1520 1
850 950 0.736734
510 570 1
1530 1710 1
408 568 1
1020 1140 0.948523
1360 1520 1
306 426 0.928269
255 355 1
306 426 0.81858
340 380 1
1530 1710 1
408 568 0.693765
1700 1900 0.635549
340 380 1
102 142 0.577635
306 426 1
204 284 0.770576
1020 1140 1
680 760 1
459 639 1
510 570 1
510 570 0.818185
204 284 1
408 568 1
408 568 0.91146
340 380 1
1530 1710 0.942294
408 568 0.772556
340 380 1
1700 1900 1
1360 1520 0.871224
306 426 1
51 71 0.934527
459 639 1
1360 1520 0.824238
1190 1330 0.919652
408 568 1
306 426 1
340 380 0.760353
255 355 1
510 570 1
340 380 1
1020 1140 0.802262
408 568 1
459 639 1
153 213 1
850 950 1
1360 1520 0.61449
1190 1330 0.958994
680 760 0.8318
459 639 0.802049
850 950 0.934695
1020 1140 0.915207
1360 1520 1
306 426 0.716315
680 760 0.771479
1700 1900 0.774318
340 380 0.911912
510 570 0.980912
1020 1140 0.836685
340 380 1
170 190 1
510 710 1
102 142 0.847985
170 190 1
1190 1330 0.962641
340 380 1
1190 1330 1
459 639 1
340 380 0.820148
204 284 1
255 355 1
1190 1330 1
680 760 0.778361
510 710 1
1190 1330 0.749151
1190 1330 0.905062
306 426 1
1700 1900 1
408 568 0.968237
102 142 1
510 570 0.961676
1530 1710 1
51 71 1
510 570 0.906664
170 190 0.677341
1190 1330 0.826148
1360 1520 0.88859
459 639 0.847453
102 142 1
1700 1900 0.866308
408 568 0.887346
510 710 0.919006
153 213 0.963706
1700 1900 0.89111
357 497 1
459 639 1
170 190 0.624605
306 426 1
204 284 0.682469
408 568 1
510 710 1
1190 1330 1
459 639 0.845452
510 710 1
1360 1520 0.919503
510 570 0.937722
850 950 0.91284
1530 1710 0.640595
1530 1710 1
306 426 0.870335
1360 1520 1
1700 1900 0.677769
1530 1710 0.896937
306 426 1
357 497 1
255 355 1
1020 1140 0.927003
1530 1710 0.918877
1530 1710 1
459 639 0.751027
340 380 0.887565
51 71 1
51 71 1
510 710 0.90837
850 950 1
170 190 0.850809
680 760 1
850 950 1
340 380 1
1530 1710 0.854875
850 950 1
1360 1520 0.879721
1700 1900 1
153 213 1
510 710 0.647742
102 142 0.844962
255 355 1
1020 1140 0.867354
306 426 1
408 568 0.961301
340 380 1
340 380 1
170 190 0.893666
408 568 0.901604
357 497 0.922669
153 213 1
408 568 0.788225
1360 1520 1
1360 1520 0.685329
102 142 1
680 760 0.990457
204 284 0.808117
170 190 0.94493
153 213 0.928986
408 568 1
1190 1330 1
1700 1900 0.858955
850 950 1
1190 1330 0.866921
680 760 0.908291
1020 1140 0.977322
1360 1520 0.787054
408 568 1
680 760 0.922855
459 639 1
1700 1900 1
850 950 0.87327
510 570 1
1700 1900 0.817785
1700 1900 1
1190 1330 1
510 570 1
510 710 1
408 568 0.920109
170 190 0.795106
680 760 0.757726
153 213 0.766332
510 570 0.911774
510 570 0.932425
204 284 1
510 710 1
510 710 1
1360 1520 0.70712
459 639 0.984096
204 284 1
680 760 1
306 426 1
510 710 1
357 497 0.926295
170 190 1
1360 1520 0.802141
1020 1140 1
1360 1520 1
170 190 1
204 284 0.909931
306 426 1
51 71 1
459 639 1
51 71 1
1700 1900 0.885462
170 190 1
408 568 1
1700 1900 1
850 950 1
170 190 1
1700 1900 0.902075
306 426 1
357 497 1
102 142 0.884561
459 639 0.954276
1700 1900 0.864274
408 568 0.696012
459 639 0.976214
680 760 0.775977
306 426 1
357 497 1
1190 1330 1
51 71 1
510 710 1
204 284 1
1190 1330 0.89692
408 568 1
510 710 0.918497
1530 1710 1
204 284 0.640838
255 355 1
1360 1520 0.905829
510 570 1
340 380 0.803606
1020 1140 0.618369
204 284 0.78728
510 570 1
170 190 0.816842
1360 1520 0.920626
51 71 0.959906
102 142 0.736869
459 639 1
204 284 0.917305
102 142 1
255 355 0.832436
340 380 1
255 355 1
510 570 0.889789
153 213 1
680 760 0.897401
1360 1520 1
170 190 0.771756
1360 1520 0.859425
1190 1330 0.828233
170 190 1
170 190 0.82304
680 760 1
1020 1140 1
1530 1710 1
204 284 1
850 950 1
306 426 1
850 950 0.859838
1360 1520 1
1530 1710 1
170 190 1
153 213 0.903282
102 142 1
1190 1330 1
204 284 0.58702
459 639 0.726592
357 497 1
153 213 1
170 190 1
510 710 1
170 190 1
102 142 0.86745
1530 1710 1
204 284 0.861323
255 355 1
255 355 0.923258
1020 1140 0.74383
510 710 0.767941
680 760 0.729559
255 355 1
1360 1520 1
102 142 0.968536
850 950 1
357 497 0.654522
51 71 1
306 426 1
204 284 0.906013
102 142 1
102 142 0.840446
1190 1330 1
1360 1520 1
340 380 1
510 710 1
510 570 1
510 710 0.918025
1020 1140 1
51 71 1
204 284 1
1190 1330 0.875391
153 213 0.951614
306 426 0.819815
153 213 0.882939
459 639 1
1190 1330 0.856308
510 570 1
850 950 0.890638
459 639 0.935557
51 71 1
306 426 1
357 497 0.929994
850 950 0.875661
1530 1710 0.902225
204 284 0.763942
51 71 1
170 190 1
255 355 1
153 213 0.723416
1190 1330 1
1020 1140 0.746853
408 568 0.934539
1360 1520 0.979937
408 568 0.699455
1020 1140 0.967618
1700 1900 0.695551
680 760 0.795542
306 426 1
459 639 1
102 142 1
102 142 1
510 570 0.845584
1190 1330 1
1020 1140 1
1020 1140 1
255 355 1
1190 1330 1
102 142 1
510 710 0.629231
204 284 1
51 71 1
340 380 1
1190 1330 0.826291
510 570 1
170 190 1
510 710 1
1530 1710 0.799251
153 213 1
340 380 1
170 190 0.70069
51 71 0.614284
408 568 0.862461
170 190 1
1360 1520 1
1360 1520 0.875119
1190 1330 1
1190 1330 0.764456
510 570 0.925214
102 142 1
1700 1900 0.838934
1190 1330 1
1020 1140 1
680 760 1
357 497 1
1190 1330 1
1530 1710 0.896011
51 71 1
204 284 0.946842
510 710 1
1360 1520 0.874456
1360 1520 1
204 284 0.674539
170 190 0.81409
51 71 1
102 142 1
510 710 0.969836
255 355 0.95961
850 950 0.652571
408 568 1
340 380 0.875773
1530 1710 0.934683
680 760 0.801039
510 570 0.820836
1360 1520 1
1360 1520 0.80756
408 568 1
680 760 0.841421
408 568 0.882581
340 380 0.837905
306 426 1
1530 1710 0.823228
153 213 0.936245
510 570 1
102 142 0.906861
255 355 0.768702
850 950 1
408 568 0.845748
1360 1520 0.797165
306 426 0.896718
850 950 0.875746
680 760 1
306 426 1
170 190 0.937853
204 284 0.679156
357 497 0.716818
1530 1710 0.794926
1530 1710 0.596194
510 570 1
1530 1710 0.652688
340 380 0.755138
153 213 0.757753
51 71 1
170 190 1
1700 1900 0.937855
1700 1900 0.763071
1530 1710 0.838783
153 213 1
204 284 0.787968
408 568 0.689082
1020 1140 0.917807
170 190 1
1530 1710 0.763247
357 497 0.955473
204 284 1
255 355 1
680 760 0.83265
459 639 1
1360 1520 1
510 710 0.791932
51 71 0.932974
170 190 1
408 568 1
170 190 1
510 710 1
850 950 0.872115
680 760 0.810113
340 380 1
1190 1330 1
510 710 0.890809
340 380 0.867668
153 213 1
340 380 1
850 950 0.81381
850 950 1
510 570 1
102 142 1
680 760 0.870096
510 570 1
1190 1330 0.899347
1360 1520 1
1020 1140 1
1360 1520 0.925471
204 284 1
459 639 1
340 380 0.911607
1700 1900 1
510 710 1
204 284 0.548406
1700 1900 1
1020 1140 1
170 190 0.569589
357 497 1
1360 1520 1
1360 1520 0.879607
510 570 1
1360 1520 0.876925
340 380 0.86569
153 213 0.942607
357 497 1
1530 1710 0.880155
680 760 0.717715
459 639 1
1360 1520 1
1190 1330 1
1360 1520 0.609729
306 426 1
102 142 1
510 710 1
1360 1520 1
1190 1330 1
510 570 1
680 760 1
1360 1520 1
204 284 0.833641
850 950 0.830281
850 950 0.736759
170 190 1
204 284 1
459 639 1
204 284 1
204 284 1
459 639 0.95662
1700 1900 1
1530 1710 0.859293
408 568 0.975112
1530 1710 0.908536
306 426 1
510 570 1
153 213 0.797989
306 426 1
204 284 1
1360 1520 0.936189
1530 1710 0.958255
850 950 0.854471
1190 1330 0.821038
850 950 0.921538
510 710 0.643671
153 213 0.945097
850 950 1
459 639 1
51 71 1
153 213 0.952981
153 213 1
459 639 1
680 760 0.781327
51 71 1
51 71 1
1530 1710 0.828408
170 190 1
102 142 0.786895
1020 1140 0.66345
408 568 0.895655
153 213 1
306 426 0.808825
510 710 0.813803
51 71 0.826436
153 213 0.74926
510 570 1
510 710 0.92694
1530 1710 0.911826
850 950 0.710462
1530 1710 1
1190 1330 0.644401
850 950 1
850 950 1
408 568 0.665079
51 71 0.989557
1530 1710 1
204 284 1
510 570 0.949318
153 213 1
1190 1330 0.911106
204 284 0.93737
850 950 1
510 710 0.848421
510 570 1
255 355 1
510 710 0.802304
1190 1330 1
340 380 1
1530 1710 0.761951
170 190 1
255 355 0.893412
408 568 1
255 355 0.914575
510 570 0.880601
255 355 1
153 213 1
204 284 0.66954
170 190 0.786631
306 426 1
340 380 0.844386
680 760 0.918491
51 71 0.882488
1190 1330 1
357 497 1
340 380 1
1360 1520 1
510 710 1
51 71 0.520131
1360 1520 0.833743
1190 1330 1
680 760 0.938728
1020 1140 1
204 284 1
153 213 1
102 142 0.962421
340 380 1
459 639 0.920554
1190 1330 0.943229
153 213 1
510 570 0.878045
204 284 0.942974
510 710 1
850 950 1
459 639 1
1360 1520 0.739073
408 568 1
459 639 1
1530 1710 0.920435
153 213 0.898478
357 497 1
1700 1900 0.945577
1700 1900 1
850 950 0.816263
510 570 1
102 142 1
170 190 1
1530 1710 1
459 639 0.984622
340 380 1
1190 1330 0.96059
51 71 0.952228
850 950 1
255 355 1
357 497 0.867042
170 190 1
510 710 1
1530 1710 1
306 426 0.859671
153 213 1
459 639 1
1530 1710 1
255 355 0.897334
340 380 0.554013
459 639 0.887051
1530 1710 1
850 950 1
102 142 1
459 639 0.927112
1190 1330 1
102 142 1
408 568 0.94246
51 71 1
1530 1710 0.942986
850 950 0.59246
1530 1710 1
510 570 1
306 426 0.880251
153 213 0.770402
1360 1520 1
204 284 1
408 568 1
459 639 1
255 355 1
340 380 1
1020 1140 0.737877
1020 1140 1
340 380 1
1190 1330 0.791279
51 71 1
51 71 1
1530 1710 1
459 639 1
680 760 1
850 950 0.87404
357 497 0.757387
1020 1140 0.817554
1190 1330 1
510 710 1
680 760 0.899501
255 355 0.81191
1020 1140 0.832156
850 950 1
306 426 1
1190 1330 0.933162
680 760 1
1190 1330 1
204 284 1
408 568 1
408 568 1
340 380 0.942244
255 355 0.94121
1360 1520 1
102 142 0.837403
51 71 0.885167
1360 1520 1
51 71 1
1530 1710 0.933078
850 950 0.875867
255 355 0.736943
170 190 1
204 284 0.948113
255 355 1
1700 1900 0.775298
408 568 1
510 570 0.951806
102 142 0.91642
510 710 1
1530 1710 0.909208
340 380 1
1190 1330 1
680 760 0.643789
510 570 1
102 142 0.839282
680 760 0.952345
357 497 0.730699
357 497 0.605858
357 497 1
680 760 0.799214
1530 1710 0.745966
510 570 1
1530 1710 0.932455
850 950 0.849409
255 355 1
408 568 1
51 71 1
1530 1710 1
340 380 1
340 380 1
459 639 0.713114
153 213 1
170 190 1
102 142 1
1020 1140 0.703177
1530 1710 1
1700 1900 0.846354
1360 1520 0.743098
204 284 0.766731
850 950 0.855151
1020 1140 0.918692
408 568 0.815577
204 284 1
51 71 0.903146
510 570 1
1360 1520 0.970275
459 639 1
510 570 1
459 639 1
1700 1900 0.903357
153 213 1
255 355 1
680 760 0.77271
510 570 1
850 950 0.899364
170 190 0.773686
153 213 1
306 426 1
408 568 1
340 380 0.824589
340 380 1
340 380 1
510 570 0.766275
510 570 1
459 639 0.730648
510 570 1
340 380 0.771253
170 190 1
1700 1900 0.920393
510 570 1
357 497 0.729646
340 380 0.921596
510 710 0.898832
510 710 0.851534
1020 1140 1
1360 1520 0.819513
357 497 0.928834
408 568 0.881145
255 355 0.619895
680 760 0.882855
170 190 0.90973
170 190 1
357 497 1
102 142 1
170 190 0.665136
510 570 0.844341
408 568 0.569672
51 71 1
102 142 1
680 760 1
1190 1330 0.837119
1360 1520 0.863757
1700 1900 1
306 426 0.786323
357 497 1
357 497 0.833283
340 380 0.722469
459 639 0.802604
1530 1710 0.899894
51 71 0.891164
510 570 0.839916
1530 1710 0.869518
1360 1520 1
340 380 1
102 142 1
1020 1140 1
459 639 1
850 950 1
1190 1330 0.656615
1700 1900 0.905116
51 71 1
306 426 1
680 760 0.652197
51 71 0.695106
1530 1710 0.801003
1530 1710 0.972317
306 426 0.930049
170 190 0.819638
153 213 0.831702
510 710 0.622846
357 497 1
204 284 1
357 497 0.746251
1700 1900 0.961031
153 213 0.828873
102 142 1
1530 1710 1
850 950 0.882104
204 284 1
408 568 0.712943
1360 1520 1
102 142 0.788747
357 497 0.914384
1530 1710 1
1700 1900 1
1700 1900 0.747445
357 497 1
1020 1140 1
459 639 0.945287
1360 1520 0.841914
51 71 1
850 950 1
204 284 1
102 142 1
51 71 0.858982
51 71 0.897848
255 355 1
255 355 1
51 71 0.882277
1190 1330 0.957626
850 950 0.548335
1530 1710 1
850 950 1
1190 1330 0.887648
102 142 0.71574
51 71 0.51708
1360 1520 1
255 355 1
680 760 0.93107
408 568 0.876674
340 380 1
680 760 0.917938
850 950 1
51 71 1
340 380 1
255 355 1
1020 1140 0.923729
459 639 0.939496
153 213 1
1190 1330 0.786083
204 284 0.851431
1530 1710 0.829939
102 142 1
1530 1710 0.953821
680 760 0.756967
340 380 1
1190 1330 0.759722
1360 1520 0.730843
1360 1520 1
1700 1900 1
306 426 1
204 284 1
510 710 1
306 426 1
1190 1330 0.957052
204 284 0.803147
510 570 1
102 142 1
153 213 0.864787
1700 1900 0.89738
510 710 1
1700 1900 1
153 213 0.787128
1700 1900 1
680 760 0.725947
1020 1140 1
102 142 0.798586
1190 1330 0.797594
408 568 0.92224
340 380 0.818756
1700 1900 1
102 142 0.948753
51 71 0.799908
850 950 1
51 71 1
850 950 1
510 570 0.921223
510 710 0.921287
680 760 1
510 570 0.786161
51 71 0.820607
306 426 1
1190 1330 0.509927
1190 1330 0.790103
408 568 0.939839
357 497 1
1360 1520 0.943744
1360 1520 0.872198
1530 1710 1
1190 1330 1
459 639 1
459 639 1
153 213 1
102 142 1
1360 1520 1
1700 1900 0.910171
357 497 0.9309
680 760 0.833311
170 190 1
408 568 1
1700 1900 0.768034
153 213 1
510 570 1
408 568 0.788392
1530 1710 0.804426
408 568 0.885764
680 760 0.909501
204 284 0.975427
153 213 0.966186
459 639 1
204 284 0.845108
51 71 0.763541
1360 1520 0.600614
1530 1710 0.937469
510 710 0.945437
51 71 0.930502
680 760 0.851716
408 568 0.816001
510 570 0.990166
357 497 0.744011
408 568 1
102 142 1
850 950 1
51 71 0.711638
1700 1900 0.725777
1190 1330 1
510 570 1
1700 1900 1
1530 1710 0.820998
357 497 1
153 213 1
459 639 0.820868
153 213 1
1530 1710 1
510 710 1
255 355 0.948054
204 284 1
306 426 1
51 71 1
1190 1330 0.798494
153 213 0.725912
1190 1330 1
680 760 0.885649
1020 1140 1
1190 1330 1
357 497 1
255 355 1
850 950 1
1360 1520 1
102 142 0.783707
1020 1140 1
51 71 0.877174
510 710 0.894331
459 639 0.782109
170 190 0.753242
1530 1710 1
408 568 0.470899
153 213 0.858344
