5000 2343980
1400 1512 0.843246
124 108 1
1600 1728 1
1116 972 0.921189
496 432 1
200 216 1
992 864 1
620 540 1
2000 2160 0.741981
248 216 0.830426
600 648 0.809917
372 324 0.715107
868 756 0.825527
620 540 1
600 648 0.832253
1800 1944 0.75693
1116 972 1
1116 972 0.963913
1240 1080 1
868 756 0.79688
200 216 1
1116 972 0.82203
248 216 0.63291
1600 1728 0.970055
1600 1728 0.943197
744 648 0.690092
1116 972 0.941578
1000 1080 0.632636
800 864 0.716245
200 216 1
800 864 0.890892
868 756 0.790017
496 432 1
400 432 1
800 864 1
620 540 1
800 864 1
124 108 0.921957
1600 1728 0.915282
496 432 0.737306
600 648 1
1800 1944 1
2000 2160 0.777068
744 648 0.676799
248 216 1
600 648 0.841297
992 864 0.790013
496 432 0.890326
800 864 1
496 432 0.901702
1200 1296 1
496 432 1
496 432 1
248 216 0.923186
620 540 1
200 216 0.869268
620 540 1
1116 972 1
1600 1728 1
744 648 0.937632
1116 972 0.83017
1116 972 0.916581
400 432 0.872709
744 648 1
248 216 0.889492
400 432 0.845034
868 756 1
1116 972 1
1240 1080 0.819797
248 216 1
1200 1296 0.797425
1600 1728 0.863123
200 216 0.879153
744 648 0.992114
600 648 1
400 432 0.785115
1600 1728 0.893609
496 432 1
744 648 1
400 432 1
600 648 1
496 432 0.957445
992 864 0.605471
620 540 1
200 216 1
1800 1944 0.75996
1200 1296 0.938724
1400 1512 0.917818
1116 972 1
400 432 0.873824
620 540 1
124 108 0.723872
1400 1512 1
744 648 0.946951
1800 1944 1
1400 1512 1
2000 2160 0.791146
1600 1728 1
400 432 0.776326
1200 1296 1
1116 972 0.746151
200 216 1
372 324 0.817446
1200 1296 0.937745
1400 1512 1
400 432 1
124 108 0.847476
1000 1080 0.674555
496 432 1
2000 2160 1
868 756 0.887673
2000 2160 0.899197
496 432 0.916878
744 648 0.633618
1000 1080 0.837996
744 648 1
400 432 0.821032
1116 972 0.767186
400 432 1
744 648 0.914055
992 864 1
800 864 0.897964
372 324 1
496 432 0.89207
1400 1512 0.729308
600 648 0.965265
372 324 1
372 324 0.913634
1116 972 1
600 648 0.862669
1000 1080 1
496 432 0.527196
1800 1944 1
248 216 1
1400 1512 1
1600 1728 1
744 648 1
248 216 1
744 648 1
200 216 1
1200 1296 1
868 756 0.89082
744 648 0.80839
1800 1944 1
620 540 0.725142
1116 972 0.775445
800 864 0.742697
200 216 1
744 648 0.940553
1240 1080 0.659046
1000 1080 0.900544
800 864 0.755363
372 324 1
248 216 1
200 216 1
600 648 1
1600 1728 1
248 216 1
1200 1296 1
2000 2160 1
1400 1512 1
1116 972 1
868 756 1
200 216 0.79512
1240 1080 1
992 864 0.786718
600 648 1
1000 1080 1
800 864 1
1116 972 0.775512
200 216 0.90542
1200 1296 0.981048
400 432 0.660497
1240 1080 1
1400 1512 1
1000 1080 1
372 324 1
800 864 1
992 864 0.769367
400 432 1
1800 1944 1
992 864 1
1600 1728 1
600 648 0.963382
496 432 1
1240 1080 1
800 864 1
400 432 0.964257
400 432 0.946743
1240 1080 1
1600 1728 0.93518
1240 1080 0.773129
496 432 0.845254
620 540 1
1600 1728 1
1600 1728 0.928357
1240 1080 1
1800 1944 0.825986
744 648 1
800 864 1
1800 1944 0.898749
744 648 0.69957
1200 1296 1
1200 1296 0.849219
2000 2160 0.631751
868 756 0.828802
620 540 1
124 108 1
124 108 1
800 864 0.896364
744 648 1
2000 2160 0.921851
1800 1944 0.96347
600 648 0.832694
1800 1944 0.830952
400 432 0.569503
200 216 0.824572
200 216 0.932166
372 324 1
744 648 1
124 108 1
1800 1944 1
200 216 0.733822
2000 2160 0.713264
620 540 0.956325
400 432 0.905504
868 756 1
620 540 1
1200 1296 0.899074
1000 1080 1
800 864 1
496 432 0.984486
496 432 1
124 108 1
992 864 1
400 432 1
400 432 1
744 648 0.919409
992 864 1
992 864 0.738923
1240 1080 1
1400 1512 1
1200 1296 1
1800 1944 1
1200 1296 0.82998
620 540 1
620 540 1
868 756 0.930004
1400 1512 1
400 432 0.852591
124 108 1
248 216 0.933978
800 864 0.906611
1400 1512 1
200 216 0.690225
496 432 1
744 648 0.705761
1116 972 0.894884
600 648 1
496 432 1
248 216 0.784977
868 756 0.78104
496 432 0.877554
620 540 1
1800 1944 1
124 108 1
1240 1080 0.909737
2000 2160 0.690058
248 216 0.947879
372 324 1
992 864 1
1116 972 0.902286
1400 1512 0.588147
496 432 0.932704
400 432 1
372 324 0.936126
1240 1080 1
124 108 1
1600 1728 1
1600 1728 0.777039
124 108 1
1800 1944 0.837621
620 540 1
1400 1512 0.841842
744 648 0.772284
2000 2160 1
248 216 0.875153
744 648 0.949541
1400 1512 1
1116 972 1
1116 972 1
744 648 0.615213
496 432 0.939837
200 216 0.90198
2000 2160 0.689468
868 756 0.887883
400 432 1
400 432 1
1800 1944 0.755252
400 432 1
1000 1080 0.723942
600 648 1
200 216 0.936116
1116 972 0.856308
248 216 1
744 648 1
1400 1512 0.935617
868 756 0.881513
620 540 1
1116 972 0.687324
124 108 1
400 432 0.922123
1800 1944 0.934942
868 756 0.895738
124 108 1
1600 1728 0.669505
372 324 1
1200 1296 1
1000 1080 1
2000 2160 1
868 756 0.907106
248 216 1
1240 1080 1
620 540 0.649001
2000 2160 1
1200 1296 0.829412
1600 1728 0.800435
2000 2160 1
744 648 0.641925
744 648 0.919834
496 432 0.902327
1800 1944 1
496 432 1
496 432 1
1600 1728 0.836569
1600 1728 0.915002
600 648 1
992 864 0.754599
248 216 1
600 648 1
744 648 1
2000 2160 1
124 108 1
2000 2160 0.942227
372 324 1
992 864 0.886826
248 216 1
372 324 1
496 432 0.825654
1240 1080 1
400 432 0.926027
800 864 1
1116 972 0.828014
124 108 1
200 216 0.913552
200 216 0.860456
1116 972 1
868 756 1
1600 1728 1
124 108 1
992 864 0.734047
620 540 1
800 864 0.979979
1400 1512 1
992 864 1
600 648 1
1800 1944 0.941168
744 648 0.720492
1200 1296 1
1800 1944 0.890734
1116 972 1
800 864 0.762872
1200 1296 0.764873
600 648 1
496 432 0.890137
992 864 1
600 648 0.531898
1200 1296 1
992 864 0.897685
992 864 0.863583
496 432 0.897336
248 216 0.871114
400 432 0.932469
1600 1728 0.982624
868 756 1
372 324 1
1800 1944 1
200 216 0.96502
992 864 0.830689
124 108 1
2000 2160 1
496 432 1
800 864 1
200 216 1
744 648 1
1600 1728 0.949362
124 108 1
1116 972 1
1116 972 0.900887
496 432 1
600 648 1
600 648 1
372 324 0.631691
744 648 1
800 864 0.75618
600 648 1
400 432 1
124 108 1
992 864 0.814256
1600 1728 1
248 216 0.961909
1000 1080 1
1000 1080 0.981223
2000 2160 0.89448
1400 1512 0.957639
992 864 0.819569
1400 1512 0.846356
1400 1512 1
1116 972 0.820131
868 756 0.778114
1200 1296 1
372 324 1
800 864 0.717476
868 756 0.874361
1200 1296 1
1800 1944 0.769466
620 540 0.728055
1000 1080 0.736737
124 108 0.895175
1240 1080 0.87305
1116 972 0.933547
1116 972 1
868 756 0.708757
620 540 1
1200 1296 0.770168
1116 972 1
248 216 1
1800 1944 0.781016
1116 972 0.81939
1240 1080 1
620 540 0.927534
124 108 1
400 432 0.849918
400 432 0.968345
992 864 0.810398
1240 1080 1
496 432 1
800 864 0.767202
744 648 1
1240 1080 0.668264
744 648 1
868 756 1
124 108 0.950308
1400 1512 0.849382
1600 1728 1
600 648 0.894719
800 864 0.908021
1400 1512 0.955971
400 432 0.93159
600 648 1
1400 1512 1
1200 1296 1
1800 1944 0.723012
1200 1296 0.865889
744 648 1
800 864 1
800 864 0.827124
1000 1080 1
1600 1728 1
200 216 1
124 108 1
744 648 0.93486
2000 2160 1
1116 972 0.966247
1116 972 1
372 324 1
1800 1944 1
600 648 0.874554
1000 1080 1
1240 1080 1
1400 1512 0.953706
1116 972 0.911337
620 540 1
1400 1512 0.892203
124 108 1
248 216 0.927069
2000 2160 0.891159
868 756 0.857148
620 540 0.570055
992 864 0.709991
800 864 1
200 216 1
620 540 1
800 864 0.922194
1240 1080 0.917174
744 648 1
1600 1728 0.451374
1800 1944 1
2000 2160 1
800 864 1
1240 1080 0.832552
496 432 0.954591
800 864 0.920898
400 432 0.854916
600 648 0.859307
744 648 1
800 864 0.869687
1600 1728 1
800 864 1
1400 1512 0.74549
1600 1728 1
248 216 0.850782
744 648 1
1600 1728 1
868 756 0.946519
496 432 1
868 756 0.856378
992 864 1
2000 2160 1
1240 1080 0.885575
496 432 0.917868
1000 1080 1
744 648 0.923447
1116 972 1
800 864 1
1200 1296 0.767195
200 216 1
1116 972 0.754771
1200 1296 0.876759
620 540 0.933893
1116 972 0.77067
620 540 0.668597
1400 1512 0.980009
2000 2160 0.639504
496 432 0.827379
800 864 0.765948
200 216 1
1200 1296 1
1600 1728 1
992 864 0.85133
1800 1944 0.82781
600 648 0.806744
1400 1512 0.898591
1240 1080 0.87455
1400 1512 0.632323
1600 1728 1
1200 1296 0.876001
600 648 1
248 216 1
620 540 0.899181
1240 1080 1
124 108 1
372 324 0.920657
1240 1080 0.856588
744 648 1
248 216 0.749801
600 648 1
744 648 0.864822
1200 1296 1
1240 1080 0.795256
600 648 0.839755
496 432 0.860726
496 432 1
620 540 1
1240 1080 1
124 108 0.985947
868 756 1
2000 2160 0.764303
400 432 0.837146
1800 1944 1
1400 1512 1
620 540 1
1200 1296 1
1200 1296 1
1200 1296 1
1000 1080 0.656265
124 108 0.547161
400 432 0.895727
1116 972 1
1800 1944 0.877721
1000 1080 0.890007
620 540 1
496 432 0.849335
400 432 0.7854
1800 1944 1
400 432 0.813542
200 216 1
1116 972 1
800 864 0.765727
744 648 0.992433
1800 1944 0.897121
600 648 1
1800 1944 1
124 108 1
1400 1512 1
1240 1080 0.70863
744 648 0.691025
1200 1296 1
620 540 0.791001
1116 972 1
1200 1296 0.832184
1116 972 0.87409
1400 1512 1
2000 2160 1
372 324 0.851196
400 432 1
1116 972 1
1800 1944 1
1600 1728 0.907438
1240 1080 1
496 432 0.903166
744 648 1
992 864 1
1400 1512 1
744 648 1
124 108 0.867124
248 216 1
800 864 0.842068
200 216 1
2000 2160 0.871725
400 432 0.715938
1200 1296 1
744 648 1
620 540 0.641635
400 432 1
400 432 0.853191
1200 1296 0.738102
1240 1080 0.742536
124 108 1
1800 1944 1
600 648 0.889634
800 864 1
1116 972 1
1000 1080 1
620 540 1
1116 972 0.877407
600 648 0.83182
1400 1512 1
2000 2160 1
744 648 1
496 432 1
248 216 0.709672
1240 1080 0.915988
124 108 1
200 216 1
200 216 0.910213
2000 2160 0.858162
1116 972 0.717858
2000 2160 0.904881
1116 972 1
1000 1080 0.622315
1600 1728 1
1116 972 0.848757
744 648 0.874753
1800 1944 1
1400 1512 1
124 108 1
200 216 0.405914
496 432 0.916458
1800 1944 1
200 216 1
1116 972 0.596498
1200 1296 0.9164
992 864 1
1116 972 1
1600 1728 0.916704
400 432 1
800 864 0.62484
200 216 0.801611
496 432 1
1000 1080 1
1800 1944 0.639458
992 864 0.767641
600 648 1
868 756 1
1400 1512 1
600 648 0.924072
496 432 0.611607
992 864 0.897116
200 216 1
992 864 1
400 432 1
600 648 0.858156
1200 1296 1
1600 1728 1
200 216 1
992 864 1
1000 1080 0.701481
1240 1080 1
1200 1296 1
1600 1728 0.886107
200 216 0.861764
1600 1728 1
372 324 1
1600 1728 0.853557
1600 1728 1
2000 2160 1
2000 2160 0.72329
1240 1080 0.939306
372 324 1
1000 1080 0.528155
1000 1080 1
800 864 0.932256
124 108 1
600 648 0.932401
868 756 0.897528
400 432 0.869743
496 432 0.870285
1200 1296 0.984912
124 108 0.935153
868 756 0.908141
496 432 0.744708
2000 2160 1
2000 2160 0.722625
1600 1728 0.94486
1116 972 1
200 216 0.785808
1400 1512 1
124 108 1
868 756 0.958014
600 648 0.952917
124 108 1
744 648 0.823956
1800 1944 0.403066
2000 2160 1
124 108 0.878985
1240 1080 0.716207
2000 2160 0.82337
1240 1080 1
400 432 0.899474
600 648 1
400 432 0.655025
1000 1080 1
496 432 1
1600 1728 1
1200 1296 0.715742
1000 1080 1
620 540 1
1000 1080 1
2000 2160 0.962833
1800 1944 0.989284
620 540 0.806693
868 756 1
1000 1080 0.816521
1800 1944 1
992 864 1
1600 1728 1
868 756 1
400 432 0.703751
1240 1080 0.726038
868 756 0.906363
1000 1080 0.950312
1400 1512 0.874799
372 324 1
1600 1728 0.788007
600 648 1
620 540 0.70133
200 216 0.992539
1600 1728 0.831599
200 216 0.868373
1000 1080 1
1400 1512 0.945991
800 864 1
1240 1080 0.902057
1000 1080 0.976151
200 216 1
496 432 0.905042
620 540 1
1200 1296 0.945307
400 432 0.799851
372 324 0.973496
1200 1296 0.84751
868 756 1
1000 1080 1
124 108 1
800 864 1
868 756 0.912021
800 864 1
1000 1080 1
2000 2160 1
1000 1080 0.913703
744 648 1
868 756 1
1116 972 1
1400 1512 0.662209
992 864 1
620 540 1
248 216 1
496 432 0.932388
2000 2160 1
1400 1512 0.754552
1200 1296 1
1116 972 0.94848
868 756 0.630285
1200 1296 0.889086
1200 1296 0.957979
124 108 0.646524
992 864 0.940714
744 648 1
200 216 1
800 864 1
496 432 1
800 864 0.852394
1000 1080 1
800 864 0.832023
1800 1944 0.71907
400 432 1
1240 1080 0.942196
1240 1080 1
124 108 1
1240 1080 0.715031
2000 2160 1
1800 1944 1
620 540 0.757492
600 648 1
496 432 1
124 108 1
124 108 1
2000 2160 1
800 864 1
744 648 1
1240 1080 0.764574
1800 1944 0.703875
1800 1944 1
1240 1080 0.740796
2000 2160 0.733246
400 432 1
744 648 0.724378
600 648 0.959826
248 216 1
200 216 1
1800 1944 1
1200 1296 1
992 864 1
1000 1080 1
1000 1080 1
372 324 0.705611
1200 1296 0.887045
744 648 0.880472
800 864 0.955985
868 756 1
248 216 1
868 756 1
744 648 0.882089
1240 1080 0.598409
1600 1728 1
1600 1728 0.836333
620 540 0.655555
124 108 0.739699
1116 972 1
2000 2160 1
372 324 0.906524
1800 1944 0.816362
600 648 0.845821
1800 1944 1
124 108 0.9083
1600 1728 1
1116 972 1
744 648 1
2000 2160 1
1600 1728 0.925928
372 324 0.905704
1600 1728 1
1240 1080 1
124 108 1
2000 2160 0.736455
1116 972 1
1200 1296 1
1240 1080 1
1200 1296 0.798011
2000 2160 1
2000 2160 0.840716
124 108 0.931476
1800 1944 0.957402
1200 1296 0.925909
868 756 0.971902
400 432 1
1800 1944 1
2000 2160 1
1400 1512 0.717568
1600 1728 1
744 648 0.860494
124 108 1
400 432 0.927007
868 756 1
868 756 0.849311
620 540 0.974483
1000 1080 0.874605
2000 2160 1
1200 1296 0.636762
124 108 1
744 648 0.90782
1600 1728 1
248 216 0.657968
868 756 0.805017
992 864 1
868 756 1
1600 1728 0.892855
1000 1080 1
2000 2160 0.680772
496 432 0.819069
1800 1944 0.968391
124 108 0.66831
1800 1944 1
248 216 1
372 324 0.750767
600 648 0.707466
1600 1728 1
1000 1080 1
992 864 1
600 648 1
1800 1944 0.63091
400 432 0.853378
620 540 1
248 216 0.968725
1116 972 1
1000 1080 0.961016
400 432 0.832
1400 1512 1
1000 1080 1
2000 2160 1
1000 1080 0.897833
124 108 0.961288
2000 2160 1
2000 2160 1
496 432 1
1000 1080 0.851338
868 756 0.810087
1200 1296 1
1400 1512 0.73952
1240 1080 1
1400 1512 0.899858
1200 1296 0.85799
496 432 0.8492
620 540 1
248 216 1
800 864 0.947677
744 648 1
1240 1080 0.842276
868 756 1
1600 1728 0.736499
1800 1944 1
400 432 0.84038
372 324 0.82816
496 432 0.837667
1240 1080 0.590389
1600 1728 1
1200 1296 1
744 648 0.721338
2000 2160 0.953549
372 324 0.870706
496 432 1
1600 1728 0.997991
1400 1512 1
1116 972 0.82458
1116 972 0.957231
1800 1944 1
400 432 0.863135
496 432 1
248 216 0.850675
372 324 0.707487
744 648 1
200 216 0.945061
1400 1512 1
1600 1728 1
372 324 0.853452
400 432 0.919235
1000 1080 1
1200 1296 1
800 864 0.989259
1600 1728 0.979844
620 540 0.898563
400 432 0.890611
992 864 1
1116 972 0.75701
1400 1512 0.821839
496 432 1
1000 1080 0.730324
800 864 1
868 756 0.795894
1400 1512 0.789858
2000 2160 0.928153
200 216 0.5964
600 648 1
1400 1512 0.860131
1240 1080 1
600 648 0.979624
1800 1944 1
868 756 1
1116 972 1
248 216 0.764653
2000 2160 0.912526
1800 1944 0.864457
124 108 1
1400 1512 1
1600 1728 0.822956
1200 1296 1
1116 972 1
744 648 0.758226
600 648 1
992 864 1
1240 1080 0.559385
868 756 1
200 216 1
1240 1080 0.909259
2000 2160 1
372 324 1
600 648 0.946294
1240 1080 0.637787
868 756 1
2000 2160 0.955499
1200 1296 0.914833
2000 2160 0.903735
2000 2160 0.92072
1800 1944 1
992 864 0.713363
2000 2160 0.952183
124 108 0.627836
248 216 0.849192
1000 1080 0.806286
200 216 1
1000 1080 0.903867
1116 972 0.936532
800 864 1
992 864 0.971156
620 540 1
992 864 1
200 216 0.837942
1000 1080 1
124 108 1
372 324 1
1400 1512 0.758284
400 432 0.516502
1800 1944 1
1000 1080 0.9118
868 756 1
992 864 1
1800 1944 1
992 864 1
124 108 1
1400 1512 0.946639
1800 1944 1
1800 1944 1
248 216 1
124 108 0.789448
800 864 1
124 108 0.865473
992 864 1
200 216 1
800 864 1
1800 1944 0.820461
620 540 0.765132
800 864 1
1116 972 1
372 324 1
1800 1944 0.855184
248 216 0.866528
1800 1944 1
372 324 0.942196
1200 1296 1
744 648 0.884101
620 540 1
1800 1944 0.581595
868 756 0.940017
124 108 1
124 108 0.93868
620 540 1
1116 972 1
248 216 1
400 432 0.903963
992 864 0.849601
1116 972 0.734928
1600 1728 0.896515
868 756 1
200 216 1
2000 2160 0.606511
868 756 0.919243
1240 1080 1
1800 1944 0.714478
1200 1296 0.859169
248 216 0.9504
992 864 0.924065
372 324 1
200 216 0.723215
800 864 1
1116 972 0.847687
1200 1296 1
1000 1080 1
200 216 1
800 864 1
2000 2160 0.948032
1240 1080 1
1800 1944 1
200 216 0.809089
744 648 0.87593
1200 1296 0.816256
800 864 0.869936
1240 1080 1
2000 2160 1
600 648 1
1800 1944 1
1600 1728 0.874878
372 324 0.918086
372 324 0.889227
1116 972 0.714112
496 432 1
600 648 0.928874
400 432 0.865334
620 540 0.73402
992 864 0.818372
600 648 1
1240 1080 1
600 648 1
1240 1080 1
620 540 0.918438
744 648 0.921678
200 216 1
1000 1080 0.851402
800 864 1
1116 972 0.625843
2000 2160 0.776848
1116 972 1
1600 1728 0.838013
1800 1944 0.81093
1116 972 1
248 216 0.837539
372 324 0.810772
1000 1080 0.873268
372 324 0.808398
992 864 0.809743
1800 1944 0.882362
620 540 1
1200 1296 0.993578
400 432 0.916246
1400 1512 1
400 432 1
496 432 0.702166
868 756 1
400 432 1
1600 1728 0.901611
600 648 0.925949
868 756 1
496 432 0.78471
1116 972 0.757306
372 324 1
1200 1296 1
744 648 0.72053
1240 1080 1
248 216 0.936711
800 864 1
372 324 0.860157
400 432 0.85261
496 432 1
1800 1944 0.884584
1400 1512 1
1116 972 1
1600 1728 0.742729
1600 1728 1
620 540 0.3891
992 864 0.767326
1240 1080 1
1200 1296 0.686488
744 648 1
1200 1296 1
1600 1728 0.660368
372 324 1
2000 2160 1
1240 1080 1
400 432 0.616363
600 648 1
1400 1512 1
400 432 0.968519
620 540 0.945682
1800 1944 0.893967
400 432 0.916957
744 648 1
1400 1512 0.901857
1116 972 1
124 108 0.958821
1000 1080 0.800976
1400 1512 0.879579
1200 1296 0.950158
600 648 1
1600 1728 1
600 648 1
400 432 1
496 432 0.830432
992 864 0.929027
1116 972 0.96075
620 540 1
400 432 1
2000 2160 1
1200 1296 0.922545
1000 1080 1
1200 1296 0.826281
248 216 1
620 540 0.837225
868 756 0.937115
2000 2160 0.901434
200 216 0.86827
620 540 0.691792
600 648 1
372 324 0.950814
992 864 1
400 432 0.802133
2000 2160 0.914444
496 432 0.911841
200 216 0.927274
1116 972 0.68272
868 756 1
1000 1080 1
1000 1080 1
620 540 1
1240 1080 1
2000 2160 1
800 864 1
372 324 0.904263
124 108 1
620 540 1
2000 2160 1
1800 1944 1
1116 972 1
1116 972 1
1240 1080 0.749108
2000 2160 0.560606
1116 972 0.878438
1600 1728 0.863771
2000 2160 1
1000 1080 1
1000 1080 1
200 216 0.724469
400 432 0.773027
868 756 0.88155
744 648 0.891737
992 864 0.761171
620 540 1
1800 1944 0.931826
992 864 0.912915
1200 1296 0.903341
1116 972 0.923908
1600 1728 0.755111
744 648 1
868 756 0.945472
248 216 0.825559
868 756 0.877513
868 756 0.813095
496 432 1
620 540 0.799008
600 648 1
200 216 0.95252
124 108 1
372 324 1
992 864 0.669128
1200 1296 1
1240 1080 1
744 648 0.880172
1200 1296 0.815008
744 648 1
1000 1080 0.78187
248 216 0.981162
1116 972 0.747138
124 108 0.97919
744 648 0.840757
992 864 1
1000 1080 0.928092
2000 2160 0.890316
2000 2160 0.85558
868 756 0.744756
1600 1728 1
868 756 1
200 216 1
868 756 1
2000 2160 1
1400 1512 1
1600 1728 1
1400 1512 0.695152
868 756 1
1400 1512 1
200 216 1
1400 1512 0.875973
1000 1080 1
1800 1944 0.97318
992 864 1
600 648 1
200 216 0.903511
744 648 1
1200 1296 0.776631
1800 1944 1
400 432 0.947229
800 864 0.952208
372 324 0.595105
1600 1728 1
992 864 1
124 108 1
1000 1080 1
1400 1512 0.863782
400 432 1
1200 1296 0.685016
496 432 1
248 216 0.834203
400 432 0.841369
200 216 0.836974
1400 1512 0.97349
620 540 1
1116 972 1
372 324 0.677599
1000 1080 0.9519
1400 1512 1
992 864 0.703508
496 432 0.867335
600 648 1
2000 2160 0.924318
124 108 1
744 648 0.886689
200 216 1
1400 1512 1
496 432 1
800 864 1
372 324 0.90971
496 432 1
992 864 0.87565
400 432 1
992 864 1
124 108 0.935078
496 432 0.974895
400 432 0.942189
124 108 1
744 648 1
992 864 1
1116 972 0.760467
496 432 0.732302
1000 1080 0.705903
992 864 1
1116 972 1
200 216 0.578773
1600 1728 1
992 864 1
248 216 1
1240 1080 1
744 648 1
1600 1728 1
600 648 1
1000 1080 1
1400 1512 1
1200 1296 0.759905
248 216 1
200 216 0.828207
744 648 1
1000 1080 1
1240 1080 1
744 648 1
1600 1728 0.645646
620 540 1
200 216 0.94535
868 756 1
1000 1080 1
372 324 0.579012
1200 1296 0.571707
1240 1080 0.896583
992 864 0.98008
124 108 0.834291
2000 2160 1
800 864 0.723947
2000 2160 0.822815
1200 1296 0.866042
124 108 1
1240 1080 0.640042
1400 1512 0.728702
372 324 0.922655
124 108 1
2000 2160 1
248 216 1
1240 1080 0.538462
496 432 0.979353
868 756 0.859937
248 216 0.831013
620 540 1
744 648 0.750759
1000 1080 1
496 432 1
1800 1944 0.867852
124 108 0.766236
620 540 0.781938
1116 972 1
1400 1512 0.957883
1000 1080 1
868 756 1
992 864 0.858534
1600 1728 1
800 864 0.953367
620 540 0.913305
1240 1080 0.845098
744 648 1
744 648 1
868 756 0.910982
496 432 1
1600 1728 0.738663
600 648 1
1200 1296 1
1116 972 1
248 216 0.875878
620 540 1
200 216 0.930028
868 756 0.880697
600 648 1
868 756 0.909507
1200 1296 1
600 648 1
800 864 1
1000 1080 1
992 864 0.804078
200 216 0.631564
124 108 0.765296
744 648 1
1200 1296 0.869834
744 648 0.986461
1000 1080 0.899403
1240 1080 1
1116 972 0.796476
400 432 1
248 216 1
1000 1080 1
400 432 0.836439
1400 1512 1
372 324 0.787721
496 432 1
1800 1944 1
1116 972 1
620 540 1
496 432 0.856155
2000 2160 1
1800 1944 0.772551
400 432 0.975312
868 756 1
400 432 1
1400 1512 0.782746
1400 1512 0.761932
248 216 1
620 540 1
248 216 1
620 540 0.770038
1200 1296 0.660292
124 108 0.688371
400 432 1
496 432 1
1240 1080 1
200 216 1
248 216 0.803239
744 648 0.958739
1400 1512 1
400 432 1
992 864 0.757125
600 648 0.677396
1240 1080 0.763618
1240 1080 0.800775
372 324 0.897846
744 648 1
248 216 1
1116 972 0.7632
1400 1512 1
1240 1080 0.828874
372 324 0.731898
200 216 0.63691
124 108 0.920088
400 432 1
248 216 1
1000 1080 0.605934
1000 1080 1
400 432 1
372 324 0.87069
248 216 1
620 540 0.80633
200 216 1
992 864 0.932714
200 216 0.764871
496 432 0.851005
248 216 1
620 540 0.913239
800 864 1
1400 1512 0.832102
1800 1944 1
248 216 1
1400 1512 1
1600 1728 1
1600 1728 1
2000 2160 0.769306
496 432 1
620 540 0.669665
200 216 0.884517
620 540 1
200 216 0.831456
400 432 0.740969
868 756 0.982403
744 648 0.764489
620 540 1
1000 1080 0.847434
744 648 1
1400 1512 0.854965
620 540 1
2000 2160 1
1800 1944 1
248 216 1
496 432 1
1400 1512 0.874616
1800 1944 1
800 864 1
1116 972 1
868 756 0.864979
600 648 1
600 648 0.880853
1116 972 0.963241
248 216 0.895178
372 324 0.711137
1200 1296 1
1400 1512 1
1240 1080 0.887975
2000 2160 0.835228
1800 1944 1
248 216 0.796923
1116 972 1
2000 2160 0.78154
992 864 0.777157
600 648 0.889098
496 432 1
620 540 0.811869
1240 1080 1
1240 1080 0.871507
2000 2160 0.744928
2000 2160 0.901466
992 864 1
620 540 1
372 324 0.814765
124 108 0.690899
800 864 0.89724
800 864 1
744 648 1
1116 972 0.615207
2000 2160 0.892859
1200 1296 0.805704
1600 1728 1
2000 2160 0.761174
1600 1728 0.898578
248 216 1
496 432 1
868 756 0.941699
1200 1296 0.953919
400 432 0.81937
124 108 0.912537
372 324 0.775206
400 432 0.94772
620 540 0.943814
1200 1296 0.923322
620 540 1
200 216 0.746268
744 648 0.932321
496 432 0.954729
868 756 1
868 756 1
124 108 1
1116 972 0.779767
868 756 0.85723
248 216 1
1600 1728 1
496 432 1
400 432 0.929771
600 648 1
992 864 0.930387
1200 1296 1
1400 1512 0.84757
868 756 1
744 648 0.65546
2000 2160 0.99796
1200 1296 0.933461
800 864 0.725375
620 540 0.912565
1116 972 1
600 648 0.668401
800 864 1
1200 1296 0.743871
1000 1080 0.700045
372 324 0.824987
372 324 1
400 432 0.877165
620 540 0.487833
400 432 0.451945
248 216 1
1240 1080 1
1800 1944 1
1116 972 0.550034
1116 972 0.940389
1000 1080 0.872977
1800 1944 1
1200 1296 1
1600 1728 0.958383
800 864 0.843561
992 864 0.950591
620 540 0.838573
620 540 0.834714
1200 1296 0.939874
1600 1728 1
248 216 0.856137
2000 2160 0.801058
1600 1728 1
1240 1080 0.826068
744 648 0.982077
200 216 1
1240 1080 0.994697
248 216 0.80917
1400 1512 1
868 756 1
1200 1296 0.898215
744 648 1
200 216 1
2000 2160 1
372 324 1
1240 1080 0.88801
868 756 1
2000 2160 1
200 216 1
372 324 0.959105
372 324 0.90134
1116 972 0.816008
744 648 0.817487
1800 1944 0.87013
1116 972 0.705136
1400 1512 1
868 756 0.810062
992 864 0.954888
124 108 0.955802
496 432 0.787252
1200 1296 1
1800 1944 1
1200 1296 1
1000 1080 1
248 216 0.775873
400 432 1
400 432 1
600 648 1
1800 1944 1
744 648 1
400 432 0.821115
1240 1080 0.897466
744 648 1
1116 972 0.868037
1600 1728 0.89636
600 648 0.864621
2000 2160 1
496 432 1
1600 1728 0.892229
1800 1944 0.71785
2000 2160 1
1200 1296 1
992 864 1
1800 1944 0.633174
1116 972 0.790498
1400 1512 1
2000 2160 1
496 432 0.83098
1600 1728 0.943206
2000 2160 1
248 216 1
800 864 0.874738
400 432 0.876796
372 324 1
1800 1944 0.789308
744 648 1
600 648 0.963275
1240 1080 1
1200 1296 1
744 648 1
600 648 0.969276
600 648 1
200 216 1
800 864 0.901662
124 108 0.820431
1600 1728 0.600456
1200 1296 0.93648
1800 1944 0.808144
1200 1296 1
248 216 0.773757
1000 1080 1
744 648 0.751882
800 864 0.858683
1200 1296 1
868 756 0.935713
1600 1728 0.859393
200 216 0.825951
620 540 1
1800 1944 1
1116 972 1
992 864 0.641627
1600 1728 0.718065
2000 2160 0.875847
1600 1728 0.874907
496 432 1
1400 1512 1
744 648 0.898755
400 432 1
620 540 0.975109
1240 1080 1
1116 972 0.81749
1116 972 0.896542
2000 2160 1
400 432 0.820841
1200 1296 0.841708
496 432 1
124 108 0.934003
124 108 1
1200 1296 0.819136
800 864 0.888818
992 864 0.795562
600 648 0.845214
992 864 1
800 864 1
1000 1080 1
620 540 0.938509
496 432 0.840575
600 648 1
248 216 0.608456
400 432 0.937818
1400 1512 0.931749
1000 1080 1
1800 1944 0.476118
600 648 0.946068
1600 1728 0.883987
992 864 0.967563
800 864 1
1200 1296 0.891999
744 648 1
372 324 0.540414
868 756 1
1000 1080 1
248 216 0.961554
248 216 0.730943
124 108 0.604114
800 864 0.937982
600 648 0.852275
1116 972 0.738287
200 216 0.767758
124 108 0.696876
1400 1512 1
372 324 0.824347
248 216 0.923466
600 648 0.981115
744 648 1
200 216 1
600 648 0.888167
400 432 1
1240 1080 0.772353
800 864 1
1116 972 1
1200 1296 0.850301
124 108 1
620 540 0.786669
1116 972 1
200 216 0.605269
1400 1512 1
744 648 1
200 216 0.891153
1800 1944 0.899215
600 648 1
400 432 0.857873
1600 1728 0.832954
1116 972 0.896196
1116 972 0.736994
600 648 0.949065
248 216 1
1600 1728 1
248 216 0.864801
1200 1296 0.746436
868 756 0.836664
800 864 1
372 324 0.912919
1000 1080 0.910878
800 864 0.813479
1400 1512 0.630841
124 108 1
992 864 1
600 648 1
868 756 0.921997
1240 1080 1
1800 1944 1
1116 972 0.845343
200 216 0.724674
1800 1944 0.915801
1600 1728 1
600 648 0.89424
1200 1296 1
124 108 0.959241
800 864 0.881751
992 864 0.79678
1240 1080 0.778358
1116 972 0.775687
992 864 1
1800 1944 1
2000 2160 0.725925
2000 2160 0.938334
600 648 0.906006
1240 1080 1
248 216 1
1240 1080 0.838405
600 648 1
1200 1296 1
800 864 1
800 864 1
200 216 1
400 432 0.748331
1600 1728 0.82429
620 540 1
992 864 1
200 216 1
620 540 1
1240 1080 1
372 324 1
800 864 0.852587
372 324 0.887165
1400 1512 1
600 648 1
800 864 1
400 432 0.840752
1116 972 1
1600 1728 1
600 648 1
400 432 1
400 432 1
600 648 1
400 432 1
1000 1080 0.688933
248 216 0.922898
992 864 1
600 648 1
868 756 1
1600 1728 1
1116 972 0.904533
1000 1080 1
1116 972 1
1400 1512 1
400 432 0.917553
1000 1080 0.927742
1240 1080 0.607635
372 324 0.903136
744 648 1
1800 1944 0.930387
496 432 1
744 648 1
744 648 0.862874
1800 1944 1
600 648 1
600 648 0.596377
800 864 1
124 108 0.831408
200 216 0.873885
1240 1080 0.789644
496 432 1
1000 1080 0.874716
800 864 1
1116 972 1
992 864 1
1400 1512 0.910088
400 432 1
744 648 1
744 648 0.93059
744 648 0.84541
992 864 0.9422
1240 1080 0.886561
620 540 1
124 108 1
1240 1080 1
1800 1944 0.935807
992 864 1
600 648 0.848421
800 864 1
2000 2160 0.770374
1400 1512 1
800 864 0.733401
1240 1080 1
124 108 0.786156
496 432 0.928057
1600 1728 0.857206
800 864 1
496 432 0.589893
2000 2160 0.960207
992 864 1
1200 1296 1
1200 1296 0.864711
1800 1944 0.622577
800 864 1
400 432 1
620 540 0.813511
124 108 1
868 756 0.890507
1800 1944 0.778283
1200 1296 1
868 756 0.913911
992 864 1
200 216 1
400 432 1
1200 1296 1
868 756 0.845876
1000 1080 0.778372
1600 1728 0.70707
800 864 0.925378
620 540 0.702862
200 216 0.910097
800 864 0.798858
1200 1296 0.8817
992 864 1
1240 1080 1
248 216 1
620 540 1
200 216 1
1116 972 0.926084
1116 972 1
1240 1080 0.970944
1200 1296 1
1600 1728 0.882999
1800 1944 1
124 108 1
620 540 0.945622
200 216 0.721308
400 432 1
248 216 1
1116 972 0.837483
1800 1944 1
600 648 0.768629
200 216 0.907002
600 648 1
868 756 0.882849
620 540 0.806318
744 648 0.956549
1200 1296 1
1200 1296 1
1400 1512 1
2000 2160 0.949303
1800 1944 0.850329
1116 972 1
124 108 1
1600 1728 1
248 216 0.809455
248 216 0.921617
620 540 0.869364
868 756 1
1600 1728 1
1200 1296 1
1600 1728 0.870425
620 540 0.754184
1800 1944 1
400 432 0.756798
400 432 0.835467
1200 1296 1
248 216 1
992 864 1
400 432 0.874337
1116 972 1
400 432 0.798982
2000 2160 0.783593
1200 1296 0.909969
400 432 1
124 108 1
1000 1080 0.924018
248 216 0.671291
496 432 0.868281
600 648 0.797711
496 432 0.960682
1240 1080 0.83156
400 432 0.894514
1600 1728 1
124 108 0.820465
868 756 0.985852
1116 972 1
800 864 0.747518
496 432 1
1200 1296 1
992 864 0.722349
1400 1512 0.948761
744 648 1
248 216 0.722497
800 864 1
744 648 1
1240 1080 0.866413
248 216 1
1200 1296 1
744 648 1
620 540 1
400 432 0.70404
248 216 1
1800 1944 0.948171
1200 1296 0.876787
600 648 0.784926
992 864 1
496 432 1
1116 972 0.829503
600 648 1
2000 2160 1
1000 1080 0.790795
124 108 1
1600 1728 0.764034
400 432 0.739854
800 864 0.714225
992 864 1
1116 972 0.832046
992 864 0.829218
1116 972 0.912335
992 864 1
744 648 1
124 108 0.886986
800 864 1
992 864 1
1800 1944 0.661567
400 432 1
1800 1944 0.918038
248 216 0.884761
1116 972 1
1400 1512 0.92604
1000 1080 1
372 324 0.987331
600 648 1
1240 1080 1
2000 2160 1
2000 2160 0.891427
1600 1728 0.83684
248 216 1
496 432 1
800 864 0.786949
800 864 0.885056
400 432 1
1400 1512 0.780691
868 756 1
1600 1728 0.879326
372 324 1
600 648 0.749764
800 864 0.752551
992 864 1
400 432 0.962309
1000 1080 0.953912
992 864 0.897141
1200 1296 1
2000 2160 0.830334
620 540 1
800 864 0.579266
124 108 0.962524
248 216 1
372 324 1
992 864 0.90565
496 432 1
2000 2160 0.809687
1116 972 1
124 108 1
200 216 1
620 540 0.853271
1400 1512 0.825014
400 432 1
400 432 1
496 432 0.872377
1800 1944 0.739228
124 108 0.866643
1000 1080 0.711767
1600 1728 0.922234
248 216 1
620 540 0.785015
1200 1296 0.69547
372 324 0.901628
372 324 0.859344
1600 1728 0.579335
496 432 0.801779
1240 1080 1
1116 972 0.958465
372 324 1
1400 1512 0.887964
1116 972 1
744 648 0.837659
620 540 1
1116 972 1
248 216 0.698963
1400 1512 0.90798
1116 972 0.760061
600 648 1
1000 1080 1
496 432 1
1400 1512 0.598661
248 216 1
496 432 1
124 108 1
744 648 1
1240 1080 1
1200 1296 1
868 756 0.888496
248 216 0.81318
1000 1080 1
1116 972 1
1400 1512 0.889191
1800 1944 0.746535
400 432 1
2000 2160 0.885463
800 864 0.857698
620 540 0.964318
200 216 1
620 540 0.853667
400 432 1
992 864 0.750315
620 540 0.946073
496 432 1
372 324 0.778274
400 432 0.553739
1400 1512 0.917724
868 756 0.856222
744 648 1
744 648 0.973712
744 648 0.814055
800 864 1
1200 1296 0.928366
1200 1296 0.918725
496 432 1
2000 2160 1
1116 972 0.662645
1200 1296 1
800 864 0.966988
1400 1512 1
992 864 1
1240 1080 0.939835
1400 1512 0.933056
1400 1512 0.812072
400 432 1
1800 1944 0.921681
124 108 0.956002
496 432 1
400 432 1
600 648 1
1200 1296 0.880334
1400 1512 0.876203
868 756 1
1800 1944 1
400 432 0.965291
620 540 1
800 864 0.678222
1000 1080 1
800 864 0.869466
400 432 0.970867
200 216 0.978209
400 432 1
1000 1080 0.790233
868 756 1
1116 972 1
620 540 0.790676
400 432 1
992 864 1
2000 2160 0.817433
868 756 1
1800 1944 0.840572
496 432 1
1600 1728 1
1200 1296 1
1000 1080 1
1116 972 0.319816
1240 1080 1
2000 2160 1
1200 1296 0.68497
1400 1512 0.854145
1000 1080 0.863445
1400 1512 0.944954
620 540 1
1116 972 0.937153
1400 1512 0.592519
496 432 1
1000 1080 0.985089
124 108 0.841799
1400 1512 0.561363
868 756 1
1200 1296 1
620 540 1
600 648 1
1800 1944 1
2000 2160 0.879008
1200 1296 0.752954
1400 1512 1
1000 1080 0.773483
200 216 1
1000 1080 0.817648
496 432 0.908664
1116 972 1
496 432 0.911607
1400 1512 0.722797
248 216 0.761043
992 864 0.704021
124 108 0.78556
1400 1512 0.940174
1800 1944 0.878105
1600 1728 0.669146
372 324 0.834976
400 432 1
1116 972 0.871539
1200 1296 0.582054
1600 1728 0.815024
248 216 1
372 324 1
1400 1512 0.628643
200 216 0.853878
1240 1080 1
600 648 1
1000 1080 1
200 216 1
1400 1512 0.91949
124 108 1
868 756 1
600 648 1
1240 1080 1
1240 1080 1
800 864 0.688323
1400 1512 1
1116 972 1
2000 2160 0.962793
744 648 0.898253
600 648 0.717236
600 648 1
992 864 1
868 756 1
496 432 1
1400 1512 1
744 648 0.705707
600 648 1
1800 1944 0.860973
200 216 1
1240 1080 0.815213
1800 1944 0.84591
868 756 1
1600 1728 0.877568
744 648 1
400 432 0.774606
620 540 0.827655
800 864 0.715074
1600 1728 0.915854
1600 1728 0.835522
1600 1728 1
1116 972 1
744 648 0.610497
744 648 1
400 432 1
200 216 0.879426
1600 1728 1
600 648 1
1200 1296 0.979997
1800 1944 0.862668
600 648 0.675776
124 108 1
1600 1728 0.897352
1240 1080 1
1400 1512 1
2000 2160 0.943617
800 864 1
400 432 0.970104
1800 1944 1
400 432 1
2000 2160 1
1800 1944 0.920618
744 648 0.851366
1116 972 1
1200 1296 1
2000 2160 0.834921
1400 1512 0.87048
744 648 1
620 540 1
200 216 1
1400 1512 0.911788
400 432 0.974831
248 216 0.653033
1600 1728 0.886066
600 648 0.853824
372 324 0.944315
620 540 0.616408
1200 1296 1
600 648 0.939855
372 324 0.773135
1000 1080 1
992 864 0.695879
800 864 1
1600 1728 1
248 216 0.785233
992 864 1
620 540 0.659101
372 324 0.911875
1116 972 0.910851
400 432 1
1116 972 1
1800 1944 1
620 540 0.88019
1000 1080 1
600 648 1
744 648 0.520233
600 648 1
400 432 0.828863
1800 1944 1
620 540 0.547275
1000 1080 0.670822
620 540 0.767258
1200 1296 0.667839
124 108 0.844614
1116 972 0.890801
600 648 1
1400 1512 1
2000 2160 1
1600 1728 1
1600 1728 1
372 324 0.940967
2000 2160 1
744 648 0.959928
1400 1512 0.814488
124 108 0.796593
1800 1944 0.883512
400 432 0.856793
2000 2160 0.866033
1000 1080 0.800634
620 540 1
400 432 0.949031
496 432 0.790349
124 108 1
1600 1728 1
124 108 1
1200 1296 0.838075
200 216 0.652173
992 864 0.78615
1240 1080 1
372 324 1
992 864 0.899595
1116 972 0.82932
248 216 1
2000 2160 1
400 432 1
620 540 0.802209
600 648 0.867618
1800 1944 0.96568
868 756 0.881463
1400 1512 0.989126
744 648 0.836062
1200 1296 1
124 108 0.677365
1000 1080 0.974901
124 108 0.757714
1000 1080 1
1200 1296 0.918639
372 324 1
1600 1728 0.685382
992 864 0.686261
620 540 0.853104
868 756 1
1200 1296 1
1240 1080 0.834056
400 432 0.565819
1200 1296 0.772575
800 864 1
124 108 1
124 108 1
496 432 1
248 216 1
372 324 0.944719
124 108 1
868 756 0.946014
744 648 1
1116 972 0.871228
372 324 0.724483
1400 1512 1
372 324 1
124 108 0.717885
600 648 0.634851
372 324 1
868 756 1
2000 2160 0.86422
372 324 0.657514
868 756 1
600 648 0.778984
1240 1080 0.908278
248 216 1
248 216 0.901672
744 648 0.944148
620 540 0.873911
200 216 0.884251
248 216 1
868 756 0.956436
200 216 0.926487
868 756 0.869388
200 216 0.893025
200 216 0.877229
744 648 1
1800 1944 1
1000 1080 1
2000 2160 0.731118
992 864 1
744 648 1
600 648 0.848398
992 864 1
400 432 1
1116 972 0.881538
372 324 0.940203
1800 1944 0.696772
200 216 0.832458
744 648 1
248 216 0.660635
496 432 1
1400 1512 1
1200 1296 1
248 216 0.687348
868 756 0.971723
1000 1080 0.839197
620 540 0.925058
800 864 0.948006
1400 1512 0.964254
800 864 1
992 864 0.861678
800 864 0.912081
124 108 0.958896
2000 2160 0.952039
1000 1080 0.978231
200 216 1
744 648 1
1600 1728 0.982397
1240 1080 1
248 216 1
620 540 1
992 864 0.602566
992 864 1
800 864 0.921103
600 648 1
1000 1080 0.781747
496 432 0.827308
200 216 1
1240 1080 1
248 216 1
1600 1728 1
1600 1728 0.779
496 432 1
372 324 1
2000 2160 1
1116 972 1
200 216 1
1800 1944 0.906014
1800 1944 0.897809
400 432 0.942053
1200 1296 0.971085
800 864 1
744 648 1
800 864 1
1800 1944 1
124 108 1
620 540 1
2000 2160 1
868 756 1
1800 1944 1
992 864 1
868 756 0.597796
992 864 1
1240 1080 0.849674
124 108 0.944488
744 648 1
1000 1080 0.964857
600 648 1
200 216 0.804736
744 648 1
1600 1728 1
1000 1080 1
2000 2160 1
248 216 1
1800 1944 1
400 432 1
1200 1296 1
1400 1512 1
372 324 0.7871
620 540 1
400 432 0.938195
744 648 0.917625
2000 2160 0.849468
400 432 1
2000 2160 0.912648
1400 1512 1
1600 1728 0.90014
620 540 0.788678
992 864 1
400 432 1
2000 2160 0.951959
620 540 0.955048
992 864 1
124 108 0.832994
248 216 0.762496
496 432 1
744 648 0.84867
372 324 0.90537
1800 1944 1
1116 972 0.636603
124 108 1
1116 972 0.889858
1800 1944 0.952621
868 756 0.784168
400 432 0.955502
1240 1080 1
124 108 0.847157
1240 1080 0.863393
744 648 0.87982
1240 1080 1
744 648 0.888566
2000 2160 0.923974
744 648 1
1240 1080 1
1400 1512 0.965197
1240 1080 0.928376
496 432 0.747385
124 108 1
400 432 1
1000 1080 0.781531
1800 1944 1
800 864 1
620 540 0.954488
620 540 1
744 648 1
1000 1080 1
1116 972 1
620 540 0.834152
372 324 1
200 216 0.809767
1116 972 0.75071
1800 1944 0.928686
744 648 1
600 648 0.981036
496 432 0.873888
744 648 0.911962
1800 1944 0.915314
1200 1296 0.801165
1000 1080 1
400 432 0.871301
800 864 1
1800 1944 1
1800 1944 1
1240 1080 1
248 216 0.80952
2000 2160 0.965587
372 324 0.805915
1116 972 1
248 216 1
600 648 1
600 648 1
1200 1296 0.794393
124 108 1
200 216 1
1200 1296 1
992 864 0.816148
2000 2160 0.970618
124 108 0.731671
600 648 1
744 648 1
372 324 1
1200 1296 0.879769
248 216 0.834028
992 864 1
400 432 1
1240 1080 0.759988
1240 1080 1
1116 972 0.889811
992 864 0.960563
1116 972 0.737137
800 864 1
1200 1296 1
1200 1296 0.598552
1400 1512 0.856547
1200 1296 0.832759
2000 2160 1
744 648 0.844248
1000 1080 0.813979
600 648 1
1400 1512 1
1240 1080 0.921103
800 864 0.911281
1240 1080 0.958207
868 756 0.755054
1000 1080 0.681274
124 108 1
744 648 1
744 648 1
1600 1728 1
1240 1080 1
124 108 0.623376
400 432 0.890713
400 432 0.871151
1116 972 0.692786
800 864 1
1600 1728 0.710086
372 324 1
1800 1944 1
1116 972 0.852642
1600 1728 0.782845
992 864 0.668105
868 756 1
400 432 0.87706
124 108 1
1800 1944 1
1200 1296 1
1400 1512 0.860367
992 864 1
744 648 1
1240 1080 1
248 216 1
2000 2160 1
600 648 1
248 216 1
124 108 1
1200 1296 0.956809
372 324 1
1240 1080 0.75583
744 648 0.755285
744 648 1
1240 1080 1
620 540 1
1600 1728 1
1116 972 1
1000 1080 1
600 648 0.94318
496 432 0.909184
1116 972 0.759012
868 756 0.822115
1800 1944 1
124 108 1
1000 1080 0.850285
868 756 0.947901
2000 2160 1
400 432 0.854309
868 756 0.769468
992 864 1
372 324 0.780695
1400 1512 1
800 864 1
124 108 1
1240 1080 0.691813
620 540 1
2000 2160 1
1400 1512 0.732103
744 648 0.916913
800 864 1
496 432 1
400 432 0.946068
496 432 0.817576
744 648 1
1200 1296 0.750189
992 864 1
1400 1512 0.723315
496 432 0.66045
1240 1080 0.9108
620 540 1
248 216 1
1000 1080 1
1400 1512 0.898503
868 756 1
496 432 0.853641
124 108 1
1240 1080 0.940696
1116 972 1
496 432 0.801211
1116 972 0.967704
992 864 1
868 756 1
372 324 1
2000 2160 1
496 432 0.946702
124 108 0.870716
1400 1512 0.850322
1600 1728 1
1240 1080 1
600 648 0.879639
620 540 0.88406
248 216 1
868 756 1
400 432 0.900759
372 324 0.863563
496 432 1
1240 1080 1
400 432 1
1240 1080 0.956552
1400 1512 0.753932
2000 2160 0.985381
600 648 0.935262
248 216 0.906564
372 324 0.884803
1000 1080 1
1600 1728 1
1400 1512 0.894721
1800 1944 1
992 864 1
600 648 1
1400 1512 1
1800 1944 0.921423
1000 1080 1
992 864 1
1200 1296 0.857072
2000 2160 0.711907
1200 1296 0.640085
1116 972 1
248 216 0.835785
868 756 0.855409
1240 1080 1
868 756 0.648114
124 108 1
1200 1296 1
868 756 0.917545
496 432 1
400 432 1
800 864 1
600 648 1
744 648 1
1800 1944 0.933284
1240 1080 0.865796
800 864 0.753301
1200 1296 1
1800 1944 1
1800 1944 0.855126
1116 972 0.910704
1600 1728 1
1400 1512 0.735835
600 648 0.870991
1000 1080 0.885632
744 648 1
248 216 1
1200 1296 1
1800 1944 1
1200 1296 0.866305
868 756 1
2000 2160 1
372 324 1
1400 1512 0.743006
800 864 0.765148
620 540 1
200 216 1
600 648 1
868 756 1
992 864 0.478212
1240 1080 0.944467
400 432 1
800 864 1
1240 1080 0.9779
1116 972 1
1200 1296 0.637665
1000 1080 0.930644
372 324 0.615124
1800 1944 1
620 540 1
124 108 0.859747
868 756 1
1400 1512 0.882808
1200 1296 0.708111
1800 1944 0.82642
496 432 0.749509
2000 2160 0.824855
800 864 0.742979
1200 1296 0.80784
620 540 1
744 648 0.532403
400 432 0.974487
620 540 1
200 216 0.64313
600 648 0.702162
800 864 1
1000 1080 1
868 756 0.909933
2000 2160 0.712694
1400 1512 1
1600 1728 0.767288
1200 1296 0.948848
496 432 1
1116 972 0.878643
248 216 1
248 216 0.947542
400 432 1
2000 2160 1
496 432 1
248 216 0.910375
1240 1080 0.751427
600 648 1
1800 1944 1
1000 1080 1
372 324 1
248 216 0.987304
372 324 0.929498
1000 1080 0.851094
1800 1944 0.595091
1116 972 1
372 324 0.879894
372 324 1
1800 1944 0.805355
248 216 1
1116 972 1
1800 1944 0.903458
600 648 0.867177
1240 1080 1
372 324 1
200 216 0.983762
400 432 1
1240 1080 0.805726
1400 1512 0.957044
800 864 1
400 432 0.968879
600 648 0.882024
744 648 1
1800 1944 0.954013
1200 1296 1
800 864 1
800 864 1
992 864 0.887332
1240 1080 0.93269
496 432 1
200 216 1
248 216 0.892123
1400 1512 1
1000 1080 1
1200 1296 1
496 432 1
200 216 1
2000 2160 1
600 648 0.965944
400 432 0.828775
248 216 0.904931
1400 1512 1
2000 2160 1
744 648 1
496 432 0.770579
496 432 1
1800 1944 1
1400 1512 0.929424
744 648 0.889695
800 864 1
1200 1296 0.89276
868 756 1
744 648 1
1200 1296 1
1200 1296 0.854454
1240 1080 1
1400 1512 0.910246
868 756 1
248 216 1
2000 2160 1
1000 1080 0.880369
620 540 1
800 864 1
1000 1080 1
1600 1728 0.83757
1400 1512 1
400 432 0.927577
1800 1944 0.786741
124 108 0.714816
992 864 0.780845
744 648 1
372 324 0.829733
992 864 1
992 864 0.911358
992 864 0.650699
800 864 0.943763
1600 1728 1
1800 1944 0.94794
1240 1080 0.914954
1240 1080 1
992 864 1
248 216 0.878257
744 648 0.913347
992 864 1
1400 1512 1
1116 972 1
800 864 0.869209
124 108 1
1600 1728 1
400 432 1
496 432 0.966322
1240 1080 1
992 864 1
1600 1728 0.831111
1200 1296 1
620 540 0.781252
744 648 0.898144
620 540 0.92376
744 648 0.529023
1000 1080 1
1000 1080 0.74508
992 864 1
600 648 0.870381
600 648 0.859977
620 540 0.762842
620 540 1
620 540 0.911877
1600 1728 0.96726
2000 2160 0.556793
744 648 0.958809
1600 1728 1
200 216 0.969506
1116 972 1
600 648 0.781788
2000 2160 0.893909
620 540 1
2000 2160 1
620 540 1
620 540 0.590791
1600 1728 0.681333
800 864 1
124 108 0.882433
496 432 0.692986
992 864 0.870117
496 432 1
992 864 1
868 756 0.956219
1600 1728 0.826026
1000 1080 0.802772
1800 1944 1
124 108 0.955884
744 648 1
496 432 0.845589
400 432 0.842545
992 864 0.821522
992 864 0.909038
992 864 1
124 108 1
1200 1296 0.72446
1116 972 0.831397
496 432 1
1200 1296 1
868 756 0.828461
2000 2160 0.839743
620 540 0.818279
620 540 0.533064
1240 1080 1
248 216 0.835843
800 864 0.829529
600 648 1
744 648 1
248 216 1
868 756 0.759899
620 540 1
800 864 1
1800 1944 0.863548
1000 1080 1
1240 1080 0.902525
800 864 0.74183
744 648 0.895577
1800 1944 0.835046
1116 972 1
620 540 1
992 864 1
372 324 1
1400 1512 1
1000 1080 0.885521
496 432 1
1240 1080 0.926431
248 216 0.77239
2000 2160 1
124 108 0.932517
744 648 1
744 648 1
124 108 0.96795
1200 1296 1
496 432 1
1200 1296 1
2000 2160 0.802484
744 648 0.872269
2000 2160 1
400 432 0.973391
400 432 0.92692
744 648 0.824568
992 864 0.973308
248 216 0.827206
800 864 0.926286
600 648 0.924067
992 864 0.889999
1400 1512 1
1116 972 1
620 540 1
2000 2160 1
200 216 1
1240 1080 1
620 540 1
200 216 0.731851
868 756 1
372 324 1
1600 1728 0.803264
1116 972 1
1400 1512 0.84474
400 432 1
400 432 1
496 432 0.838825
600 648 1
1240 1080 1
496 432 1
2000 2160 1
2000 2160 1
1400 1512 1
1800 1944 1
1200 1296 1
868 756 1
200 216 0.958269
1400 1512 1
1800 1944 1
400 432 1
992 864 0.575311
868 756 1
1116 972 1
1400 1512 0.836174
400 432 0.96629
600 648 0.831124
744 648 0.971604
620 540 0.82018
992 864 1
200 216 1
1800 1944 1
600 648 0.938558
1600 1728 0.946414
1400 1512 1
600 648 1
992 864 0.828712
200 216 0.707888
1800 1944 0.765952
2000 2160 0.81669
496 432 0.885314
248 216 1
744 648 0.894283
800 864 1
1116 972 1
1000 1080 1
200 216 1
124 108 1
124 108 1
1116 972 0.854524
372 324 0.850169
200 216 1
620 540 0.931103
400 432 1
1400 1512 0.882251
1200 1296 1
200 216 1
1116 972 0.661735
1600 1728 1
1600 1728 1
600 648 0.880602
200 216 1
248 216 1
372 324 0.897549
620 540 1
992 864 1
620 540 0.732851
1400 1512 0.924216
992 864 1
124 108 1
200 216 0.959252
600 648 1
400 432 0.950422
868 756 0.681638
248 216 0.923932
1600 1728 0.914909
1800 1944 0.860009
496 432 1
248 216 0.674032
1200 1296 1
496 432 1
1200 1296 1
992 864 1
248 216 1
800 864 1
1600 1728 0.642727
1000 1080 1
1000 1080 1
496 432 1
1600 1728 1
600 648 0.937043
1240 1080 0.855702
200 216 1
600 648 0.935354
1240 1080 1
1240 1080 0.701448
2000 2160 0.733563
1800 1944 1
400 432 0.946039
620 540 1
1116 972 1
248 216 1
992 864 0.9312
200 216 1
800 864 0.913264
1600 1728 0.55264
1000 1080 0.758597
248 216 1
1200 1296 0.879851
1200 1296 0.779632
1200 1296 1
496 432 1
496 432 0.753229
600 648 1
200 216 0.819057
124 108 1
200 216 1
868 756 1
1600 1728 0.954405
2000 2160 1
1116 972 1
400 432 1
496 432 1
1600 1728 1
1116 972 0.798329
1200 1296 0.701222
620 540 1
1800 1944 0.783888
620 540 1
1600 1728 0.991785
200 216 1
868 756 1
1400 1512 1
620 540 1
2000 2160 1
600 648 1
124 108 0.827396
868 756 1
800 864 1
1600 1728 1
744 648 1
1400 1512 0.833594
868 756 1
248 216 1
496 432 1
1240 1080 0.959721
620 540 1
200 216 1
1800 1944 1
1116 972 0.863033
1800 1944 1
496 432 0.916107
1116 972 0.781334
400 432 1
248 216 1
992 864 0.991633
1400 1512 0.830615
744 648 0.808476
200 216 0.732103
620 540 0.712251
1800 1944 0.843708
372 324 1
600 648 1
1400 1512 0.68033
1240 1080 1
868 756 1
868 756 1
744 648 0.831632
1116 972 1
1400 1512 1
200 216 1
1200 1296 0.825621
1400 1512 1
1200 1296 0.775327
1600 1728 1
800 864 0.892434
1000 1080 1
1800 1944 1
744 648 1
400 432 1
496 432 0.887433
1240 1080 1
1240 1080 0.772436
372 324 1
868 756 0.642613
1600 1728 0.791226
248 216 1
800 864 0.921494
1800 1944 0.846011
200 216 0.929334
496 432 1
620 540 0.859094
372 324 1
1600 1728 0.928129
1800 1944 0.75146
200 216 1
1600 1728 1
200 216 1
800 864 1
600 648 1
600 648 1
2000 2160 1
1116 972 1
200 216 1
1600 1728 1
600 648 0.863517
1116 972 0.879651
620 540 0.890848
1600 1728 0.770022
124 108 1
1116 972 0.93737
744 648 0.794066
800 864 0.871298
1000 1080 1
600 648 0.745301
992 864 0.970907
1600 1728 0.909476
744 648 1
2000 2160 0.893252
372 324 1
372 324 1
868 756 1
800 864 1
496 432 0.863133
2000 2160 0.721217
2000 2160 1
124 108 1
600 648 0.928421
200 216 1
248 216 1
744 648 0.79212
124 108 1
200 216 0.929716
1600 1728 1
1116 972 1
868 756 0.625562
1200 1296 1
2000 2160 0.907801
992 864 1
496 432 1
1400 1512 0.820065
800 864 0.865961
248 216 1
744 648 0.874783
124 108 0.866264
868 756 0.787046
372 324 0.624438
744 648 1
200 216 0.822618
1200 1296 1
496 432 0.978783
600 648 1
2000 2160 0.784438
1800 1944 1
1240 1080 1
868 756 0.973912
1800 1944 0.775032
868 756 0.821245
372 324 0.77098
1400 1512 1
1000 1080 0.749855
248 216 0.809747
620 540 1
992 864 0.837372
400 432 0.82957
1400 1512 0.790393
372 324 0.942409
400 432 1
868 756 0.640039
1240 1080 1
600 648 0.811086
2000 2160 0.861053
1800 1944 0.851704
1240 1080 1
200 216 1
800 864 0.850324
992 864 0.782278
1600 1728 1
800 864 1
1200 1296 1
600 648 1
744 648 0.81669
372 324 1
800 864 0.688677
744 648 1
800 864 0.965459
1600 1728 0.627581
992 864 1
620 540 0.860318
1600 1728 0.64801
248 216 0.886624
1600 1728 0.757172
400 432 1
992 864 1
620 540 1
1400 1512 1
1600 1728 1
620 540 1
1000 1080 0.883247
1600 1728 1
1600 1728 1
248 216 1
1400 1512 0.677266
2000 2160 1
124 108 1
600 648 1
248 216 1
1240 1080 1
620 540 0.922667
200 216 0.883435
372 324 1
1116 972 0.915677
868 756 0.76906
868 756 0.789111
2000 2160 0.667353
1240 1080 1
1200 1296 0.863398
2000 2160 0.814827
992 864 1
1200 1296 0.615543
1116 972 0.858023
1800 1944 1
1800 1944 0.633368
248 216 1
496 432 1
1800 1944 1
600 648 1
1800 1944 1
1200 1296 1
744 648 0.82647
800 864 0.639558
620 540 1
1600 1728 0.976854
496 432 0.899279
1400 1512 0.894027
400 432 0.726587
1200 1296 0.774582
2000 2160 0.737292
1800 1944 0.807463
800 864 0.750975
600 648 1
1116 972 1
400 432 0.910199
200 216 1
496 432 0.964161
1400 1512 0.752179
2000 2160 1
1116 972 0.920143
1240 1080 1
992 864 1
124 108 0.786518
400 432 0.761263
744 648 1
248 216 1
200 216 0.73164
868 756 1
992 864 1
124 108 1
1000 1080 1
1000 1080 1
1000 1080 1
800 864 0.662394
1400 1512 0.943484
600 648 0.723641
620 540 0.938661
1116 972 1
1400 1512 1
372 324 1
992 864 0.676812
124 108 0.825895
2000 2160 0.99363
744 648 0.745583
744 648 0.806247
200 216 0.729035
1400 1512 1
600 648 0.771505
1800 1944 0.659723
400 432 0.778525
1000 1080 0.788693
620 540 1
1400 1512 1
1600 1728 1
1400 1512 1
800 864 1
372 324 0.845729
372 324 0.953744
992 864 1
1400 1512 1
1240 1080 1
372 324 0.926769
372 324 0.933527
248 216 1
800 864 0.861041
496 432 0.992201
248 216 0.962759
400 432 0.87919
400 432 1
800 864 0.863058
248 216 1
496 432 0.734854
868 756 1
800 864 0.638122
800 864 0.834283
992 864 1
496 432 0.89513
496 432 1
372 324 0.832797
248 216 1
124 108 1
620 540 0.84504
124 108 1
124 108 0.778152
1400 1512 0.828989
372 324 0.849957
1200 1296 1
372 324 0.901412
400 432 1
1200 1296 1
248 216 0.676254
2000 2160 0.692014
868 756 1
744 648 1
372 324 0.934011
400 432 0.970776
2000 2160 0.868223
1800 1944 0.829255
744 648 0.545
600 648 1
1800 1944 1
600 648 1
1240 1080 1
1240 1080 0.828087
992 864 0.863897
1200 1296 1
1200 1296 1
744 648 0.837214
800 864 0.810463
496 432 1
800 864 0.910147
620 540 1
2000 2160 0.845887
1600 1728 0.990664
600 648 1
1116 972 1
620 540 1
400 432 1
1200 1296 0.879582
868 756 1
744 648 0.874209
1200 1296 0.992959
1600 1728 1
620 540 1
868 756 1
248 216 0.981041
1400 1512 1
496 432 0.869929
1240 1080 0.65218
1800 1944 0.959106
124 108 0.594868
248 216 1
992 864 1
1000 1080 0.592051
1400 1512 0.852025
496 432 1
248 216 1
124 108 1
868 756 1
620 540 1
248 216 1
1116 972 0.727825
372 324 0.908291
620 540 0.89522
1400 1512 0.88051
992 864 1
1200 1296 1
868 756 1
400 432 0.780466
800 864 0.905591
1400 1512 0.973088
496 432 0.88413
1400 1512 0.905339
124 108 1
2000 2160 0.937566
1240 1080 0.950106
600 648 0.929816
1240 1080 1
1116 972 1
1800 1944 1
1116 972 1
744 648 0.691442
600 648 0.855573
600 648 1
600 648 0.784579
1116 972 0.906587
2000 2160 1
400 432 0.708891
248 216 1
1200 1296 0.739983
200 216 0.749798
1116 972 1
868 756 0.952597
1200 1296 1
600 648 0.590152
800 864 0.900081
400 432 0.608251
372 324 1
1240 1080 1
868 756 0.8385
2000 2160 1
1400 1512 1
620 540 0.795138
124 108 0.834597
744 648 1
1240 1080 1
620 540 0.599646
1000 1080 1
200 216 0.947517
1800 1944 1
1116 972 1
800 864 1
2000 2160 1
868 756 0.865498
1600 1728 0.693148
1400 1512 0.823438
744 648 1
2000 2160 0.752147
868 756 0.745733
620 540 0.946183
600 648 0.890834
620 540 1
744 648 0.914455
1240 1080 1
620 540 0.868646
744 648 0.973188
200 216 0.935148
372 324 1
992 864 1
1400 1512 0.784127
1800 1944 1
1116 972 1
1800 1944 0.850938
496 432 1
124 108 0.656786
1000 1080 1
620 540 0.795865
372 324 0.857864
800 864 1
992 864 0.753684
992 864 1
1000 1080 1
1400 1512 0.761031
400 432 0.846811
400 432 1
1800 1944 1
2000 2160 0.782809
400 432 0.919217
1116 972 0.850837
1000 1080 1
200 216 1
400 432 0.913403
248 216 0.927207
2000 2160 1
868 756 1
600 648 1
200 216 1
496 432 0.832168
1240 1080 1
600 648 0.904189
1000 1080 1
800 864 0.898231
600 648 0.731506
248 216 1
868 756 0.872954
248 216 1
1000 1080 1
1600 1728 0.867347
1000 1080 1
800 864 1
200 216 1
496 432 0.916865
1400 1512 1
1116 972 1
600 648 0.815801
620 540 0.78631
496 432 1
800 864 1
1116 972 0.888422
1116 972 0.97465
1200 1296 0.652833
400 432 0.854903
124 108 1
1200 1296 1
2000 2160 1
992 864 1
496 432 0.937564
496 432 0.648088
1400 1512 1
868 756 0.893924
868 756 0.844103
372 324 0.87142
744 648 0.904603
400 432 1
496 432 0.458789
1200 1296 0.864439
248 216 0.788652
372 324 0.670883
124 108 1
496 432 1
1800 1944 0.863709
1200 1296 0.774591
372 324 0.889451
868 756 1
1200 1296 1
744 648 0.872185
124 108 0.85973
496 432 1
200 216 1
1116 972 0.769879
1800 1944 0.877612
744 648 1
1000 1080 1
124 108 0.845475
744 648 1
248 216 0.686793
200 216 1
1600 1728 1
744 648 1
1600 1728 0.771899
1000 1080 1
1000 1080 0.855803
1200 1296 1
992 864 1
992 864 0.938109
400 432 0.955582
400 432 1
1116 972 1
992 864 0.708632
2000 2160 1
1000 1080 0.662869
620 540 0.905837
248 216 0.964271
1400 1512 1
400 432 1
1200 1296 0.609961
868 756 1
992 864 1
124 108 0.823591
1600 1728 1
1240 1080 1
1000 1080 1
496 432 1
1116 972 1
800 864 0.87891
1800 1944 1
1400 1512 0.711526
124 108 0.685432
868 756 0.72504
1800 1944 1
2000 2160 0.628328
600 648 0.966021
372 324 1
992 864 1
1400 1512 1
868 756 1
1600 1728 0.927695
620 540 0.706188
1600 1728 1
1116 972 1
1400 1512 1
744 648 0.737008
496 432 0.886531
744 648 1
620 540 0.800155
200 216 1
372 324 0.585596
496 432 1
1240 1080 1
248 216 0.984309
744 648 1
248 216 0.784662
2000 2160 0.882822
372 324 0.824408
1200 1296 1
992 864 1
600 648 0.839905
1000 1080 1
1400 1512 0.894895
800 864 0.882386
600 648 0.880514
1240 1080 0.765018
992 864 1
372 324 1
1800 1944 1
1116 972 1
2000 2160 1
1800 1944 1
600 648 0.674459
1116 972 0.844175
124 108 0.6093
496 432 1
1240 1080 1
1400 1512 0.973108
600 648 1
800 864 0.825083
1000 1080 0.986965
992 864 1
868 756 1
400 432 1
868 756 1
620 540 0.83462
248 216 1
620 540 0.907957
1116 972 1
372 324 1
496 432 0.871268
744 648 0.829114
744 648 0.808609
1240 1080 1
800 864 0.945416
1000 1080 1
620 540 0.82477
2000 2160 1
868 756 0.823235
1240 1080 1
600 648 1
1240 1080 1
124 108 0.92527
1200 1296 1
1240 1080 0.925457
1600 1728 0.826689
1116 972 1
200 216 0.943073
744 648 1
1240 1080 0.724076
1240 1080 1
372 324 1
372 324 1
868 756 0.872974
248 216 1
200 216 0.884162
496 432 0.738684
2000 2160 0.827634
1116 972 0.925749
2000 2160 1
744 648 0.815275
1800 1944 0.966688
248 216 1
600 648 1
620 540 1
200 216 1
1200 1296 0.859371
372 324 1
992 864 1
800 864 0.930134
200 216 1
124 108 1
1800 1944 1
1116 972 1
248 216 0.895274
992 864 1
248 216 0.653927
400 432 0.839665
248 216 0.522923
2000 2160 1
1400 1512 0.702924
744 648 0.913235
496 432 0.799425
372 324 1
400 432 1
744 648 0.668221
744 648 0.867985
868 756 1
620 540 0.941848
124 108 1
400 432 0.960309
1200 1296 0.863317
200 216 0.819829
1000 1080 1
200 216 0.890642
744 648 1
1000 1080 0.812678
744 648 0.871923
600 648 1
600 648 1
496 432 1
496 432 0.81664
620 540 0.978154
496 432 0.871179
600 648 0.94493
1200 1296 1
1800 1944 0.772795
1400 1512 0.965866
496 432 1
200 216 0.895035
372 324 0.742367
1400 1512 0.635513
496 432 1
868 756 1
868 756 0.811281
800 864 1
124 108 0.892131
620 540 1
1200 1296 1
620 540 1
992 864 0.975213
744 648 1
1600 1728 1
1000 1080 0.93792
1116 972 1
2000 2160 1
1200 1296 1
1000 1080 0.789633
1240 1080 0.898376
744 648 0.887732
200 216 1
1000 1080 0.886006
1240 1080 0.792052
2000 2160 1
868 756 0.732024
992 864 1
620 540 0.885115
400 432 0.960076
1400 1512 0.783089
248 216 1
868 756 1
1600 1728 0.779378
1116 972 0.563124
1600 1728 0.945774
124 108 0.551479
400 432 1
1400 1512 0.681223
372 324 0.919345
1800 1944 0.85402
620 540 1
620 540 1
1116 972 0.880072
200 216 0.741936
372 324 1
200 216 0.890109
744 648 1
496 432 0.728935
2000 2160 0.903179
1800 1944 0.693495
496 432 1
1000 1080 0.904025
400 432 0.819718
744 648 0.849226
1600 1728 0.973208
992 864 1
1000 1080 0.877807
1800 1944 0.806106
1400 1512 1
400 432 0.852275
1200 1296 1
248 216 0.848036
1116 972 0.913388
496 432 1
124 108 1
124 108 0.993484
600 648 0.82278
1116 972 0.920601
1240 1080 0.963645
124 108 0.973113
1000 1080 0.918328
868 756 0.910789
992 864 0.635101
124 108 0.89151
1116 972 0.813473
1000 1080 1
1000 1080 0.794091
200 216 1
992 864 1
200 216 0.813626
868 756 0.763225
992 864 1
1240 1080 1
2000 2160 0.891362
744 648 0.949955
248 216 0.587017
1800 1944 1
1400 1512 0.910321
372 324 1
868 756 0.808678
868 756 1
868 756 1
600 648 1
1600 1728 0.977711
124 108 0.909892
1240 1080 0.898851
1000 1080 1
868 756 0.851349
124 108 1
1600 1728 0.725405
992 864 0.480154
992 864 0.940708
2000 2160 1
496 432 0.903523
1240 1080 0.800056
620 540 1
600 648 1
1400 1512 0.796092
248 216 0.898114
2000 2160 0.906509
868 756 1
600 648 0.820745
400 432 1
1200 1296 1
200 216 0.810961
496 432 1
1600 1728 0.862562
1200 1296 0.919171
200 216 0.724629
1200 1296 0.911476
620 540 0.762654
800 864 1
1400 1512 1
248 216 0.893474
124 108 0.909535
992 864 0.858371
372 324 1
1800 1944 1
248 216 1
1400 1512 1
248 216 0.882809
600 648 1
992 864 1
1240 1080 1
1200 1296 1
600 648 1
496 432 1
620 540 1
2000 2160 0.92969
1116 972 0.902232
248 216 1
1400 1512 1
1600 1728 0.8877
1800 1944 1
124 108 1
1200 1296 1
1000 1080 0.673311
1400 1512 1
200 216 1
496 432 0.834679
600 648 0.985163
992 864 1
1400 1512 0.659453
2000 2160 0.956512
124 108 1
2000 2160 1
600 648 0.714676
1800 1944 1
400 432 1
2000 2160 0.988406
2000 2160 0.875545
2000 2160 1
496 432 0.890964
1200 1296 1
868 756 1
1800 1944 1
2000 2160 0.956104
1200 1296 0.853431
1240 1080 0.632787
124 108 0.894518
744 648 0.892206
800 864 1
496 432 1
200 216 1
400 432 1
800 864 0.96147
1600 1728 1
1240 1080 1
800 864 0.684523
1800 1944 0.831076
124 108 0.77931
400 432 1
744 648 1
248 216 1
1400 1512 0.803358
1000 1080 1
1240 1080 0.86646
372 324 0.88738
400 432 1
1400 1512 1
200 216 0.771945
1800 1944 1
992 864 0.913753
868 756 1
200 216 1
868 756 1
992 864 0.87149
1600 1728 0.778791
496 432 0.858258
248 216 0.956437
992 864 0.947485
200 216 1
496 432 1
1240 1080 0.77164
868 756 0.905302
1240 1080 1
1240 1080 0.956946
200 216 1
744 648 0.736734
1800 1944 0.948523
496 432 1
496 432 1
2000 2160 0.928269
248 216 0.81858
200 216 0.693765
600 648 0.635549
1200 1296 0.577635
1116 972 0.770576
1116 972 1
800 864 1
2000 2160 1
496 432 0.818185
1400 1512 1
372 324 1
744 648 1
2000 2160 1
124 108 1
400 432 0.91146
1400 1512 0.942294
372 324 0.772556
744 648 0.871224
124 108 1
868 756 0.934527
496 432 1
600 648 1
1116 972 0.824238
400 432 1
1600 1728 1
1400 1512 0.919652
1400 1512 0.760353
1800 1944 1
1600 1728 0.802262
372 324 1
1400 1512 1
1200 1296 1
124 108 1
1200 1296 1
2000 2160 0.61449
744 648 1
1400 1512 1
372 324 0.958994
868 756 0.8318
744 648 1
400 432 1
1600 1728 0.802049
992 864 1
1240 1080 1
1200 1296 1
992 864 1
200 216 1
200 216 0.934695
400 432 0.915207
496 432 0.716315
800 864 0.771479
868 756 1
868 756 1
1240 1080 1
400 432 1
400 432 0.774318
744 648 0.911912
1200 1296 0.980912
600 648 1
124 108 0.836685
868 756 1
200 216 1
200 216 0.847985
1400 1512 0.962641
800 864 1
744 648 1
992 864 1
1116 972 0.820148
992 864 1
372 324 0.778361
868 756 1
200 216 1
992 864 0.749151
372 324 0.905062
200 216 0.968237
400 432 0.961676
868 756 1
868 756 1
400 432 1
200 216 1
992 864 0.906664
600 648 0.677341
1400 1512 0.826148
2000 2160 1
620 540 1
1240 1080 0.88859
1400 1512 0.847453
600 648 1
1800 1944 0.866308
496 432 1
1200 1296 0.887346
1400 1512 0.919006
992 864 1
1800 1944 1
800 864 0.963706
1116 972 1
1800 1944 0.89111
496 432 0.624605
2000 2160 1
124 108 1
868 756 1
124 108 0.682469
800 864 1
1600 1728 0.845452
1800 1944 1
1400 1512 0.919503
868 756 1
248 216 0.937722
1000 1080 0.91284
992 864 0.640595
1116 972 1
1000 1080 1
1200 1296 1
868 756 0.870335
600 648 0.677769
400 432 1
1116 972 1
1116 972 1
372 324 0.896937
200 216 0.927003
372 324 1
1000 1080 1
992 864 1
124 108 0.918877
496 432 0.751027
600 648 1
992 864 1
2000 2160 1
200 216 1
1000 1080 0.887565
992 864 0.90837
400 432 1
496 432 0.850809
800 864 1
744 648 0.854875
1000 1080 1
200 216 1
992 864 0.879721
1800 1944 0.647742
1000 1080 1
2000 2160 1
372 324 1
248 216 1
744 648 0.844962
1200 1296 1
124 108 0.867354
124 108 1
800 864 1
1800 1944 0.961301
744 648 0.893666
992 864 1
124 108 1
800 864 0.901604
1600 1728 1
248 216 1
1800 1944 1
744 648 0.922669
372 324 0.788225
800 864 1
800 864 1
800 864 1
400 432 1
1600 1728 0.685329
1000 1080 0.990457
868 756 0.808117
496 432 0.94493
600 648 0.928986
992 864 1
800 864 0.858955
372 324 1
868 756 0.866921
992 864 0.908291
400 432 0.977322
496 432 1
868 756 0.787054
124 108 1
1240 1080 0.922855
1600 1728 1
400 432 0.87327
1000 1080 1
1240 1080 1
600 648 0.817785
1240 1080 1
1400 1512 0.920109
1600 1728 0.795106
744 648 1
2000 2160 1
1800 1944 0.757726
744 648 0.766332
1116 972 1
620 540 1
1116 972 0.911774
2000 2160 1
372 324 1
200 216 1
1400 1512 0.932425
868 756 0.70712
1000 1080 0.984096
868 756 0.926295
200 216 0.802141
620 540 0.909931
2000 2160 0.885462
200 216 0.902075
1800 1944 1
1800 1944 1
124 108 0.884561
1200 1296 1
744 648 0.954276
496 432 0.864274
1400 1512 1
124 108 0.696012
496 432 0.976214
1600 1728 1
248 216 1
620 540 1
1800 1944 0.775977
248 216 1
248 216 0.89692
1800 1944 1
1200 1296 1
868 756 0.918497
1400 1512 0.640838
1116 972 0.905829
1800 1944 1
1200 1296 0.803606
1800 1944 0.618369
1000 1080 1
1800 1944 1
1000 1080 1
620 540 0.78728
248 216 1
2000 2160 0.816842
400 432 0.920626
992 864 0.959906
992 864 1
2000 2160 1
868 756 1
620 540 0.736869
1400 1512 1
1600 1728 1
868 756 1
1240 1080 1
868 756 1
372 324 0.917305
992 864 0.832436
992 864 1
1000 1080 0.889789
868 756 0.897401
1400 1512 1
868 756 0.771756
496 432 0.859425
1200 1296 1
992 864 0.828233
1240 1080 0.82304
868 756 1
992 864 0.859838
620 540 0.903282
620 540 1
800 864 1
400 432 1
1200 1296 0.58702
2000 2160 1
1600 1728 1
400 432 1
1000 1080 1
1400 1512 0.726592
620 540 0.86745
1000 1080 0.861323
1200 1296 1
496 432 1
1600 1728 0.923258
1240 1080 0.74383
1240 1080 0.767941
400 432 0.729559
200 216 1
372 324 1
1116 972 1
1116 972 0.968536
992 864 0.654522
992 864 0.906013
372 324 0.840446
1800 1944 1
1800 1944 0.918025
868 756 0.875391
124 108 0.951614
744 648 0.819815
1600 1728 1
1116 972 0.882939
372 324 1
496 432 0.856308
1240 1080 0.890638
124 108 1
992 864 1
600 648 0.935557
620 540 0.929994
400 432 1
800 864 0.875661
868 756 1
1600 1728 1
1200 1296 0.902225
744 648 0.763942
1200 1296 0.723416
1240 1080 1
1240 1080 1
1116 972 0.746853
620 540 1
2000 2160 1
1000 1080 1
1000 1080 1
800 864 0.934539
992 864 0.979937
124 108 0.699455
400 432 1
1400 1512 1
1116 972 0.967618
248 216 1
248 216 0.695551
600 648 1
248 216 1
744 648 0.795542
800 864 0.845584
372 324 0.629231
1240 1080 0.826291
124 108 0.799251
372 324 0.70069
1600 1728 1
200 216 0.614284
248 216 0.862461
200 216 0.875119
1800 1944 1
620 540 0.764456
744 648 0.925214
992 864 0.838934
1000 1080 0.896011
200 216 0.946842
868 756 0.874456
2000 2160 0.674539
124 108 0.81409
1116 972 1
1400 1512 1
1000 1080 0.969836
992 864 0.95961
248 216 0.652571
1800 1944 1
1400 1512 0.875773
1600 1728 1
2000 2160 0.934683
868 756 0.801039
496 432 0.820836
600 648 0.80756
400 432 0.841421
1116 972 1
1116 972 0.882581
992 864 1
248 216 0.837905
868 756 0.823228
2000 2160 1
600 648 0.936245
1800 1944 0.906861
1116 972 0.768702
2000 2160 1
868 756 0.845748
124 108 1
372 324 1
992 864 0.797165
372 324 1
1600 1728 1
400 432 0.896718
400 432 0.875746
620 540 0.937853
620 540 1
868 756 1
124 108 1
1116 972 0.679156
1240 1080 0.716818
1240 1080 0.794926
1600 1728 0.596194
372 324 1
248 216 0.652688
992 864 0.755138
992 864 1
992 864 1
1600 1728 1
1000 1080 1
800 864 0.757753
1200 1296 1
992 864 0.937855
620 540 0.763071
1200 1296 1
248 216 0.838783
600 648 1
372 324 0.787968
1240 1080 0.689082
2000 2160 0.917807
124 108 0.763247
200 216 1
124 108 1
1600 1728 0.955473
2000 2160 1
992 864 0.83265
496 432 1
496 432 0.791932
600 648 0.932974
992 864 0.872115
1116 972 0.810113
620 540 0.890809
1800 1944 1
1116 972 1
124 108 1
1116 972 0.867668
1200 1296 0.81381
400 432 0.870096
1240 1080 0.899347
200 216 0.925471
1800 1944 1
1400 1512 1
1000 1080 0.911607
248 216 0.548406
200 216 0.569589
372 324 0.879607
372 324 0.876925
1116 972 1
400 432 1
1116 972 1
600 648 1
248 216 0.86569
1200 1296 0.942607
1800 1944 0.880155
1200 1296 1
372 324 0.717715
620 540 1
1116 972 0.609729
1600 1728 1
248 216 0.833641
124 108 1
600 648 0.830281
1400 1512 0.736759
620 540 1
620 540 1
200 216 0.95662
800 864 0.859293
1200 1296 0.975112
1400 1512 1
1800 1944 0.908536
868 756 0.797989
1600 1728 0.936189
372 324 0.958255
1116 972 1
124 108 1
1800 1944 0.854471
1240 1080 1
744 648 0.821038
200 216 0.921538
1000 1080 1
744 648 1
1600 1728 0.643671
124 108 1
1400 1512 0.945097
400 432 0.952981
1116 972 0.781327
124 108 1
1200 1296 0.828408
992 864 0.786895
620 540 0.66345
992 864 1
400 432 1
2000 2160 0.895655
2000 2160 0.808825
200 216 1
1400 1512 0.813803
1600 1728 1
400 432 0.826436
600 648 0.74926
868 756 1
744 648 1
124 108 1
124 108 1
124 108 1
1400 1512 0.92694
1200 1296 1
1116 972 0.911826
1240 1080 0.710462
2000 2160 0.644401
992 864 0.665079
1400 1512 0.989557
744 648 0.949318
600 648 1
1116 972 1
496 432 0.911106
496 432 0.93737
800 864 0.848421
744 648 0.802304
1600 1728 0.761951
372 324 1
496 432 0.893412
800 864 0.914575
1600 1728 1
124 108 0.880601
248 216 0.66954
620 540 1
124 108 0.786631
200 216 0.844386
1400 1512 1
1800 1944 1
1600 1728 1
620 540 0.918491
1600 1728 1
868 756 1
1600 1728 1
1240 1080 0.882488
1800 1944 1
1000 1080 1
200 216 1
124 108 0.520131
496 432 1
1800 1944 1
1200 1296 0.833743
400 432 0.938728
1200 1296 1
372 324 0.962421
868 756 1
1116 972 1
400 432 1
2000 2160 0.920554
2000 2160 0.943229
800 864 1
1800 1944 1
600 648 1
372 324 1
1200 1296 1
248 216 1
992 864 1
248 216 0.878045
372 324 1
496 432 1
124 108 0.942974
372 324 0.739073
200 216 0.920435
2000 2160 0.898478
1400 1512 0.945577
496 432 1
620 540 1
868 756 1
1800 1944 1
1400 1512 1
124 108 0.816263
620 540 0.984622
2000 2160 0.96059
1240 1080 0.952228
600 648 0.867042
1400 1512 0.859671
248 216 0.897334
1800 1944 1
1800 1944 1
200 216 1
1000 1080 1
1600 1728 1
124 108 0.554013
124 108 1
1200 1296 1
744 648 1
2000 2160 0.887051
248 216 1
1800 1944 0.927112
1000 1080 0.94246
1400 1512 1
1200 1296 1
400 432 0.942986
2000 2160 1
400 432 0.59246
1800 1944 1
200 216 0.880251
400 432 1
200 216 0.770402
200 216 0.737877
868 756 1
400 432 1
744 648 0.791279
248 216 0.87404
1600 1728 0.757387
248 216 1
868 756 0.817554
496 432 1
1600 1728 1
1600 1728 1
744 648 0.899501
1116 972 1
372 324 0.81191
744 648 1
1400 1512 1
1240 1080 1
600 648 1
200 216 1
1240 1080 0.832156
1116 972 1
1240 1080 1
200 216 1
600 648 0.933162
744 648 0.942244
1116 972 0.94121
620 540 1
400 432 1
1240 1080 0.837403
868 756 0.885167
1000 1080 1
400 432 0.933078
1800 1944 1
1800 1944 0.875867
2000 2160 0.736943
744 648 1
496 432 1
1200 1296 1
600 648 0.948113
868 756 0.775298
600 648 0.951806
496 432 0.91642
124 108 1
124 108 0.909208
1116 972 0.643789
744 648 0.839282
372 324 1
400 432 1
1600 1728 0.952345
1116 972 0.730699
2000 2160 1
2000 2160 0.605858
1600 1728 0.799214
124 108 1
1600 1728 0.745966
496 432 0.932455
1200 1296 1
124 108 0.849409
1600 1728 1
992 864 1
992 864 0.713114
992 864 0.703177
248 216 1
744 648 0.846354
1800 1944 0.743098
200 216 0.766731
868 756 0.855151
1000 1080 0.918692
1200 1296 1
800 864 0.815577
600 648 0.903146
868 756 0.970275
372 324 0.903357
248 216 1
248 216 1
200 216 1
992 864 1
1800 1944 1
992 864 1
800 864 1
868 756 0.77271
372 324 1
400 432 1
1400 1512 1
800 864 1
1800 1944 0.899364
1600 1728 0.773686
992 864 0.824589
2000 2160 0.766275
248 216 1
124 108 1
1116 972 1
868 756 1
1400 1512 1
1200 1296 1
124 108 1
372 324 0.730648
1600 1728 1
248 216 0.771253
124 108 1
2000 2160 0.920393
868 756 0.729646
248 216 0.921596
600 648 1
620 540 0.898832
1240 1080 0.851534
372 324 0.819513
248 216 1
1800 1944 1
200 216 1
1400 1512 0.928834
372 324 1
868 756 1
1240 1080 0.881145
1200 1296 0.619895
744 648 1
1240 1080 0.882855
496 432 0.90973
800 864 1
868 756 0.665136
1240 1080 1
1400 1512 1
620 540 0.844341
1240 1080 1
496 432 0.569672
1000 1080 1
200 216 1
868 756 1
868 756 1
124 108 0.837119
800 864 1
200 216 1
1400 1512 0.863757
372 324 0.786323
1000 1080 1
1800 1944 1
124 108 0.833283
2000 2160 0.722469
868 756 1
1000 1080 1
200 216 1
992 864 0.802604
2000 2160 1
1800 1944 1
620 540 1
200 216 1
1000 1080 1
2000 2160 1
1400 1512 1
600 648 0.899894
1240 1080 0.891164
620 540 1
2000 2160 0.839916
600 648 1
1240 1080 0.869518
2000 2160 1
1116 972 0.656615
2000 2160 1
1200 1296 1
800 864 0.905116
992 864 1
600 648 0.652197
868 756 1
1800 1944 1
1800 1944 1
1116 972 0.695106
1400 1512 0.801003
372 324 1
868 756 1
620 540 0.972317
496 432 0.930049
620 540 0.819638
1116 972 0.831702
1240 1080 1
1600 1728 1
1800 1944 1
400 432 1
744 648 0.622846
992 864 0.746251
1240 1080 1
248 216 0.961031
496 432 0.828873
200 216 1
1240 1080 1
1240 1080 0.882104
868 756 1
2000 2160 1
400 432 1
1400 1512 1
1800 1944 0.712943
1800 1944 0.788747
1800 1944 1
1200 1296 0.914384
1800 1944 0.747445
1800 1944 0.945287
400 432 1
620 540 0.841914
200 216 0.858982
1240 1080 1
1400 1512 0.897848
1000 1080 0.882277
2000 2160 1
1400 1512 0.957626
200 216 0.548335
400 432 0.887648
868 756 1
248 216 0.71574
124 108 0.51708
400 432 0.93107
248 216 1
496 432 1
1200 1296 0.876674
248 216 0.917938
124 108 1
248 216 1
200 216 1
744 648 0.923729
1800 1944 1
1600 1728 1
1800 1944 0.939496
1200 1296 0.786083
868 756 1
620 540 0.851431
496 432 0.829939
744 648 1
124 108 1
1116 972 1
1000 1080 1
1000 1080 1
600 648 0.953821
200 216 0.756967
1240 1080 0.759722
1000 1080 0.730843
1600 1728 0.957052
2000 2160 1
496 432 0.803147
124 108 0.864787
372 324 0.89738
248 216 0.787128
600 648 1
400 432 0.725947
868 756 1
1400 1512 0.798586
1000 1080 0.797594
248 216 0.92224
1600 1728 0.818756
620 540 1
744 648 0.948753
248 216 1
1200 1296 1
372 324 1
1400 1512 1
1000 1080 0.799908
744 648 0.921223
200 216 0.921287
1800 1944 0.786161
496 432 1
1600 1728 0.820607
1400 1512 1
2000 2160 0.509927
992 864 1
400 432 0.790103
620 540 1
248 216 0.939839
248 216 1
124 108 0.943744
124 108 0.872198
1400 1512 0.910171
1800 1944 1
1400 1512 1
620 540 1
372 324 1
1116 972 1
400 432 1
1240 1080 1
800 864 0.9309
1800 1944 0.833311
868 756 1
868 756 0.768034
1000 1080 1
1240 1080 0.788392
1800 1944 1
372 324 1
200 216 1
1240 1080 0.804426
992 864 1
868 756 0.885764
248 216 1
1000 1080 0.909501
744 648 1
800 864 0.975427
1240 1080 1
600 648 1
496 432 0.966186
1240 1080 1
1800 1944 1
600 648 0.845108
400 432 1
620 540 0.763541
1200 1296 0.600614
1116 972 1
1800 1944 0.937469
1800 1944 1
1400 1512 0.945437
200 216 1
496 432 1
1000 1080 0.930502
744 648 1
496 432 0.851716
1800 1944 1
1600 1728 1
744 648 1
1400 1512 0.816001
1240 1080 1
496 432 1
1200 1296 0.990166
1400 1512 1
868 756 0.744011
372 324 1
600 648 1
620 540 0.711638
992 864 0.725777
248 216 0.820998
1000 1080 0.820868
1000 1080 0.948054
1116 972 1
496 432 1
1800 1944 0.798494
2000 2160 1
992 864 0.725912
1116 972 1
400 432 1
1200 1296 0.885649
400 432 1
2000 2160 0.783707
800 864 1
1800 1944 1
1116 972 1
496 432 1
744 648 1
1600 1728 1
372 324 1
1240 1080 1
124 108 1
1116 972 1
992 864 1
744 648 0.877174
2000 2160 0.894331
600 648 1
600 648 1
496 432 1
200 216 1
372 324 0.782109
1000 1080 0.753242
372 324 1
620 540 0.470899
992 864 0.858344
1800 1944 0.903355
400 432 0.940435
2000 2160 1
992 864 0.583516
1116 972 0.774322
1400 1512 0.885605
744 648 1
620 540 1
800 864 1
400 432 0.846581
744 648 1
124 108 1
620 540 1
1116 972 0.931896
2000 2160 0.904229
800 864 1
1800 1944 1
400 432 0.882472
1600 1728 1
1116 972 0.85156
200 216 1
496 432 1
800 864 0.604192
248 216 0.821092
372 324 0.924773
1400 1512 0.978729
400 432 1
992 864 0.838882
372 324 1
992 864 1
992 864 1
248 216 0.936792
1400 1512 1
620 540 0.828262
1116 972 0.733973
1400 1512 0.958279
744 648 1
868 756 1
124 108 0.948245
1116 972 1
1000 1080 1
1240 1080 0.896295
1800 1944 0.548426
600 648 1
1600 1728 1
1800 1944 1
124 108 1
744 648 1
372 324 0.742816
124 108 1
800 864 1
372 324 1
744 648 1
600 648 1
372 324 0.896153
1200 1296 0.876482
1200 1296 0.906857
1200 1296 0.784657
800 864 1
1600 1728 1
992 864 0.950666
496 432 1
992 864 0.788111
400 432 1
744 648 1
1400 1512 0.830986
1240 1080 1
400 432 0.857626
800 864 1
1600 1728 1
1600 1728 1
400 432 1
2000 2160 1
1116 972 0.923687
1000 1080 0.846885
1000 1080 0.813245
744 648 1
600 648 1
992 864 1
1116 972 0.939229
600 648 1
744 648 0.72057
200 216 1
1600 1728 1
744 648 0.967613
1000 1080 0.778977
1600 1728 0.847816
992 864 1
248 216 0.899086
496 432 1
600 648 1
744 648 1
1240 1080 0.73448
